RUN 0
valores_ideales [0,0,0,0,0,0,0,0,0,0,0,0,0,0,0,0,0,0,0,0,0,0,0,0,0,0,0,0,0,0,0,0,0,0,0,0,0,0,0,0,0,0,0,0,0,0,0,0,0,0,0,0,0,0,0,0,0,0,0,0,0,0,0,0,0,0,0,0,0,0,0,0,0,0,0,0,0,0,0,0,0,0,0,0,0,0,0,0,0,0,0,0,0,0,0,0,0,0,0,0]
costo_por_agente [50,63,102,9,153,43,14,28,75,14,4,34,14,58,41,12,19,26,376,80,22,24,288,8,203,152,53,172,10,24,18,28,37,41,15,44,361,16,85,10,25,20,22,48,183,28,130,58,26,151,39,10,150,5,126,32,408,30,9,170,19,84,76,227,22,222,22,2,3,33,55,20,9,7,485,179,10,24,253,34,38,18,19,15,18,21,33,52,18,12,7,12,51,24,81,33,28,112,93,36]
completion_time_por_agente [54,64,104,10,154,48,16,29,78,15,5,36,16,60,42,13,20,29,377,83,24,25,290,9,205,155,56,173,11,26,19,29,39,44,16,46,362,17,87,11,26,21,23,52,184,29,131,62,28,152,42,11,153,6,128,34,410,31,10,171,20,85,77,229,24,223,23,3,4,34,57,21,10,8,486,181,11,25,254,35,41,19,20,16,19,22,35,56,19,13,8,13,53,25,82,36,29,113,94,37]
tiempo_ultimo_agente_goal 486
tiempo_en_acabar 486
tiempo_promedio 71.610001
agentes_en_goal 100
push_out_count 0
RUN 1
valores_ideales [0,0,0,0,0,0,0,0,0,0,0,0,0,0,0,0,0,0,0,0,0,0,0,0,0,0,0,0,0,0,0,0,0,0,0,0,0,0,0,0,0,0,0,0,0,0,0,0,0,0,0,0,0,0,0,0,0,0,0,0,0,0,0,0,0,0,0,0,0,0,0,0,0,0,0,0,0,0,0,0,0,0,0,0,0,0,0,0,0,0,0,0,0,0,0,0,0,0,0,0]
costo_por_agente [42,55,164,9,47,65,14,28,71,14,4,32,22,36,31,6,19,76,274,36,20,24,150,8,113,54,45,192,10,24,26,46,39,251,15,42,231,18,87,10,25,26,22,48,113,28,160,56,26,101,37,10,180,5,62,42,436,26,11,124,21,154,112,189,22,104,22,2,3,41,217,36,9,7,571,253,10,24,119,40,32,18,19,15,20,21,21,98,18,10,7,12,59,24,103,37,28,202,135,36]
completion_time_por_agente [43,57,165,10,48,70,15,29,75,15,5,33,23,37,32,7,20,77,275,40,21,25,151,9,114,58,48,193,11,25,27,47,45,253,16,43,233,19,88,11,26,27,23,49,114,29,161,60,27,103,39,11,182,6,63,46,438,27,12,125,22,155,113,194,23,105,23,3,4,43,219,37,10,8,572,255,11,25,121,41,34,19,21,16,21,22,22,99,19,11,8,13,60,25,104,38,29,203,136,37]
tiempo_ultimo_agente_goal 572
tiempo_en_acabar 572
tiempo_promedio 70.019997
agentes_en_goal 100
push_out_count 0
RUN 2
valores_ideales [0,0,0,0,0,0,0,0,0,0,0,0,0,0,0,0,0,0,0,0,0,0,0,0,0,0,0,0,0,0,0,0,0,0,0,0,0,0,0,0,0,0,0,0,0,0,0,0,0,0,0,0,0,0,0,0,0,0,0,0,0,0,0,0,0,0,0,0,0,0,0,0,0,0,0,0,0,0,0,0,0,0,0,0,0,0,0,0,0,0,0,0,0,0,0,0,0,0,0,0]
costo_por_agente [44,75,266,9,53,79,36,28,73,18,4,32,28,36,39,6,19,84,288,38,30,24,180,10,203,308,61,256,10,20,18,38,45,349,15,60,87,20,103,10,25,18,24,52,59,32,40,74,26,123,41,10,92,5,94,38,364,28,9,22,21,196,74,291,18,466,18,2,3,37,57,22,9,7,479,241,12,26,151,20,54,24,21,15,22,21,25,142,20,10,7,12,47,26,73,159,28,252,255,36]
completion_time_por_agente [45,76,268,10,55,80,38,29,74,21,5,33,29,39,40,7,20,85,289,41,31,25,181,11,204,309,63,258,11,21,19,39,49,351,16,61,88,21,105,11,26,19,25,54,61,33,42,78,27,125,43,11,93,6,97,39,365,31,10,23,22,197,75,295,19,467,19,3,4,39,59,24,10,8,480,242,13,27,152,21,55,26,23,16,23,22,26,144,21,11,8,13,48,28,75,160,29,253,256,37]
tiempo_ultimo_agente_goal 480
tiempo_en_acabar 480
tiempo_promedio 78.160004
agentes_en_goal 100
push_out_count 0
RUN 3
valores_ideales [0,0,0,0,0,0,0,0,0,0,0,0,0,0,0,0,0,0,0,0,0,0,0,0,0,0,0,0,0,0,0,0,0,0,0,0,0,0,0,0,0,0,0,0,0,0,0,0,0,0,0,0,0,0,0,0,0,0,0,0,0,0,0,0,0,0,0,0,0,0,0,0,0,0,0,0,0,0,0,0,0,0,0,0,0,0,0,0,0,0,0,0,0,0,0,0,0,0,0,0]
costo_por_agente [44,67,98,9,161,57,24,28,75,14,4,32,14,48,29,6,21,56,494,30,20,24,224,10,81,82,53,90,10,42,20,38,35,423,19,56,257,16,71,10,25,26,24,60,209,30,74,68,48,175,33,10,84,7,156,36,564,30,9,130,19,170,36,23,18,222,18,2,3,45,51,26,9,7,447,141,10,24,149,20,26,20,35,19,22,21,23,44,22,10,7,38,55,26,67,41,28,380,177,38]
completion_time_por_agente [46,69,100,10,162,58,25,29,78,15,5,33,16,52,30,7,22,58,495,37,21,25,225,11,82,84,56,91,11,45,21,39,38,433,20,58,258,18,72,11,26,27,25,63,210,31,83,72,49,176,34,11,88,8,159,37,569,33,10,131,20,172,38,24,20,224,19,3,4,48,56,27,10,8,449,142,11,25,150,21,30,21,43,20,23,22,24,45,24,11,8,39,63,27,68,43,29,381,178,40]
tiempo_ultimo_agente_goal 569
tiempo_en_acabar 569
tiempo_promedio 74.180000
agentes_en_goal 100
push_out_count 0
RUN 4
valores_ideales [0,0,0,0,0,0,0,0,0,0,0,0,0,0,0,0,0,0,0,0,0,0,0,0,0,0,0,0,0,0,0,0,0,0,0,0,0,0,0,0,0,0,0,0,0,0,0,0,0,0,0,0,0,0,0,0,0,0,0,0,0,0,0,0,0,0,0,0,0,0,0,0,0,0,0,0,0,0,0,0,0,0,0,0,0,0,0,0,0,0,0,0,0,0,0,0,0,0,0,0]
costo_por_agente [722,85,188,9,47,37,14,28,67,14,4,32,16,36,31,6,19,62,312,28,20,24,130,12,107,412,45,224,10,30,18,34,35,319,15,52,411,16,55,10,25,24,24,54,155,34,56,46,28,189,37,12,74,7,98,28,572,44,9,24,21,178,84,25,14,264,18,2,3,49,65,28,9,7,361,257,10,24,189,22,56,18,17,15,18,21,21,136,18,10,7,12,51,24,45,41,28,304,209,36]
completion_time_por_agente [724,87,189,10,51,43,15,29,68,15,5,33,17,42,32,7,20,63,313,32,21,25,131,13,108,414,54,225,11,35,19,35,39,321,16,54,412,17,57,11,26,25,26,55,156,35,60,50,29,190,40,13,77,8,99,29,573,47,10,25,22,179,85,26,15,265,19,3,4,55,70,29,10,8,362,258,11,25,190,27,58,19,18,16,19,22,22,137,19,11,8,13,57,25,48,49,29,305,210,38]
tiempo_ultimo_agente_goal 724
tiempo_en_acabar 724
tiempo_promedio 81.720001
agentes_en_goal 100
push_out_count 0
RUN 5
valores_ideales [0,0,0,0,0,0,0,0,0,0,0,0,0,0,0,0,0,0,0,0,0,0,0,0,0,0,0,0,0,0,0,0,0,0,0,0,0,0,0,0,0,0,0,0,0,0,0,0,0,0,0,0,0,0,0,0,0,0,0,0,0,0,0,0,0,0,0,0,0,0,0,0,0,0,0,0,0,0,0,0,0,0,0,0,0,0,0,0,0,0,0,0,0,0,0,0,0,0,0,0]
costo_por_agente [48,81,306,9,51,31,14,28,77,14,4,32,16,38,33,8,19,48,278,26,24,24,178,10,185,294,53,128,10,20,18,38,37,383,15,40,317,14,67,10,25,22,26,42,211,28,116,54,24,127,33,10,152,5,110,32,672,42,9,22,19,250,82,213,18,268,20,2,3,49,151,24,9,7,295,121,8,24,191,24,52,26,17,15,18,21,23,158,22,12,7,12,55,24,45,35,28,306,139,36]
completion_time_por_agente [50,82,307,10,52,32,15,29,79,15,5,34,18,41,34,9,20,49,279,28,26,25,179,11,186,296,54,129,11,21,19,40,39,384,16,42,318,15,68,11,26,23,27,46,212,29,118,55,25,128,37,11,153,6,111,34,674,45,10,23,20,252,83,215,19,269,21,3,4,51,152,25,10,8,296,123,9,25,192,25,53,27,18,16,19,22,24,159,24,13,8,13,56,25,47,37,29,308,141,37]
tiempo_ultimo_agente_goal 674
tiempo_en_acabar 674
tiempo_promedio 77.489998
agentes_en_goal 100
push_out_count 0
RUN 6
valores_ideales [0,0,0,0,0,0,0,0,0,0,0,0,0,0,0,0,0,0,0,0,0,0,0,0,0,0,0,0,0,0,0,0,0,0,0,0,0,0,0,0,0,0,0,0,0,0,0,0,0,0,0,0,0,0,0,0,0,0,0,0,0,0,0,0,0,0,0,0,0,0,0,0,0,0,0,0,0,0,0,0,0,0,0,0,0,0,0,0,0,0,0,0,0,0,0,0,0,0,0,0]
costo_por_agente [46,55,204,9,169,27,14,30,117,14,4,32,16,56,31,6,19,58,462,44,32,24,152,10,269,172,47,56,10,26,18,36,43,411,15,48,255,22,55,10,25,28,22,48,227,28,84,326,24,89,41,10,108,7,98,30,544,42,11,22,21,202,78,123,20,334,18,2,3,45,97,30,9,7,633,161,10,24,159,20,28,18,19,15,24,21,29,44,18,10,7,28,65,24,97,35,28,250,163,40]
completion_time_por_agente [50,59,205,10,172,29,15,31,119,15,5,33,18,59,32,7,20,59,463,52,34,25,153,11,270,174,52,58,11,29,19,37,47,414,16,50,256,24,61,11,26,29,23,52,228,29,85,331,25,91,44,11,109,8,99,31,547,45,12,25,22,203,80,125,21,335,19,3,4,48,101,31,10,8,634,162,11,25,160,22,33,19,20,16,26,22,30,47,19,11,8,31,69,25,98,37,29,251,164,41]
tiempo_ultimo_agente_goal 634
tiempo_en_acabar 634
tiempo_promedio 80.750000
agentes_en_goal 100
push_out_count 0
RUN 7
valores_ideales [0,0,0,0,0,0,0,0,0,0,0,0,0,0,0,0,0,0,0,0,0,0,0,0,0,0,0,0,0,0,0,0,0,0,0,0,0,0,0,0,0,0,0,0,0,0,0,0,0,0,0,0,0,0,0,0,0,0,0,0,0,0,0,0,0,0,0,0,0,0,0,0,0,0,0,0,0,0,0,0,0,0,0,0,0,0,0,0,0,0,0,0,0,0,0,0,0,0,0,0]
costo_por_agente [462,61,96,9,47,53,22,28,85,18,4,32,16,40,33,6,19,48,314,30,20,24,200,12,115,48,93,144,10,50,18,28,33,679,15,62,201,20,93,10,25,34,24,60,285,28,106,336,26,217,51,12,56,7,46,28,424,38,9,152,19,50,36,39,14,404,18,2,3,43,221,24,9,7,463,231,8,24,169,26,22,18,19,15,24,21,31,138,18,10,7,12,47,24,75,33,28,210,81,36]
completion_time_por_agente [464,63,97,10,52,54,24,29,86,20,5,33,17,42,35,7,20,51,315,33,21,25,201,13,116,54,95,145,11,51,19,30,37,681,16,63,202,22,94,11,26,35,25,61,286,29,107,340,27,218,54,13,57,8,50,29,428,40,10,154,20,57,41,42,17,405,19,3,4,46,222,26,10,8,464,233,9,25,170,32,25,20,20,16,25,22,32,140,19,11,8,13,50,25,76,35,29,212,82,37]
tiempo_ultimo_agente_goal 681
tiempo_en_acabar 681
tiempo_promedio 81.110001
agentes_en_goal 100
push_out_count 0
RUN 8
valores_ideales [0,0,0,0,0,0,0,0,0,0,0,0,0,0,0,0,0,0,0,0,0,0,0,0,0,0,0,0,0,0,0,0,0,0,0,0,0,0,0,0,0,0,0,0,0,0,0,0,0,0,0,0,0,0,0,0,0,0,0,0,0,0,0,0,0,0,0,0,0,0,0,0,0,0,0,0,0,0,0,0,0,0,0,0,0,0,0,0,0,0,0,0,0,0,0,0,0,0,0,0]
costo_por_agente [44,61,136,9,213,33,14,28,55,14,4,32,16,32,33,8,19,42,240,92,24,24,204,12,189,270,41,162,10,20,18,30,37,265,15,38,435,20,95,10,25,18,24,50,191,28,44,352,30,225,41,10,54,7,86,52,590,36,11,26,23,114,72,69,14,44,18,2,3,39,63,24,9,7,463,347,10,26,189,32,24,24,19,15,28,21,25,96,18,10,7,12,55,26,75,41,28,170,95,248]
completion_time_por_agente [51,62,137,10,214,36,15,29,57,15,5,33,17,34,34,9,20,44,241,94,26,25,206,13,190,271,42,163,11,21,19,31,38,268,16,40,436,21,98,11,26,19,25,51,192,29,47,354,32,227,44,11,57,8,88,56,591,40,12,27,24,115,73,70,16,46,19,3,4,40,66,25,10,8,465,348,11,27,190,37,27,25,22,16,29,22,26,98,19,11,8,13,57,27,79,45,29,172,97,251]
tiempo_ultimo_agente_goal 591
tiempo_en_acabar 591
tiempo_promedio 77.089996
agentes_en_goal 100
push_out_count 0
RUN 9
valores_ideales [0,0,0,0,0,0,0,0,0,0,0,0,0,0,0,0,0,0,0,0,0,0,0,0,0,0,0,0,0,0,0,0,0,0,0,0,0,0,0,0,0,0,0,0,0,0,0,0,0,0,0,0,0,0,0,0,0,0,0,0,0,0,0,0,0,0,0,0,0,0,0,0,0,0,0,0,0,0,0,0,0,0,0,0,0,0,0,0,0,0,0,0,0,0,0,0,0,0,0,0]
costo_por_agente [398,53,144,9,259,61,16,28,57,24,4,32,20,40,39,6,19,32,340,28,24,24,230,10,221,318,51,102,10,24,18,28,33,667,17,40,353,16,77,10,25,18,24,54,267,28,100,206,30,127,33,10,126,5,84,28,536,34,9,22,21,150,58,27,24,432,18,2,3,37,145,38,13,7,393,315,12,26,117,26,42,20,21,15,20,21,25,52,36,12,7,14,81,24,67,45,28,158,193,36]
completion_time_por_agente [406,59,145,10,267,62,17,29,62,25,5,33,21,41,41,7,20,34,341,31,34,25,231,11,222,320,65,103,11,25,19,29,35,670,18,46,354,17,78,11,26,19,25,57,268,29,101,211,31,128,39,11,136,6,85,29,539,38,10,23,22,151,59,29,27,433,20,3,4,38,148,39,14,8,396,316,13,27,118,27,50,21,22,16,21,22,26,60,37,13,8,15,82,25,68,58,29,159,195,38]
tiempo_ultimo_agente_goal 670
tiempo_en_acabar 670
tiempo_promedio 86.480003
agentes_en_goal 100
push_out_count 0
RUN 10
valores_ideales [0,0,0,0,0,0,0,0,0,0,0,0,0,0,0,0,0,0,0,0,0,0,0,0,0,0,0,0,0,0,0,0,0,0,0,0,0,0,0,0,0,0,0,0,0,0,0,0,0,0,0,0,0,0,0,0,0,0,0,0,0,0,0,0,0,0,0,0,0,0,0,0,0,0,0,0,0,0,0,0,0,0,0,0,0,0,0,0,0,0,0,0,0,0,0,0,0,0,0,0]
costo_por_agente [58,69,94,9,57,45,24,28,71,14,4,32,22,32,27,6,19,68,356,40,18,24,174,10,97,344,53,332,10,22,20,34,41,345,15,52,143,14,49,10,25,20,22,48,141,28,62,56,36,167,35,14,164,5,112,26,328,32,9,82,21,164,100,27,18,138,20,2,3,55,51,22,9,7,671,493,8,24,199,24,34,24,19,15,20,21,21,46,22,10,7,14,57,24,95,67,28,348,283,38]
completion_time_por_agente [61,75,95,10,60,48,25,29,75,15,5,33,23,36,28,7,20,70,357,46,20,25,175,11,98,346,55,333,11,24,21,35,42,346,16,54,144,15,54,11,26,22,23,49,142,29,65,58,38,170,37,15,166,6,113,28,330,34,10,83,22,166,101,29,20,139,21,3,4,56,55,23,10,8,673,494,9,25,200,25,39,25,20,16,21,22,22,51,23,11,8,15,60,25,96,68,29,351,284,39]
tiempo_ultimo_agente_goal 673
tiempo_en_acabar 673
tiempo_promedio 77.059998
agentes_en_goal 100
push_out_count 0
RUN 11
valores_ideales [0,0,0,0,0,0,0,0,0,0,0,0,0,0,0,0,0,0,0,0,0,0,0,0,0,0,0,0,0,0,0,0,0,0,0,0,0,0,0,0,0,0,0,0,0,0,0,0,0,0,0,0,0,0,0,0,0,0,0,0,0,0,0,0,0,0,0,0,0,0,0,0,0,0,0,0,0,0,0,0,0,0,0,0,0,0,0,0,0,0,0,0,0,0,0,0,0,0,0,0]
costo_por_agente [40,23,166,9,55,29,14,28,85,14,4,32,16,56,31,6,19,56,554,28,20,24,138,10,161,42,63,110,10,20,18,32,37,425,15,54,91,16,85,10,25,22,22,54,173,34,70,208,24,71,39,12,56,7,84,26,492,38,9,22,19,96,72,37,14,192,20,2,3,33,47,20,9,7,553,199,10,24,187,20,38,24,21,15,18,21,19,74,34,10,7,12,45,28,95,137,28,238,145,36]
completion_time_por_agente [44,24,168,10,58,30,15,29,87,15,5,34,17,63,32,7,20,57,555,30,21,25,139,11,162,44,68,111,11,23,19,33,43,426,16,55,92,18,86,11,26,23,23,55,174,35,71,212,25,72,42,13,64,8,88,27,493,43,10,23,20,97,73,44,15,193,21,3,4,37,54,21,10,8,554,200,11,25,188,21,46,26,22,16,19,22,20,77,36,11,8,13,51,29,96,138,29,239,146,37]
tiempo_ultimo_agente_goal 555
tiempo_en_acabar 555
tiempo_promedio 69.209999
agentes_en_goal 100
push_out_count 0
RUN 12
valores_ideales [0,0,0,0,0,0,0,0,0,0,0,0,0,0,0,0,0,0,0,0,0,0,0,0,0,0,0,0,0,0,0,0,0,0,0,0,0,0,0,0,0,0,0,0,0,0,0,0,0,0,0,0,0,0,0,0,0,0,0,0,0,0,0,0,0,0,0,0,0,0,0,0,0,0,0,0,0,0,0,0,0,0,0,0,0,0,0,0,0,0,0,0,0,0,0,0,0,0,0,0]
costo_por_agente [408,27,42,9,45,33,16,28,57,18,4,32,16,40,37,6,19,36,270,164,20,24,86,12,169,200,55,162,12,22,22,32,57,413,15,42,355,14,71,10,25,20,22,54,237,28,110,52,28,145,31,10,142,7,76,42,506,36,11,134,21,160,82,31,14,300,20,2,3,51,55,26,9,7,457,103,16,24,133,28,32,26,19,15,18,21,23,42,18,12,7,12,53,24,87,109,28,238,95,40]
completion_time_por_agente [412,29,43,10,47,35,17,29,58,19,5,34,17,41,38,7,20,37,271,167,21,25,87,13,170,203,56,163,13,23,23,33,58,414,16,43,356,15,72,11,26,21,23,55,238,29,111,54,29,147,34,11,144,8,77,44,508,37,12,135,22,162,83,32,15,301,21,3,4,52,56,27,10,8,458,104,17,25,135,30,33,27,20,16,19,22,24,45,19,13,8,13,55,25,89,112,29,240,96,41]
tiempo_ultimo_agente_goal 508
tiempo_en_acabar 508
tiempo_promedio 74.050003
agentes_en_goal 100
push_out_count 0
RUN 13
valores_ideales [0,0,0,0,0,0,0,0,0,0,0,0,0,0,0,0,0,0,0,0,0,0,0,0,0,0,0,0,0,0,0,0,0,0,0,0,0,0,0,0,0,0,0,0,0,0,0,0,0,0,0,0,0,0,0,0,0,0,0,0,0,0,0,0,0,0,0,0,0,0,0,0,0,0,0,0,0,0,0,0,0,0,0,0,0,0,0,0,0,0,0,0,0,0,0,0,0,0,0,0]
costo_por_agente [46,65,194,9,159,77,18,28,69,14,4,34,14,40,41,6,19,64,192,32,20,24,162,12,135,40,45,158,10,26,20,34,37,349,15,42,167,20,61,10,25,28,24,48,243,28,68,206,24,105,67,12,52,5,62,30,380,26,9,108,23,90,38,201,18,354,18,2,3,45,187,22,9,7,263,449,14,24,269,56,70,24,33,15,20,21,31,174,20,10,7,12,47,24,111,33,28,210,189,316]
completion_time_por_agente [49,68,196,10,162,80,19,29,70,15,5,35,16,44,42,7,20,65,193,39,21,25,163,13,136,44,49,159,11,31,21,35,42,353,16,48,168,21,62,11,26,29,25,50,244,29,71,209,25,106,68,13,55,6,65,31,381,30,10,111,24,97,41,203,22,355,19,3,4,46,191,23,10,8,264,450,15,25,270,61,71,25,38,16,21,22,32,176,21,11,8,13,51,25,112,37,29,211,190,320]
tiempo_ultimo_agente_goal 450
tiempo_en_acabar 450
tiempo_promedio 77.370003
agentes_en_goal 100
push_out_count 0
RUN 14
valores_ideales [0,0,0,0,0,0,0,0,0,0,0,0,0,0,0,0,0,0,0,0,0,0,0,0,0,0,0,0,0,0,0,0,0,0,0,0,0,0,0,0,0,0,0,0,0,0,0,0,0,0,0,0,0,0,0,0,0,0,0,0,0,0,0,0,0,0,0,0,0,0,0,0,0,0,0,0,0,0,0,0,0,0,0,0,0,0,0,0,0,0,0,0,0,0,0,0,0,0,0,0]
costo_por_agente [280,23,274,9,49,71,14,32,65,14,4,32,24,46,31,6,19,56,446,40,46,24,266,8,137,204,51,180,10,42,18,34,55,39,15,46,365,18,45,10,25,30,24,60,117,32,70,58,28,107,31,10,92,5,76,30,520,42,9,24,19,150,104,27,30,384,30,2,3,35,51,24,9,7,333,211,10,24,81,22,26,24,19,15,26,21,21,44,18,10,7,30,59,24,119,79,28,370,265,36]
completion_time_por_agente [282,24,275,10,51,77,15,34,66,15,5,33,25,48,32,7,20,57,447,46,49,25,268,9,138,208,52,181,11,43,19,35,56,42,16,50,366,20,48,11,26,32,25,61,118,33,71,60,29,109,33,11,96,6,77,31,521,52,10,25,20,151,106,29,32,386,31,3,4,40,53,25,10,8,334,212,11,25,82,23,28,26,20,16,27,22,22,47,19,11,8,31,62,25,120,81,29,372,266,39]
tiempo_ultimo_agente_goal 521
tiempo_en_acabar 521
tiempo_promedio 74.980003
agentes_en_goal 100
push_out_count 0
RUN 15
valores_ideales [0,0,0,0,0,0,0,0,0,0,0,0,0,0,0,0,0,0,0,0,0,0,0,0,0,0,0,0,0,0,0,0,0,0,0,0,0,0,0,0,0,0,0,0,0,0,0,0,0,0,0,0,0,0,0,0,0,0,0,0,0,0,0,0,0,0,0,0,0,0,0,0,0,0,0,0,0,0,0,0,0,0,0,0,0,0,0,0,0,0,0,0,0,0,0,0,0,0,0,0]
costo_por_agente [54,43,350,9,147,53,14,30,49,14,4,32,24,62,35,6,19,32,514,36,24,24,312,10,307,56,57,72,12,46,18,28,35,41,15,52,177,14,81,10,25,34,22,42,249,28,144,204,24,149,45,10,124,7,68,26,366,48,11,96,23,174,64,29,16,162,22,2,5,35,197,20,9,7,491,239,10,24,97,24,50,18,23,15,18,21,21,208,20,10,7,16,41,26,151,69,28,136,301,40]
completion_time_por_agente [56,48,352,10,148,55,15,31,51,15,5,34,25,64,36,7,20,33,515,38,25,25,314,11,308,61,64,73,13,51,19,29,37,42,16,61,178,15,82,11,26,35,23,45,250,29,146,206,25,150,52,11,125,8,74,27,367,51,12,97,24,175,68,30,19,163,23,3,6,38,206,21,10,8,492,241,11,25,98,25,52,19,24,16,19,22,22,210,21,11,8,17,45,27,152,70,29,139,302,41]
tiempo_ultimo_agente_goal 515
tiempo_en_acabar 515
tiempo_promedio 76.839996
agentes_en_goal 100
push_out_count 0
RUN 16
valores_ideales [0,0,0,0,0,0,0,0,0,0,0,0,0,0,0,0,0,0,0,0,0,0,0,0,0,0,0,0,0,0,0,0,0,0,0,0,0,0,0,0,0,0,0,0,0,0,0,0,0,0,0,0,0,0,0,0,0,0,0,0,0,0,0,0,0,0,0,0,0,0,0,0,0,0,0,0,0,0,0,0,0,0,0,0,0,0,0,0,0,0,0,0,0,0,0,0,0,0,0,0]
costo_por_agente [344,81,152,9,53,67,18,28,49,18,4,32,14,38,33,6,21,40,480,26,22,26,198,8,195,300,57,298,10,22,18,34,35,239,21,58,437,18,85,10,25,24,22,54,137,28,46,294,24,99,43,10,78,5,80,30,642,42,9,22,21,238,42,23,18,212,18,2,5,41,163,22,9,7,611,291,10,24,129,60,62,18,27,19,18,23,21,72,20,10,7,14,63,24,129,37,28,188,265,38]
completion_time_por_agente [346,84,154,10,56,70,20,29,54,20,5,33,15,41,34,7,22,42,482,30,23,27,199,9,196,304,59,300,11,23,19,35,38,243,22,64,438,20,86,11,26,25,23,56,138,29,50,299,25,100,47,11,81,6,83,31,645,43,10,24,22,239,46,24,19,214,20,3,6,47,165,23,10,8,612,292,11,25,131,62,64,19,29,20,19,24,22,74,21,11,8,15,66,25,130,39,29,189,266,40]
tiempo_ultimo_agente_goal 645
tiempo_en_acabar 645
tiempo_promedio 85.220001
agentes_en_goal 100
push_out_count 0
RUN 17
valores_ideales [0,0,0,0,0,0,0,0,0,0,0,0,0,0,0,0,0,0,0,0,0,0,0,0,0,0,0,0,0,0,0,0,0,0,0,0,0,0,0,0,0,0,0,0,0,0,0,0,0,0,0,0,0,0,0,0,0,0,0,0,0,0,0,0,0,0,0,0,0,0,0,0,0,0,0,0,0,0,0,0,0,0,0,0,0,0,0,0,0,0,0,0,0,0,0,0,0,0,0,0]
costo_por_agente [430,63,126,9,117,55,14,28,61,14,4,32,16,50,27,6,19,62,392,116,20,24,136,8,125,326,41,342,10,30,18,44,35,371,15,46,379,22,83,10,25,20,22,64,129,32,142,188,28,189,51,12,202,5,44,28,426,48,9,196,19,138,96,29,16,200,18,2,3,35,161,22,9,7,609,171,12,24,123,66,42,20,19,15,20,21,23,78,18,10,7,12,77,26,73,113,28,226,177,396]
completion_time_por_agente [433,69,127,10,119,62,15,29,65,15,5,33,17,59,29,7,20,63,393,121,21,25,137,9,126,328,48,343,11,41,19,45,38,372,16,52,380,23,84,11,26,21,23,67,131,33,143,189,29,191,53,13,210,6,55,29,428,51,10,197,20,139,97,31,17,202,19,3,4,37,163,23,10,8,610,172,13,25,124,70,43,21,20,16,21,22,24,80,19,11,8,13,80,27,75,123,29,227,178,398]
tiempo_ultimo_agente_goal 610
tiempo_en_acabar 610
tiempo_promedio 89.470001
agentes_en_goal 100
push_out_count 0
RUN 18
valores_ideales [0,0,0,0,0,0,0,0,0,0,0,0,0,0,0,0,0,0,0,0,0,0,0,0,0,0,0,0,0,0,0,0,0,0,0,0,0,0,0,0,0,0,0,0,0,0,0,0,0,0,0,0,0,0,0,0,0,0,0,0,0,0,0,0,0,0,0,0,0,0,0,0,0,0,0,0,0,0,0,0,0,0,0,0,0,0,0,0,0,0,0,0,0,0,0,0,0,0,0,0]
costo_por_agente [320,71,128,9,45,37,34,30,45,14,4,32,14,28,35,6,19,32,300,40,20,28,258,10,347,212,49,154,12,20,18,30,35,273,15,52,273,14,49,10,25,16,26,58,153,28,110,46,30,95,37,10,58,7,86,30,710,40,9,100,21,174,80,29,20,314,18,2,3,49,49,22,9,7,391,67,10,24,133,54,48,20,25,15,18,21,23,42,20,10,7,18,49,28,79,91,28,338,263,38]
completion_time_por_agente [324,73,129,10,51,38,36,31,49,15,5,33,15,30,36,7,20,38,301,46,21,29,259,11,348,213,51,155,13,21,19,31,36,275,16,54,274,15,50,11,26,17,27,60,154,29,112,50,31,98,38,11,60,8,87,31,711,44,10,101,22,175,81,30,21,317,19,3,4,54,54,23,10,8,392,68,11,25,135,55,50,21,26,16,19,22,24,44,21,11,8,19,50,30,80,92,29,339,265,40]
tiempo_ultimo_agente_goal 711
tiempo_en_acabar 711
tiempo_promedio 76.070000
agentes_en_goal 100
push_out_count 0
RUN 19
valores_ideales [0,0,0,0,0,0,0,0,0,0,0,0,0,0,0,0,0,0,0,0,0,0,0,0,0,0,0,0,0,0,0,0,0,0,0,0,0,0,0,0,0,0,0,0,0,0,0,0,0,0,0,0,0,0,0,0,0,0,0,0,0,0,0,0,0,0,0,0,0,0,0,0,0,0,0,0,0,0,0,0,0,0,0,0,0,0,0,0,0,0,0,0,0,0,0,0,0,0,0,0]
costo_por_agente [58,137,152,9,47,53,14,28,47,14,4,40,16,38,27,10,19,72,448,24,22,24,184,8,121,160,59,264,12,30,20,32,31,393,15,54,421,22,67,10,25,26,24,56,125,28,82,248,28,105,161,10,196,7,56,28,288,28,9,98,21,46,66,149,18,226,22,2,3,35,53,24,9,7,467,89,12,24,205,44,60,20,25,15,18,21,23,44,18,10,7,12,59,24,71,35,28,220,277,36]
completion_time_por_agente [61,140,154,10,52,57,15,29,49,15,5,42,17,41,29,11,20,73,449,29,24,25,185,9,122,162,61,265,13,35,21,33,34,395,16,55,422,23,68,11,26,27,25,58,126,29,83,251,31,108,167,11,197,8,57,29,289,32,10,99,22,49,67,150,19,227,23,3,4,37,54,25,10,8,468,90,13,25,206,45,61,21,27,16,19,22,24,48,19,11,8,13,64,25,72,36,29,222,278,37]
tiempo_ultimo_agente_goal 468
tiempo_en_acabar 468
tiempo_promedio 75.370003
agentes_en_goal 100
push_out_count 0
RUN 20
valores_ideales [0,0,0,0,0,0,0,0,0,0,0,0,0,0,0,0,0,0,0,0,0,0,0,0,0,0,0,0,0,0,0,0,0,0,0,0,0,0,0,0,0,0,0,0,0,0,0,0,0,0,0,0,0,0,0,0,0,0,0,0,0,0,0,0,0,0,0,0,0,0,0,0,0,0,0,0,0,0,0,0,0,0,0,0,0,0,0,0,0,0,0,0,0,0,0,0,0,0,0,0]
costo_por_agente [46,23,142,9,51,31,14,28,77,20,4,34,24,50,29,6,19,26,344,32,36,26,420,10,177,36,37,260,10,40,18,32,35,283,15,42,363,18,75,10,25,24,24,54,135,28,64,118,26,131,61,12,148,7,94,34,456,42,9,22,23,140,96,83,16,218,18,2,3,39,183,24,9,7,551,123,10,26,89,54,60,20,19,15,22,23,25,250,18,10,7,14,47,26,69,43,28,68,307,36]
completion_time_por_agente [51,24,143,10,52,35,15,29,80,21,5,35,25,51,30,7,20,28,345,35,39,27,421,11,178,37,41,261,11,41,19,33,39,285,16,44,364,19,76,11,26,25,25,55,136,29,66,120,27,133,63,13,149,8,95,36,457,43,10,24,24,141,99,84,17,219,19,3,4,41,187,25,10,8,552,124,11,27,90,55,61,21,20,16,23,24,26,251,19,11,8,15,51,28,72,44,29,69,310,37]
tiempo_ultimo_agente_goal 552
tiempo_en_acabar 552
tiempo_promedio 74.290001
agentes_en_goal 100
push_out_count 0
RUN 21
valores_ideales [0,0,0,0,0,0,0,0,0,0,0,0,0,0,0,0,0,0,0,0,0,0,0,0,0,0,0,0,0,0,0,0,0,0,0,0,0,0,0,0,0,0,0,0,0,0,0,0,0,0,0,0,0,0,0,0,0,0,0,0,0,0,0,0,0,0,0,0,0,0,0,0,0,0,0,0,0,0,0,0,0,0,0,0,0,0,0,0,0,0,0,0,0,0,0,0,0,0,0,0]
costo_por_agente [48,23,236,9,53,95,16,28,91,14,4,32,22,36,31,6,19,58,268,28,26,24,100,12,113,258,63,280,10,20,18,32,31,379,15,44,503,16,59,10,25,22,22,44,157,32,42,326,24,101,49,10,116,7,78,34,558,46,9,22,19,204,100,159,14,470,22,2,3,35,53,20,9,7,481,69,10,24,231,20,30,22,19,15,20,21,21,54,22,10,7,12,51,24,107,53,28,238,441,36]
completion_time_por_agente [54,25,238,10,56,97,17,29,94,15,5,33,23,37,32,7,20,59,269,31,27,25,101,13,114,260,64,281,11,22,19,34,32,380,16,46,504,17,61,11,26,23,23,48,158,33,47,330,25,103,50,11,119,8,79,37,560,47,10,23,20,206,101,161,15,471,23,3,4,37,55,21,10,8,482,70,11,25,233,21,32,24,20,16,21,22,22,59,24,11,8,13,54,25,109,55,29,239,442,37]
tiempo_ultimo_agente_goal 560
tiempo_en_acabar 560
tiempo_promedio 81.879997
agentes_en_goal 100
push_out_count 0
RUN 22
valores_ideales [0,0,0,0,0,0,0,0,0,0,0,0,0,0,0,0,0,0,0,0,0,0,0,0,0,0,0,0,0,0,0,0,0,0,0,0,0,0,0,0,0,0,0,0,0,0,0,0,0,0,0,0,0,0,0,0,0,0,0,0,0,0,0,0,0,0,0,0,0,0,0,0,0,0,0,0,0,0,0,0,0,0,0,0,0,0,0,0,0,0,0,0,0,0,0,0,0,0,0,0]
costo_por_agente [494,65,164,9,143,35,22,28,73,24,4,32,16,44,31,6,19,32,206,38,20,26,202,8,199,148,59,136,10,34,18,36,35,357,15,44,141,18,67,10,25,30,24,42,85,28,72,300,44,173,29,10,108,7,70,28,566,24,13,204,19,154,68,53,14,304,18,2,3,47,57,28,9,7,599,213,8,24,111,52,26,24,21,15,20,21,25,230,20,10,7,14,51,26,81,43,28,192,165,38]
completion_time_por_agente [497,67,166,10,145,42,26,29,75,25,5,33,17,47,32,7,20,34,207,43,21,27,203,9,201,150,61,137,11,38,19,37,39,360,16,46,142,19,70,11,26,31,25,45,86,29,73,306,46,174,31,11,110,8,71,29,569,28,14,205,20,156,69,54,15,305,19,3,4,49,58,29,10,8,600,214,9,25,112,55,31,25,22,16,22,22,26,232,23,11,8,15,54,27,82,45,29,193,166,41]
tiempo_ultimo_agente_goal 600
tiempo_en_acabar 600
tiempo_promedio 79.650002
agentes_en_goal 100
push_out_count 0
RUN 23
valores_ideales [0,0,0,0,0,0,0,0,0,0,0,0,0,0,0,0,0,0,0,0,0,0,0,0,0,0,0,0,0,0,0,0,0,0,0,0,0,0,0,0,0,0,0,0,0,0,0,0,0,0,0,0,0,0,0,0,0,0,0,0,0,0,0,0,0,0,0,0,0,0,0,0,0,0,0,0,0,0,0,0,0,0,0,0,0,0,0,0,0,0,0,0,0,0,0,0,0,0,0,0]
costo_por_agente [54,47,288,9,115,65,20,28,91,14,4,32,14,52,39,6,19,60,414,30,22,24,236,14,367,84,55,64,10,22,18,36,47,235,15,44,403,22,101,10,25,20,22,40,75,34,80,56,34,141,33,12,46,7,70,26,496,26,9,68,19,148,56,49,16,312,22,2,3,35,53,20,9,7,537,187,10,24,83,24,60,24,29,15,18,21,21,44,18,10,7,14,51,36,71,133,28,252,205,36]
completion_time_por_agente [60,50,289,10,116,67,21,29,95,15,5,33,15,57,42,7,20,62,415,32,23,25,238,15,368,85,56,66,11,23,19,39,56,236,16,45,404,23,102,11,26,21,23,42,77,35,81,64,35,143,36,13,49,8,71,27,497,29,10,69,20,149,58,52,17,313,23,3,4,38,56,21,10,8,539,188,11,25,84,25,61,26,30,16,19,22,22,45,19,11,8,15,56,37,72,135,29,253,206,37]
tiempo_ultimo_agente_goal 539
tiempo_en_acabar 539
tiempo_promedio 74.199997
agentes_en_goal 100
push_out_count 0
RUN 24
valores_ideales [0,0,0,0,0,0,0,0,0,0,0,0,0,0,0,0,0,0,0,0,0,0,0,0,0,0,0,0,0,0,0,0,0,0,0,0,0,0,0,0,0,0,0,0,0,0,0,0,0,0,0,0,0,0,0,0,0,0,0,0,0,0,0,0,0,0,0,0,0,0,0,0,0,0,0,0,0,0,0,0,0,0,0,0,0,0,0,0,0,0,0,0,0,0,0,0,0,0,0,0]
costo_por_agente [56,57,132,9,51,61,24,28,67,14,4,32,16,36,33,6,19,62,264,30,26,32,210,10,301,54,41,250,10,24,18,28,37,317,15,46,537,18,119,10,25,22,24,52,265,28,130,64,34,107,31,10,122,7,118,26,486,36,9,22,21,46,46,33,16,344,20,2,3,37,57,22,9,7,641,295,10,24,159,24,46,22,27,15,32,21,33,84,30,10,7,14,57,24,59,95,28,246,165,36]
completion_time_por_agente [60,61,133,10,61,63,26,29,68,15,5,33,18,41,34,7,20,63,265,31,27,34,211,11,302,64,46,251,11,26,19,30,41,320,16,50,538,19,121,11,26,23,25,54,266,30,132,69,36,108,33,11,125,8,120,27,487,41,10,23,22,49,49,35,17,345,21,3,4,38,60,24,10,8,642,296,11,25,161,25,49,25,28,16,34,22,34,86,31,11,8,15,60,25,62,96,29,247,166,37]
tiempo_ultimo_agente_goal 642
tiempo_en_acabar 642
tiempo_promedio 77.709999
agentes_en_goal 100
push_out_count 0
RUN 25
valores_ideales [0,0,0,0,0,0,0,0,0,0,0,0,0,0,0,0,0,0,0,0,0,0,0,0,0,0,0,0,0,0,0,0,0,0,0,0,0,0,0,0,0,0,0,0,0,0,0,0,0,0,0,0,0,0,0,0,0,0,0,0,0,0,0,0,0,0,0,0,0,0,0,0,0,0,0,0,0,0,0,0,0,0,0,0,0,0,0,0,0,0,0,0,0,0,0,0,0,0,0,0]
costo_por_agente [50,61,132,11,137,37,14,28,93,14,4,32,16,38,31,6,19,50,534,32,32,24,362,8,179,310,69,320,10,22,20,32,35,531,15,50,141,16,69,12,25,24,26,54,95,28,144,48,32,101,41,16,146,7,72,26,410,28,9,32,19,228,38,25,16,266,22,2,3,51,57,34,9,7,317,167,10,24,109,28,36,26,23,15,22,21,21,196,18,10,7,12,49,24,71,77,28,300,283,44]
completion_time_por_agente [56,63,134,12,141,47,15,29,94,15,5,33,18,45,33,7,20,52,535,36,35,25,363,9,181,311,70,321,11,26,21,34,38,533,16,52,143,17,70,13,26,25,27,56,96,30,145,53,33,102,42,17,148,8,73,27,411,33,10,33,20,229,45,27,17,267,23,3,4,53,58,35,10,8,318,168,11,25,110,31,40,27,24,16,23,22,22,197,19,11,8,13,50,25,72,78,29,301,284,52]
tiempo_ultimo_agente_goal 535
tiempo_en_acabar 535
tiempo_promedio 78.489998
agentes_en_goal 100
push_out_count 0
RUN 26
valores_ideales [0,0,0,0,0,0,0,0,0,0,0,0,0,0,0,0,0,0,0,0,0,0,0,0,0,0,0,0,0,0,0,0,0,0,0,0,0,0,0,0,0,0,0,0,0,0,0,0,0,0,0,0,0,0,0,0,0,0,0,0,0,0,0,0,0,0,0,0,0,0,0,0,0,0,0,0,0,0,0,0,0,0,0,0,0,0,0,0,0,0,0,0,0,0,0,0,0,0,0,0]
costo_por_agente [548,91,128,9,153,59,28,28,91,14,4,32,14,32,27,6,21,30,354,118,38,24,302,14,181,44,63,126,10,22,18,32,37,507,15,52,235,16,67,10,25,22,22,62,257,28,158,48,24,113,37,10,52,7,86,40,604,28,9,118,23,220,78,29,14,474,20,2,3,35,49,20,9,7,383,399,8,24,169,50,18,24,25,19,18,21,23,80,18,10,7,12,49,24,99,41,28,318,253,38]
completion_time_por_agente [552,93,130,10,155,61,30,29,93,15,5,33,16,39,30,7,22,34,355,124,42,25,303,15,182,52,64,127,11,23,19,34,40,508,16,53,237,17,69,11,26,23,23,63,258,29,159,54,25,114,42,11,55,8,90,43,605,31,10,121,24,221,81,34,15,475,21,3,4,40,55,21,10,8,384,400,9,25,170,51,20,25,26,20,19,22,24,84,19,11,8,13,54,25,100,47,29,320,254,41]
tiempo_ultimo_agente_goal 605
tiempo_en_acabar 605
tiempo_promedio 86.830002
agentes_en_goal 100
push_out_count 0
RUN 27
valores_ideales [0,0,0,0,0,0,0,0,0,0,0,0,0,0,0,0,0,0,0,0,0,0,0,0,0,0,0,0,0,0,0,0,0,0,0,0,0,0,0,0,0,0,0,0,0,0,0,0,0,0,0,0,0,0,0,0,0,0,0,0,0,0,0,0,0,0,0,0,0,0,0,0,0,0,0,0,0,0,0,0,0,0,0,0,0,0,0,0,0,0,0,0,0,0,0,0,0,0,0,0]
costo_por_agente [276,121,226,9,49,51,14,28,61,14,4,34,22,62,31,6,19,40,498,38,20,24,286,18,155,268,59,330,10,36,18,34,33,315,15,58,129,20,89,10,25,18,22,56,173,28,136,52,30,91,43,12,44,5,96,32,460,28,9,22,23,42,82,25,14,130,20,2,3,51,53,22,9,7,505,111,8,26,81,30,24,20,19,15,28,21,21,120,20,10,7,12,65,24,57,41,28,118,365,38]
completion_time_por_agente [277,122,228,10,56,53,15,29,63,15,5,36,23,64,32,7,20,47,499,43,21,25,287,19,156,270,61,331,11,39,19,36,35,317,16,60,130,21,90,11,26,20,23,57,174,29,137,54,31,92,45,13,48,6,98,34,461,36,10,23,24,47,85,26,15,131,21,3,4,53,55,23,10,8,506,112,9,27,82,35,27,22,20,16,29,22,22,121,21,11,8,13,66,25,59,48,29,119,366,40]
tiempo_ultimo_agente_goal 506
tiempo_en_acabar 506
tiempo_promedio 73.760002
agentes_en_goal 100
push_out_count 0
RUN 28
valores_ideales [0,0,0,0,0,0,0,0,0,0,0,0,0,0,0,0,0,0,0,0,0,0,0,0,0,0,0,0,0,0,0,0,0,0,0,0,0,0,0,0,0,0,0,0,0,0,0,0,0,0,0,0,0,0,0,0,0,0,0,0,0,0,0,0,0,0,0,0,0,0,0,0,0,0,0,0,0,0,0,0,0,0,0,0,0,0,0,0,0,0,0,0,0,0,0,0,0,0,0,0]
costo_por_agente [54,63,46,11,279,69,14,28,83,18,4,32,16,34,39,6,19,70,340,24,20,24,444,12,299,284,41,188,10,22,18,30,33,385,15,46,391,14,105,10,25,24,22,48,91,28,100,222,28,139,41,12,116,7,62,32,402,34,11,24,19,196,140,25,28,168,22,2,3,51,55,22,9,7,413,123,12,24,153,56,62,24,25,15,30,21,31,42,18,12,7,12,53,26,131,37,28,328,211,36]
completion_time_por_agente [59,66,47,12,280,71,15,29,85,19,5,33,18,36,40,7,20,71,341,27,21,25,445,13,300,286,42,189,11,23,19,31,35,386,16,50,392,15,108,11,26,25,23,52,93,29,101,224,30,140,44,13,118,8,63,33,403,36,12,25,20,197,141,27,29,169,23,3,4,52,59,23,10,8,414,124,13,25,154,57,63,25,27,16,31,22,33,43,19,13,8,13,56,28,132,38,29,329,212,38]
tiempo_ultimo_agente_goal 445
tiempo_en_acabar 445
tiempo_promedio 79.239998
agentes_en_goal 100
push_out_count 0
RUN 29
valores_ideales [0,0,0,0,0,0,0,0,0,0,0,0,0,0,0,0,0,0,0,0,0,0,0,0,0,0,0,0,0,0,0,0,0,0,0,0,0,0,0,0,0,0,0,0,0,0,0,0,0,0,0,0,0,0,0,0,0,0,0,0,0,0,0,0,0,0,0,0,0,0,0,0,0,0,0,0,0,0,0,0,0,0,0,0,0,0,0,0,0,0,0,0,0,0,0,0,0,0,0,0]
costo_por_agente [546,67,176,9,55,49,20,30,85,14,4,32,16,34,35,6,19,56,412,36,20,24,68,16,83,240,37,86,10,22,18,30,31,429,15,54,319,22,83,10,25,18,22,44,249,28,64,56,26,145,49,10,100,11,58,26,492,30,13,102,19,154,42,31,14,118,22,2,3,47,51,22,9,7,99,315,10,24,133,28,26,24,17,17,18,21,23,196,18,10,7,12,39,26,73,57,28,268,459,36]
completion_time_por_agente [547,68,177,10,59,51,21,31,86,15,5,33,17,36,36,7,20,58,413,37,21,25,71,17,84,242,38,87,11,23,19,31,34,431,16,56,320,23,84,11,26,19,23,48,250,29,65,58,27,146,53,11,102,12,64,27,494,31,14,104,20,157,44,33,15,119,23,3,4,49,53,23,10,8,101,316,11,25,134,29,30,25,18,18,19,22,24,197,19,11,8,13,40,28,74,60,29,270,460,38]
tiempo_ultimo_agente_goal 547
tiempo_en_acabar 547
tiempo_promedio 75.540001
agentes_en_goal 100
push_out_count 0
RUN 30
valores_ideales [0,0,0,0,0,0,0,0,0,0,0,0,0,0,0,0,0,0,0,0,0,0,0,0,0,0,0,0,0,0,0,0,0,0,0,0,0,0,0,0,0,0,0,0,0,0,0,0,0,0,0,0,0,0,0,0,0,0,0,0,0,0,0,0,0,0,0,0,0,0,0,0,0,0,0,0,0,0,0,0,0,0,0,0,0,0,0,0,0,0,0,0,0,0,0,0,0,0,0,0]
costo_por_agente [372,47,98,9,153,31,18,28,67,18,4,32,16,36,29,6,19,52,412,30,26,24,250,8,257,250,55,302,10,48,18,30,41,39,15,46,263,18,87,10,25,26,22,46,165,36,82,52,44,99,51,10,50,7,102,40,644,38,9,100,19,238,62,187,20,290,20,2,3,39,57,22,9,7,565,205,10,26,91,20,18,20,25,15,18,21,23,156,18,10,7,12,53,26,73,35,28,292,153,38]
completion_time_por_agente [373,51,100,10,155,33,19,29,68,19,5,33,17,38,30,7,20,53,413,33,29,25,251,9,258,252,57,303,11,50,19,31,44,40,16,48,264,19,88,11,26,27,23,47,166,37,84,54,45,100,58,11,53,8,103,41,647,39,10,101,20,239,64,192,22,291,21,3,4,44,61,23,10,8,566,206,11,27,92,23,21,21,27,16,19,22,24,162,19,11,8,13,54,27,75,39,29,293,154,40]
tiempo_ultimo_agente_goal 647
tiempo_en_acabar 647
tiempo_promedio 80.120003
agentes_en_goal 100
push_out_count 0
RUN 31
valores_ideales [0,0,0,0,0,0,0,0,0,0,0,0,0,0,0,0,0,0,0,0,0,0,0,0,0,0,0,0,0,0,0,0,0,0,0,0,0,0,0,0,0,0,0,0,0,0,0,0,0,0,0,0,0,0,0,0,0,0,0,0,0,0,0,0,0,0,0,0,0,0,0,0,0,0,0,0,0,0,0,0,0,0,0,0,0,0,0,0,0,0,0,0,0,0,0,0,0,0,0,0]
costo_por_agente [48,81,104,9,47,35,14,28,59,18,4,32,16,34,35,6,19,30,380,188,20,24,366,14,199,524,57,330,10,42,18,34,37,399,17,56,189,16,51,10,25,20,24,42,75,28,46,46,36,181,31,10,86,5,50,28,538,44,11,22,19,148,72,133,16,264,18,2,3,47,51,20,9,7,419,299,10,24,171,36,58,26,19,15,18,21,23,126,18,10,7,12,47,26,87,43,28,296,383,36]
completion_time_por_agente [51,82,105,10,51,43,15,29,63,19,5,33,18,37,36,7,20,31,381,191,21,25,367,15,200,526,60,331,11,48,19,36,42,401,18,59,190,17,55,11,26,21,25,45,76,29,52,50,37,185,34,11,88,6,51,29,539,47,12,23,20,149,73,135,18,265,20,3,4,52,58,21,10,8,420,300,11,25,172,41,64,27,21,16,19,22,24,130,19,11,8,13,52,27,88,50,29,297,384,40]
tiempo_ultimo_agente_goal 539
tiempo_en_acabar 539
tiempo_promedio 82.110001
agentes_en_goal 100
push_out_count 0
RUN 32
valores_ideales [0,0,0,0,0,0,0,0,0,0,0,0,0,0,0,0,0,0,0,0,0,0,0,0,0,0,0,0,0,0,0,0,0,0,0,0,0,0,0,0,0,0,0,0,0,0,0,0,0,0,0,0,0,0,0,0,0,0,0,0,0,0,0,0,0,0,0,0,0,0,0,0,0,0,0,0,0,0,0,0,0,0,0,0,0,0,0,0,0,0,0,0,0,0,0,0,0,0,0,0]
costo_por_agente [68,45,152,9,261,61,20,28,71,14,4,32,22,36,29,6,21,58,378,32,22,26,384,10,143,40,43,270,12,20,18,32,51,535,15,38,279,20,57,10,25,20,22,42,93,28,110,48,28,77,37,16,76,5,92,46,578,32,11,22,19,204,32,23,16,92,22,2,5,49,51,20,9,7,537,153,8,24,157,56,22,18,23,19,24,23,19,176,18,10,7,12,55,26,105,33,28,236,251,364]
completion_time_por_agente [72,46,153,10,262,63,23,29,72,15,5,33,23,37,30,7,22,60,379,35,23,27,385,11,144,43,44,271,13,22,19,33,52,536,16,40,280,21,58,11,26,21,23,48,94,29,111,50,29,78,39,17,78,6,93,48,579,33,12,23,20,205,34,24,17,94,23,3,6,53,53,21,10,8,538,154,9,25,158,57,23,19,25,20,25,24,20,177,19,11,8,13,56,27,106,35,29,237,252,366]
tiempo_ultimo_agente_goal 579
tiempo_en_acabar 579
tiempo_promedio 78.660004
agentes_en_goal 100
push_out_count 0
RUN 33
valores_ideales [0,0,0,0,0,0,0,0,0,0,0,0,0,0,0,0,0,0,0,0,0,0,0,0,0,0,0,0,0,0,0,0,0,0,0,0,0,0,0,0,0,0,0,0,0,0,0,0,0,0,0,0,0,0,0,0,0,0,0,0,0,0,0,0,0,0,0,0,0,0,0,0,0,0,0,0,0,0,0,0,0,0,0,0,0,0,0,0,0,0,0,0,0,0,0,0,0,0,0,0]
costo_por_agente [280,69,238,9,141,39,14,28,69,14,4,32,16,46,33,6,19,30,238,24,22,24,270,12,155,154,69,62,10,22,18,34,33,395,15,44,421,14,69,10,25,22,22,46,167,30,72,140,30,99,41,10,116,7,112,38,490,42,9,22,19,48,40,25,16,500,20,2,3,37,51,20,9,7,575,357,12,24,177,30,20,18,33,15,18,21,23,172,22,10,7,12,53,26,49,33,28,204,191,36]
completion_time_por_agente [282,71,239,10,145,46,16,29,73,15,5,33,17,49,34,7,20,33,239,28,24,25,271,13,156,155,70,63,11,23,19,36,36,396,16,50,422,16,70,11,26,23,23,47,168,31,73,145,31,101,43,11,118,8,113,39,492,45,10,23,20,51,43,27,17,501,21,3,4,39,54,21,10,8,576,358,13,25,178,37,21,19,34,16,19,22,25,173,23,11,8,13,55,27,50,35,29,205,192,37]
tiempo_ultimo_agente_goal 576
tiempo_en_acabar 576
tiempo_promedio 78.639999
agentes_en_goal 100
push_out_count 0
RUN 34
valores_ideales [0,0,0,0,0,0,0,0,0,0,0,0,0,0,0,0,0,0,0,0,0,0,0,0,0,0,0,0,0,0,0,0,0,0,0,0,0,0,0,0,0,0,0,0,0,0,0,0,0,0,0,0,0,0,0,0,0,0,0,0,0,0,0,0,0,0,0,0,0,0,0,0,0,0,0,0,0,0,0,0,0,0,0,0,0,0,0,0,0,0,0,0,0,0,0,0,0,0,0,0]
costo_por_agente [56,39,102,9,51,49,18,28,61,14,4,32,14,50,29,8,19,56,378,44,24,24,68,16,157,34,71,166,10,30,18,28,35,375,15,42,241,16,99,10,25,22,24,48,119,32,108,54,34,113,33,10,158,7,76,46,706,26,11,84,19,92,66,35,14,480,22,2,3,41,217,20,9,7,373,103,8,26,179,74,40,18,17,15,20,21,25,146,22,10,7,12,51,24,99,35,28,250,237,38]
completion_time_por_agente [58,43,104,10,55,51,19,29,63,15,5,33,15,54,30,9,20,57,379,47,25,25,70,17,158,36,74,167,11,31,19,29,36,377,16,46,242,17,102,11,26,23,25,51,120,33,109,57,35,114,35,11,159,8,77,47,707,28,12,85,20,93,67,39,15,481,23,3,4,43,218,21,10,8,374,104,9,27,180,75,41,19,18,16,21,22,26,147,25,11,8,13,53,25,100,36,29,251,238,39]
tiempo_ultimo_agente_goal 707
tiempo_en_acabar 707
tiempo_promedio 73.190002
agentes_en_goal 100
push_out_count 0
RUN 35
valores_ideales [0,0,0,0,0,0,0,0,0,0,0,0,0,0,0,0,0,0,0,0,0,0,0,0,0,0,0,0,0,0,0,0,0,0,0,0,0,0,0,0,0,0,0,0,0,0,0,0,0,0,0,0,0,0,0,0,0,0,0,0,0,0,0,0,0,0,0,0,0,0,0,0,0,0,0,0,0,0,0,0,0,0,0,0,0,0,0,0,0,0,0,0,0,0,0,0,0,0,0,0]
costo_por_agente [370,65,90,9,131,63,14,28,77,14,4,32,16,50,33,6,19,28,274,148,22,24,110,10,203,276,63,142,10,24,18,30,43,223,15,56,225,16,61,10,25,24,22,46,85,28,58,218,36,171,37,10,188,7,48,42,542,50,9,22,19,116,68,29,20,408,22,2,3,35,55,22,9,7,511,125,10,24,245,32,26,18,21,15,20,21,21,166,30,10,7,12,61,24,93,69,28,264,355,40]
completion_time_por_agente [376,68,92,10,133,64,15,29,78,15,5,33,17,59,34,7,20,34,275,151,25,25,111,11,204,277,73,143,11,29,19,31,52,225,16,57,226,17,63,11,26,25,23,48,86,29,61,224,37,173,40,11,189,8,60,44,544,51,10,23,20,117,70,31,21,409,23,3,4,45,60,23,10,8,512,128,11,25,246,37,32,19,24,16,21,22,22,169,32,11,8,13,63,25,94,75,29,266,356,44]
tiempo_ultimo_agente_goal 544
tiempo_en_acabar 544
tiempo_promedio 79.970001
agentes_en_goal 100
push_out_count 0
RUN 36
valores_ideales [0,0,0,0,0,0,0,0,0,0,0,0,0,0,0,0,0,0,0,0,0,0,0,0,0,0,0,0,0,0,0,0,0,0,0,0,0,0,0,0,0,0,0,0,0,0,0,0,0,0,0,0,0,0,0,0,0,0,0,0,0,0,0,0,0,0,0,0,0,0,0,0,0,0,0,0,0,0,0,0,0,0,0,0,0,0,0,0,0,0,0,0,0,0,0,0,0,0,0,0]
costo_por_agente [346,51,92,9,63,91,22,28,79,14,4,32,14,48,41,6,19,28,310,30,20,24,168,8,177,438,61,110,10,32,18,32,45,383,15,60,267,24,113,10,25,18,22,50,183,28,84,298,36,73,45,10,100,5,94,38,590,46,11,22,19,110,44,81,24,290,20,2,3,49,223,24,9,7,375,301,10,24,151,22,42,20,19,15,18,21,21,110,18,10,7,14,43,24,103,47,28,238,239,44]
completion_time_por_agente [347,54,94,10,71,94,26,29,82,15,5,33,15,51,42,7,20,31,311,35,28,25,169,9,178,440,66,111,11,37,19,33,48,385,16,63,269,25,115,11,26,19,23,56,184,29,86,303,37,74,48,11,104,6,95,40,592,50,12,23,20,111,50,84,25,292,21,3,4,51,226,25,10,8,377,302,11,25,153,25,46,21,20,16,19,22,22,112,20,11,8,15,49,25,104,52,29,239,240,48]
tiempo_ultimo_agente_goal 592
tiempo_en_acabar 592
tiempo_promedio 81.889999
agentes_en_goal 100
push_out_count 0
RUN 37
valores_ideales [0,0,0,0,0,0,0,0,0,0,0,0,0,0,0,0,0,0,0,0,0,0,0,0,0,0,0,0,0,0,0,0,0,0,0,0,0,0,0,0,0,0,0,0,0,0,0,0,0,0,0,0,0,0,0,0,0,0,0,0,0,0,0,0,0,0,0,0,0,0,0,0,0,0,0,0,0,0,0,0,0,0,0,0,0,0,0,0,0,0,0,0,0,0,0,0,0,0,0,0]
costo_por_agente [52,59,162,9,47,65,14,28,67,14,4,32,14,38,39,6,19,34,382,32,32,24,220,8,183,76,43,282,10,26,18,30,33,297,17,46,249,14,61,10,25,18,22,56,57,28,94,48,24,101,53,14,168,7,88,28,590,42,9,22,23,228,38,27,16,200,18,2,3,49,49,22,9,7,749,265,10,24,215,42,68,18,17,15,22,21,23,136,34,10,7,12,57,24,113,57,28,208,171,36]
completion_time_por_agente [61,64,163,10,51,67,15,29,70,16,5,33,15,47,40,7,20,37,383,39,34,25,221,9,184,80,45,283,11,27,19,31,34,299,18,51,250,15,64,11,26,19,23,58,63,29,95,50,25,103,56,15,171,8,90,29,591,45,10,23,24,229,47,30,17,202,19,3,4,51,51,23,10,8,750,267,11,25,216,43,69,20,18,16,23,22,24,138,35,11,8,13,59,25,115,58,29,209,172,38]
tiempo_ultimo_agente_goal 750
tiempo_en_acabar 750
tiempo_promedio 75.440002
agentes_en_goal 100
push_out_count 0
RUN 38
valores_ideales [0,0,0,0,0,0,0,0,0,0,0,0,0,0,0,0,0,0,0,0,0,0,0,0,0,0,0,0,0,0,0,0,0,0,0,0,0,0,0,0,0,0,0,0,0,0,0,0,0,0,0,0,0,0,0,0,0,0,0,0,0,0,0,0,0,0,0,0,0,0,0,0,0,0,0,0,0,0,0,0,0,0,0,0,0,0,0,0,0,0,0,0,0,0,0,0,0,0,0,0]
costo_por_agente [46,75,134,9,123,81,20,28,75,14,4,32,16,30,29,6,19,72,456,32,20,24,110,10,179,32,59,302,10,22,18,32,47,331,17,42,355,20,59,10,29,22,22,52,129,28,96,54,26,59,29,10,48,7,64,26,746,36,13,22,21,164,108,27,16,376,18,2,3,41,59,22,9,7,519,199,14,26,169,30,50,20,23,15,24,21,25,98,18,12,7,12,41,24,61,35,28,188,123,38]
completion_time_por_agente [49,76,135,10,126,84,22,29,76,16,5,33,17,32,30,7,20,73,457,33,21,25,111,11,180,33,63,303,11,23,19,34,50,333,18,44,356,23,60,11,30,24,23,56,130,29,97,59,27,63,32,11,54,8,67,28,748,37,14,23,22,165,109,28,18,377,20,3,4,45,63,23,10,8,520,200,15,27,170,34,51,21,24,16,25,22,26,100,19,13,8,13,44,25,62,38,29,189,124,40]
tiempo_ultimo_agente_goal 748
tiempo_en_acabar 748
tiempo_promedio 73.690002
agentes_en_goal 100
push_out_count 0
RUN 39
valores_ideales [0,0,0,0,0,0,0,0,0,0,0,0,0,0,0,0,0,0,0,0,0,0,0,0,0,0,0,0,0,0,0,0,0,0,0,0,0,0,0,0,0,0,0,0,0,0,0,0,0,0,0,0,0,0,0,0,0,0,0,0,0,0,0,0,0,0,0,0,0,0,0,0,0,0,0,0,0,0,0,0,0,0,0,0,0,0,0,0,0,0,0,0,0,0,0,0,0,0,0,0]
costo_por_agente [42,23,136,9,55,63,14,28,81,14,4,32,20,50,27,8,19,72,378,40,28,24,270,8,211,44,59,186,10,22,18,34,35,335,15,42,81,16,57,10,25,20,24,58,171,28,180,284,24,163,35,10,102,7,80,52,684,34,9,176,19,220,34,31,14,202,22,2,3,33,315,20,9,7,491,193,10,24,177,54,36,38,29,15,18,21,21,98,18,10,7,12,53,24,59,35,28,246,277,38]
completion_time_por_agente [46,25,137,10,60,64,15,29,82,15,5,33,21,53,28,9,20,73,379,46,31,25,271,9,212,50,60,187,11,26,19,35,38,337,16,47,82,17,58,11,26,21,25,59,172,29,181,286,25,164,38,11,107,8,81,54,686,35,10,177,20,221,38,33,17,203,23,3,4,36,319,21,10,8,492,194,11,25,179,55,43,39,30,16,19,22,22,100,19,11,8,13,54,25,61,41,29,247,278,41]
tiempo_ultimo_agente_goal 686
tiempo_en_acabar 686
tiempo_promedio 79.169998
agentes_en_goal 100
push_out_count 0
