RUN 0
valores_ideales [0,0,0,0,0,0,0,0,0,0,0,0,0,0,0,0,0,0,0,0,0,0,0,0,0,0,0,0,0,0,0,0,0,0,0,0,0,0,0,0,0,0,0,0,0,0,0,0,0,0]
costo_por_agente [62,96,10,22,10,19,82,10,15,15,103,26,48,15,34,40,31,45,54,27,104,3,141,66,44,9,25,38,8,7,17,18,25,27,16,16,29,103,16,22,49,28,17,38,5,15,27,19,2,53]
completion_time_por_agente [63,97,11,23,11,20,83,11,16,16,105,27,49,16,36,42,32,47,55,28,105,4,142,67,46,10,26,39,9,8,18,19,26,28,17,17,30,104,17,23,50,29,18,40,6,16,32,20,3,54]
tiempo_ultimo_agente_goal 142
tiempo_en_acabar 142
tiempo_promedio 36.220001
agentes_en_goal 50
push_out_count 0
RUN 1
valores_ideales [0,0,0,0,0,0,0,0,0,0,0,0,0,0,0,0,0,0,0,0,0,0,0,0,0,0,0,0,0,0,0,0,0,0,0,0,0,0,0,0,0,0,0,0,0,0,0,0,0,0]
costo_por_agente [74,114,16,22,10,21,96,10,15,15,113,26,38,15,32,54,31,31,62,53,80,3,103,88,42,9,25,32,8,7,17,18,25,25,16,16,29,89,16,22,47,28,17,36,5,15,27,19,2,73]
completion_time_por_agente [75,115,18,23,11,22,97,11,16,16,114,27,39,16,33,55,32,33,64,54,81,4,104,89,43,10,26,33,9,8,18,19,26,26,17,17,30,90,17,23,50,29,18,39,6,16,32,20,3,74]
tiempo_ultimo_agente_goal 115
tiempo_en_acabar 115
tiempo_promedio 36.959999
agentes_en_goal 50
push_out_count 0
RUN 2
valores_ideales [0,0,0,0,0,0,0,0,0,0,0,0,0,0,0,0,0,0,0,0,0,0,0,0,0,0,0,0,0,0,0,0,0,0,0,0,0,0,0,0,0,0,0,0,0,0,0,0,0,0]
costo_por_agente [52,160,14,22,10,19,100,10,15,15,49,26,36,15,32,48,31,27,46,33,86,3,119,100,46,9,25,48,8,7,17,18,25,25,16,16,29,143,16,22,43,28,17,46,5,17,23,23,2,51]
completion_time_por_agente [55,161,15,23,11,20,101,11,16,16,50,27,41,16,33,50,32,30,47,35,87,4,121,101,49,10,26,49,9,8,18,19,26,26,17,17,30,144,17,23,44,29,18,50,6,18,24,24,3,52]
tiempo_ultimo_agente_goal 161
tiempo_en_acabar 161
tiempo_promedio 37.180000
agentes_en_goal 50
push_out_count 0
RUN 3
valores_ideales [0,0,0,0,0,0,0,0,0,0,0,0,0,0,0,0,0,0,0,0,0,0,0,0,0,0,0,0,0,0,0,0,0,0,0,0,0,0,0,0,0,0,0,0,0,0,0,0,0,0]
costo_por_agente [62,96,16,22,10,19,94,10,19,15,93,26,34,15,36,48,31,31,58,33,100,3,119,68,44,9,25,36,8,7,17,18,25,25,16,16,29,129,16,24,43,28,17,48,5,15,23,19,2,49]
completion_time_por_agente [63,97,17,23,11,20,95,11,20,16,94,27,35,16,39,49,32,32,59,34,101,4,120,69,47,10,26,38,9,8,18,19,26,26,17,17,30,130,17,25,45,29,18,50,6,16,24,20,3,50]
tiempo_ultimo_agente_goal 130
tiempo_en_acabar 130
tiempo_promedio 36.160000
agentes_en_goal 50
push_out_count 0
RUN 4
valores_ideales [0,0,0,0,0,0,0,0,0,0,0,0,0,0,0,0,0,0,0,0,0,0,0,0,0,0,0,0,0,0,0,0,0,0,0,0,0,0,0,0,0,0,0,0,0,0,0,0,0,0]
costo_por_agente [999,62,16,22,10,25,19,10,15,15,19,26,61,15,21,998,31,938,948,966,944,3,937,931,21,11,25,18,8,7,17,18,25,27,16,20,29,968,18,22,19,30,17,30,5,15,25,19,2,932]
completion_time_por_agente [1000,999,17,23,11,26,999,11,16,16,999,27,999,16,999,999,32,999,999,999,999,4,999,999,999,12,26,999,9,8,18,19,26,28,17,21,30,999,19,23,999,31,18,33,6,16,27,20,3,999]
tiempo_ultimo_agente_goal 33
tiempo_en_acabar 1000
tiempo_promedio 371.839996
agentes_en_goal 32
push_out_count 0
RUN 5
valores_ideales [0,0,0,0,0,0,0,0,0,0,0,0,0,0,0,0,0,0,0,0,0,0,0,0,0,0,0,0,0,0,0,0,0,0,0,0,0,0,0,0,0,0,0,0,0,0,0,0,0,0]
costo_por_agente [66,134,12,22,10,19,40,10,15,15,37,26,34,15,34,46,31,33,42,29,72,3,145,98,160,9,25,28,8,7,17,18,25,25,16,18,29,123,16,22,49,28,17,40,5,15,27,19,2,51]
completion_time_por_agente [67,135,13,23,11,20,41,11,16,16,38,27,37,16,35,47,32,34,43,30,73,4,147,99,161,10,26,30,9,8,18,19,26,26,17,19,30,124,17,23,50,29,18,41,6,16,31,20,3,52]
tiempo_ultimo_agente_goal 161
tiempo_en_acabar 161
tiempo_promedio 36.880001
agentes_en_goal 50
push_out_count 0
RUN 6
valores_ideales [0,0,0,0,0,0,0,0,0,0,0,0,0,0,0,0,0,0,0,0,0,0,0,0,0,0,0,0,0,0,0,0,0,0,0,0,0,0,0,0,0,0,0,0,0,0,0,0,0,0]
costo_por_agente [64,150,10,22,12,23,66,10,15,15,37,26,42,15,38,82,31,25,74,29,122,3,111,124,48,9,25,38,8,7,17,18,25,27,16,20,31,103,18,22,39,30,17,52,5,15,27,19,2,55]
completion_time_por_agente [65,151,12,23,13,24,67,11,16,16,38,27,44,16,40,83,32,26,75,30,123,4,113,125,51,10,26,42,9,8,18,19,26,28,17,21,32,104,19,23,40,31,18,53,6,16,28,20,3,56]
tiempo_ultimo_agente_goal 151
tiempo_en_acabar 151
tiempo_promedio 37.959999
agentes_en_goal 50
push_out_count 0
RUN 7
valores_ideales [0,0,0,0,0,0,0,0,0,0,0,0,0,0,0,0,0,0,0,0,0,0,0,0,0,0,0,0,0,0,0,0,0,0,0,0,0,0,0,0,0,0,0,0,0,0,0,0,0,0]
costo_por_agente [50,62,14,24,10,21,36,10,15,15,127,28,32,15,32,54,31,37,80,55,48,3,161,98,44,9,25,50,8,7,17,18,25,27,16,16,27,133,18,22,43,30,17,32,5,15,23,19,2,53]
completion_time_por_agente [51,63,15,25,11,22,37,11,17,16,128,29,33,16,33,55,32,38,81,56,50,4,162,99,45,10,26,51,9,8,18,19,26,28,17,17,28,134,19,23,44,31,18,33,6,16,24,20,3,54]
tiempo_ultimo_agente_goal 162
tiempo_en_acabar 162
tiempo_promedio 36.220001
agentes_en_goal 50
push_out_count 0
RUN 8
valores_ideales [0,0,0,0,0,0,0,0,0,0,0,0,0,0,0,0,0,0,0,0,0,0,0,0,0,0,0,0,0,0,0,0,0,0,0,0,0,0,0,0,0,0,0,0,0,0,0,0,0,0]
costo_por_agente [54,96,12,22,10,19,84,10,15,17,119,26,32,15,34,68,31,33,70,27,98,3,149,80,50,9,25,28,8,7,17,18,25,25,16,16,29,105,16,22,39,28,17,48,5,15,23,27,2,51]
completion_time_por_agente [55,97,13,23,11,20,85,11,16,18,120,27,33,16,35,69,32,34,71,29,99,4,151,81,51,10,26,29,9,8,18,19,26,26,17,17,30,106,17,23,40,29,18,49,6,16,24,28,3,52]
tiempo_ultimo_agente_goal 151
tiempo_en_acabar 151
tiempo_promedio 36.939999
agentes_en_goal 50
push_out_count 0
RUN 9
valores_ideales [0,0,0,0,0,0,0,0,0,0,0,0,0,0,0,0,0,0,0,0,0,0,0,0,0,0,0,0,0,0,0,0,0,0,0,0,0,0,0,0,0,0,0,0,0,0,0,0,0,0]
costo_por_agente [54,118,10,22,12,19,84,10,17,15,71,30,42,15,34,62,31,27,72,29,94,3,121,48,50,9,27,44,8,7,17,18,27,25,16,14,29,81,16,24,39,28,17,42,5,15,23,19,2,55]
completion_time_por_agente [55,119,11,23,13,20,85,11,18,16,72,31,43,16,36,63,32,28,73,31,95,4,123,50,51,10,28,45,9,8,18,19,28,26,17,15,30,82,17,25,40,29,18,43,6,16,24,20,3,56]
tiempo_ultimo_agente_goal 123
tiempo_en_acabar 123
tiempo_promedio 35.020000
agentes_en_goal 50
push_out_count 0
RUN 10
valores_ideales [0,0,0,0,0,0,0,0,0,0,0,0,0,0,0,0,0,0,0,0,0,0,0,0,0,0,0,0,0,0,0,0,0,0,0,0,0,0,0,0,0,0,0,0,0,0,0,0,0,0]
costo_por_agente [72,148,14,22,10,21,44,10,17,15,51,26,48,15,44,84,31,29,62,27,68,3,155,104,156,9,25,26,8,7,17,18,25,27,16,16,29,107,16,22,49,28,17,34,5,15,37,19,2,53]
completion_time_por_agente [73,149,15,23,11,22,46,11,18,16,52,27,50,16,45,85,32,31,63,29,69,4,157,105,157,10,26,27,9,8,18,19,26,28,17,17,30,108,17,23,50,29,18,35,6,16,39,20,3,54]
tiempo_ultimo_agente_goal 157
tiempo_en_acabar 157
tiempo_promedio 39.180000
agentes_en_goal 50
push_out_count 0
RUN 11
valores_ideales [0,0,0,0,0,0,0,0,0,0,0,0,0,0,0,0,0,0,0,0,0,0,0,0,0,0,0,0,0,0,0,0,0,0,0,0,0,0,0,0,0,0,0,0,0,0,0,0,0,0]
costo_por_agente [54,96,10,22,10,21,36,10,15,15,35,26,32,15,32,36,31,25,64,63,106,3,161,62,44,9,25,22,8,7,17,18,25,25,16,16,31,127,16,22,47,28,17,30,5,15,29,19,2,61]
completion_time_por_agente [55,97,11,23,11,22,37,11,16,16,37,27,33,16,34,37,32,27,65,64,108,4,162,63,45,10,26,25,9,8,18,19,26,26,17,17,32,128,17,23,48,29,18,32,6,16,30,20,3,62]
tiempo_ultimo_agente_goal 162
tiempo_en_acabar 162
tiempo_promedio 34.360001
agentes_en_goal 50
push_out_count 0
RUN 12
valores_ideales [0,0,0,0,0,0,0,0,0,0,0,0,0,0,0,0,0,0,0,0,0,0,0,0,0,0,0,0,0,0,0,0,0,0,0,0,0,0,0,0,0,0,0,0,0,0,0,0,0,0]
costo_por_agente [50,130,14,22,10,19,78,10,15,15,37,26,34,15,34,54,31,33,64,31,102,3,109,100,48,11,25,50,8,7,17,18,25,25,16,16,29,113,18,26,37,28,17,44,5,15,41,19,2,55]
completion_time_por_agente [51,131,15,23,11,20,79,11,16,16,42,27,37,16,35,55,32,34,65,35,103,4,111,101,49,12,26,51,9,8,18,19,26,26,17,17,30,114,19,27,40,29,18,46,6,16,44,20,3,56]
tiempo_ultimo_agente_goal 131
tiempo_en_acabar 131
tiempo_promedio 36.320000
agentes_en_goal 50
push_out_count 0
RUN 13
valores_ideales [0,0,0,0,0,0,0,0,0,0,0,0,0,0,0,0,0,0,0,0,0,0,0,0,0,0,0,0,0,0,0,0,0,0,0,0,0,0,0,0,0,0,0,0,0,0,0,0,0,0]
costo_por_agente [48,78,10,22,12,27,40,10,15,15,89,26,34,15,34,60,31,43,54,31,110,3,199,90,52,9,25,22,8,7,17,18,25,27,16,14,29,75,16,22,41,28,17,34,5,15,23,19,2,49]
completion_time_por_agente [49,79,12,23,13,28,41,11,16,16,90,27,35,16,36,61,32,44,55,33,111,4,201,91,54,10,26,23,9,8,18,19,26,28,17,15,30,76,17,23,42,29,18,36,6,16,24,20,3,50]
tiempo_ultimo_agente_goal 201
tiempo_en_acabar 201
tiempo_promedio 35.340000
agentes_en_goal 50
push_out_count 0
RUN 14
valores_ideales [0,0,0,0,0,0,0,0,0,0,0,0,0,0,0,0,0,0,0,0,0,0,0,0,0,0,0,0,0,0,0,0,0,0,0,0,0,0,0,0,0,0,0,0,0,0,0,0,0,0]
costo_por_agente [46,80,12,26,10,21,70,10,17,15,35,26,34,15,32,60,31,41,90,29,56,3,127,102,42,9,25,42,8,7,17,18,25,25,16,14,27,71,16,22,61,28,17,36,5,15,23,19,2,45]
completion_time_por_agente [48,81,13,28,11,22,71,11,18,16,36,27,36,16,33,61,32,46,91,34,57,4,128,103,43,10,26,45,9,8,18,19,26,26,17,15,28,72,17,23,62,29,18,39,6,16,24,20,3,50]
tiempo_ultimo_agente_goal 128
tiempo_en_acabar 128
tiempo_promedio 33.840000
agentes_en_goal 50
push_out_count 0
RUN 15
valores_ideales [0,0,0,0,0,0,0,0,0,0,0,0,0,0,0,0,0,0,0,0,0,0,0,0,0,0,0,0,0,0,0,0,0,0,0,0,0,0,0,0,0,0,0,0,0,0,0,0,0,0]
costo_por_agente [48,90,14,22,10,19,36,10,15,15,91,26,34,15,34,54,31,41,40,39,78,3,147,86,50,11,25,42,8,7,17,18,25,25,16,16,29,143,16,22,31,28,17,42,5,15,25,19,2,57]
completion_time_por_agente [49,91,15,23,11,20,40,11,16,16,92,27,36,16,41,55,32,44,41,40,79,4,149,87,51,12,26,45,9,8,18,19,26,26,17,17,30,144,17,23,34,29,18,44,6,16,28,20,3,58]
tiempo_ultimo_agente_goal 149
tiempo_en_acabar 149
tiempo_promedio 35.580002
agentes_en_goal 50
push_out_count 0
RUN 16
valores_ideales [0,0,0,0,0,0,0,0,0,0,0,0,0,0,0,0,0,0,0,0,0,0,0,0,0,0,0,0,0,0,0,0,0,0,0,0,0,0,0,0,0,0,0,0,0,0,0,0,0,0]
costo_por_agente [50,60,14,22,10,21,40,10,15,15,103,26,52,15,32,60,31,27,56,27,66,3,155,74,44,9,25,34,8,7,17,18,25,25,16,16,29,73,16,22,39,28,17,50,5,15,29,19,2,49]
completion_time_por_agente [51,61,15,23,11,22,42,11,16,16,104,27,53,16,33,61,32,30,57,28,68,4,156,75,46,10,26,35,9,8,18,19,26,26,17,17,30,74,17,23,41,29,18,51,6,16,30,20,3,50]
tiempo_ultimo_agente_goal 156
tiempo_en_acabar 156
tiempo_promedio 33.540001
agentes_en_goal 50
push_out_count 0
RUN 17
valores_ideales [0,0,0,0,0,0,0,0,0,0,0,0,0,0,0,0,0,0,0,0,0,0,0,0,0,0,0,0,0,0,0,0,0,0,0,0,0,0,0,0,0,0,0,0,0,0,0,0,0,0]
costo_por_agente [58,138,10,22,10,19,56,10,17,15,81,26,44,15,32,62,31,27,62,27,62,3,131,130,44,9,25,30,8,7,17,18,25,27,16,16,29,83,18,22,41,30,17,34,5,15,25,19,2,49]
completion_time_por_agente [59,139,11,23,11,20,57,11,18,16,82,27,45,16,34,63,32,28,63,28,64,4,133,132,45,10,26,31,9,8,18,19,26,28,17,17,30,84,19,23,42,31,18,35,6,16,26,20,3,50]
tiempo_ultimo_agente_goal 139
tiempo_en_acabar 139
tiempo_promedio 35.459999
agentes_en_goal 50
push_out_count 0
RUN 18
valores_ideales [0,0,0,0,0,0,0,0,0,0,0,0,0,0,0,0,0,0,0,0,0,0,0,0,0,0,0,0,0,0,0,0,0,0,0,0,0,0,0,0,0,0,0,0,0,0,0,0,0,0]
costo_por_agente [60,164,12,22,10,21,36,10,15,15,99,26,38,15,32,46,31,35,48,27,58,3,101,76,42,9,25,36,8,7,17,18,25,27,16,16,29,91,16,22,37,28,17,32,5,15,23,19,2,53]
completion_time_por_agente [61,165,13,23,11,22,37,11,16,16,100,27,39,16,33,47,32,36,49,28,59,4,102,77,43,10,26,37,9,8,18,19,26,28,17,17,30,92,17,23,38,29,18,33,6,16,24,20,3,54]
tiempo_ultimo_agente_goal 165
tiempo_en_acabar 165
tiempo_promedio 33.700001
agentes_en_goal 50
push_out_count 0
RUN 19
valores_ideales [0,0,0,0,0,0,0,0,0,0,0,0,0,0,0,0,0,0,0,0,0,0,0,0,0,0,0,0,0,0,0,0,0,0,0,0,0,0,0,0,0,0,0,0,0,0,0,0,0,0]
costo_por_agente [48,118,10,22,10,19,42,10,15,15,135,26,54,15,34,68,31,49,62,43,72,3,111,96,44,11,25,40,8,7,17,18,25,25,16,18,29,113,16,22,55,28,17,40,5,15,31,19,2,61]
completion_time_por_agente [49,119,11,23,11,20,50,11,16,16,136,27,55,16,36,69,32,50,63,49,73,4,112,98,46,12,26,42,9,8,18,19,26,26,17,19,30,114,17,23,60,29,18,45,6,16,38,20,3,62]
tiempo_ultimo_agente_goal 136
tiempo_en_acabar 136
tiempo_promedio 37.900002
agentes_en_goal 50
push_out_count 0
RUN 20
valores_ideales [0,0,0,0,0,0,0,0,0,0,0,0,0,0,0,0,0,0,0,0,0,0,0,0,0,0,0,0,0,0,0,0,0,0,0,0,0,0,0,0,0,0,0,0,0,0,0,0,0,0]
costo_por_agente [54,134,10,24,10,19,66,10,15,15,135,26,38,15,32,78,31,35,82,31,50,3,157,84,44,9,25,30,8,7,17,18,25,27,16,14,27,63,16,22,47,28,17,48,5,17,27,19,2,49]
completion_time_por_agente [55,135,11,25,11,20,67,11,16,16,136,27,40,16,33,79,32,37,83,32,51,4,159,85,45,10,26,32,9,8,18,19,26,28,17,15,28,64,17,23,48,29,18,49,6,18,32,20,3,50]
tiempo_ultimo_agente_goal 159
tiempo_en_acabar 159
tiempo_promedio 36.779999
agentes_en_goal 50
push_out_count 0
RUN 21
valores_ideales [0,0,0,0,0,0,0,0,0,0,0,0,0,0,0,0,0,0,0,0,0,0,0,0,0,0,0,0,0,0,0,0,0,0,0,0,0,0,0,0,0,0,0,0,0,0,0,0,0,0]
costo_por_agente [48,76,10,22,12,19,36,10,15,15,37,26,38,15,40,38,31,27,64,69,80,3,115,128,44,9,25,32,8,7,17,18,25,27,16,16,29,79,16,22,51,28,17,50,5,15,23,19,2,55]
completion_time_por_agente [52,77,12,23,13,20,40,11,16,16,38,27,41,16,41,40,32,30,65,74,82,4,116,129,46,10,26,34,9,8,18,19,26,28,17,17,30,80,17,23,55,29,18,52,6,16,26,20,3,56]
tiempo_ultimo_agente_goal 129
tiempo_en_acabar 129
tiempo_promedio 34.080002
agentes_en_goal 50
push_out_count 0
RUN 22
valores_ideales [0,0,0,0,0,0,0,0,0,0,0,0,0,0,0,0,0,0,0,0,0,0,0,0,0,0,0,0,0,0,0,0,0,0,0,0,0,0,0,0,0,0,0,0,0,0,0,0,0,0]
costo_por_agente [68,56,16,22,10,19,42,10,15,15,39,26,50,15,36,58,31,29,102,27,82,3,155,114,150,9,23,36,8,7,17,18,25,25,16,16,29,89,16,22,49,28,17,34,5,15,51,21,2,55]
completion_time_por_agente [69,57,17,23,11,20,47,11,16,16,40,27,55,16,38,59,32,36,103,29,83,4,156,115,151,10,24,37,9,8,18,19,26,26,17,17,30,90,17,23,51,29,18,41,6,16,52,22,3,56]
tiempo_ultimo_agente_goal 156
tiempo_en_acabar 156
tiempo_promedio 37.919998
agentes_en_goal 50
push_out_count 0
RUN 23
valores_ideales [0,0,0,0,0,0,0,0,0,0,0,0,0,0,0,0,0,0,0,0,0,0,0,0,0,0,0,0,0,0,0,0,0,0,0,0,0,0,0,0,0,0,0,0,0,0,0,0,0,0]
costo_por_agente [70,114,16,22,12,19,36,10,17,15,81,30,32,15,34,46,31,31,92,27,114,3,93,112,54,11,25,30,8,7,17,18,25,25,16,16,29,71,16,22,49,28,17,52,5,15,23,19,2,55]
completion_time_por_agente [71,115,17,23,13,20,38,11,18,16,82,31,36,16,35,48,32,33,93,29,115,4,95,113,55,12,26,31,9,8,18,19,26,26,17,17,30,72,17,23,50,29,18,53,6,16,24,20,3,56]
tiempo_ultimo_agente_goal 115
tiempo_en_acabar 115
tiempo_promedio 35.700001
agentes_en_goal 50
push_out_count 0
RUN 24
valores_ideales [0,0,0,0,0,0,0,0,0,0,0,0,0,0,0,0,0,0,0,0,0,0,0,0,0,0,0,0,0,0,0,0,0,0,0,0,0,0,0,0,0,0,0,0,0,0,0,0,0,0]
costo_por_agente [64,52,14,22,10,19,112,10,15,15,41,26,32,15,32,48,31,31,90,27,76,3,119,104,44,9,23,44,8,7,17,18,25,25,16,16,29,73,16,22,43,28,17,54,5,15,23,19,2,49]
completion_time_por_agente [65,53,15,23,11,20,117,11,16,16,46,27,35,16,33,49,32,33,91,29,78,4,120,105,47,10,25,45,9,8,18,19,26,26,17,17,30,74,17,23,44,29,18,55,6,16,24,20,3,50]
tiempo_ultimo_agente_goal 120
tiempo_en_acabar 120
tiempo_promedio 34.419998
agentes_en_goal 50
push_out_count 0
RUN 25
valores_ideales [0,0,0,0,0,0,0,0,0,0,0,0,0,0,0,0,0,0,0,0,0,0,0,0,0,0,0,0,0,0,0,0,0,0,0,0,0,0,0,0,0,0,0,0,0,0,0,0,0,0]
costo_por_agente [64,102,10,22,10,19,78,10,15,15,113,26,34,15,32,70,31,31,64,27,58,3,153,106,44,11,25,24,8,7,17,18,25,25,16,16,31,105,16,24,41,28,17,34,5,15,23,19,2,51]
completion_time_por_agente [65,103,11,23,11,20,79,11,16,16,114,27,35,16,33,71,32,32,65,28,59,4,154,107,45,12,26,25,9,8,18,19,26,26,17,17,32,106,17,25,42,29,18,35,6,16,24,20,3,52]
tiempo_ultimo_agente_goal 154
tiempo_en_acabar 154
tiempo_promedio 36.099998
agentes_en_goal 50
push_out_count 0
RUN 26
valores_ideales [0,0,0,0,0,0,0,0,0,0,0,0,0,0,0,0,0,0,0,0,0,0,0,0,0,0,0,0,0,0,0,0,0,0,0,0,0,0,0,0,0,0,0,0,0,0,0,0,0,0]
costo_por_agente [58,164,10,24,10,19,82,10,15,15,37,26,46,15,36,40,31,31,46,33,108,3,161,88,46,9,23,40,8,7,17,18,25,25,16,16,27,113,16,22,51,28,17,34,7,15,27,19,2,45]
completion_time_por_agente [59,165,11,25,11,20,83,11,16,16,38,27,47,16,37,41,32,32,47,34,110,4,162,89,47,10,24,41,9,8,18,19,26,26,17,17,28,114,17,23,52,29,18,35,8,16,29,20,3,46]
tiempo_ultimo_agente_goal 165
tiempo_en_acabar 165
tiempo_promedio 36.660000
agentes_en_goal 50
push_out_count 0
RUN 27
valores_ideales [0,0,0,0,0,0,0,0,0,0,0,0,0,0,0,0,0,0,0,0,0,0,0,0,0,0,0,0,0,0,0,0,0,0,0,0,0,0,0,0,0,0,0,0,0,0,0,0,0,0]
costo_por_agente [64,136,14,22,10,19,106,10,15,15,37,26,34,15,34,56,31,37,82,27,114,3,153,96,44,11,25,36,8,7,17,18,25,25,16,16,29,85,16,22,33,28,17,52,5,15,45,19,2,45]
completion_time_por_agente [65,137,15,23,11,20,107,11,16,16,38,27,38,16,39,57,32,38,83,32,115,4,154,97,49,12,26,38,9,8,18,19,26,26,17,17,30,86,17,23,36,29,18,53,6,16,47,20,3,46]
tiempo_ultimo_agente_goal 154
tiempo_en_acabar 154
tiempo_promedio 37.720001
agentes_en_goal 50
push_out_count 0
RUN 28
valores_ideales [0,0,0,0,0,0,0,0,0,0,0,0,0,0,0,0,0,0,0,0,0,0,0,0,0,0,0,0,0,0,0,0,0,0,0,0,0,0,0,0,0,0,0,0,0,0,0,0,0,0]
costo_por_agente [50,132,10,22,12,21,40,10,15,15,39,26,56,15,48,36,31,43,74,41,104,3,133,92,44,11,23,34,8,7,17,18,25,25,16,16,29,137,16,22,41,28,17,56,5,15,25,19,2,51]
completion_time_por_agente [53,133,12,23,13,22,42,11,16,16,41,27,58,16,50,38,32,45,75,43,105,4,135,93,45,12,24,36,9,8,18,19,26,26,17,17,30,138,17,23,42,29,18,58,6,16,28,20,3,53]
tiempo_ultimo_agente_goal 138
tiempo_en_acabar 138
tiempo_promedio 36.820000
agentes_en_goal 50
push_out_count 0
RUN 29
valores_ideales [0,0,0,0,0,0,0,0,0,0,0,0,0,0,0,0,0,0,0,0,0,0,0,0,0,0,0,0,0,0,0,0,0,0,0,0,0,0,0,0,0,0,0,0,0,0,0,0,0,0]
costo_por_agente [52,104,10,24,12,21,36,10,15,15,95,26,50,15,34,48,31,45,44,29,48,3,157,78,44,11,25,24,8,7,17,18,25,25,16,16,27,103,16,22,41,28,17,40,5,15,23,19,2,49]
completion_time_por_agente [53,105,12,25,13,23,38,11,16,16,96,27,54,16,37,49,32,47,46,31,49,4,159,79,46,12,26,26,9,8,18,19,26,26,17,17,28,104,17,23,42,29,18,44,6,16,24,20,3,50]
tiempo_ultimo_agente_goal 159
tiempo_en_acabar 159
tiempo_promedio 34.240002
agentes_en_goal 50
push_out_count 0
RUN 30
valores_ideales [0,0,0,0,0,0,0,0,0,0,0,0,0,0,0,0,0,0,0,0,0,0,0,0,0,0,0,0,0,0,0,0,0,0,0,0,0,0,0,0,0,0,0,0,0,0,0,0,0,0]
costo_por_agente [54,118,14,22,10,19,72,10,15,15,45,26,36,15,32,84,31,27,76,55,94,3,149,70,48,11,25,38,8,7,17,18,25,25,16,18,29,91,16,22,47,28,17,40,5,15,27,19,2,65]
completion_time_por_agente [55,119,15,23,11,20,73,11,16,16,48,27,37,16,37,85,32,30,77,58,95,4,151,71,49,12,26,40,9,8,18,19,26,26,17,19,30,92,17,23,48,29,18,43,6,16,32,20,3,66]
tiempo_ultimo_agente_goal 151
tiempo_en_acabar 151
tiempo_promedio 36.779999
agentes_en_goal 50
push_out_count 0
RUN 31
valores_ideales [0,0,0,0,0,0,0,0,0,0,0,0,0,0,0,0,0,0,0,0,0,0,0,0,0,0,0,0,0,0,0,0,0,0,0,0,0,0,0,0,0,0,0,0,0,0,0,0,0,0]
costo_por_agente [74,132,10,22,10,19,88,10,15,15,37,26,34,15,34,52,31,39,68,35,42,3,131,88,46,11,25,36,8,7,17,18,25,25,16,16,29,95,16,22,45,28,17,58,5,17,25,19,2,59]
completion_time_por_agente [75,133,11,23,11,20,89,11,16,16,38,27,35,16,35,53,32,40,69,36,44,4,132,89,47,12,26,38,9,8,18,19,26,26,17,17,30,96,17,23,46,29,18,59,6,18,26,20,3,60]
tiempo_ultimo_agente_goal 133
tiempo_en_acabar 133
tiempo_promedio 35.380001
agentes_en_goal 50
push_out_count 0
RUN 32
valores_ideales [0,0,0,0,0,0,0,0,0,0,0,0,0,0,0,0,0,0,0,0,0,0,0,0,0,0,0,0,0,0,0,0,0,0,0,0,0,0,0,0,0,0,0,0,0,0,0,0,0,0]
costo_por_agente [70,116,10,22,10,21,72,10,15,15,37,26,40,15,34,46,31,33,52,29,38,3,103,114,44,9,25,56,8,7,17,18,25,27,16,16,31,71,18,22,49,30,17,48,5,15,25,21,2,61]
completion_time_por_agente [71,117,11,23,11,22,73,11,16,16,38,27,41,16,37,49,32,34,57,32,39,4,105,115,46,10,26,59,9,8,18,19,26,28,17,17,32,72,19,23,50,31,18,51,6,16,28,22,3,62]
tiempo_ultimo_agente_goal 117
tiempo_en_acabar 117
tiempo_promedio 34.259998
agentes_en_goal 50
push_out_count 0
RUN 33
valores_ideales [0,0,0,0,0,0,0,0,0,0,0,0,0,0,0,0,0,0,0,0,0,0,0,0,0,0,0,0,0,0,0,0,0,0,0,0,0,0,0,0,0,0,0,0,0,0,0,0,0,0]
costo_por_agente [44,116,12,22,12,21,38,10,19,15,85,26,44,15,40,66,31,47,62,41,74,3,93,68,58,9,23,24,8,7,17,18,25,27,16,16,29,67,18,22,55,30,17,36,5,15,23,19,2,61]
completion_time_por_agente [45,117,13,23,13,23,42,11,20,16,86,27,45,16,45,67,32,48,64,46,75,4,95,69,60,10,24,27,9,8,18,19,26,28,17,17,30,69,19,23,56,31,18,41,6,16,24,20,3,63]
tiempo_ultimo_agente_goal 117
tiempo_en_acabar 117
tiempo_promedio 34.480000
agentes_en_goal 50
push_out_count 0
RUN 34
valores_ideales [0,0,0,0,0,0,0,0,0,0,0,0,0,0,0,0,0,0,0,0,0,0,0,0,0,0,0,0,0,0,0,0,0,0,0,0,0,0,0,0,0,0,0,0,0,0,0,0,0,0]
costo_por_agente [58,100,10,22,10,21,38,10,15,15,73,26,44,15,32,44,31,47,64,57,142,3,107,124,60,9,25,22,8,7,17,18,25,27,16,16,29,167,16,22,41,28,17,38,5,15,27,19,2,63]
completion_time_por_agente [60,101,11,23,11,23,39,11,16,16,74,27,46,16,33,45,32,49,65,58,144,4,108,125,61,10,26,24,9,8,18,19,26,28,17,17,30,168,17,23,42,29,18,39,6,16,28,20,3,64]
tiempo_ultimo_agente_goal 168
tiempo_en_acabar 168
tiempo_promedio 38.060001
agentes_en_goal 50
push_out_count 0
RUN 35
valores_ideales [0,0,0,0,0,0,0,0,0,0,0,0,0,0,0,0,0,0,0,0,0,0,0,0,0,0,0,0,0,0,0,0,0,0,0,0,0,0,0,0,0,0,0,0,0,0,0,0,0,0]
costo_por_agente [52,104,14,22,10,25,38,10,15,15,99,26,32,15,32,80,31,49,70,27,64,3,129,92,46,9,25,32,8,7,17,18,25,27,16,14,29,97,16,22,45,28,17,30,5,15,23,19,2,47]
completion_time_por_agente [53,105,15,23,11,26,39,11,16,16,100,27,34,16,33,81,32,50,71,28,65,4,131,93,47,10,26,33,9,8,18,19,26,28,17,15,30,98,17,23,46,29,18,31,6,16,24,20,3,48]
tiempo_ultimo_agente_goal 131
tiempo_en_acabar 131
tiempo_promedio 34.900002
agentes_en_goal 50
push_out_count 0
RUN 36
valores_ideales [0,0,0,0,0,0,0,0,0,0,0,0,0,0,0,0,0,0,0,0,0,0,0,0,0,0,0,0,0,0,0,0,0,0,0,0,0,0,0,0,0,0,0,0,0,0,0,0,0,0]
costo_por_agente [56,124,14,22,10,21,76,10,19,15,35,26,36,15,32,50,31,25,64,29,54,3,131,56,54,9,23,28,8,7,17,18,25,25,16,16,31,103,16,22,45,28,17,46,5,15,25,19,2,53]
completion_time_por_agente [57,125,15,23,11,22,77,11,20,16,36,27,37,16,33,51,32,26,65,31,55,4,133,58,56,10,24,29,9,8,18,19,26,26,17,17,32,104,17,23,47,29,18,48,6,16,26,20,3,54]
tiempo_ultimo_agente_goal 133
tiempo_en_acabar 133
tiempo_promedio 33.660000
agentes_en_goal 50
push_out_count 0
RUN 37
valores_ideales [0,0,0,0,0,0,0,0,0,0,0,0,0,0,0,0,0,0,0,0,0,0,0,0,0,0,0,0,0,0,0,0,0,0,0,0,0,0,0,0,0,0,0,0,0,0,0,0,0,0]
costo_por_agente [42,116,10,22,10,19,48,10,17,15,83,26,32,15,36,72,31,43,62,25,72,3,135,84,48,9,25,40,8,7,17,18,25,25,16,18,29,105,16,22,41,28,17,42,5,15,33,19,2,49]
completion_time_por_agente [43,117,11,23,11,20,49,11,18,16,84,27,36,16,38,73,32,44,63,26,73,4,137,85,50,10,26,45,9,8,18,19,26,26,17,19,30,106,17,23,46,29,18,44,6,16,36,20,3,50]
tiempo_ultimo_agente_goal 137
tiempo_en_acabar 137
tiempo_promedio 35.480000
agentes_en_goal 50
push_out_count 0
RUN 38
valores_ideales [0,0,0,0,0,0,0,0,0,0,0,0,0,0,0,0,0,0,0,0,0,0,0,0,0,0,0,0,0,0,0,0,0,0,0,0,0,0,0,0,0,0,0,0,0,0,0,0,0,0]
costo_por_agente [60,84,10,22,10,19,66,10,15,15,115,26,46,15,34,48,31,25,62,77,58,3,185,154,42,11,25,30,8,7,17,18,25,25,16,18,29,95,16,22,37,28,17,34,5,15,27,19,2,45]
completion_time_por_agente [61,85,11,23,11,20,68,11,16,16,116,27,47,16,38,49,32,29,63,78,59,4,186,155,45,12,26,35,9,8,18,19,26,26,17,19,30,96,17,23,40,29,18,38,6,16,32,20,3,46]
tiempo_ultimo_agente_goal 186
tiempo_en_acabar 186
tiempo_promedio 37.900002
agentes_en_goal 50
push_out_count 0
RUN 39
valores_ideales [0,0,0,0,0,0,0,0,0,0,0,0,0,0,0,0,0,0,0,0,0,0,0,0,0,0,0,0,0,0,0,0,0,0,0,0,0,0,0,0,0,0,0,0,0,0,0,0,0,0]
costo_por_agente [50,62,16,22,10,19,40,10,15,15,101,26,36,15,38,58,31,31,52,61,48,3,105,74,62,9,25,32,8,7,17,18,25,27,16,16,29,107,16,22,35,28,17,52,5,15,27,19,2,59]
completion_time_por_agente [51,63,17,23,11,20,42,11,16,16,102,27,39,16,43,59,32,36,54,62,51,4,107,75,64,10,26,34,9,8,18,19,26,28,17,17,30,108,17,23,39,29,18,55,6,16,32,20,3,60]
tiempo_ultimo_agente_goal 108
tiempo_en_acabar 108
tiempo_promedio 34.180000
agentes_en_goal 50
push_out_count 0
