RUN 0
valores_ideales [6,38,31,36,7,15,1,23,28,19,18,14,5,10,22,32,29,4,17,13,37,34,22,21,22,23,41,34,21,20,26,37,21,5,13,16,13,17,20,35]
costo_por_agente [6,38,31,36,9,15,1,23,28,19,18,14,5,10,24,32,29,4,17,15,37,34,22,21,22,23,41,34,21,20,26,37,21,5,13,16,13,19,20,35]
completion_time_por_agente [6,38,31,36,9,15,1,23,28,21,18,16,5,10,25,32,29,4,17,16,37,35,22,21,22,23,41,34,23,20,26,37,21,6,13,16,13,21,22,35]
tiempo_ultimo_agente_goal 41
tiempo_en_acabar 41
tiempo_promedio 21.700001
agentes_en_goal 40
bad_good_total_rate_pred [469,547,1016,0.5]
push_out_count 0
RUN 1
valores_ideales [6,38,31,36,7,15,1,23,28,19,18,14,5,10,22,32,29,4,17,13,37,34,22,21,22,23,41,34,21,20,26,37,21,5,13,16,13,17,20,35]
costo_por_agente [6,38,31,36,7,15,1,23,28,19,18,14,5,10,26,32,29,4,17,13,37,34,22,21,22,23,41,34,21,20,26,37,21,5,13,16,13,17,20,35]
completion_time_por_agente [6,38,31,36,7,15,1,23,28,19,18,14,5,10,28,32,29,4,17,13,37,35,22,21,22,23,41,34,21,20,26,37,21,5,14,16,14,17,20,35]
tiempo_ultimo_agente_goal 41
tiempo_en_acabar 41
tiempo_promedio 21.375000
agentes_en_goal 40
bad_good_total_rate_pred [447,560,1007,0.6]
push_out_count 0
RUN 2
valores_ideales [6,38,31,36,7,15,1,23,28,19,18,14,5,10,22,32,29,4,17,13,37,34,22,21,22,23,41,34,21,20,26,37,21,5,13,16,13,17,20,35]
costo_por_agente [6,38,31,36,7,15,1,23,28,21,18,16,5,10,22,32,29,4,17,13,37,34,22,21,22,23,41,34,21,20,26,37,21,5,13,16,13,17,20,35]
completion_time_por_agente [6,38,31,36,7,15,1,23,28,22,18,17,5,10,22,32,29,4,17,15,37,35,22,21,22,23,41,34,21,20,26,37,21,6,13,16,13,17,20,35]
tiempo_ultimo_agente_goal 41
tiempo_en_acabar 41
tiempo_promedio 21.400000
agentes_en_goal 40
bad_good_total_rate_pred [366,498,864,0.6]
push_out_count 0
RUN 3
valores_ideales [6,38,31,36,7,15,1,23,28,19,18,14,5,10,22,32,29,4,17,13,37,34,22,21,22,23,41,34,21,20,26,37,21,5,13,16,13,17,20,35]
costo_por_agente [6,38,31,36,7,15,1,23,28,19,18,14,5,10,22,32,29,4,17,15,37,34,22,21,22,23,41,34,21,20,26,37,21,5,13,16,13,17,20,35]
completion_time_por_agente [6,38,31,36,7,15,1,23,28,21,18,14,5,10,25,32,29,4,17,15,37,35,22,21,22,23,41,34,22,20,26,37,21,5,13,16,13,17,22,35]
tiempo_ultimo_agente_goal 41
tiempo_en_acabar 41
tiempo_promedio 21.424999
agentes_en_goal 40
bad_good_total_rate_pred [475,561,1036,0.5]
push_out_count 0
RUN 4
valores_ideales [6,38,31,36,7,15,1,23,28,19,18,14,5,10,22,32,29,4,17,13,37,34,22,21,22,23,41,34,21,20,26,37,21,5,13,16,13,17,20,35]
costo_por_agente [6,38,31,36,7,15,1,23,28,19,18,16,5,10,22,32,29,4,17,13,37,34,22,21,22,23,41,34,21,20,26,37,21,5,13,16,13,17,20,35]
completion_time_por_agente [6,38,31,36,7,15,1,23,29,20,18,18,5,10,22,32,29,4,17,14,37,35,22,21,22,23,41,34,21,21,26,37,21,5,13,16,13,17,21,35]
tiempo_ultimo_agente_goal 41
tiempo_en_acabar 41
tiempo_promedio 21.400000
agentes_en_goal 40
bad_good_total_rate_pred [437,484,921,0.5]
push_out_count 0
RUN 5
valores_ideales [6,38,31,36,7,15,1,23,28,19,18,14,5,10,22,32,29,4,17,13,37,34,22,21,22,23,41,34,21,20,26,37,21,5,13,16,13,17,20,35]
costo_por_agente [6,38,31,36,7,15,1,23,28,19,18,14,5,10,22,32,29,4,17,13,37,34,22,21,22,23,41,34,21,20,26,37,21,5,13,16,13,17,20,35]
completion_time_por_agente [6,38,31,36,7,15,1,23,28,19,18,14,5,10,23,32,29,4,17,15,37,35,22,21,22,23,41,34,21,20,26,37,21,5,13,16,13,17,20,35]
tiempo_ultimo_agente_goal 41
tiempo_en_acabar 41
tiempo_promedio 21.250000
agentes_en_goal 40
bad_good_total_rate_pred [429,530,959,0.6]
push_out_count 0
RUN 6
valores_ideales [6,38,31,36,7,15,1,23,28,19,18,14,5,10,22,32,29,4,17,13,37,34,22,21,22,23,41,34,21,20,26,37,21,5,13,16,13,17,20,35]
costo_por_agente [6,38,31,36,7,15,1,23,28,19,18,14,5,10,22,32,29,4,17,13,37,34,22,21,22,23,41,34,21,20,26,37,21,7,13,16,13,17,20,35]
completion_time_por_agente [6,38,31,36,7,15,1,23,28,19,18,14,5,10,23,32,29,4,17,13,37,35,22,21,22,23,41,34,22,21,26,37,21,9,13,16,14,17,20,35]
tiempo_ultimo_agente_goal 41
tiempo_en_acabar 41
tiempo_promedio 21.375000
agentes_en_goal 40
bad_good_total_rate_pred [439,495,934,0.5]
push_out_count 0
RUN 7
valores_ideales [6,38,31,36,7,15,1,23,28,19,18,14,5,10,22,32,29,4,17,13,37,34,22,21,22,23,41,34,21,20,26,37,21,5,13,16,13,17,20,35]
costo_por_agente [6,38,31,36,7,15,1,23,28,19,18,14,5,10,22,32,29,4,17,13,37,34,22,21,22,23,41,34,25,20,26,37,21,5,13,16,15,17,20,35]
completion_time_por_agente [6,38,31,36,7,15,1,23,28,19,18,14,5,10,23,33,29,4,17,13,37,35,22,21,23,23,41,34,26,20,26,37,21,5,13,16,17,17,22,35]
tiempo_ultimo_agente_goal 41
tiempo_en_acabar 41
tiempo_promedio 21.525000
agentes_en_goal 40
bad_good_total_rate_pred [487,585,1072,0.5]
push_out_count 0
RUN 8
valores_ideales [6,38,31,36,7,15,1,23,28,19,18,14,5,10,22,32,29,4,17,13,37,34,22,21,22,23,41,34,21,20,26,37,21,5,13,16,13,17,20,35]
costo_por_agente [6,38,31,36,7,15,1,23,28,19,18,14,5,10,22,32,29,4,17,15,37,34,22,21,22,23,41,34,21,20,26,37,21,5,13,16,13,17,20,35]
completion_time_por_agente [6,38,31,36,7,15,1,23,28,19,18,14,5,10,22,32,29,4,17,16,37,35,22,21,22,23,41,34,21,20,26,37,21,6,13,16,13,17,20,35]
tiempo_ultimo_agente_goal 41
tiempo_en_acabar 41
tiempo_promedio 21.275000
agentes_en_goal 40
bad_good_total_rate_pred [442,584,1026,0.6]
push_out_count 0
RUN 9
valores_ideales [6,38,31,36,7,15,1,23,28,19,18,14,5,10,22,32,29,4,17,13,37,34,22,21,22,23,41,34,21,20,26,37,21,5,13,16,13,17,20,35]
costo_por_agente [6,38,31,36,7,15,1,23,28,23,18,14,5,10,22,32,29,4,17,13,37,34,22,21,22,23,41,34,21,20,26,37,21,7,13,16,13,17,20,35]
completion_time_por_agente [6,38,31,36,7,15,1,23,28,23,18,14,5,10,23,32,29,4,17,13,37,35,22,21,22,23,41,34,21,20,26,37,21,7,14,16,13,17,20,35]
tiempo_ultimo_agente_goal 41
tiempo_en_acabar 41
tiempo_promedio 21.375000
agentes_en_goal 40
bad_good_total_rate_pred [427,522,949,0.6]
push_out_count 0
RUN 10
valores_ideales [6,38,31,36,7,15,1,23,28,19,18,14,5,10,22,32,29,4,17,13,37,34,22,21,22,23,41,34,21,20,26,37,21,5,13,16,13,17,20,35]
costo_por_agente [6,38,31,36,9,15,1,23,28,19,18,14,5,10,22,32,29,4,17,15,37,34,22,21,22,23,41,34,21,20,26,37,21,5,13,16,13,17,20,35]
completion_time_por_agente [6,38,31,36,9,15,1,23,28,19,18,14,5,10,22,32,29,4,17,16,37,35,22,21,22,23,41,34,23,20,26,37,21,7,13,17,13,17,20,35]
tiempo_ultimo_agente_goal 41
tiempo_en_acabar 41
tiempo_promedio 21.424999
agentes_en_goal 40
bad_good_total_rate_pred [439,546,985,0.6]
push_out_count 0
RUN 11
valores_ideales [6,38,31,36,7,15,1,23,28,19,18,14,5,10,22,32,29,4,17,13,37,34,22,21,22,23,41,34,21,20,26,37,21,5,13,16,13,17,20,35]
costo_por_agente [6,38,31,36,7,15,1,23,28,19,18,14,5,10,22,32,29,4,17,13,37,34,22,21,22,23,41,34,21,20,26,37,23,5,13,16,13,17,20,35]
completion_time_por_agente [6,38,31,36,7,15,1,23,28,19,18,14,5,10,24,33,29,4,17,13,37,35,22,22,22,23,41,34,21,20,26,37,23,6,14,16,15,17,20,35]
tiempo_ultimo_agente_goal 41
tiempo_en_acabar 41
tiempo_promedio 21.424999
agentes_en_goal 40
bad_good_total_rate_pred [454,498,952,0.5]
push_out_count 0
RUN 12
valores_ideales [6,38,31,36,7,15,1,23,28,19,18,14,5,10,22,32,29,4,17,13,37,34,22,21,22,23,41,34,21,20,26,37,21,5,13,16,13,17,20,35]
costo_por_agente [6,38,31,36,7,15,1,23,28,19,18,16,5,10,22,32,29,4,17,13,37,34,22,21,22,23,41,34,21,20,26,37,21,5,13,16,13,19,20,35]
completion_time_por_agente [6,38,31,36,7,15,1,23,28,21,18,16,5,10,22,32,29,4,17,13,37,35,22,21,22,23,41,34,21,20,26,37,21,6,13,16,13,21,22,35]
tiempo_ultimo_agente_goal 41
tiempo_en_acabar 41
tiempo_promedio 21.450001
agentes_en_goal 40
bad_good_total_rate_pred [428,546,974,0.6]
push_out_count 0
RUN 13
valores_ideales [6,38,31,36,7,15,1,23,28,19,18,14,5,10,22,32,29,4,17,13,37,34,22,21,22,23,41,34,21,20,26,37,21,5,13,16,13,17,20,35]
costo_por_agente [6,38,31,36,7,15,1,23,28,19,18,14,5,10,22,32,29,4,17,15,37,34,22,21,22,23,41,34,21,20,26,37,21,5,13,16,13,17,20,35]
completion_time_por_agente [6,38,31,36,7,15,1,23,28,19,18,14,5,10,22,32,29,4,17,15,37,35,22,21,22,23,41,34,21,21,26,37,21,6,13,16,13,17,20,35]
tiempo_ultimo_agente_goal 41
tiempo_en_acabar 41
tiempo_promedio 21.275000
agentes_en_goal 40
bad_good_total_rate_pred [441,496,937,0.5]
push_out_count 0
RUN 14
valores_ideales [6,38,31,36,7,15,1,23,28,19,18,14,5,10,22,32,29,4,17,13,37,34,22,21,22,23,41,34,21,20,26,37,21,5,13,16,13,17,20,35]
costo_por_agente [6,38,31,36,7,15,1,23,28,19,18,16,5,10,22,32,29,4,17,15,37,34,22,21,22,23,41,34,23,20,26,37,21,5,13,16,13,17,20,35]
completion_time_por_agente [6,38,32,36,7,15,1,23,28,19,18,16,5,10,22,32,29,4,17,15,37,35,22,21,22,23,41,34,23,20,26,37,21,5,13,16,13,17,20,35]
tiempo_ultimo_agente_goal 41
tiempo_en_acabar 41
tiempo_promedio 21.350000
agentes_en_goal 40
bad_good_total_rate_pred [427,530,957,0.6]
push_out_count 0
RUN 15
valores_ideales [6,38,31,36,7,15,1,23,28,19,18,14,5,10,22,32,29,4,17,13,37,34,22,21,22,23,41,34,21,20,26,37,21,5,13,16,13,17,20,35]
costo_por_agente [6,38,31,36,7,15,1,23,28,19,18,16,5,10,22,32,29,4,17,17,37,34,22,21,22,23,41,34,21,20,26,37,23,5,13,16,13,17,20,35]
completion_time_por_agente [6,38,31,36,7,15,1,23,28,20,18,16,5,10,22,32,29,4,17,17,37,35,22,21,22,23,41,34,21,20,26,37,23,5,13,16,13,17,21,35]
tiempo_ultimo_agente_goal 41
tiempo_en_acabar 41
tiempo_promedio 21.424999
agentes_en_goal 40
bad_good_total_rate_pred [473,486,959,0.5]
push_out_count 0
RUN 16
valores_ideales [6,38,31,36,7,15,1,23,28,19,18,14,5,10,22,32,29,4,17,13,37,34,22,21,22,23,41,34,21,20,26,37,21,5,13,16,13,17,20,35]
costo_por_agente [6,38,31,36,7,15,1,23,28,19,18,16,5,10,22,32,29,4,17,13,37,34,22,21,22,23,41,34,21,20,26,37,21,5,13,16,13,17,20,35]
completion_time_por_agente [6,38,32,36,7,15,1,23,28,19,18,17,5,10,22,33,29,4,17,13,37,35,22,21,22,23,41,34,21,21,26,37,21,5,13,16,13,17,20,35]
tiempo_ultimo_agente_goal 41
tiempo_en_acabar 41
tiempo_promedio 21.325001
agentes_en_goal 40
bad_good_total_rate_pred [395,561,956,0.6]
push_out_count 0
RUN 17
valores_ideales [6,38,31,36,7,15,1,23,28,19,18,14,5,10,22,32,29,4,17,13,37,34,22,21,22,23,41,34,21,20,26,37,21,5,13,16,13,17,20,35]
costo_por_agente [6,38,31,36,7,15,1,23,28,19,18,14,5,10,22,32,31,4,17,13,37,34,22,21,22,23,41,34,21,20,26,37,21,5,13,16,13,17,20,35]
completion_time_por_agente [6,38,31,36,7,16,1,23,28,19,18,14,5,10,22,32,32,4,17,13,37,35,22,21,22,23,41,34,21,21,26,37,21,5,13,16,13,18,20,35]
tiempo_ultimo_agente_goal 41
tiempo_en_acabar 41
tiempo_promedio 21.325001
agentes_en_goal 40
bad_good_total_rate_pred [397,481,878,0.5]
push_out_count 0
RUN 18
valores_ideales [6,38,31,36,7,15,1,23,28,19,18,14,5,10,22,32,29,4,17,13,37,34,22,21,22,23,41,34,21,20,26,37,21,5,13,16,13,17,20,35]
costo_por_agente [6,38,31,36,7,15,1,23,28,19,18,16,5,10,22,32,29,4,17,15,37,34,22,21,22,23,41,34,21,20,26,37,21,5,13,16,13,19,20,35]
completion_time_por_agente [6,38,31,36,7,16,1,23,28,19,18,17,5,10,22,32,29,4,17,17,37,35,22,21,22,23,41,34,23,20,26,37,21,5,13,16,13,21,20,35]
tiempo_ultimo_agente_goal 41
tiempo_en_acabar 41
tiempo_promedio 21.525000
agentes_en_goal 40
bad_good_total_rate_pred [457,529,986,0.5]
push_out_count 0
RUN 19
valores_ideales [6,38,31,36,7,15,1,23,28,19,18,14,5,10,22,32,29,4,17,13,37,34,22,21,22,23,41,34,21,20,26,37,21,5,13,16,13,17,20,35]
costo_por_agente [6,38,31,36,7,15,1,23,28,19,18,14,5,10,22,32,29,4,17,13,37,34,22,21,22,23,41,34,21,20,26,37,21,5,13,16,13,17,20,35]
completion_time_por_agente [6,38,32,36,7,15,1,23,28,20,18,15,5,10,22,32,29,4,17,13,37,35,22,21,22,23,41,34,21,20,26,37,21,5,13,17,13,17,21,35]
tiempo_ultimo_agente_goal 41
tiempo_en_acabar 41
tiempo_promedio 21.299999
agentes_en_goal 40
bad_good_total_rate_pred [471,517,988,0.5]
push_out_count 0
RUN 20
valores_ideales [6,38,31,36,7,15,1,23,28,19,18,14,5,10,22,32,29,4,17,13,37,34,22,21,22,23,41,34,21,20,26,37,21,5,13,16,13,17,20,35]
costo_por_agente [6,38,31,36,7,15,1,23,28,19,18,14,5,10,22,32,29,4,17,15,37,34,22,21,22,23,41,34,23,20,26,37,23,5,13,16,13,17,20,35]
completion_time_por_agente [6,38,31,36,7,15,1,23,28,20,18,14,5,10,22,32,29,4,17,15,37,35,22,21,22,23,41,34,23,20,26,37,24,6,13,16,13,17,21,35]
tiempo_ultimo_agente_goal 41
tiempo_en_acabar 41
tiempo_promedio 21.424999
agentes_en_goal 40
bad_good_total_rate_pred [447,524,971,0.5]
push_out_count 0
RUN 21
valores_ideales [6,38,31,36,7,15,1,23,28,19,18,14,5,10,22,32,29,4,17,13,37,34,22,21,22,23,41,34,21,20,26,37,21,5,13,16,13,17,20,35]
costo_por_agente [6,38,31,36,7,15,1,23,28,19,18,14,5,10,22,32,29,4,17,13,37,34,22,21,22,23,41,34,23,20,28,37,23,5,13,16,13,17,20,35]
completion_time_por_agente [6,38,31,36,7,15,1,23,30,19,18,14,5,10,22,32,29,4,17,13,37,35,23,25,22,23,41,34,24,20,31,37,24,5,13,16,13,17,20,35]
tiempo_ultimo_agente_goal 41
tiempo_en_acabar 41
tiempo_promedio 21.625000
agentes_en_goal 40
bad_good_total_rate_pred [435,495,930,0.5]
push_out_count 0
RUN 22
valores_ideales [6,38,31,36,7,15,1,23,28,19,18,14,5,10,22,32,29,4,17,13,37,34,22,21,22,23,41,34,21,20,26,37,21,5,13,16,13,17,20,35]
costo_por_agente [6,38,31,36,7,15,1,23,28,19,18,16,5,10,22,32,29,4,17,13,37,34,22,21,22,23,41,34,21,20,26,37,21,5,13,16,13,17,20,35]
completion_time_por_agente [6,38,31,36,7,15,1,23,28,19,18,16,5,10,24,32,29,4,17,13,37,35,22,21,22,23,41,34,21,20,26,37,21,6,13,16,13,17,20,35]
tiempo_ultimo_agente_goal 41
tiempo_en_acabar 41
tiempo_promedio 21.299999
agentes_en_goal 40
bad_good_total_rate_pred [426,550,976,0.6]
push_out_count 0
RUN 23
valores_ideales [6,38,31,36,7,15,1,23,28,19,18,14,5,10,22,32,29,4,17,13,37,34,22,21,22,23,41,34,21,20,26,37,21,5,13,16,13,17,20,35]
costo_por_agente [6,38,31,36,7,15,1,23,28,19,18,14,5,10,22,32,29,4,17,13,37,34,22,21,22,23,41,34,21,20,26,37,21,5,13,16,13,17,20,35]
completion_time_por_agente [6,38,31,36,7,16,1,23,28,19,18,14,5,10,22,33,29,4,17,14,37,35,22,21,22,23,41,34,21,20,26,37,21,5,13,16,13,17,20,35]
tiempo_ultimo_agente_goal 41
tiempo_en_acabar 41
tiempo_promedio 21.250000
agentes_en_goal 40
bad_good_total_rate_pred [443,517,960,0.5]
push_out_count 0
RUN 24
valores_ideales [6,38,31,36,7,15,1,23,28,19,18,14,5,10,22,32,29,4,17,13,37,34,22,21,22,23,41,34,21,20,26,37,21,5,13,16,13,17,20,35]
costo_por_agente [6,38,31,36,7,15,1,23,28,19,18,14,5,10,22,32,29,4,17,13,37,34,22,21,22,23,41,34,21,20,26,37,21,5,13,16,13,17,20,35]
completion_time_por_agente [6,38,31,36,7,15,1,23,28,22,18,14,5,10,22,32,29,4,17,13,37,35,22,21,22,23,41,34,21,21,26,37,21,5,13,17,13,17,22,35]
tiempo_ultimo_agente_goal 41
tiempo_en_acabar 41
tiempo_promedio 21.350000
agentes_en_goal 40
bad_good_total_rate_pred [435,511,946,0.5]
push_out_count 0
RUN 25
valores_ideales [6,38,31,36,7,15,1,23,28,19,18,14,5,10,22,32,29,4,17,13,37,34,22,21,22,23,41,34,21,20,26,37,21,5,13,16,13,17,20,35]
costo_por_agente [6,38,31,36,7,15,1,23,28,19,18,14,5,10,22,32,29,4,17,13,37,34,22,21,24,23,41,34,21,20,26,37,21,5,13,16,13,19,20,35]
completion_time_por_agente [6,38,31,36,7,15,1,23,28,19,18,14,5,10,23,32,29,4,17,13,37,35,22,21,25,23,41,34,21,20,26,37,21,5,13,16,13,21,21,35]
tiempo_ultimo_agente_goal 41
tiempo_en_acabar 41
tiempo_promedio 21.400000
agentes_en_goal 40
bad_good_total_rate_pred [422,496,918,0.5]
push_out_count 0
RUN 26
valores_ideales [6,38,31,36,7,15,1,23,28,19,18,14,5,10,22,32,29,4,17,13,37,34,22,21,22,23,41,34,21,20,26,37,21,5,13,16,13,17,20,35]
costo_por_agente [6,38,31,36,7,15,1,23,28,21,18,16,5,10,22,32,29,4,17,13,37,34,22,21,22,23,41,34,21,20,26,37,21,5,13,16,13,17,22,35]
completion_time_por_agente [6,38,31,36,7,15,1,23,28,21,18,17,5,10,22,32,29,4,17,13,37,35,23,21,22,23,41,34,21,20,26,37,21,5,13,16,13,17,23,35]
tiempo_ultimo_agente_goal 41
tiempo_en_acabar 41
tiempo_promedio 21.400000
agentes_en_goal 40
bad_good_total_rate_pred [441,536,977,0.5]
push_out_count 0
RUN 27
valores_ideales [6,38,31,36,7,15,1,23,28,19,18,14,5,10,22,32,29,4,17,13,37,34,22,21,22,23,41,34,21,20,26,37,21,5,13,16,13,17,20,35]
costo_por_agente [6,38,31,36,7,15,1,23,28,19,18,14,5,10,22,32,29,4,17,13,37,34,22,21,22,23,41,34,21,20,26,37,21,5,13,16,13,17,20,35]
completion_time_por_agente [6,38,31,36,7,15,1,23,28,19,18,15,5,10,23,32,29,4,17,13,37,35,22,21,22,23,41,34,21,21,26,37,21,5,13,16,13,17,20,35]
tiempo_ultimo_agente_goal 41
tiempo_en_acabar 41
tiempo_promedio 21.250000
agentes_en_goal 40
bad_good_total_rate_pred [416,499,915,0.5]
push_out_count 0
RUN 28
valores_ideales [6,38,31,36,7,15,1,23,28,19,18,14,5,10,22,32,29,4,17,13,37,34,22,21,22,23,41,34,21,20,26,37,21,5,13,16,13,17,20,35]
costo_por_agente [6,38,31,36,7,15,1,23,28,19,18,14,5,10,22,32,29,4,17,13,37,34,22,21,22,23,41,34,21,20,26,37,21,5,13,16,13,17,20,35]
completion_time_por_agente [6,38,31,36,7,15,1,23,28,19,18,14,5,10,22,32,29,4,17,13,37,35,23,21,22,23,41,34,21,20,26,37,21,5,13,16,15,17,21,35]
tiempo_ultimo_agente_goal 41
tiempo_en_acabar 41
tiempo_promedio 21.275000
agentes_en_goal 40
bad_good_total_rate_pred [455,580,1035,0.6]
push_out_count 0
RUN 29
valores_ideales [6,38,31,36,7,15,1,23,28,19,18,14,5,10,22,32,29,4,17,13,37,34,22,21,22,23,41,34,21,20,26,37,21,5,13,16,13,17,20,35]
costo_por_agente [6,38,31,36,7,15,1,23,28,19,18,14,5,10,22,32,29,4,17,13,37,34,22,21,22,23,41,34,21,20,26,37,21,7,13,16,13,17,20,35]
completion_time_por_agente [6,38,31,36,7,15,1,23,28,19,18,14,5,10,22,32,29,4,17,13,37,35,22,21,22,23,41,34,21,20,26,37,21,9,13,16,15,17,20,35]
tiempo_ultimo_agente_goal 41
tiempo_en_acabar 41
tiempo_promedio 21.325001
agentes_en_goal 40
bad_good_total_rate_pred [424,496,920,0.5]
push_out_count 0
RUN 30
valores_ideales [6,38,31,36,7,15,1,23,28,19,18,14,5,10,22,32,29,4,17,13,37,34,22,21,22,23,41,34,21,20,26,37,21,5,13,16,13,17,20,35]
costo_por_agente [6,38,31,36,7,15,1,23,28,19,18,14,5,10,22,32,29,4,17,13,37,34,22,21,22,23,41,34,21,20,26,37,21,5,13,16,13,17,22,35]
completion_time_por_agente [6,38,31,36,7,15,1,23,28,21,18,15,5,10,23,32,29,4,17,13,37,35,22,21,22,23,41,34,22,20,26,37,21,6,13,16,13,17,22,35]
tiempo_ultimo_agente_goal 41
tiempo_en_acabar 41
tiempo_promedio 21.375000
agentes_en_goal 40
bad_good_total_rate_pred [419,517,936,0.6]
push_out_count 0
RUN 31
valores_ideales [6,38,31,36,7,15,1,23,28,19,18,14,5,10,22,32,29,4,17,13,37,34,22,21,22,23,41,34,21,20,26,37,21,5,13,16,13,17,20,35]
costo_por_agente [6,38,31,36,7,15,1,23,28,19,18,14,5,10,22,32,31,4,17,15,37,34,22,23,22,23,41,34,21,20,26,37,21,5,13,16,13,17,20,35]
completion_time_por_agente [6,38,31,36,7,15,1,23,28,19,18,14,5,10,22,32,32,4,17,16,37,35,22,25,22,23,41,34,21,20,26,37,21,6,13,16,13,17,20,35]
tiempo_ultimo_agente_goal 41
tiempo_en_acabar 41
tiempo_promedio 21.450001
agentes_en_goal 40
bad_good_total_rate_pred [488,557,1045,0.5]
push_out_count 0
RUN 32
valores_ideales [6,38,31,36,7,15,1,23,28,19,18,14,5,10,22,32,29,4,17,13,37,34,22,21,22,23,41,34,21,20,26,37,21,5,13,16,13,17,20,35]
costo_por_agente [6,38,31,36,7,15,1,23,28,19,18,14,5,10,22,32,29,4,17,13,37,34,22,21,22,23,41,34,21,20,26,37,21,5,13,16,13,17,20,35]
completion_time_por_agente [6,38,31,36,9,15,1,23,28,19,18,14,5,10,23,32,29,4,17,13,37,35,22,22,22,23,41,34,21,20,26,37,21,5,13,16,13,17,20,35]
tiempo_ultimo_agente_goal 41
tiempo_en_acabar 41
tiempo_promedio 21.275000
agentes_en_goal 40
bad_good_total_rate_pred [452,496,948,0.5]
push_out_count 0
RUN 33
valores_ideales [6,38,31,36,7,15,1,23,28,19,18,14,5,10,22,32,29,4,17,13,37,34,22,21,22,23,41,34,21,20,26,37,21,5,13,16,13,17,20,35]
costo_por_agente [6,38,31,36,7,15,1,23,28,19,18,14,5,10,22,32,29,4,17,13,37,34,22,21,22,23,41,34,21,20,26,37,21,5,13,16,13,17,20,35]
completion_time_por_agente [6,38,31,36,7,15,1,23,28,19,18,14,5,10,22,32,29,4,17,14,37,35,22,21,22,23,41,34,21,20,26,37,21,5,13,16,13,17,20,35]
tiempo_ultimo_agente_goal 41
tiempo_en_acabar 41
tiempo_promedio 21.200001
agentes_en_goal 40
bad_good_total_rate_pred [395,435,830,0.5]
push_out_count 0
RUN 34
valores_ideales [6,38,31,36,7,15,1,23,28,19,18,14,5,10,22,32,29,4,17,13,37,34,22,21,22,23,41,34,21,20,26,37,21,5,13,16,13,17,20,35]
costo_por_agente [6,38,31,36,7,15,1,23,28,19,18,14,5,10,22,32,31,4,19,13,37,34,22,21,22,23,41,34,21,20,26,37,21,5,13,16,13,17,20,35]
completion_time_por_agente [6,38,31,36,7,16,1,23,28,19,18,14,5,10,22,32,32,4,19,14,37,35,22,21,22,23,41,34,21,20,26,37,21,5,13,16,13,17,20,35]
tiempo_ultimo_agente_goal 41
tiempo_en_acabar 41
tiempo_promedio 21.350000
agentes_en_goal 40
bad_good_total_rate_pred [437,527,964,0.5]
push_out_count 0
RUN 35
valores_ideales [6,38,31,36,7,15,1,23,28,19,18,14,5,10,22,32,29,4,17,13,37,34,22,21,22,23,41,34,21,20,26,37,21,5,13,16,13,17,20,35]
costo_por_agente [6,38,31,36,7,15,1,23,28,19,18,14,5,10,22,32,29,4,17,13,37,34,22,21,24,23,41,34,23,20,26,37,21,5,13,16,13,17,20,35]
completion_time_por_agente [6,38,31,36,7,15,1,23,28,19,18,15,5,10,22,32,29,4,17,19,37,35,22,21,25,23,41,34,26,20,26,37,21,5,13,16,13,17,20,35]
tiempo_ultimo_agente_goal 41
tiempo_en_acabar 41
tiempo_promedio 21.549999
agentes_en_goal 40
bad_good_total_rate_pred [427,545,972,0.6]
push_out_count 1
RUN 36
valores_ideales [6,38,31,36,7,15,1,23,28,19,18,14,5,10,22,32,29,4,17,13,37,34,22,21,22,23,41,34,21,20,26,37,21,5,13,16,13,17,20,35]
costo_por_agente [6,38,31,36,7,15,1,23,28,19,18,14,5,10,22,32,31,4,17,13,37,34,22,21,22,23,41,34,21,20,26,37,21,5,13,16,13,17,20,35]
completion_time_por_agente [6,38,31,36,7,16,1,23,28,20,18,14,5,10,22,32,31,4,17,13,37,35,22,21,22,23,41,34,22,20,26,37,21,5,13,16,13,17,21,35]
tiempo_ultimo_agente_goal 41
tiempo_en_acabar 41
tiempo_promedio 21.325001
agentes_en_goal 40
bad_good_total_rate_pred [418,511,929,0.6]
push_out_count 1
RUN 37
valores_ideales [6,38,31,36,7,15,1,23,28,19,18,14,5,10,22,32,29,4,17,13,37,34,22,21,22,23,41,34,21,20,26,37,21,5,13,16,13,17,20,35]
costo_por_agente [6,38,31,36,7,15,1,23,28,19,18,16,5,10,22,32,29,4,17,13,37,34,22,21,22,23,41,34,21,20,26,37,21,5,13,16,13,19,20,35]
completion_time_por_agente [6,38,31,36,7,16,1,23,28,20,18,16,5,10,24,32,29,4,17,13,37,35,22,22,22,23,41,34,21,20,26,37,21,6,13,16,13,21,21,35]
tiempo_ultimo_agente_goal 41
tiempo_en_acabar 41
tiempo_promedio 21.500000
agentes_en_goal 40
bad_good_total_rate_pred [424,531,955,0.6]
push_out_count 1
RUN 38
valores_ideales [6,38,31,36,7,15,1,23,28,19,18,14,5,10,22,32,29,4,17,13,37,34,22,21,22,23,41,34,21,20,26,37,21,5,13,16,13,17,20,35]
costo_por_agente [6,38,31,36,7,15,1,23,28,19,18,14,5,10,22,32,29,4,17,13,37,34,22,21,22,23,41,34,21,20,26,37,21,7,13,16,13,17,20,35]
completion_time_por_agente [6,39,31,36,7,16,1,23,28,19,18,14,5,10,22,32,29,4,17,15,37,35,22,21,22,23,41,34,21,20,26,37,21,9,13,16,13,17,20,35]
tiempo_ultimo_agente_goal 41
tiempo_en_acabar 41
tiempo_promedio 21.375000
agentes_en_goal 40
bad_good_total_rate_pred [417,511,928,0.6]
push_out_count 2
RUN 39
valores_ideales [6,38,31,36,7,15,1,23,28,19,18,14,5,10,22,32,29,4,17,13,37,34,22,21,22,23,41,34,21,20,26,37,21,5,13,16,13,17,20,35]
costo_por_agente [6,38,31,36,7,15,1,23,28,21,18,14,5,10,22,32,29,4,17,15,37,34,22,21,22,23,41,34,21,20,26,37,21,5,13,16,13,17,20,35]
completion_time_por_agente [6,38,31,36,7,15,1,23,28,21,18,14,5,10,22,32,29,4,17,17,37,35,22,21,22,23,41,34,21,20,26,37,21,6,13,16,13,17,20,35]
tiempo_ultimo_agente_goal 41
tiempo_en_acabar 41
tiempo_promedio 21.350000
agentes_en_goal 40
bad_good_total_rate_pred [454,566,1020,0.6]
push_out_count 2
