RUN 0
valores_ideales [36,12,32,6,31,36,22,10,1,11,37,46,33,22,20,17,16,22,24,11,21,25,6,8,6,37,40,29,20,5,33,6,47,17,6,6,15,7,19,33,35,43,5,24,3,30,14,16,15,17]
costo_por_agente [48,18,32,6,33,36,22,10,1,11,41,46,37,24,20,17,16,24,24,11,29,25,6,8,6,37,42,29,30,5,37,6,47,21,6,6,15,7,21,35,35,43,5,28,3,30,14,18,15,17]
completion_time_por_agente [66,20,33,6,37,37,25,10,1,11,42,51,45,25,20,17,16,24,24,11,30,25,7,8,6,37,43,31,46,5,46,6,48,22,6,6,15,9,22,35,35,43,5,28,3,30,14,18,15,17]
tiempo_ultimo_agente_goal 66
tiempo_en_acabar 66
tiempo_promedio 23.639999
agentes_en_goal 50
bad_good_total_rate_pred [1013,1574,2587,0.6]
push_out_count 11
RUN 1
valores_ideales [36,12,32,6,31,36,22,10,1,11,37,46,33,22,20,17,16,22,24,11,21,25,6,8,6,37,40,29,20,5,33,6,47,17,6,6,15,7,19,33,35,43,5,24,3,30,14,16,15,17]
costo_por_agente [46,20,32,6,33,36,24,10,1,11,41,46,41,24,20,17,16,22,24,11,29,25,6,8,6,39,42,29,34,5,41,6,47,19,6,6,15,9,21,35,35,43,5,26,3,30,14,18,17,17]
completion_time_por_agente [61,21,32,6,36,37,25,10,1,11,42,49,47,25,20,17,16,22,24,12,30,25,6,8,6,42,43,31,50,5,50,6,48,19,7,9,15,10,23,35,35,43,5,26,4,30,14,18,17,17]
tiempo_ultimo_agente_goal 61
tiempo_en_acabar 61
tiempo_promedio 23.820000
agentes_en_goal 50
bad_good_total_rate_pred [1045,1576,2621,0.6]
push_out_count 28
RUN 2
valores_ideales [36,12,32,6,31,36,22,10,1,11,37,46,33,22,20,17,16,22,24,11,21,25,6,8,6,37,40,29,20,5,33,6,47,17,6,6,15,7,19,33,35,43,5,24,3,30,14,16,15,17]
costo_por_agente [36,14,38,6,33,36,22,10,1,11,39,46,35,22,20,17,16,22,24,11,29,25,6,8,6,37,42,29,26,5,39,6,47,21,6,8,15,7,21,35,35,43,5,24,3,30,14,18,15,17]
completion_time_por_agente [36,14,44,6,34,37,24,10,1,11,40,47,37,25,20,17,16,22,24,11,29,25,6,8,6,38,43,31,33,5,47,6,48,25,7,10,15,10,21,35,35,43,5,26,6,30,14,18,15,17]
tiempo_ultimo_agente_goal 48
tiempo_en_acabar 48
tiempo_promedio 22.660000
agentes_en_goal 50
bad_good_total_rate_pred [842,1511,2353,0.6]
push_out_count 34
RUN 3
valores_ideales [36,12,32,6,31,36,22,10,1,11,37,46,33,22,20,17,16,22,24,11,21,25,6,8,6,37,40,29,20,5,33,6,47,17,6,6,15,7,19,33,35,43,5,24,3,30,14,16,15,17]
costo_por_agente [36,18,36,6,31,36,24,10,1,11,41,46,35,34,20,17,16,24,24,11,25,25,6,8,6,37,42,31,22,5,35,6,47,21,6,8,15,7,21,35,35,43,5,24,5,30,14,18,15,17]
completion_time_por_agente [36,26,37,6,31,38,24,10,1,11,42,46,39,36,20,17,16,24,25,11,25,26,6,8,6,37,43,32,25,5,37,6,49,25,7,10,15,8,22,35,35,43,5,24,7,30,14,18,17,17]
tiempo_ultimo_agente_goal 49
tiempo_en_acabar 49
tiempo_promedio 22.660000
agentes_en_goal 50
bad_good_total_rate_pred [907,1408,2315,0.6]
push_out_count 38
RUN 4
valores_ideales [36,12,32,6,31,36,22,10,1,11,37,46,33,22,20,17,16,22,24,11,21,25,6,8,6,37,40,29,20,5,33,6,47,17,6,6,15,7,19,33,35,43,5,24,3,30,14,16,15,17]
costo_por_agente [36,16,38,6,31,36,24,10,1,11,41,46,35,22,20,17,16,22,24,11,27,25,6,8,6,37,42,31,38,5,51,6,47,19,6,6,15,9,21,35,35,43,5,26,3,30,14,18,17,17]
completion_time_por_agente [36,19,41,6,31,36,24,10,1,11,42,46,40,25,20,17,16,22,24,12,29,25,7,8,6,37,43,34,52,5,69,6,47,19,7,8,15,10,23,35,35,43,5,26,4,30,14,18,18,17]
tiempo_ultimo_agente_goal 69
tiempo_en_acabar 69
tiempo_promedio 23.480000
agentes_en_goal 50
bad_good_total_rate_pred [994,1542,2536,0.6]
push_out_count 48
RUN 5
valores_ideales [36,12,32,6,31,36,22,10,1,11,37,46,33,22,20,17,16,22,24,11,21,25,6,8,6,37,40,29,20,5,33,6,47,17,6,6,15,7,19,33,35,43,5,24,3,30,14,16,15,17]
costo_por_agente [36,16,38,6,31,36,28,10,1,11,41,46,37,26,20,17,16,26,24,15,25,25,6,8,6,37,42,31,32,5,35,6,47,19,6,6,15,7,21,35,35,43,5,26,5,30,14,18,15,17]
completion_time_por_agente [37,16,39,6,31,36,34,10,1,11,41,47,39,27,20,17,16,26,24,21,26,25,7,8,6,37,43,34,42,5,37,6,47,19,7,9,15,10,23,35,35,43,5,26,5,30,14,19,19,17]
tiempo_ultimo_agente_goal 47
tiempo_en_acabar 47
tiempo_promedio 23.059999
agentes_en_goal 50
bad_good_total_rate_pred [926,1410,2336,0.6]
push_out_count 53
RUN 6
valores_ideales [36,12,32,6,31,36,22,10,1,11,37,46,33,22,20,17,16,22,24,11,21,25,6,8,6,37,40,29,20,5,33,6,47,17,6,6,15,7,19,33,35,43,5,24,3,30,14,16,15,17]
costo_por_agente [38,20,36,6,37,38,22,10,1,11,39,46,37,26,20,21,16,22,24,11,29,25,6,8,6,37,42,31,22,5,45,6,47,19,6,8,15,7,23,35,35,43,5,26,5,30,14,18,17,17]
completion_time_por_agente [40,29,42,6,48,44,24,10,1,11,40,53,37,26,20,23,16,22,24,12,29,25,6,8,6,40,43,33,22,5,66,6,47,19,7,10,15,10,25,35,35,43,5,27,7,30,14,18,17,17]
tiempo_ultimo_agente_goal 66
tiempo_en_acabar 66
tiempo_promedio 23.959999
agentes_en_goal 50
bad_good_total_rate_pred [1034,1336,2370,0.6]
push_out_count 71
RUN 7
valores_ideales [36,12,32,6,31,36,22,10,1,11,37,46,33,22,20,17,16,22,24,11,21,25,6,8,6,37,40,29,20,5,33,6,47,17,6,6,15,7,19,33,35,43,5,24,3,30,14,16,15,17]
costo_por_agente [36,14,38,6,33,36,22,10,1,11,41,46,39,22,20,17,16,22,24,13,29,25,6,8,6,37,42,29,32,5,35,6,47,21,6,8,15,7,21,35,35,43,5,26,3,30,14,18,15,17]
completion_time_por_agente [37,17,38,6,40,37,24,10,1,11,42,47,41,25,20,17,16,22,24,13,33,26,6,8,6,38,43,31,35,5,38,6,48,21,7,10,15,8,22,35,35,43,5,28,3,30,14,18,15,17]
tiempo_ultimo_agente_goal 48
tiempo_en_acabar 48
tiempo_promedio 22.740000
agentes_en_goal 50
bad_good_total_rate_pred [944,1431,2375,0.6]
push_out_count 74
RUN 8
valores_ideales [36,12,32,6,31,36,22,10,1,11,37,46,33,22,20,17,16,22,24,11,21,25,6,8,6,37,40,29,20,5,33,6,47,17,6,6,15,7,19,33,35,43,5,24,3,30,14,16,15,17]
costo_por_agente [36,20,36,6,33,38,30,10,1,11,41,46,35,24,20,17,16,22,24,11,21,25,6,8,6,37,42,33,22,5,37,6,47,21,6,8,15,7,25,35,35,43,5,26,3,30,14,16,15,17]
completion_time_por_agente [36,28,37,6,36,41,33,10,1,11,42,46,37,26,20,17,16,22,24,12,21,25,6,8,6,37,43,38,25,5,39,6,47,22,7,10,15,8,26,35,35,43,5,29,3,30,14,17,15,17]
tiempo_ultimo_agente_goal 47
tiempo_en_acabar 47
tiempo_promedio 22.760000
agentes_en_goal 50
bad_good_total_rate_pred [891,1314,2205,0.6]
push_out_count 84
RUN 9
valores_ideales [36,12,32,6,31,36,22,10,1,11,37,46,33,22,20,17,16,22,24,11,21,25,6,8,6,37,40,29,20,5,33,6,47,17,6,6,15,7,19,33,35,43,5,24,3,30,14,16,15,17]
costo_por_agente [38,16,34,6,37,36,22,10,1,11,41,46,43,24,20,19,16,24,24,11,29,25,8,8,6,37,42,31,30,5,39,6,47,25,6,8,15,9,19,35,35,43,5,24,3,30,14,18,17,17]
completion_time_por_agente [42,16,34,6,44,36,24,10,1,11,42,46,45,24,20,24,16,24,24,11,29,25,8,8,6,37,43,34,37,5,46,6,47,26,7,10,15,10,20,35,35,43,5,25,3,30,14,18,17,17]
tiempo_ultimo_agente_goal 47
tiempo_en_acabar 47
tiempo_promedio 23.219999
agentes_en_goal 50
bad_good_total_rate_pred [975,1404,2379,0.6]
push_out_count 91
RUN 10
valores_ideales [36,12,32,6,31,36,22,10,1,11,37,46,33,22,20,17,16,22,24,11,21,25,6,8,6,37,40,29,20,5,33,6,47,17,6,6,15,7,19,33,35,43,5,24,3,30,14,16,15,17]
costo_por_agente [38,18,32,6,37,36,26,10,1,11,41,46,39,24,20,17,16,24,24,11,25,25,6,8,6,43,42,39,26,5,41,6,47,19,6,6,15,7,21,35,35,43,5,26,3,30,14,18,15,17]
completion_time_por_agente [40,19,32,6,40,38,26,10,1,11,43,50,40,25,20,17,16,24,24,11,30,25,6,8,6,46,43,49,37,5,51,6,49,19,7,8,15,8,21,35,35,43,5,26,4,30,14,19,15,17]
tiempo_ultimo_agente_goal 51
tiempo_en_acabar 51
tiempo_promedio 23.500000
agentes_en_goal 50
bad_good_total_rate_pred [1021,1373,2394,0.6]
push_out_count 103
RUN 11
valores_ideales [36,12,32,6,31,36,22,10,1,11,37,46,33,22,20,17,16,22,24,11,21,25,6,8,6,37,40,29,20,5,33,6,47,17,6,6,15,7,19,33,35,43,5,24,3,30,14,16,15,17]
costo_por_agente [36,14,36,6,35,36,24,10,1,11,41,46,37,26,20,17,16,22,24,13,31,25,6,8,6,39,42,31,24,5,33,6,47,19,6,6,15,7,23,35,35,43,5,24,3,30,14,18,17,17]
completion_time_por_agente [37,16,37,6,37,36,27,10,1,11,42,47,39,26,20,17,16,22,24,13,33,25,6,8,6,40,43,34,26,5,37,6,47,19,7,6,15,10,27,35,35,43,5,24,4,30,14,19,17,17]
tiempo_ultimo_agente_goal 47
tiempo_en_acabar 47
tiempo_promedio 22.540001
agentes_en_goal 50
bad_good_total_rate_pred [1092,1428,2520,0.6]
push_out_count 105
RUN 12
valores_ideales [36,12,32,6,31,36,22,10,1,11,37,46,33,22,20,17,16,22,24,11,21,25,6,8,6,37,40,29,20,5,33,6,47,17,6,6,15,7,19,33,35,43,5,24,3,30,14,16,15,17]
costo_por_agente [40,16,40,6,37,36,22,10,1,11,41,46,41,22,20,17,16,24,24,11,27,29,6,8,6,37,42,29,22,5,45,6,47,19,6,6,15,7,21,35,35,43,5,26,3,30,14,18,15,17]
completion_time_por_agente [43,17,56,6,42,38,24,10,1,11,42,49,47,25,20,17,16,24,24,12,29,31,7,8,6,39,43,32,22,5,49,6,49,19,7,9,15,9,22,35,35,43,5,26,4,30,14,18,16,17]
tiempo_ultimo_agente_goal 56
tiempo_en_acabar 56
tiempo_promedio 23.480000
agentes_en_goal 50
bad_good_total_rate_pred [1065,1400,2465,0.6]
push_out_count 114
RUN 13
valores_ideales [36,12,32,6,31,36,22,10,1,11,37,46,33,22,20,17,16,22,24,11,21,25,6,8,6,37,40,29,20,5,33,6,47,17,6,6,15,7,19,33,35,43,5,24,3,30,14,16,15,17]
costo_por_agente [36,16,38,6,33,36,38,10,1,11,41,46,35,26,20,17,16,22,24,11,31,25,6,8,6,37,42,29,38,5,35,6,47,19,6,8,15,7,27,35,35,43,5,26,3,30,14,18,15,17]
completion_time_por_agente [39,16,39,6,33,36,54,10,1,11,42,49,38,28,20,17,16,22,24,12,33,25,6,8,6,37,43,31,54,5,39,6,47,22,7,11,15,10,30,35,35,43,5,28,3,30,14,18,16,17]
tiempo_ultimo_agente_goal 54
tiempo_en_acabar 54
tiempo_promedio 23.840000
agentes_en_goal 50
bad_good_total_rate_pred [1043,1463,2506,0.6]
push_out_count 128
RUN 14
valores_ideales [36,12,32,6,31,36,22,10,1,11,37,46,33,22,20,17,16,22,24,11,21,25,6,8,6,37,40,29,20,5,33,6,47,17,6,6,15,7,19,33,35,43,5,24,3,30,14,16,15,17]
costo_por_agente [40,12,38,6,33,36,22,10,1,11,41,46,37,22,20,17,16,22,24,11,31,25,6,8,6,37,42,29,30,5,41,6,47,21,6,6,15,7,25,35,35,43,5,26,5,30,14,18,15,17]
completion_time_por_agente [41,12,38,6,44,37,29,10,1,11,42,46,38,25,20,17,16,22,24,11,33,29,6,8,6,37,43,32,40,5,54,6,48,22,7,9,15,8,31,37,35,43,5,26,7,30,14,18,15,17]
tiempo_ultimo_agente_goal 54
tiempo_en_acabar 54
tiempo_promedio 23.520000
agentes_en_goal 50
bad_good_total_rate_pred [1038,1347,2385,0.6]
push_out_count 137
RUN 15
valores_ideales [36,12,32,6,31,36,22,10,1,11,37,46,33,22,20,17,16,22,24,11,21,25,6,8,6,37,40,29,20,5,33,6,47,17,6,6,15,7,19,33,35,43,5,24,3,30,14,16,15,17]
costo_por_agente [38,16,34,6,39,42,24,10,1,11,41,48,39,28,20,17,16,24,24,11,29,25,6,8,6,37,42,29,30,5,41,6,47,19,6,6,15,7,21,35,35,43,5,26,3,30,14,18,15,17]
completion_time_por_agente [44,16,38,6,51,49,24,10,1,11,42,54,45,29,20,17,16,24,24,11,29,25,7,8,6,37,43,31,40,5,49,6,48,22,7,6,15,10,24,35,35,43,5,26,3,30,14,18,17,17]
tiempo_ultimo_agente_goal 54
tiempo_en_acabar 54
tiempo_promedio 23.860001
agentes_en_goal 50
bad_good_total_rate_pred [1054,1322,2376,0.6]
push_out_count 147
RUN 16
valores_ideales [36,12,32,6,31,36,22,10,1,11,37,46,33,22,20,17,16,22,24,11,21,25,6,8,6,37,40,29,20,5,33,6,47,17,6,6,15,7,19,33,35,43,5,24,3,30,14,16,15,17]
costo_por_agente [36,16,36,6,33,36,22,10,1,11,41,46,35,26,20,17,16,22,24,11,27,25,6,8,6,37,42,33,24,5,41,6,47,19,6,8,15,9,21,35,35,43,5,24,3,30,14,18,17,17]
completion_time_por_agente [38,16,38,6,36,36,23,10,1,11,42,48,37,26,20,17,16,22,24,11,28,25,6,8,6,40,43,41,27,5,46,6,47,22,7,10,15,10,21,35,35,43,5,25,3,30,14,18,18,17]
tiempo_ultimo_agente_goal 48
tiempo_en_acabar 48
tiempo_promedio 22.680000
agentes_en_goal 50
bad_good_total_rate_pred [944,1333,2277,0.6]
push_out_count 151
RUN 17
valores_ideales [36,12,32,6,31,36,22,10,1,11,37,46,33,22,20,17,16,22,24,11,21,25,6,8,6,37,40,29,20,5,33,6,47,17,6,6,15,7,19,33,35,43,5,24,3,30,14,16,15,17]
costo_por_agente [36,22,40,6,33,36,24,10,1,11,41,46,37,22,20,17,16,22,26,13,37,27,6,8,6,37,42,35,22,5,37,6,47,19,6,8,15,7,23,35,35,43,5,24,3,30,14,18,15,17]
completion_time_por_agente [36,27,41,6,34,37,25,10,1,11,42,46,43,25,20,17,16,23,28,13,40,27,7,8,6,38,43,41,28,5,38,6,48,21,7,10,15,8,29,35,35,43,5,26,5,30,14,18,15,17]
tiempo_ultimo_agente_goal 48
tiempo_en_acabar 48
tiempo_promedio 23.379999
agentes_en_goal 50
bad_good_total_rate_pred [1109,1413,2522,0.6]
push_out_count 154
RUN 18
valores_ideales [36,12,32,6,31,36,22,10,1,11,37,46,33,22,20,17,16,22,24,11,21,25,6,8,6,37,40,29,20,5,33,6,47,17,6,6,15,7,19,33,35,43,5,24,3,30,14,16,15,17]
costo_por_agente [36,14,38,6,45,36,22,10,1,11,39,46,35,24,20,17,16,24,24,11,27,25,6,8,6,37,42,29,38,5,41,6,47,21,6,8,15,7,25,35,35,43,5,28,5,30,14,16,15,17]
completion_time_por_agente [36,16,46,6,61,37,24,10,1,11,40,47,37,26,20,17,16,24,24,12,29,25,6,8,6,37,43,31,59,5,49,6,48,22,6,10,15,10,30,35,35,43,5,30,5,30,14,17,15,17]
tiempo_ultimo_agente_goal 61
tiempo_en_acabar 61
tiempo_promedio 24.040001
agentes_en_goal 50
bad_good_total_rate_pred [1015,1467,2482,0.6]
push_out_count 169
RUN 19
valores_ideales [36,12,32,6,31,36,22,10,1,11,37,46,33,22,20,17,16,22,24,11,21,25,6,8,6,37,40,29,20,5,33,6,47,17,6,6,15,7,19,33,35,43,5,24,3,30,14,16,15,17]
costo_por_agente [36,14,32,6,35,36,22,10,1,11,41,46,41,24,20,17,16,22,24,11,31,25,6,8,6,37,42,31,22,5,35,6,47,21,6,6,15,7,25,35,35,43,5,26,3,30,14,16,15,17]
completion_time_por_agente [37,16,32,6,38,37,24,10,1,11,42,47,43,25,20,17,16,22,24,12,33,26,6,8,6,37,43,35,25,5,39,6,48,22,7,6,15,8,26,35,35,43,5,28,3,30,14,19,15,17]
tiempo_ultimo_agente_goal 48
tiempo_en_acabar 48
tiempo_promedio 22.500000
agentes_en_goal 50
bad_good_total_rate_pred [1068,1345,2413,0.6]
push_out_count 171
RUN 20
valores_ideales [36,12,32,6,31,36,22,10,1,11,37,46,33,22,20,17,16,22,24,11,21,25,6,8,6,37,40,29,20,5,33,6,47,17,6,6,15,7,19,33,35,43,5,24,3,30,14,16,15,17]
costo_por_agente [36,14,36,6,37,36,22,10,1,11,39,46,35,22,20,17,16,24,24,11,27,25,6,8,6,37,42,29,30,5,35,6,47,21,6,6,15,7,21,35,35,43,5,26,5,30,14,18,15,17]
completion_time_por_agente [38,16,42,6,38,37,24,10,1,11,40,48,37,25,20,17,16,24,24,12,29,25,6,8,6,37,43,31,35,5,39,6,48,22,7,6,15,10,24,35,35,43,5,26,7,30,14,18,15,17]
tiempo_ultimo_agente_goal 48
tiempo_en_acabar 48
tiempo_promedio 22.660000
agentes_en_goal 50
bad_good_total_rate_pred [937,1419,2356,0.6]
push_out_count 175
RUN 21
valores_ideales [36,12,32,6,31,36,22,10,1,11,37,46,33,22,20,17,16,22,24,11,21,25,6,8,6,37,40,29,20,5,33,6,47,17,6,6,15,7,19,33,35,43,5,24,3,30,14,16,15,17]
costo_por_agente [36,16,40,6,37,36,32,10,1,11,39,46,47,24,20,17,16,22,24,11,29,25,6,8,6,37,42,31,24,5,33,6,47,19,6,8,15,7,21,35,35,43,5,24,3,30,14,18,15,17]
completion_time_por_agente [39,16,52,6,41,39,39,10,1,11,40,49,64,24,20,17,16,22,24,14,31,25,7,8,6,37,43,33,26,5,37,6,50,21,7,10,15,8,22,35,35,43,5,24,3,30,16,18,15,17]
tiempo_ultimo_agente_goal 64
tiempo_en_acabar 64
tiempo_promedio 23.639999
agentes_en_goal 50
bad_good_total_rate_pred [933,1412,2345,0.6]
push_out_count 188
RUN 22
valores_ideales [36,12,32,6,31,36,22,10,1,11,37,46,33,22,20,17,16,22,24,11,21,25,6,8,6,37,40,29,20,5,33,6,47,17,6,6,15,7,19,33,35,43,5,24,3,30,14,16,15,17]
costo_por_agente [36,22,34,6,35,36,22,10,1,11,43,46,37,24,20,17,16,24,24,11,23,25,6,8,6,37,42,29,24,5,35,6,47,19,6,8,15,7,29,35,35,43,5,26,5,30,14,20,17,17]
completion_time_por_agente [36,23,34,6,39,37,22,10,1,11,43,46,38,25,20,17,16,24,24,11,23,26,6,8,6,37,43,31,27,5,39,6,48,22,7,10,15,10,33,35,35,43,5,28,7,30,14,21,17,17]
tiempo_ultimo_agente_goal 48
tiempo_en_acabar 48
tiempo_promedio 22.740000
agentes_en_goal 50
bad_good_total_rate_pred [951,1339,2290,0.6]
push_out_count 191
RUN 23
valores_ideales [36,12,32,6,31,36,22,10,1,11,37,46,33,22,20,17,16,22,24,11,21,25,6,8,6,37,40,29,20,5,33,6,47,17,6,6,15,7,19,33,35,43,5,24,3,30,14,16,15,17]
costo_por_agente [36,16,32,6,35,36,24,10,1,11,41,46,35,24,20,17,16,22,24,17,37,25,6,8,6,37,42,31,26,5,37,6,47,21,6,6,15,7,21,35,35,43,5,24,5,30,14,18,15,17]
completion_time_por_agente [42,17,32,6,35,37,31,10,1,11,42,52,39,25,20,17,16,22,24,25,47,25,6,8,6,37,43,36,37,5,43,6,48,22,7,6,15,8,21,35,35,43,5,28,7,30,14,18,15,17]
tiempo_ultimo_agente_goal 52
tiempo_en_acabar 52
tiempo_promedio 23.540001
agentes_en_goal 50
bad_good_total_rate_pred [1115,1356,2471,0.5]
push_out_count 201
RUN 24
valores_ideales [36,12,32,6,31,36,22,10,1,11,37,46,33,22,20,17,16,22,24,11,21,25,6,8,6,37,40,29,20,5,33,6,47,17,6,6,15,7,19,33,35,43,5,24,3,30,14,16,15,17]
costo_por_agente [40,24,32,6,41,36,22,10,1,11,41,50,45,24,20,17,16,22,24,11,27,25,6,8,6,37,42,31,42,5,41,6,47,21,6,8,15,7,23,35,35,43,5,26,5,30,14,18,15,17]
completion_time_por_agente [48,30,34,6,59,37,24,10,1,11,41,58,55,26,20,17,16,22,24,11,29,25,7,8,6,39,43,33,70,5,53,6,48,22,7,10,15,8,33,35,35,43,5,27,7,30,14,18,16,17]
tiempo_ultimo_agente_goal 70
tiempo_en_acabar 70
tiempo_promedio 25.280001
agentes_en_goal 50
bad_good_total_rate_pred [1258,1648,2906,0.6]
push_out_count 225
RUN 25
valores_ideales [36,12,32,6,31,36,22,10,1,11,37,46,33,22,20,17,16,22,24,11,21,25,6,8,6,37,40,29,20,5,33,6,47,17,6,6,15,7,19,33,35,43,5,24,3,30,14,16,15,17]
costo_por_agente [36,22,34,6,35,38,24,10,1,11,41,46,39,24,20,17,16,22,24,11,29,25,6,8,6,37,42,29,22,5,39,6,47,21,6,8,15,7,21,35,35,43,5,26,3,30,14,18,15,17]
completion_time_por_agente [39,27,35,6,42,43,26,10,1,11,42,50,41,25,20,17,16,22,24,12,31,25,7,8,6,38,43,31,23,5,47,6,48,24,7,12,15,8,22,35,35,43,5,26,3,30,14,18,15,17]
tiempo_ultimo_agente_goal 50
tiempo_en_acabar 50
tiempo_promedio 23.120001
agentes_en_goal 50
bad_good_total_rate_pred [1000,1357,2357,0.6]
push_out_count 234
RUN 26
valores_ideales [36,12,32,6,31,36,22,10,1,11,37,46,33,22,20,17,16,22,24,11,21,25,6,8,6,37,40,29,20,5,33,6,47,17,6,6,15,7,19,33,35,43,5,24,3,30,14,16,15,17]
costo_por_agente [38,18,32,6,35,38,22,10,1,11,41,46,37,28,20,17,16,22,24,17,37,25,6,8,6,37,42,29,24,5,35,6,49,21,6,6,15,7,21,35,35,43,5,26,3,30,14,18,15,17]
completion_time_por_agente [40,19,32,7,38,42,24,10,1,11,42,46,41,31,20,17,16,22,24,23,38,27,6,8,6,38,43,31,27,5,39,6,53,22,7,6,15,9,22,35,35,43,5,27,3,30,14,18,15,17]
tiempo_ultimo_agente_goal 53
tiempo_en_acabar 53
tiempo_promedio 23.120001
agentes_en_goal 50
bad_good_total_rate_pred [1106,1385,2491,0.6]
push_out_count 236
RUN 27
valores_ideales [36,12,32,6,31,36,22,10,1,11,37,46,33,22,20,17,16,22,24,11,21,25,6,8,6,37,40,29,20,5,33,6,47,17,6,6,15,7,19,33,35,43,5,24,3,30,14,16,15,17]
costo_por_agente [38,12,38,6,39,36,24,10,1,11,41,46,35,26,20,21,16,24,24,11,27,25,6,8,6,37,42,29,26,5,37,6,47,21,6,6,15,7,21,35,35,43,5,26,5,30,14,18,17,17]
completion_time_por_agente [41,12,40,6,49,36,24,10,1,11,42,52,38,29,20,26,16,24,24,12,29,25,6,8,6,37,43,34,33,5,42,6,47,22,7,9,15,8,23,37,35,43,5,26,7,30,14,18,17,17]
tiempo_ultimo_agente_goal 52
tiempo_en_acabar 52
tiempo_promedio 23.340000
agentes_en_goal 50
bad_good_total_rate_pred [995,1357,2352,0.6]
push_out_count 246
RUN 28
valores_ideales [36,12,32,6,31,36,22,10,1,11,37,46,33,22,20,17,16,22,24,11,21,25,6,8,6,37,40,29,20,5,33,6,47,17,6,6,15,7,19,33,35,43,5,24,3,30,14,16,15,17]
costo_por_agente [36,18,38,6,31,36,22,10,1,11,41,46,35,24,20,17,16,24,24,11,35,25,6,8,6,37,42,29,34,5,35,6,47,21,6,8,15,7,23,35,35,43,5,26,3,30,14,18,15,17]
completion_time_por_agente [36,20,39,6,31,39,23,10,1,11,42,46,38,25,20,17,16,24,27,11,40,25,6,8,6,37,43,34,48,5,39,6,48,26,7,12,15,10,24,35,35,43,5,26,4,30,14,19,15,17]
tiempo_ultimo_agente_goal 48
tiempo_en_acabar 48
tiempo_promedio 23.280001
agentes_en_goal 50
bad_good_total_rate_pred [1004,1541,2545,0.6]
push_out_count 256
RUN 29
valores_ideales [36,12,32,6,31,36,22,10,1,11,37,46,33,22,20,17,16,22,24,11,21,25,6,8,6,37,40,29,20,5,33,6,47,17,6,6,15,7,19,33,35,43,5,24,3,30,14,16,15,17]
costo_por_agente [48,22,34,6,37,36,24,10,1,11,41,48,39,24,20,17,16,22,24,11,27,25,6,8,6,37,42,33,24,5,49,6,47,19,6,6,15,7,27,35,35,43,5,24,3,30,14,18,17,17]
completion_time_por_agente [60,34,38,6,40,36,25,10,1,11,42,50,45,25,20,17,16,22,24,12,31,26,6,8,6,37,43,34,27,5,60,6,47,20,7,9,15,10,31,35,35,43,5,26,3,30,14,19,17,17]
tiempo_ultimo_agente_goal 60
tiempo_en_acabar 60
tiempo_promedio 24.120001
agentes_en_goal 50
bad_good_total_rate_pred [1124,1462,2586,0.6]
push_out_count 268
RUN 30
valores_ideales [36,12,32,6,31,36,22,10,1,11,37,46,33,22,20,17,16,22,24,11,21,25,6,8,6,37,40,29,20,5,33,6,47,17,6,6,15,7,19,33,35,43,5,24,3,30,14,16,15,17]
costo_por_agente [38,18,42,6,37,36,24,10,1,11,41,46,35,24,20,17,16,24,24,11,29,25,6,8,6,37,42,31,34,5,39,6,47,21,6,8,15,7,23,35,35,43,5,26,3,30,14,18,15,17]
completion_time_por_agente [41,20,45,6,46,36,25,10,1,11,42,56,40,25,20,17,16,24,24,11,30,25,7,8,6,37,43,34,50,5,46,6,47,22,7,10,15,9,26,35,35,43,5,27,3,30,14,18,15,17]
tiempo_ultimo_agente_goal 56
tiempo_en_acabar 56
tiempo_promedio 23.820000
agentes_en_goal 50
bad_good_total_rate_pred [1017,1465,2482,0.6]
push_out_count 281
RUN 31
valores_ideales [36,12,32,6,31,36,22,10,1,11,37,46,33,22,20,17,16,22,24,11,21,25,6,8,6,37,40,29,20,5,33,6,47,17,6,6,15,7,19,33,35,43,5,24,3,30,14,16,15,17]
costo_por_agente [40,18,38,6,37,36,26,10,1,11,39,46,51,28,20,17,16,24,24,11,25,25,6,8,6,37,42,29,28,5,39,6,47,21,6,8,15,9,19,35,35,43,5,26,3,30,14,18,15,17]
completion_time_por_agente [43,19,48,6,42,37,31,10,1,11,40,49,68,29,20,17,16,24,24,12,28,27,6,8,6,37,43,31,41,5,46,6,48,22,7,10,15,10,21,35,35,43,5,26,4,30,14,18,15,17]
tiempo_ultimo_agente_goal 68
tiempo_en_acabar 68
tiempo_promedio 24.120001
agentes_en_goal 50
bad_good_total_rate_pred [947,1525,2472,0.6]
push_out_count 300
RUN 32
valores_ideales [36,12,32,6,31,36,22,10,1,11,37,46,33,22,20,17,16,22,24,11,21,25,6,8,6,37,40,29,20,5,33,6,47,17,6,6,15,7,19,33,35,43,5,24,3,30,14,16,15,17]
costo_por_agente [38,26,36,6,39,36,22,10,1,11,41,46,35,24,20,17,16,24,44,11,39,25,6,8,6,39,42,29,36,5,43,6,47,19,6,8,15,9,23,35,35,43,5,24,3,30,14,18,15,17]
completion_time_por_agente [46,33,38,6,44,36,28,10,1,11,42,56,37,26,20,17,16,24,61,11,51,25,7,8,6,43,43,30,45,5,57,6,47,20,7,12,15,10,23,35,35,44,5,25,3,30,14,18,15,17]
tiempo_ultimo_agente_goal 61
tiempo_en_acabar 61
tiempo_promedio 25.280001
agentes_en_goal 50
bad_good_total_rate_pred [1307,1640,2947,0.6]
push_out_count 320
RUN 33
valores_ideales [36,12,32,6,31,36,22,10,1,11,37,46,33,22,20,17,16,22,24,11,21,25,6,8,6,37,40,29,20,5,33,6,47,17,6,6,15,7,19,33,35,43,5,24,3,30,14,16,15,17]
costo_por_agente [36,18,34,6,35,36,22,10,1,11,41,46,37,24,20,17,16,22,24,11,27,25,6,8,6,37,42,31,22,5,37,6,47,23,6,8,15,7,27,35,35,43,5,26,3,30,14,18,15,17]
completion_time_por_agente [39,20,34,6,44,37,24,10,1,11,42,49,40,26,20,17,16,22,24,12,29,25,6,8,6,40,43,33,22,5,47,6,48,25,6,12,15,10,32,35,35,43,5,27,3,30,14,18,15,17]
tiempo_ultimo_agente_goal 49
tiempo_en_acabar 49
tiempo_promedio 23.080000
agentes_en_goal 50
bad_good_total_rate_pred [931,1434,2365,0.6]
push_out_count 329
RUN 34
valores_ideales [36,12,32,6,31,36,22,10,1,11,37,46,33,22,20,17,16,22,24,11,21,25,6,8,6,37,40,29,20,5,33,6,47,17,6,6,15,7,19,33,35,43,5,24,3,30,14,16,15,17]
costo_por_agente [36,16,36,6,31,36,22,10,1,11,39,46,39,28,20,17,16,22,24,11,27,25,6,8,6,37,42,29,30,5,37,6,47,21,6,6,15,7,25,37,35,43,5,26,3,30,14,18,15,17]
completion_time_por_agente [39,16,37,6,34,37,24,10,1,11,40,49,40,31,20,17,16,22,24,12,29,25,6,8,6,37,43,31,38,5,41,6,48,22,7,9,15,9,29,38,35,43,5,26,5,30,14,18,15,17]
tiempo_ultimo_agente_goal 49
tiempo_en_acabar 49
tiempo_promedio 22.920000
agentes_en_goal 50
bad_good_total_rate_pred [1030,1413,2443,0.6]
push_out_count 331
RUN 35
valores_ideales [36,12,32,6,31,36,22,10,1,11,37,46,33,22,20,17,16,22,24,11,21,25,6,8,6,37,40,29,20,5,33,6,47,17,6,6,15,7,19,33,35,43,5,24,3,30,14,16,15,17]
costo_por_agente [40,16,38,6,33,36,24,10,1,11,41,50,35,24,20,17,16,22,24,13,25,25,6,8,6,37,42,31,26,5,39,6,47,19,6,8,15,7,19,35,35,43,5,26,3,30,14,18,15,17]
completion_time_por_agente [48,17,45,6,40,37,31,10,1,11,42,58,40,27,20,17,16,22,24,13,28,25,6,8,6,37,43,31,32,5,51,6,48,22,6,10,15,9,22,35,35,43,5,26,4,30,14,18,15,17]
tiempo_ultimo_agente_goal 58
tiempo_en_acabar 58
tiempo_promedio 23.540001
agentes_en_goal 50
bad_good_total_rate_pred [1023,1391,2414,0.6]
push_out_count 344
RUN 36
valores_ideales [36,12,32,6,31,36,22,10,1,11,37,46,33,22,20,17,16,22,24,11,21,25,6,8,6,37,40,29,20,5,33,6,47,17,6,6,15,7,19,33,35,43,5,24,3,30,14,16,15,17]
costo_por_agente [38,16,32,6,35,36,22,10,1,11,41,46,41,32,20,17,16,24,24,11,29,29,6,8,6,37,42,31,30,5,35,6,47,21,6,8,15,7,21,35,35,43,5,24,3,30,14,18,15,17]
completion_time_por_agente [42,16,32,6,40,37,24,10,1,11,42,49,44,34,20,17,16,24,24,12,30,29,6,8,6,37,43,31,35,5,40,6,48,22,7,10,15,8,25,37,35,43,5,24,5,30,14,18,17,17]
tiempo_ultimo_agente_goal 49
tiempo_en_acabar 49
tiempo_promedio 23.139999
agentes_en_goal 50
bad_good_total_rate_pred [973,1434,2407,0.6]
push_out_count 348
RUN 37
valores_ideales [36,12,32,6,31,36,22,10,1,11,37,46,33,22,20,17,16,22,24,11,21,25,6,8,6,37,40,29,20,5,33,6,47,17,6,6,15,7,19,33,35,43,5,24,3,30,14,16,15,17]
costo_por_agente [38,14,38,6,33,36,22,10,1,11,41,46,37,22,20,17,16,24,24,11,25,25,6,8,6,39,42,29,24,5,33,6,47,19,6,8,15,7,25,35,35,43,5,26,5,30,14,18,15,17]
completion_time_por_agente [39,14,38,6,34,36,22,10,1,11,42,49,38,25,20,17,16,24,24,12,27,25,6,8,6,41,43,30,28,5,40,6,47,20,7,10,15,10,29,36,35,43,5,26,7,30,14,19,15,17]
tiempo_ultimo_agente_goal 49
tiempo_en_acabar 49
tiempo_promedio 22.559999
agentes_en_goal 50
bad_good_total_rate_pred [993,1398,2391,0.6]
push_out_count 352
RUN 38
valores_ideales [36,12,32,6,31,36,22,10,1,11,37,46,33,22,20,17,16,22,24,11,21,25,6,8,6,37,40,29,20,5,33,6,47,17,6,6,15,7,19,33,35,43,5,24,3,30,14,16,15,17]
costo_por_agente [38,16,36,6,35,36,22,10,1,11,41,46,35,24,20,17,16,22,24,11,25,25,8,8,6,37,42,29,26,5,55,6,47,19,6,8,15,9,21,35,35,43,5,26,3,30,14,16,17,17]
completion_time_por_agente [43,18,37,6,35,36,22,10,1,11,42,53,37,25,20,17,16,22,24,11,29,25,8,8,6,37,43,30,32,5,78,6,47,20,7,10,15,11,22,35,35,43,5,27,3,30,14,17,18,18]
tiempo_ultimo_agente_goal 78
tiempo_en_acabar 78
tiempo_promedio 23.400000
agentes_en_goal 50
bad_good_total_rate_pred [988,1338,2326,0.6]
push_out_count 362
RUN 39
valores_ideales [36,12,32,6,31,36,22,10,1,11,37,46,33,22,20,17,16,22,24,11,21,25,6,8,6,37,40,29,20,5,33,6,47,17,6,6,15,7,19,33,35,43,5,24,3,30,14,16,15,17]
costo_por_agente [38,16,34,6,33,36,22,10,1,11,43,46,35,24,20,17,16,22,24,11,31,25,6,8,6,37,42,29,30,5,35,6,47,21,6,8,15,7,19,35,35,43,5,26,3,30,14,18,15,17]
completion_time_por_agente [43,16,37,6,33,37,31,10,1,11,43,53,41,26,20,17,16,22,24,11,40,25,7,8,6,37,43,31,42,5,39,6,48,22,7,12,15,8,20,35,35,43,5,28,3,30,14,18,15,17]
tiempo_ultimo_agente_goal 53
tiempo_en_acabar 53
tiempo_promedio 23.240000
agentes_en_goal 50
bad_good_total_rate_pred [965,1396,2361,0.6]
push_out_count 368
