RUN 0
valores_ideales [0,0,0,0,0,0,0,0,0,0,0,0,0,0,0,0,0,0,0,0,0,0,0,0,0,0,0,0,0,0,0,0,0,0,0,0,0,0,0,0,0,0,0,0,0,0,0,0,0,0,0,0,0,0,0,0,0,0,0,0,0,0,0,0,0,0,0,0,0,0,0,0,0,0,0,0,0,0,0,0,0,0,0,0,0,0,0,0,0,0,0,0,0,0,0,0,0,0,0,0]
costo_por_agente [40,41,97,62,62,66,37,69,2,51,148,4,19,59,5,52,22,16,8,111,33,48,73,31,27,68,129,27,13,13,27,37,10,26,49,18,23,31,107,50,48,33,28,102,32,54,44,66,19,19,15,23,49,121,15,105,109,56,56,24,5,18,17,6,6,82,54,44,76,50,83,68,8,27,26,33,16,17,27,32,100,20,6,52,99,80,26,54,13,25,26,47,43,9,91,4,9,59,77,14]
completion_time_por_agente [41,42,99,64,63,67,39,73,3,52,149,5,20,60,6,53,23,17,9,115,34,50,75,32,28,69,130,28,14,14,28,39,11,27,51,19,24,32,108,53,49,36,29,105,34,55,45,67,21,20,16,25,51,122,16,107,110,57,59,25,6,19,18,7,7,83,55,45,79,52,85,69,9,29,27,34,17,18,28,33,102,21,7,53,100,82,27,56,14,26,27,48,44,10,95,5,10,63,79,15]
tiempo_ultimo_agente_goal 149
tiempo_en_acabar 149
tiempo_promedio 45.189999
agentes_en_goal 100
push_out_count 0
RUN 1
valores_ideales [0,0,0,0,0,0,0,0,0,0,0,0,0,0,0,0,0,0,0,0,0,0,0,0,0,0,0,0,0,0,0,0,0,0,0,0,0,0,0,0,0,0,0,0,0,0,0,0,0,0,0,0,0,0,0,0,0,0,0,0,0,0,0,0,0,0,0,0,0,0,0,0,0,0,0,0,0,0,0,0,0,0,0,0,0,0,0,0,0,0,0,0,0,0,0,0,0,0,0,0]
costo_por_agente [40,29,67,68,58,108,41,99,2,61,230,6,17,91,5,38,20,18,8,77,35,28,63,19,31,104,127,29,13,13,19,35,10,26,45,16,23,31,163,58,48,41,42,112,40,76,42,96,23,19,13,23,45,39,17,117,63,44,190,26,9,18,13,6,4,88,172,40,104,36,57,62,8,25,32,37,12,17,33,30,122,22,6,62,97,42,26,88,15,45,22,47,83,9,113,4,9,27,89,34]
completion_time_por_agente [41,30,69,69,59,110,44,101,3,62,232,7,18,94,6,40,21,19,9,81,36,29,66,20,32,105,129,30,14,14,20,36,11,27,47,17,24,32,164,59,49,43,43,116,42,78,43,97,25,20,14,24,46,40,19,119,65,47,192,27,10,19,14,7,5,89,173,41,107,39,59,63,9,26,33,38,13,18,34,32,125,23,7,64,98,43,27,89,16,46,23,48,86,10,114,5,10,28,90,35]
tiempo_ultimo_agente_goal 232
tiempo_en_acabar 232
tiempo_promedio 49.919998
agentes_en_goal 100
push_out_count 0
RUN 2
valores_ideales [0,0,0,0,0,0,0,0,0,0,0,0,0,0,0,0,0,0,0,0,0,0,0,0,0,0,0,0,0,0,0,0,0,0,0,0,0,0,0,0,0,0,0,0,0,0,0,0,0,0,0,0,0,0,0,0,0,0,0,0,0,0,0,0,0,0,0,0,0,0,0,0,0,0,0,0,0,0,0,0,0,0,0,0,0,0,0,0,0,0,0,0,0,0,0,0,0,0,0,0]
costo_por_agente [40,43,87,102,98,158,39,73,2,55,168,6,21,71,5,84,24,18,8,103,43,52,65,35,29,50,63,27,13,13,23,35,10,26,41,32,23,37,39,42,102,43,48,110,22,90,48,78,17,17,13,31,43,59,27,115,137,122,366,48,5,18,19,6,4,94,168,32,140,44,71,46,8,21,32,31,12,29,35,30,126,20,8,98,167,38,26,48,13,25,20,43,69,9,75,4,5,23,79,14]
completion_time_por_agente [41,44,89,105,101,161,40,75,3,56,169,7,22,73,6,89,25,19,9,105,46,53,67,37,30,53,68,28,14,14,25,36,11,27,42,33,24,38,40,43,106,45,49,112,23,94,49,79,18,18,14,32,45,60,28,116,140,125,369,49,6,19,20,7,5,95,170,33,142,45,73,47,9,22,33,32,13,31,36,31,127,21,9,100,170,39,27,49,14,26,21,44,71,10,76,5,6,25,80,15]
tiempo_ultimo_agente_goal 369
tiempo_en_acabar 369
tiempo_promedio 53.430000
agentes_en_goal 100
push_out_count 0
RUN 3
valores_ideales [0,0,0,0,0,0,0,0,0,0,0,0,0,0,0,0,0,0,0,0,0,0,0,0,0,0,0,0,0,0,0,0,0,0,0,0,0,0,0,0,0,0,0,0,0,0,0,0,0,0,0,0,0,0,0,0,0,0,0,0,0,0,0,0,0,0,0,0,0,0,0,0,0,0,0,0,0,0,0,0,0,0,0,0,0,0,0,0,0,0,0,0,0,0,0,0,0,0,0,0]
costo_por_agente [34,29,71,70,98,120,41,59,2,57,180,4,23,97,5,36,26,18,8,107,43,32,69,65,31,48,161,29,13,13,21,53,10,30,41,18,23,33,143,36,52,27,48,122,46,128,38,88,17,17,13,37,53,117,19,155,127,88,66,42,5,18,13,6,4,102,182,42,142,36,65,42,8,23,30,37,14,17,31,38,138,28,6,86,119,28,40,108,13,27,24,49,61,9,47,4,7,19,63,14]
completion_time_por_agente [35,30,72,72,100,121,42,62,3,58,182,5,24,99,6,38,27,19,9,108,45,33,70,67,33,49,162,30,14,14,22,55,11,31,42,19,24,34,145,37,53,29,49,124,47,131,39,89,18,18,14,39,54,118,21,157,129,89,67,43,6,19,14,7,5,103,184,43,143,38,66,44,9,24,31,38,15,18,32,39,140,29,7,88,120,29,42,109,14,28,27,50,64,10,49,5,8,20,66,15]
tiempo_ultimo_agente_goal 184
tiempo_en_acabar 184
tiempo_promedio 51.750000
agentes_en_goal 100
push_out_count 0
RUN 4
valores_ideales [0,0,0,0,0,0,0,0,0,0,0,0,0,0,0,0,0,0,0,0,0,0,0,0,0,0,0,0,0,0,0,0,0,0,0,0,0,0,0,0,0,0,0,0,0,0,0,0,0,0,0,0,0,0,0,0,0,0,0,0,0,0,0,0,0,0,0,0,0,0,0,0,0,0,0,0,0,0,0,0,0,0,0,0,0,0,0,0,0,0,0,0,0,0,0,0,0,0,0,0]
costo_por_agente [42,29,91,90,120,110,41,117,2,45,172,4,17,85,5,74,20,16,8,99,37,28,91,33,33,46,151,27,13,13,29,35,10,28,41,16,23,39,191,68,84,29,30,140,26,98,44,128,13,17,13,39,39,151,17,191,91,122,140,22,5,18,13,6,4,92,76,32,96,42,105,50,8,23,26,31,12,21,29,30,84,24,6,62,121,36,40,46,13,25,20,57,63,9,57,4,7,29,99,14]
completion_time_por_agente [44,30,99,92,123,112,46,119,3,46,176,5,18,88,6,75,21,17,9,100,40,29,92,35,34,47,156,28,14,14,30,36,11,29,42,17,24,40,193,69,88,31,31,144,28,100,45,129,14,18,14,41,40,153,19,192,92,123,142,23,6,19,14,7,5,93,80,33,101,43,107,51,9,24,27,32,13,22,30,31,86,25,7,63,123,37,42,47,14,26,21,58,65,10,58,5,8,30,100,15]
tiempo_ultimo_agente_goal 193
tiempo_en_acabar 193
tiempo_promedio 52.630001
agentes_en_goal 100
push_out_count 0
RUN 5
valores_ideales [0,0,0,0,0,0,0,0,0,0,0,0,0,0,0,0,0,0,0,0,0,0,0,0,0,0,0,0,0,0,0,0,0,0,0,0,0,0,0,0,0,0,0,0,0,0,0,0,0,0,0,0,0,0,0,0,0,0,0,0,0,0,0,0,0,0,0,0,0,0,0,0,0,0,0,0,0,0,0,0,0,0,0,0,0,0,0,0,0,0,0,0,0,0,0,0,0,0,0,0]
costo_por_agente [38,29,105,72,90,144,43,51,2,49,100,6,19,65,5,38,22,24,8,79,41,22,93,49,61,88,77,29,13,13,17,33,10,30,45,28,23,31,143,36,58,33,36,102,24,74,50,78,15,17,13,25,41,163,27,203,67,60,56,44,5,18,15,6,6,80,126,34,90,44,83,34,8,21,26,33,12,17,33,36,102,26,6,56,147,28,32,90,23,27,18,41,65,9,103,4,5,25,65,14]
completion_time_por_agente [39,30,106,74,91,145,47,52,3,50,102,7,20,66,6,41,23,25,9,80,44,24,95,50,62,95,80,30,14,14,18,34,11,31,47,29,24,32,144,37,59,34,37,106,26,76,51,80,16,18,14,27,43,164,30,205,68,62,60,46,6,19,16,7,7,83,127,35,91,46,86,36,9,22,28,34,13,18,34,37,104,27,7,57,148,29,33,91,24,28,19,42,66,10,105,5,6,27,66,15]
tiempo_ultimo_agente_goal 205
tiempo_en_acabar 205
tiempo_promedio 48.160000
agentes_en_goal 100
push_out_count 0
RUN 6
valores_ideales [0,0,0,0,0,0,0,0,0,0,0,0,0,0,0,0,0,0,0,0,0,0,0,0,0,0,0,0,0,0,0,0,0,0,0,0,0,0,0,0,0,0,0,0,0,0,0,0,0,0,0,0,0,0,0,0,0,0,0,0,0,0,0,0,0,0,0,0,0,0,0,0,0,0,0,0,0,0,0,0,0,0,0,0,0,0,0,0,0,0,0,0,0,0,0,0,0,0,0,0]
costo_por_agente [32,47,45,70,94,98,45,113,2,49,254,6,21,97,5,92,24,16,8,121,31,40,71,47,27,62,65,27,13,13,21,33,10,26,41,20,23,43,37,60,60,31,36,102,42,88,46,74,27,17,13,23,57,101,17,215,137,78,286,18,7,18,13,6,4,86,126,36,108,32,71,52,8,25,30,235,12,23,21,34,90,22,6,74,77,56,26,50,17,25,18,41,91,9,57,4,5,27,53,14]
completion_time_por_agente [34,48,46,71,95,99,49,114,3,50,255,7,22,99,6,93,25,17,9,122,33,41,73,48,28,64,67,28,14,14,22,34,11,27,43,21,24,44,38,61,61,32,38,104,44,90,47,75,28,18,14,24,58,102,18,216,139,79,288,19,8,19,14,7,5,87,127,37,109,33,73,53,9,26,31,237,13,24,22,35,91,23,7,76,79,57,27,51,18,26,19,42,92,10,59,5,6,29,55,15]
tiempo_ultimo_agente_goal 288
tiempo_en_acabar 288
tiempo_promedio 52.490002
agentes_en_goal 100
push_out_count 0
RUN 7
valores_ideales [0,0,0,0,0,0,0,0,0,0,0,0,0,0,0,0,0,0,0,0,0,0,0,0,0,0,0,0,0,0,0,0,0,0,0,0,0,0,0,0,0,0,0,0,0,0,0,0,0,0,0,0,0,0,0,0,0,0,0,0,0,0,0,0,0,0,0,0,0,0,0,0,0,0,0,0,0,0,0,0,0,0,0,0,0,0,0,0,0,0,0,0,0,0,0,0,0,0,0,0]
costo_por_agente [40,45,125,84,100,116,39,97,2,57,78,4,17,85,5,68,20,16,8,97,31,30,93,31,31,88,69,27,17,13,19,37,10,28,43,18,23,33,293,52,50,35,28,82,24,122,40,88,19,17,13,23,47,43,15,201,93,72,200,22,9,18,17,6,4,46,102,38,92,46,71,46,8,21,30,117,12,19,43,40,54,22,6,66,87,28,26,46,15,25,22,41,73,9,107,4,5,15,169,14]
completion_time_por_agente [41,46,127,85,101,117,41,98,3,58,80,5,18,88,6,70,21,17,9,98,32,31,96,32,32,91,71,28,18,14,20,39,11,29,45,19,24,34,294,53,54,36,29,84,25,124,41,90,20,18,14,24,49,44,16,202,95,73,202,23,10,19,18,7,5,47,103,39,93,47,73,47,9,22,31,119,13,20,45,41,55,23,7,67,89,29,27,47,16,26,24,42,76,10,109,5,6,17,170,15]
tiempo_ultimo_agente_goal 294
tiempo_en_acabar 294
tiempo_promedio 50.730000
agentes_en_goal 100
push_out_count 0
RUN 8
valores_ideales [0,0,0,0,0,0,0,0,0,0,0,0,0,0,0,0,0,0,0,0,0,0,0,0,0,0,0,0,0,0,0,0,0,0,0,0,0,0,0,0,0,0,0,0,0,0,0,0,0,0,0,0,0,0,0,0,0,0,0,0,0,0,0,0,0,0,0,0,0,0,0,0,0,0,0,0,0,0,0,0,0,0,0,0,0,0,0,0,0,0,0,0,0,0,0,0,0,0,0,0]
costo_por_agente [42,31,63,66,68,72,37,77,2,83,282,6,17,93,5,140,20,16,8,121,33,38,83,27,29,52,63,27,13,13,17,35,10,26,41,56,23,37,165,66,56,33,38,80,32,112,46,82,19,17,13,23,47,43,15,167,75,62,304,18,7,18,13,6,4,90,306,46,96,54,49,34,8,19,34,35,14,17,27,38,76,22,6,58,93,38,26,92,19,25,26,43,95,9,81,4,9,27,103,14]
completion_time_por_agente [43,33,65,67,69,74,39,79,3,84,283,7,18,95,6,144,21,17,9,122,34,39,84,28,31,53,64,28,14,14,18,36,11,27,42,58,24,38,167,67,57,36,40,83,34,114,47,83,20,18,14,24,48,44,16,169,80,63,307,19,8,19,14,7,5,93,309,47,97,55,52,35,9,20,35,36,15,18,28,40,78,23,7,60,94,41,27,93,20,26,27,44,97,10,82,5,10,28,104,15]
tiempo_ultimo_agente_goal 309
tiempo_en_acabar 309
tiempo_promedio 53.040001
agentes_en_goal 100
push_out_count 0
RUN 9
valores_ideales [0,0,0,0,0,0,0,0,0,0,0,0,0,0,0,0,0,0,0,0,0,0,0,0,0,0,0,0,0,0,0,0,0,0,0,0,0,0,0,0,0,0,0,0,0,0,0,0,0,0,0,0,0,0,0,0,0,0,0,0,0,0,0,0,0,0,0,0,0,0,0,0,0,0,0,0,0,0,0,0,0,0,0,0,0,0,0,0,0,0,0,0,0,0,0,0,0,0,0,0]
costo_por_agente [34,43,83,92,98,118,43,123,2,53,176,10,17,63,5,130,20,14,10,69,35,24,127,25,51,82,73,27,15,13,23,39,10,34,53,28,23,55,137,46,60,29,36,44,26,92,40,112,13,19,13,23,53,71,19,103,87,106,50,22,5,18,15,6,4,70,158,44,100,44,113,44,8,19,26,35,12,19,27,34,74,22,6,48,57,106,28,52,21,25,20,43,67,9,97,4,17,21,111,14]
completion_time_por_agente [35,44,85,94,101,119,49,126,3,54,177,11,18,64,6,133,21,15,11,70,37,26,128,27,54,86,75,28,16,14,24,41,11,36,55,29,24,56,139,47,61,30,38,47,28,96,41,113,14,20,14,24,55,72,20,105,88,107,55,23,6,19,16,7,5,75,160,45,101,45,115,45,9,20,27,36,13,20,29,35,76,23,7,49,58,107,31,53,22,26,21,44,69,10,101,5,18,22,112,15]
tiempo_ultimo_agente_goal 177
tiempo_en_acabar 177
tiempo_promedio 49.369999
agentes_en_goal 100
push_out_count 0
RUN 10
valores_ideales [0,0,0,0,0,0,0,0,0,0,0,0,0,0,0,0,0,0,0,0,0,0,0,0,0,0,0,0,0,0,0,0,0,0,0,0,0,0,0,0,0,0,0,0,0,0,0,0,0,0,0,0,0,0,0,0,0,0,0,0,0,0,0,0,0,0,0,0,0,0,0,0,0,0,0,0,0,0,0,0,0,0,0,0,0,0,0,0,0,0,0,0,0,0,0,0,0,0,0,0]
costo_por_agente [40,47,63,112,90,90,41,65,2,55,132,4,25,59,5,88,32,16,8,77,33,32,65,39,29,82,137,27,13,13,19,69,10,26,43,14,23,31,245,42,56,39,28,72,56,78,40,70,19,19,17,25,43,37,17,65,127,68,182,18,5,18,13,6,4,92,130,44,80,24,69,40,8,29,26,35,16,17,23,30,84,30,8,126,131,50,28,100,13,25,22,41,45,9,63,4,5,33,151,14]
completion_time_por_agente [41,49,66,113,92,92,43,66,3,56,134,5,26,60,6,92,33,17,9,81,34,33,67,40,30,84,138,28,14,14,20,70,11,27,44,15,24,32,247,43,58,40,29,73,57,81,41,71,20,20,18,26,44,38,18,67,131,71,183,19,6,19,14,7,5,94,132,47,84,25,70,41,9,30,27,37,17,19,24,31,86,31,9,127,133,51,29,103,14,26,24,42,46,10,65,5,6,36,153,15]
tiempo_ultimo_agente_goal 247
tiempo_en_acabar 247
tiempo_promedio 49.529999
agentes_en_goal 100
push_out_count 0
RUN 11
valores_ideales [0,0,0,0,0,0,0,0,0,0,0,0,0,0,0,0,0,0,0,0,0,0,0,0,0,0,0,0,0,0,0,0,0,0,0,0,0,0,0,0,0,0,0,0,0,0,0,0,0,0,0,0,0,0,0,0,0,0,0,0,0,0,0,0,0,0,0,0,0,0,0,0,0,0,0,0,0,0,0,0,0,0,0,0,0,0,0,0,0,0,0,0,0,0,0,0,0,0,0,0]
costo_por_agente [42,39,43,84,100,112,45,87,2,61,182,6,17,71,5,138,24,14,8,81,35,32,85,51,33,68,79,25,13,13,19,39,10,26,41,36,23,33,133,54,46,29,46,142,20,74,38,76,21,19,13,29,61,47,15,149,105,72,80,52,5,18,15,6,4,90,138,34,74,40,83,34,6,21,28,201,16,19,37,26,82,20,6,50,121,32,30,100,17,33,26,41,113,9,73,4,7,23,211,14]
completion_time_por_agente [43,40,45,87,101,113,55,89,3,62,184,7,18,73,6,139,25,15,9,82,36,33,86,52,34,70,81,26,14,14,20,41,11,27,42,37,24,34,134,55,48,30,47,147,21,77,39,78,22,20,14,30,63,48,16,151,107,73,82,53,6,19,16,7,5,96,139,35,75,41,85,35,7,22,29,204,17,21,38,27,84,21,7,51,122,33,32,102,18,34,27,42,114,10,78,5,8,24,213,15]
tiempo_ultimo_agente_goal 213
tiempo_en_acabar 213
tiempo_promedio 51.970001
agentes_en_goal 100
push_out_count 0
RUN 12
valores_ideales [0,0,0,0,0,0,0,0,0,0,0,0,0,0,0,0,0,0,0,0,0,0,0,0,0,0,0,0,0,0,0,0,0,0,0,0,0,0,0,0,0,0,0,0,0,0,0,0,0,0,0,0,0,0,0,0,0,0,0,0,0,0,0,0,0,0,0,0,0,0,0,0,0,0,0,0,0,0,0,0,0,0,0,0,0,0,0,0,0,0,0,0,0,0,0,0,0,0,0,0]
costo_por_agente [40,29,99,68,106,164,39,87,2,47,110,4,19,59,5,46,22,16,8,71,33,28,71,37,27,66,51,25,13,13,39,39,10,32,41,20,23,37,129,36,70,27,34,78,38,146,36,90,15,19,17,23,53,49,17,247,75,80,68,22,5,18,13,6,4,102,156,34,96,54,57,34,8,21,28,31,14,21,29,34,100,24,6,52,123,30,22,46,19,27,20,41,61,9,117,4,5,21,107,14]
completion_time_por_agente [41,30,101,71,107,165,41,88,3,48,111,5,20,62,6,47,23,17,9,72,35,29,72,38,28,67,52,26,14,14,40,40,11,33,42,21,24,38,131,37,71,28,35,82,40,148,37,92,17,20,18,24,54,50,18,250,76,82,69,23,6,19,14,7,5,103,159,35,97,55,59,35,9,22,29,32,15,22,30,35,103,25,7,53,126,31,23,47,20,29,21,42,63,10,118,5,6,22,108,15]
tiempo_ultimo_agente_goal 250
tiempo_en_acabar 250
tiempo_promedio 47.549999
agentes_en_goal 100
push_out_count 0
RUN 13
valores_ideales [0,0,0,0,0,0,0,0,0,0,0,0,0,0,0,0,0,0,0,0,0,0,0,0,0,0,0,0,0,0,0,0,0,0,0,0,0,0,0,0,0,0,0,0,0,0,0,0,0,0,0,0,0,0,0,0,0,0,0,0,0,0,0,0,0,0,0,0,0,0,0,0,0,0,0,0,0,0,0,0,0,0,0,0,0,0,0,0,0,0,0,0,0,0,0,0,0,0,0,0]
costo_por_agente [40,35,77,108,62,128,37,91,2,45,88,4,17,111,5,40,20,20,8,107,33,52,97,29,27,96,101,27,13,13,17,37,10,26,49,16,23,31,135,50,66,53,28,94,24,46,56,82,13,17,13,25,45,77,17,179,61,56,58,22,5,18,13,6,4,62,204,36,88,46,59,42,8,19,26,31,12,27,27,54,76,22,6,68,107,52,28,52,13,25,16,41,45,9,71,4,5,29,131,14]
completion_time_por_agente [41,36,78,109,64,131,40,93,3,46,90,5,18,114,6,42,21,21,9,108,34,54,99,32,28,101,104,28,14,14,18,38,11,27,51,17,24,32,136,52,69,54,29,98,26,48,57,86,15,18,14,26,46,78,19,180,63,57,61,23,6,19,14,7,5,66,205,38,89,47,63,44,9,20,27,32,13,29,28,55,78,23,7,71,108,53,29,53,14,26,18,42,46,10,73,5,6,31,133,15]
tiempo_ultimo_agente_goal 205
tiempo_en_acabar 205
tiempo_promedio 47.130001
agentes_en_goal 100
push_out_count 0
RUN 14
valores_ideales [0,0,0,0,0,0,0,0,0,0,0,0,0,0,0,0,0,0,0,0,0,0,0,0,0,0,0,0,0,0,0,0,0,0,0,0,0,0,0,0,0,0,0,0,0,0,0,0,0,0,0,0,0,0,0,0,0,0,0,0,0,0,0,0,0,0,0,0,0,0,0,0,0,0,0,0,0,0,0,0,0,0,0,0,0,0,0,0,0,0,0,0,0,0,0,0,0,0,0,0]
costo_por_agente [34,29,85,48,120,76,41,117,2,59,92,4,17,87,5,38,20,18,8,99,33,28,105,77,35,98,55,27,13,13,17,33,10,26,43,20,23,47,119,42,56,27,30,82,44,130,60,90,27,17,13,31,45,85,21,171,95,68,152,22,5,18,17,6,4,42,76,40,86,44,51,36,8,21,26,173,12,33,35,34,104,22,12,48,85,30,24,66,13,25,26,41,83,9,147,4,5,23,53,14]
completion_time_por_agente [35,30,86,49,122,79,43,118,3,61,93,5,18,93,6,40,21,19,9,100,34,29,106,78,36,100,56,28,14,14,18,34,11,27,45,21,24,48,121,44,59,31,31,85,48,132,62,91,28,18,14,32,46,86,22,172,96,69,154,23,6,19,18,7,5,43,78,42,88,46,53,37,9,22,27,175,13,34,36,35,106,23,13,49,86,31,25,68,14,26,27,42,85,10,150,5,6,25,54,15]
tiempo_ultimo_agente_goal 175
tiempo_en_acabar 175
tiempo_promedio 48.700001
agentes_en_goal 100
push_out_count 0
RUN 15
valores_ideales [0,0,0,0,0,0,0,0,0,0,0,0,0,0,0,0,0,0,0,0,0,0,0,0,0,0,0,0,0,0,0,0,0,0,0,0,0,0,0,0,0,0,0,0,0,0,0,0,0,0,0,0,0,0,0,0,0,0,0,0,0,0,0,0,0,0,0,0,0,0,0,0,0,0,0,0,0,0,0,0,0,0,0,0,0,0,0,0,0,0,0,0,0,0,0,0,0,0,0,0]
costo_por_agente [48,33,91,80,108,124,47,65,2,53,136,4,17,61,5,36,20,16,8,87,33,34,61,29,37,60,41,29,13,13,19,41,10,26,41,22,23,33,123,50,46,29,38,44,20,84,38,76,17,17,13,29,53,39,27,275,127,96,138,22,9,18,13,6,4,110,214,52,90,62,67,34,8,21,30,43,12,17,35,44,62,20,12,78,121,36,24,68,13,31,20,51,89,9,93,4,5,17,159,14]
completion_time_por_agente [49,34,93,81,110,126,53,68,3,54,138,5,18,64,6,38,21,17,9,89,35,36,63,30,40,62,42,30,14,14,20,42,11,27,42,23,24,34,124,51,48,30,39,45,22,86,39,78,18,18,14,30,54,41,28,277,128,98,139,23,10,19,14,7,5,111,215,54,92,63,68,35,9,22,31,44,13,18,36,45,63,21,13,79,123,38,25,69,14,32,21,52,92,10,95,5,6,18,160,15]
tiempo_ultimo_agente_goal 277
tiempo_en_acabar 277
tiempo_promedio 49.570000
agentes_en_goal 100
push_out_count 0
RUN 16
valores_ideales [0,0,0,0,0,0,0,0,0,0,0,0,0,0,0,0,0,0,0,0,0,0,0,0,0,0,0,0,0,0,0,0,0,0,0,0,0,0,0,0,0,0,0,0,0,0,0,0,0,0,0,0,0,0,0,0,0,0,0,0,0,0,0,0,0,0,0,0,0,0,0,0,0,0,0,0,0,0,0,0,0,0,0,0,0,0,0,0,0,0,0,0,0,0,0,0,0,0,0,0]
costo_por_agente [42,39,49,48,72,152,43,71,2,45,202,8,17,85,5,142,20,16,8,57,39,34,63,35,29,52,109,27,13,13,21,39,10,26,43,36,23,43,137,54,72,27,28,68,22,138,36,114,19,19,13,31,43,45,21,101,127,98,176,18,5,18,13,6,4,46,164,34,70,42,71,64,6,23,26,229,16,17,27,34,80,20,6,50,81,28,24,116,17,31,20,43,95,9,101,4,5,23,129,16]
completion_time_por_agente [44,40,50,50,74,153,45,74,3,46,205,9,18,88,6,147,21,17,9,60,41,35,64,36,30,53,112,28,14,14,22,40,11,27,44,37,24,44,139,55,73,28,29,73,26,140,37,115,20,20,14,32,44,46,23,103,130,99,178,19,6,19,14,7,5,48,165,35,72,43,73,66,7,24,27,231,17,18,28,35,82,21,7,51,83,29,25,117,18,32,21,44,96,10,104,5,6,24,133,17]
tiempo_ultimo_agente_goal 231
tiempo_en_acabar 231
tiempo_promedio 51.430000
agentes_en_goal 100
push_out_count 0
RUN 17
valores_ideales [0,0,0,0,0,0,0,0,0,0,0,0,0,0,0,0,0,0,0,0,0,0,0,0,0,0,0,0,0,0,0,0,0,0,0,0,0,0,0,0,0,0,0,0,0,0,0,0,0,0,0,0,0,0,0,0,0,0,0,0,0,0,0,0,0,0,0,0,0,0,0,0,0,0,0,0,0,0,0,0,0,0,0,0,0,0,0,0,0,0,0,0,0,0,0,0,0,0,0,0]
costo_por_agente [34,43,105,46,70,82,37,63,2,45,146,4,17,131,5,36,24,34,8,89,33,32,89,47,37,66,99,29,13,13,19,37,10,26,45,44,23,31,115,36,52,29,30,58,20,138,36,90,21,17,21,45,41,49,15,229,141,94,184,22,7,26,17,6,4,90,174,34,104,24,39,34,6,27,26,31,12,25,37,38,56,24,6,56,109,28,28,80,13,27,32,47,63,9,89,4,7,29,65,18]
completion_time_por_agente [35,44,107,48,71,84,39,64,3,46,147,5,18,133,6,38,25,35,9,90,34,33,92,48,38,71,100,30,14,14,20,38,11,27,46,49,24,32,116,37,54,31,31,61,23,139,37,92,22,18,22,46,42,50,18,230,143,95,188,23,8,27,18,7,5,94,175,35,105,25,48,35,7,28,27,32,13,27,38,40,59,26,7,58,110,30,29,81,14,28,33,48,65,10,92,5,8,32,66,19]
tiempo_ultimo_agente_goal 230
tiempo_en_acabar 230
tiempo_promedio 49.000000
agentes_en_goal 100
push_out_count 0
RUN 18
valores_ideales [0,0,0,0,0,0,0,0,0,0,0,0,0,0,0,0,0,0,0,0,0,0,0,0,0,0,0,0,0,0,0,0,0,0,0,0,0,0,0,0,0,0,0,0,0,0,0,0,0,0,0,0,0,0,0,0,0,0,0,0,0,0,0,0,0,0,0,0,0,0,0,0,0,0,0,0,0,0,0,0,0,0,0,0,0,0,0,0,0,0,0,0,0,0,0,0,0,0,0,0]
costo_por_agente [46,29,51,68,96,108,41,73,2,49,108,4,21,63,5,56,30,20,8,79,33,44,47,47,31,76,183,27,13,13,19,35,10,26,43,34,23,31,131,36,54,27,36,74,44,46,42,62,19,45,19,27,45,107,19,215,143,106,186,48,5,18,13,6,4,44,136,46,116,38,39,34,6,19,26,67,12,21,33,30,84,20,6,64,107,38,28,84,13,25,18,41,59,9,69,4,5,19,57,14]
completion_time_por_agente [48,30,52,69,98,110,45,74,3,50,110,5,22,68,6,60,31,21,9,82,34,45,49,48,32,78,187,28,14,14,20,36,11,27,46,35,24,32,133,37,57,28,37,77,45,52,43,63,20,47,20,30,46,108,20,216,147,107,189,49,6,19,14,7,5,45,138,47,118,40,40,35,7,20,27,69,13,22,34,31,85,21,7,65,108,39,29,85,14,26,19,42,61,10,70,5,6,20,62,15]
tiempo_ultimo_agente_goal 216
tiempo_en_acabar 216
tiempo_promedio 48.500000
agentes_en_goal 100
push_out_count 0
RUN 19
valores_ideales [0,0,0,0,0,0,0,0,0,0,0,0,0,0,0,0,0,0,0,0,0,0,0,0,0,0,0,0,0,0,0,0,0,0,0,0,0,0,0,0,0,0,0,0,0,0,0,0,0,0,0,0,0,0,0,0,0,0,0,0,0,0,0,0,0,0,0,0,0,0,0,0,0,0,0,0,0,0,0,0,0,0,0,0,0,0,0,0,0,0,0,0,0,0,0,0,0,0,0,0]
costo_por_agente [34,29,43,50,96,126,41,109,2,55,162,8,17,69,5,40,20,24,8,75,39,26,47,47,27,120,95,27,13,13,25,39,10,26,45,16,23,41,145,56,54,27,38,94,24,134,38,82,13,41,15,27,53,63,25,205,77,60,192,18,5,18,13,6,4,44,88,32,70,24,67,60,10,21,26,117,14,23,29,42,86,22,6,52,69,28,24,82,13,25,20,41,81,9,57,4,5,21,117,16]
completion_time_por_agente [35,30,44,52,97,128,44,112,3,56,163,9,18,71,6,42,21,25,9,76,40,27,48,48,28,122,96,28,14,14,26,40,11,27,47,17,24,42,146,58,55,28,39,96,26,135,39,84,14,42,16,28,54,65,26,206,79,63,194,20,6,19,14,7,5,45,89,33,72,25,69,62,12,22,27,121,15,24,30,43,88,23,7,53,71,29,25,85,14,27,21,42,83,10,61,5,6,22,118,17]
tiempo_ultimo_agente_goal 206
tiempo_en_acabar 206
tiempo_promedio 48.000000
agentes_en_goal 100
push_out_count 0
RUN 20
valores_ideales [0,0,0,0,0,0,0,0,0,0,0,0,0,0,0,0,0,0,0,0,0,0,0,0,0,0,0,0,0,0,0,0,0,0,0,0,0,0,0,0,0,0,0,0,0,0,0,0,0,0,0,0,0,0,0,0,0,0,0,0,0,0,0,0,0,0,0,0,0,0,0,0,0,0,0,0,0,0,0,0,0,0,0,0,0,0,0,0,0,0,0,0,0,0,0,0,0,0,0,0]
costo_por_agente [38,37,55,58,72,60,41,73,2,51,100,4,17,73,5,38,20,16,8,87,33,32,109,35,35,78,45,25,13,13,33,35,10,32,43,16,23,31,165,46,96,27,28,80,20,56,44,96,15,31,13,25,45,47,21,207,69,78,56,22,5,18,15,6,4,108,166,44,94,24,79,34,8,25,26,39,12,17,33,46,100,26,6,34,145,52,26,62,13,27,22,41,83,9,99,4,11,23,173,18]
completion_time_por_agente [39,38,56,61,73,62,42,75,3,52,102,5,18,75,6,40,21,17,9,88,35,33,110,36,36,79,47,26,14,14,34,36,11,33,44,17,24,32,166,48,98,28,30,84,22,57,45,97,16,33,14,27,46,49,22,210,74,79,61,23,6,19,16,7,5,110,167,45,95,25,83,35,9,26,27,40,13,18,34,47,101,27,7,35,146,53,27,63,14,29,23,42,85,10,101,5,12,24,174,19]
tiempo_ultimo_agente_goal 210
tiempo_en_acabar 210
tiempo_promedio 46.959999
agentes_en_goal 100
push_out_count 0
RUN 21
valores_ideales [0,0,0,0,0,0,0,0,0,0,0,0,0,0,0,0,0,0,0,0,0,0,0,0,0,0,0,0,0,0,0,0,0,0,0,0,0,0,0,0,0,0,0,0,0,0,0,0,0,0,0,0,0,0,0,0,0,0,0,0,0,0,0,0,0,0,0,0,0,0,0,0,0,0,0,0,0,0,0,0,0,0,0,0,0,0,0,0,0,0,0,0,0,0,0,0,0,0,0,0]
costo_por_agente [42,33,83,104,92,104,39,87,2,53,140,4,17,69,5,90,20,18,8,77,37,36,63,29,33,74,55,27,13,13,17,57,10,26,41,36,23,31,117,64,72,33,38,92,48,60,42,124,13,17,13,23,69,77,21,183,69,110,178,38,11,18,15,6,4,48,130,46,80,42,39,34,8,21,30,153,12,17,37,46,102,22,8,66,123,42,30,100,13,29,20,57,107,9,103,4,5,21,35,14]
completion_time_por_agente [43,34,85,105,93,106,43,88,3,54,141,5,18,74,6,92,21,19,9,78,38,37,65,30,34,77,59,28,14,14,18,58,11,27,43,39,24,32,121,66,75,35,39,95,49,63,43,125,14,18,14,24,70,78,22,188,70,111,179,39,12,19,16,7,5,50,131,47,82,43,45,35,9,22,31,155,13,18,38,47,103,24,9,68,124,44,31,103,14,30,21,58,110,10,104,5,6,22,36,15]
tiempo_ultimo_agente_goal 188
tiempo_en_acabar 188
tiempo_promedio 50.650002
agentes_en_goal 100
push_out_count 0
RUN 22
valores_ideales [0,0,0,0,0,0,0,0,0,0,0,0,0,0,0,0,0,0,0,0,0,0,0,0,0,0,0,0,0,0,0,0,0,0,0,0,0,0,0,0,0,0,0,0,0,0,0,0,0,0,0,0,0,0,0,0,0,0,0,0,0,0,0,0,0,0,0,0,0,0,0,0,0,0,0,0,0,0,0,0,0,0,0,0,0,0,0,0,0,0,0,0,0,0,0,0,0,0,0,0]
costo_por_agente [42,37,55,102,104,100,39,53,2,63,156,4,21,119,5,152,24,16,8,111,33,26,101,31,31,86,67,27,13,13,23,43,10,26,51,18,23,33,37,34,52,27,30,76,24,88,36,66,17,17,13,29,55,39,23,163,61,82,66,68,5,18,13,6,4,122,132,34,94,24,45,56,8,21,30,37,12,17,35,26,112,22,6,40,177,54,28,90,13,25,20,43,73,9,77,4,7,21,145,14]
completion_time_por_agente [43,38,56,104,105,101,40,55,3,64,157,5,22,122,6,155,25,17,9,112,35,27,103,32,32,90,71,28,14,14,24,44,11,27,52,19,24,34,39,35,53,28,31,82,25,90,37,67,18,18,14,30,56,40,25,165,64,83,70,69,6,19,14,7,5,125,133,35,96,25,47,58,9,22,31,40,13,19,36,27,116,24,7,41,178,56,30,91,14,26,21,44,75,10,79,5,8,23,147,15]
tiempo_ultimo_agente_goal 178
tiempo_en_acabar 178
tiempo_promedio 48.360001
agentes_en_goal 100
push_out_count 0
RUN 23
valores_ideales [0,0,0,0,0,0,0,0,0,0,0,0,0,0,0,0,0,0,0,0,0,0,0,0,0,0,0,0,0,0,0,0,0,0,0,0,0,0,0,0,0,0,0,0,0,0,0,0,0,0,0,0,0,0,0,0,0,0,0,0,0,0,0,0,0,0,0,0,0,0,0,0,0,0,0,0,0,0,0,0,0,0,0,0,0,0,0,0,0,0,0,0,0,0,0,0,0,0,0,0]
costo_por_agente [42,29,51,104,86,62,41,71,2,47,104,8,17,75,5,188,20,20,10,91,37,26,71,61,29,94,169,27,13,13,17,39,10,26,51,14,23,39,125,30,52,31,34,90,20,134,38,70,21,23,19,21,47,89,15,159,113,90,64,18,9,18,13,6,4,86,90,42,106,42,87,46,8,25,30,153,12,17,23,50,120,20,8,66,171,32,26,124,13,25,28,51,43,9,131,4,5,33,53,14]
completion_time_por_agente [43,30,54,106,90,63,42,73,3,48,105,9,18,77,6,192,21,21,11,92,41,27,73,62,30,99,171,28,14,14,18,40,11,27,52,15,24,40,126,31,54,32,35,93,21,136,39,72,22,24,20,22,48,90,16,160,114,94,67,19,10,19,14,7,5,91,94,45,109,44,90,48,9,26,31,155,13,18,25,51,121,21,9,67,172,33,27,126,14,26,29,52,44,10,132,5,6,34,54,15]
tiempo_ultimo_agente_goal 192
tiempo_en_acabar 192
tiempo_promedio 51.259998
agentes_en_goal 100
push_out_count 0
RUN 24
valores_ideales [0,0,0,0,0,0,0,0,0,0,0,0,0,0,0,0,0,0,0,0,0,0,0,0,0,0,0,0,0,0,0,0,0,0,0,0,0,0,0,0,0,0,0,0,0,0,0,0,0,0,0,0,0,0,0,0,0,0,0,0,0,0,0,0,0,0,0,0,0,0,0,0,0,0,0,0,0,0,0,0,0,0,0,0,0,0,0,0,0,0,0,0,0,0,0,0,0,0,0,0]
costo_por_agente [42,39,59,86,100,64,37,71,2,55,98,10,17,71,5,36,20,18,8,93,33,24,87,29,29,110,51,29,13,13,21,33,10,26,41,16,23,33,181,40,46,39,44,68,22,74,40,84,25,17,13,21,45,111,15,107,125,56,56,20,5,18,17,6,4,98,56,32,136,52,55,34,8,19,26,35,12,23,23,30,88,24,6,72,157,46,32,90,13,27,24,43,89,9,101,4,5,35,119,16]
completion_time_por_agente [43,40,60,87,101,65,38,72,3,56,100,11,18,73,6,38,21,19,9,94,34,25,88,30,30,111,53,30,14,14,22,34,11,27,42,17,24,34,183,41,48,40,45,69,24,75,41,88,26,18,14,22,46,112,17,109,126,57,57,21,6,19,18,7,5,101,57,33,137,53,58,35,9,20,27,36,13,24,24,31,91,25,7,74,158,47,33,92,14,28,25,44,93,10,103,5,6,36,122,17]
tiempo_ultimo_agente_goal 183
tiempo_en_acabar 183
tiempo_promedio 46.160000
agentes_en_goal 100
push_out_count 0
RUN 25
valores_ideales [0,0,0,0,0,0,0,0,0,0,0,0,0,0,0,0,0,0,0,0,0,0,0,0,0,0,0,0,0,0,0,0,0,0,0,0,0,0,0,0,0,0,0,0,0,0,0,0,0,0,0,0,0,0,0,0,0,0,0,0,0,0,0,0,0,0,0,0,0,0,0,0,0,0,0,0,0,0,0,0,0,0,0,0,0,0,0,0,0,0,0,0,0,0,0,0,0,0,0,0]
costo_por_agente [34,35,81,64,116,94,51,107,2,55,60,8,17,91,5,36,20,16,8,69,47,30,87,99,39,106,133,27,13,13,17,47,10,26,49,18,23,37,127,60,44,39,28,48,20,92,46,128,25,21,13,21,57,117,21,157,111,76,298,22,9,18,13,6,4,80,124,32,112,40,37,34,6,27,30,333,12,23,35,44,72,20,6,48,99,28,26,54,15,37,20,47,61,9,53,4,7,31,123,16]
completion_time_por_agente [35,36,83,65,117,96,54,109,3,56,62,9,18,93,6,39,21,17,9,70,48,31,89,100,40,108,136,28,14,14,18,50,11,27,50,19,24,38,129,62,46,43,29,50,23,96,47,129,26,22,14,22,59,118,22,159,112,81,303,23,10,19,14,7,5,81,127,33,113,42,42,35,7,28,31,336,13,24,36,45,74,21,7,50,100,29,27,55,16,38,21,48,62,10,55,5,8,34,125,17]
tiempo_ultimo_agente_goal 336
tiempo_en_acabar 336
tiempo_promedio 53.080002
agentes_en_goal 100
push_out_count 0
RUN 26
valores_ideales [0,0,0,0,0,0,0,0,0,0,0,0,0,0,0,0,0,0,0,0,0,0,0,0,0,0,0,0,0,0,0,0,0,0,0,0,0,0,0,0,0,0,0,0,0,0,0,0,0,0,0,0,0,0,0,0,0,0,0,0,0,0,0,0,0,0,0,0,0,0,0,0,0,0,0,0,0,0,0,0,0,0,0,0,0,0,0,0,0,0,0,0,0,0,0,0,0,0,0,0]
costo_por_agente [36,29,57,72,80,96,39,89,2,57,86,4,19,69,5,70,22,18,8,101,37,34,91,47,29,96,45,27,13,13,21,39,10,26,59,24,23,31,151,56,52,63,58,90,46,112,40,78,21,17,15,23,45,57,21,145,79,72,62,22,9,18,13,6,4,64,122,32,46,44,57,36,8,21,28,37,14,19,41,30,64,22,6,72,133,40,24,48,13,25,20,43,55,9,91,4,7,23,35,154]
completion_time_por_agente [37,30,59,73,81,98,40,94,3,59,87,5,20,71,6,75,23,19,9,102,39,35,92,48,30,99,47,28,14,14,22,40,11,27,60,26,24,32,152,57,53,64,59,95,48,113,41,80,22,18,16,24,46,58,23,147,81,73,65,23,10,19,14,7,5,65,123,33,48,45,60,37,9,22,29,40,15,20,43,31,67,23,7,74,134,41,25,49,14,26,21,44,56,10,92,5,8,25,36,155]
tiempo_ultimo_agente_goal 155
tiempo_en_acabar 155
tiempo_promedio 46.240002
agentes_en_goal 100
push_out_count 0
RUN 27
valores_ideales [0,0,0,0,0,0,0,0,0,0,0,0,0,0,0,0,0,0,0,0,0,0,0,0,0,0,0,0,0,0,0,0,0,0,0,0,0,0,0,0,0,0,0,0,0,0,0,0,0,0,0,0,0,0,0,0,0,0,0,0,0,0,0,0,0,0,0,0,0,0,0,0,0,0,0,0,0,0,0,0,0,0,0,0,0,0,0,0,0,0,0,0,0,0,0,0,0,0,0,0]
costo_por_agente [40,47,77,128,84,74,45,109,2,45,310,4,17,67,5,44,20,18,8,81,33,32,91,57,29,76,85,27,13,13,19,37,10,26,41,16,23,31,39,42,82,49,28,96,20,184,50,74,23,17,15,23,43,103,17,125,101,64,200,22,5,18,13,6,4,62,178,32,44,60,89,36,8,21,26,139,12,33,29,42,114,22,6,54,151,28,28,100,13,25,26,41,69,9,65,4,5,17,107,18]
completion_time_por_agente [42,48,79,129,86,75,46,112,3,46,312,5,18,69,6,47,21,19,9,83,34,33,92,58,30,77,88,28,14,14,20,38,11,27,42,17,24,32,43,43,83,50,29,100,24,186,51,75,24,18,16,24,44,105,20,127,103,65,203,23,6,19,14,7,5,63,179,33,45,61,92,37,9,22,27,141,13,34,30,43,116,23,7,55,152,29,29,102,14,26,30,42,74,10,66,5,6,22,109,19]
tiempo_ultimo_agente_goal 312
tiempo_en_acabar 312
tiempo_promedio 52.060001
agentes_en_goal 100
push_out_count 0
RUN 28
valores_ideales [0,0,0,0,0,0,0,0,0,0,0,0,0,0,0,0,0,0,0,0,0,0,0,0,0,0,0,0,0,0,0,0,0,0,0,0,0,0,0,0,0,0,0,0,0,0,0,0,0,0,0,0,0,0,0,0,0,0,0,0,0,0,0,0,0,0,0,0,0,0,0,0,0,0,0,0,0,0,0,0,0,0,0,0,0,0,0,0,0,0,0,0,0,0,0,0,0,0,0,0]
costo_por_agente [40,29,49,78,86,126,41,119,2,45,140,8,19,81,5,44,22,20,8,79,33,30,71,53,31,112,65,27,13,13,19,37,10,28,49,20,23,43,65,48,58,53,36,94,24,46,38,80,13,17,13,29,41,91,17,141,111,78,206,18,7,18,13,6,4,42,222,40,108,26,45,50,8,21,26,103,14,17,21,56,50,20,6,68,171,32,28,78,21,25,20,41,45,9,75,4,9,31,161,14]
completion_time_por_agente [42,30,50,79,91,128,50,122,3,46,141,9,20,86,6,48,23,21,9,81,36,31,72,54,32,114,66,28,14,14,20,38,11,29,50,21,24,44,66,50,59,54,37,98,27,51,39,81,15,18,14,30,42,92,19,142,113,80,211,19,8,19,14,7,5,44,224,41,110,27,46,51,9,22,27,104,15,18,22,58,53,21,7,70,173,33,29,81,22,26,21,42,46,10,76,5,10,32,163,15]
tiempo_ultimo_agente_goal 224
tiempo_en_acabar 224
tiempo_promedio 49.459999
agentes_en_goal 100
push_out_count 0
RUN 29
valores_ideales [0,0,0,0,0,0,0,0,0,0,0,0,0,0,0,0,0,0,0,0,0,0,0,0,0,0,0,0,0,0,0,0,0,0,0,0,0,0,0,0,0,0,0,0,0,0,0,0,0,0,0,0,0,0,0,0,0,0,0,0,0,0,0,0,0,0,0,0,0,0,0,0,0,0,0,0,0,0,0,0,0,0,0,0,0,0,0,0,0,0,0,0,0,0,0,0,0,0,0,0]
costo_por_agente [44,45,93,52,86,76,43,77,2,45,58,8,17,67,5,96,20,24,8,85,35,38,49,27,31,52,45,27,13,13,23,33,10,26,41,28,23,33,147,46,86,27,30,114,22,110,36,74,21,17,21,29,45,47,21,211,93,76,82,22,5,18,13,6,4,44,194,46,84,44,67,34,8,23,26,157,18,27,37,32,94,22,6,78,145,36,28,96,13,25,18,47,101,9,53,4,9,19,67,60]
completion_time_por_agente [45,46,94,53,89,77,57,79,3,46,59,9,18,69,6,98,21,25,9,86,36,39,51,28,32,53,53,28,14,14,24,34,11,27,42,33,24,34,148,47,88,29,31,123,24,114,37,77,22,18,22,30,46,48,22,213,95,78,86,24,6,19,14,7,5,45,195,47,86,46,70,35,9,24,27,159,19,29,38,34,95,23,7,79,146,37,29,98,14,26,19,48,102,10,55,5,10,20,69,61]
tiempo_ultimo_agente_goal 213
tiempo_en_acabar 213
tiempo_promedio 48.549999
agentes_en_goal 100
push_out_count 0
RUN 30
valores_ideales [0,0,0,0,0,0,0,0,0,0,0,0,0,0,0,0,0,0,0,0,0,0,0,0,0,0,0,0,0,0,0,0,0,0,0,0,0,0,0,0,0,0,0,0,0,0,0,0,0,0,0,0,0,0,0,0,0,0,0,0,0,0,0,0,0,0,0,0,0,0,0,0,0,0,0,0,0,0,0,0,0,0,0,0,0,0,0,0,0,0,0,0,0,0,0,0,0,0,0,0]
costo_por_agente [34,35,99,62,58,108,65,67,2,45,238,4,17,73,5,60,20,18,8,109,37,46,57,59,29,48,111,25,13,13,19,37,10,26,49,12,23,31,89,50,50,35,40,88,28,106,38,62,21,19,15,23,41,71,17,193,83,94,76,22,5,18,15,6,4,46,164,32,110,38,87,34,8,21,26,37,12,25,29,40,80,20,6,78,141,28,24,90,21,29,20,41,73,9,87,4,7,31,119,16]
completion_time_por_agente [35,36,101,63,59,109,68,69,3,46,239,5,18,74,6,61,21,19,9,110,38,47,59,60,30,49,112,26,14,14,20,38,11,27,51,13,24,32,91,51,51,36,41,90,30,107,39,67,22,20,16,24,42,72,18,196,84,95,79,23,6,19,16,7,5,51,168,33,112,41,90,35,9,22,27,38,13,27,30,42,81,21,7,79,142,29,25,92,22,30,21,42,74,10,89,5,8,37,120,17]
tiempo_ultimo_agente_goal 239
tiempo_en_acabar 239
tiempo_promedio 48.520000
agentes_en_goal 100
push_out_count 0
RUN 31
valores_ideales [0,0,0,0,0,0,0,0,0,0,0,0,0,0,0,0,0,0,0,0,0,0,0,0,0,0,0,0,0,0,0,0,0,0,0,0,0,0,0,0,0,0,0,0,0,0,0,0,0,0,0,0,0,0,0,0,0,0,0,0,0,0,0,0,0,0,0,0,0,0,0,0,0,0,0,0,0,0,0,0,0,0,0,0,0,0,0,0,0,0,0,0,0,0,0,0,0,0,0,0]
costo_por_agente [40,29,67,60,92,84,39,91,2,45,252,8,17,99,5,38,22,16,8,105,33,32,59,47,37,46,69,29,13,13,19,53,10,26,41,30,23,51,119,64,50,27,58,76,20,88,38,114,25,21,13,29,47,83,19,185,231,102,130,22,5,18,13,6,4,142,176,42,98,24,45,34,8,23,28,97,14,25,27,58,68,20,6,58,159,28,24,78,13,27,20,43,117,9,61,4,5,21,131,16]
completion_time_por_agente [42,30,68,61,93,85,41,92,3,47,255,9,18,100,6,40,23,17,9,107,34,34,62,49,38,47,72,30,14,14,20,54,11,27,42,32,24,52,120,66,51,28,59,78,22,92,39,115,28,22,14,30,48,84,20,186,233,103,133,23,6,19,14,7,5,144,178,43,101,25,47,36,9,24,29,102,15,26,28,59,70,21,7,62,160,29,25,80,14,28,21,44,119,10,63,5,6,24,132,17]
tiempo_ultimo_agente_goal 255
tiempo_en_acabar 255
tiempo_promedio 52.500000
agentes_en_goal 100
push_out_count 0
RUN 32
valores_ideales [0,0,0,0,0,0,0,0,0,0,0,0,0,0,0,0,0,0,0,0,0,0,0,0,0,0,0,0,0,0,0,0,0,0,0,0,0,0,0,0,0,0,0,0,0,0,0,0,0,0,0,0,0,0,0,0,0,0,0,0,0,0,0,0,0,0,0,0,0,0,0,0,0,0,0,0,0,0,0,0,0,0,0,0,0,0,0,0,0,0,0,0,0,0,0,0,0,0,0,0]
costo_por_agente [48,29,81,94,98,64,37,53,2,63,60,6,21,63,5,166,24,16,10,73,37,28,61,57,27,80,61,27,13,13,17,43,10,26,43,16,23,37,215,40,100,45,48,80,24,72,44,110,17,17,15,39,47,45,21,151,57,104,286,22,7,18,13,6,4,62,152,32,100,42,67,44,8,21,26,33,14,21,29,38,94,24,6,92,187,28,24,90,17,25,18,43,61,9,109,4,5,19,83,14]
completion_time_por_agente [50,30,82,96,100,65,38,55,3,64,61,7,22,64,6,167,25,17,11,74,38,29,63,58,28,82,64,28,14,14,18,44,11,27,44,17,24,38,216,41,102,49,49,84,26,74,45,111,19,18,16,41,48,46,22,152,58,105,289,24,8,19,14,7,5,64,153,33,102,43,69,46,9,22,27,34,15,22,30,39,95,25,7,93,189,29,25,91,18,26,19,44,63,10,110,5,6,21,84,15]
tiempo_ultimo_agente_goal 289
tiempo_en_acabar 289
tiempo_promedio 50.490002
agentes_en_goal 100
push_out_count 0
RUN 33
valores_ideales [0,0,0,0,0,0,0,0,0,0,0,0,0,0,0,0,0,0,0,0,0,0,0,0,0,0,0,0,0,0,0,0,0,0,0,0,0,0,0,0,0,0,0,0,0,0,0,0,0,0,0,0,0,0,0,0,0,0,0,0,0,0,0,0,0,0,0,0,0,0,0,0,0,0,0,0,0,0,0,0,0,0,0,0,0,0,0,0,0,0,0,0,0,0,0,0,0,0,0,0]
costo_por_agente [40,45,79,48,104,124,39,51,2,51,164,4,19,63,5,124,22,16,8,75,37,28,87,37,39,102,53,25,13,13,23,55,10,26,59,28,23,33,113,56,56,27,38,74,26,78,60,98,23,17,17,23,45,67,17,119,67,64,208,22,7,18,13,6,4,76,174,32,74,48,41,40,8,21,26,71,14,23,33,44,94,20,6,64,139,48,28,48,17,27,18,41,109,9,41,4,7,21,191,14]
completion_time_por_agente [41,46,81,49,106,126,41,53,3,52,166,5,20,64,6,125,23,17,9,76,39,29,88,38,40,103,55,26,14,14,24,56,11,27,61,29,24,34,114,58,58,28,39,76,27,80,61,100,24,18,18,24,46,68,18,121,70,66,209,23,8,19,14,7,5,77,175,33,75,49,44,42,9,22,27,73,15,24,34,46,96,22,7,65,140,49,29,49,18,28,19,42,111,10,44,5,8,22,192,15]
tiempo_ultimo_agente_goal 209
tiempo_en_acabar 209
tiempo_promedio 49.360001
agentes_en_goal 100
push_out_count 0
RUN 34
valores_ideales [0,0,0,0,0,0,0,0,0,0,0,0,0,0,0,0,0,0,0,0,0,0,0,0,0,0,0,0,0,0,0,0,0,0,0,0,0,0,0,0,0,0,0,0,0,0,0,0,0,0,0,0,0,0,0,0,0,0,0,0,0,0,0,0,0,0,0,0,0,0,0,0,0,0,0,0,0,0,0,0,0,0,0,0,0,0,0,0,0,0,0,0,0,0,0,0,0,0,0,0]
costo_por_agente [34,33,85,60,76,120,53,107,2,53,334,8,17,77,5,64,20,32,8,81,31,28,49,57,27,90,89,27,13,13,17,37,10,28,41,32,23,37,123,38,52,31,58,90,24,66,50,98,13,45,13,25,43,105,15,195,75,74,198,22,5,18,17,6,4,116,142,58,84,38,41,54,6,25,26,115,12,27,27,30,70,26,10,100,77,40,24,112,25,25,26,43,91,9,113,4,5,35,53,20]
completion_time_por_agente [35,34,88,61,77,122,55,108,3,54,336,9,18,82,6,68,21,33,9,85,32,29,50,59,28,91,94,28,14,14,18,38,11,29,43,35,24,38,125,39,53,32,59,94,25,69,51,99,14,47,14,27,44,106,16,197,79,77,199,23,6,19,18,7,5,119,143,59,88,40,45,55,7,26,27,118,13,28,28,31,73,27,11,102,79,41,25,114,26,26,27,44,95,10,115,5,6,38,54,21]
tiempo_ultimo_agente_goal 336
tiempo_en_acabar 336
tiempo_promedio 52.889999
agentes_en_goal 100
push_out_count 0
RUN 35
valores_ideales [0,0,0,0,0,0,0,0,0,0,0,0,0,0,0,0,0,0,0,0,0,0,0,0,0,0,0,0,0,0,0,0,0,0,0,0,0,0,0,0,0,0,0,0,0,0,0,0,0,0,0,0,0,0,0,0,0,0,0,0,0,0,0,0,0,0,0,0,0,0,0,0,0,0,0,0,0,0,0,0,0,0,0,0,0,0,0,0,0,0,0,0,0,0,0,0,0,0,0,0]
costo_por_agente [40,29,91,86,90,70,47,81,2,47,68,6,17,117,5,44,20,20,8,57,31,34,101,39,35,100,85,29,13,13,21,33,10,26,47,22,27,33,111,38,72,27,52,88,22,92,40,72,15,17,13,29,53,51,17,87,97,94,50,22,5,18,13,6,4,88,184,44,96,32,67,34,8,19,26,129,16,17,35,42,100,26,6,108,87,30,28,116,13,25,22,47,57,9,55,4,7,31,153,18]
completion_time_por_agente [41,30,94,87,92,72,49,84,3,49,69,7,18,119,6,48,21,21,9,58,34,35,103,41,36,101,87,30,14,14,22,34,11,27,48,23,28,34,114,39,74,30,54,89,26,94,41,74,16,18,14,30,55,52,21,88,98,97,51,23,6,19,14,7,5,90,185,45,98,35,68,35,9,20,27,133,17,18,36,43,102,27,7,109,89,31,29,118,14,26,24,48,60,10,57,5,8,33,154,19]
tiempo_ultimo_agente_goal 185
tiempo_en_acabar 185
tiempo_promedio 47.770000
agentes_en_goal 100
push_out_count 0
RUN 36
valores_ideales [0,0,0,0,0,0,0,0,0,0,0,0,0,0,0,0,0,0,0,0,0,0,0,0,0,0,0,0,0,0,0,0,0,0,0,0,0,0,0,0,0,0,0,0,0,0,0,0,0,0,0,0,0,0,0,0,0,0,0,0,0,0,0,0,0,0,0,0,0,0,0,0,0,0,0,0,0,0,0,0,0,0,0,0,0,0,0,0,0,0,0,0,0,0,0,0,0,0,0,0]
costo_por_agente [46,43,63,120,80,64,53,63,2,53,148,4,17,141,5,42,26,16,8,103,33,42,69,35,43,96,71,27,13,13,23,35,10,26,41,26,23,37,175,38,66,33,28,80,20,42,42,68,15,17,15,23,59,93,19,129,81,74,46,20,5,18,13,6,4,104,160,36,86,42,43,34,8,23,26,39,12,17,23,28,66,20,6,68,161,70,26,82,13,25,20,41,101,9,137,4,5,17,87,14]
completion_time_por_agente [47,44,64,122,82,66,55,65,3,54,149,5,18,143,6,44,27,17,9,104,35,43,71,36,44,98,72,28,14,14,24,37,11,27,43,28,24,38,178,40,67,35,29,82,22,43,43,71,16,18,16,24,60,94,22,130,82,76,48,21,6,19,14,7,5,106,161,37,88,44,47,35,9,24,28,40,13,18,24,29,67,21,7,69,162,72,27,85,14,26,21,42,103,10,138,5,6,18,88,15]
tiempo_ultimo_agente_goal 178
tiempo_en_acabar 178
tiempo_promedio 47.779999
agentes_en_goal 100
push_out_count 0
RUN 37
valores_ideales [0,0,0,0,0,0,0,0,0,0,0,0,0,0,0,0,0,0,0,0,0,0,0,0,0,0,0,0,0,0,0,0,0,0,0,0,0,0,0,0,0,0,0,0,0,0,0,0,0,0,0,0,0,0,0,0,0,0,0,0,0,0,0,0,0,0,0,0,0,0,0,0,0,0,0,0,0,0,0,0,0,0,0,0,0,0,0,0,0,0,0,0,0,0,0,0,0,0,0,0]
costo_por_agente [34,47,97,88,64,132,51,91,2,45,198,8,19,59,5,50,22,18,8,69,41,30,83,51,27,88,137,27,13,13,19,39,10,30,41,34,23,55,213,48,64,37,32,102,22,94,44,62,21,17,13,21,45,43,31,179,157,48,222,22,7,18,13,6,4,50,172,42,128,38,83,44,8,19,26,93,12,17,31,40,112,20,8,62,89,32,28,68,13,45,28,41,95,9,69,4,5,21,133,14]
completion_time_por_agente [35,48,99,89,65,134,53,93,3,46,200,9,20,62,6,53,23,19,9,70,44,31,85,53,28,92,139,28,14,14,20,40,11,31,42,37,24,56,215,49,66,40,33,105,24,98,45,63,22,18,14,23,46,44,34,180,158,49,224,23,8,19,14,7,5,52,173,43,130,40,85,45,9,20,27,94,13,18,32,41,113,21,9,63,91,33,29,72,14,46,32,42,97,10,72,5,6,24,134,15]
tiempo_ultimo_agente_goal 224
tiempo_en_acabar 224
tiempo_promedio 53.009998
agentes_en_goal 100
push_out_count 0
RUN 38
valores_ideales [0,0,0,0,0,0,0,0,0,0,0,0,0,0,0,0,0,0,0,0,0,0,0,0,0,0,0,0,0,0,0,0,0,0,0,0,0,0,0,0,0,0,0,0,0,0,0,0,0,0,0,0,0,0,0,0,0,0,0,0,0,0,0,0,0,0,0,0,0,0,0,0,0,0,0,0,0,0,0,0,0,0,0,0,0,0,0,0,0,0,0,0,0,0,0,0,0,0,0,0]
costo_por_agente [40,41,71,62,64,80,51,51,2,57,160,4,23,79,5,36,26,18,8,107,31,50,77,19,29,92,55,27,13,13,35,35,10,28,41,18,23,33,103,60,68,35,32,90,28,72,38,86,15,17,13,37,55,117,15,91,71,64,182,18,5,18,13,6,4,130,202,54,60,54,57,34,8,23,28,33,12,27,21,36,86,22,6,126,105,52,28,52,13,25,24,51,67,9,99,8,5,25,55,14]
completion_time_por_agente [41,42,72,63,65,82,52,52,3,62,162,5,24,82,6,38,27,19,9,108,32,51,79,20,30,96,58,28,14,14,36,36,11,29,42,19,24,34,104,61,70,36,33,94,30,74,39,87,16,18,14,38,56,118,16,92,72,66,184,20,6,19,14,7,5,135,205,55,61,56,60,35,9,24,29,34,13,28,23,37,88,23,7,127,106,53,29,53,14,26,25,52,68,10,101,9,6,27,56,15]
tiempo_ultimo_agente_goal 205
tiempo_en_acabar 205
tiempo_promedio 47.549999
agentes_en_goal 100
push_out_count 0
RUN 39
valores_ideales [0,0,0,0,0,0,0,0,0,0,0,0,0,0,0,0,0,0,0,0,0,0,0,0,0,0,0,0,0,0,0,0,0,0,0,0,0,0,0,0,0,0,0,0,0,0,0,0,0,0,0,0,0,0,0,0,0,0,0,0,0,0,0,0,0,0,0,0,0,0,0,0,0,0,0,0,0,0,0,0,0,0,0,0,0,0,0,0,0,0,0,0,0,0,0,0,0,0,0,0]
costo_por_agente [52,29,75,104,88,108,37,73,2,55,164,8,17,79,5,48,20,16,8,89,33,22,87,33,41,102,117,27,13,13,19,35,10,26,53,24,23,37,105,36,82,37,34,108,20,90,46,88,13,17,13,29,41,51,15,231,85,118,112,22,7,18,15,6,4,84,146,32,86,44,73,34,8,21,26,33,12,31,35,36,112,24,8,64,123,38,30,86,17,25,22,41,41,9,65,4,5,25,157,16]
completion_time_por_agente [53,30,77,105,92,110,39,75,3,56,165,9,18,80,6,50,21,17,9,90,34,23,88,34,42,103,118,28,14,14,20,36,11,27,55,26,24,38,108,37,84,39,35,110,22,93,47,89,14,18,14,30,42,53,17,233,87,119,116,23,8,19,16,7,5,87,147,33,88,45,75,35,9,22,27,35,13,32,36,37,116,25,9,66,124,39,31,87,19,26,24,42,42,10,66,5,6,27,158,17]
tiempo_ultimo_agente_goal 233
tiempo_en_acabar 233
tiempo_promedio 49.849998
agentes_en_goal 100
push_out_count 0
