RUN 0
valores_ideales [30,38,8,22,10,19,36,10,15,15,35,26,32,15,32,22,31,21,38,25,28,3,33,46,42,9,23,22,8,7,17,18,25,23,16,14,27,33,16,20,31,28,17,30,5,15,23,19,2,35]
costo_por_agente [66,74,10,54,10,21,54,10,15,15,37,26,64,15,42,46,31,57,68,69,44,3,33,46,44,9,23,62,8,7,19,18,25,23,16,16,27,33,16,20,49,28,17,42,59,15,43,19,2,73]
completion_time_por_agente [108,115,12,92,10,22,76,10,15,15,41,26,92,15,53,78,31,96,102,124,61,3,33,47,52,9,24,121,12,7,21,18,25,25,16,19,29,33,16,24,58,28,17,75,127,15,80,19,2,106]
tiempo_ultimo_agente_goal 127
tiempo_en_acabar 127
tiempo_promedio 45.099998
agentes_en_goal 50
bad_good_total_rate_pred [10194,10070,20264,0.5]
push_out_count 136
RUN 1
valores_ideales [30,38,8,22,10,19,36,10,15,15,35,26,32,15,32,22,31,21,38,25,28,3,33,46,42,9,23,22,8,7,17,18,25,23,16,14,27,33,16,20,31,28,17,30,5,15,23,19,2,35]
costo_por_agente [48,66,10,38,10,87,52,10,15,15,35,28,86,15,44,64,31,83,68,95,66,3,33,46,52,11,23,102,10,7,19,18,25,35,16,16,27,33,16,20,93,28,17,38,93,15,81,19,2,65]
completion_time_por_agente [67,111,11,52,11,145,75,10,15,15,38,29,178,15,68,125,31,184,125,183,120,3,33,46,82,11,27,186,12,7,21,18,25,54,16,19,28,33,16,24,171,28,17,57,185,15,152,19,2,114]
tiempo_ultimo_agente_goal 186
tiempo_en_acabar 186
tiempo_promedio 60.580002
agentes_en_goal 50
bad_good_total_rate_pred [13924,14900,28824,0.5]
push_out_count 417
RUN 2
valores_ideales [30,38,8,22,10,19,36,10,15,15,35,26,32,15,32,22,31,21,38,25,28,3,33,46,42,9,23,22,8,7,17,18,25,23,16,14,27,33,16,20,31,28,17,30,5,15,23,19,2,35]
costo_por_agente [46,76,10,78,10,23,66,10,15,15,69,26,90,15,40,94,31,91,90,89,86,3,33,48,58,9,23,70,10,7,19,18,25,29,16,16,27,33,16,20,31,28,17,74,101,15,87,31,2,45]
completion_time_por_agente [57,123,11,144,11,28,112,10,15,15,115,26,184,15,63,191,31,187,168,162,163,3,33,57,94,10,24,120,12,7,20,18,25,34,16,17,28,33,16,21,37,28,17,122,191,15,172,48,2,75]
tiempo_ultimo_agente_goal 191
tiempo_en_acabar 191
tiempo_promedio 62.520000
agentes_en_goal 50
bad_good_total_rate_pred [14769,15597,30366,0.5]
push_out_count 703
RUN 3
valores_ideales [30,38,8,22,10,19,36,10,15,15,35,26,32,15,32,22,31,21,38,25,28,3,33,46,42,9,23,22,8,7,17,18,25,23,16,14,27,33,16,20,31,28,17,30,5,15,23,19,2,35]
costo_por_agente [74,74,10,62,10,47,90,10,15,15,67,26,46,15,76,82,31,77,52,87,78,3,33,46,48,9,23,86,10,7,19,18,25,47,16,16,27,37,16,20,69,28,17,42,43,15,83,19,2,85]
completion_time_por_agente [139,108,11,78,10,77,151,13,15,15,107,26,67,15,137,153,31,138,86,157,151,3,33,49,63,9,24,161,14,7,21,18,25,82,16,21,28,53,16,20,125,28,17,64,91,15,154,19,2,144]
tiempo_ultimo_agente_goal 161
tiempo_en_acabar 161
tiempo_promedio 60.139999
agentes_en_goal 50
bad_good_total_rate_pred [16266,15353,31619,0.5]
push_out_count 990
RUN 4
valores_ideales [30,38,8,22,10,19,36,10,15,15,35,26,32,15,32,22,31,21,38,25,28,3,33,46,42,9,23,22,8,7,17,18,25,23,16,14,27,33,16,20,31,28,17,30,5,15,23,19,2,35]
costo_por_agente [82,100,8,48,10,49,52,10,15,15,35,26,100,15,56,100,31,89,82,91,44,3,33,46,42,9,23,84,8,7,19,18,25,51,16,16,27,33,16,20,47,28,17,68,7,15,77,21,2,83]
completion_time_por_agente [162,189,9,70,11,87,76,10,15,15,36,26,183,16,99,187,31,193,166,186,56,3,33,48,43,9,24,171,12,7,21,18,25,87,16,17,28,33,17,24,76,28,17,122,10,15,155,26,2,142]
tiempo_ultimo_agente_goal 193
tiempo_en_acabar 193
tiempo_promedio 61.040001
agentes_en_goal 50
bad_good_total_rate_pred [14133,16146,30279,0.5]
push_out_count 1275
RUN 5
valores_ideales [30,38,8,22,10,19,36,10,15,15,35,26,32,15,32,22,31,21,38,25,28,3,33,46,42,9,23,22,8,7,17,18,25,23,16,14,27,33,16,20,31,28,17,30,5,15,23,19,2,35]
costo_por_agente [52,64,8,76,10,49,84,10,15,15,49,26,64,17,118,56,31,89,104,89,92,3,33,46,46,9,23,102,8,7,19,18,25,115,20,16,27,33,16,20,103,28,17,94,103,15,81,19,2,55]
completion_time_por_agente [70,110,10,152,10,89,149,10,15,15,66,26,122,17,223,81,31,199,187,185,190,3,33,47,62,9,24,210,12,7,20,18,25,207,20,17,28,34,16,21,211,28,17,183,222,15,158,21,2,94]
tiempo_ultimo_agente_goal 223
tiempo_en_acabar 223
tiempo_promedio 74.419998
agentes_en_goal 50
bad_good_total_rate_pred [19353,20982,40335,0.5]
push_out_count 1662
RUN 6
valores_ideales [30,38,8,22,10,19,36,10,15,15,35,26,32,15,32,22,31,21,38,25,28,3,33,46,42,9,23,22,8,7,17,18,25,23,16,14,27,33,16,20,31,28,17,30,5,15,23,19,2,35]
costo_por_agente [80,66,10,88,10,55,62,10,15,15,35,26,86,15,32,92,31,83,64,97,68,3,33,46,42,9,23,58,8,7,19,18,25,85,16,16,27,33,18,22,83,28,17,76,95,15,73,19,2,85]
completion_time_por_agente [151,119,12,157,10,105,118,10,16,15,37,26,154,15,45,165,31,171,105,178,121,3,33,54,55,9,24,117,10,7,27,18,25,169,16,17,29,36,20,31,148,29,17,142,171,15,132,21,2,125]
tiempo_ultimo_agente_goal 178
tiempo_en_acabar 178
tiempo_promedio 65.260002
agentes_en_goal 50
bad_good_total_rate_pred [16323,18881,35204,0.5]
push_out_count 1967
RUN 7
valores_ideales [30,38,8,22,10,19,36,10,15,15,35,26,32,15,32,22,31,21,38,25,28,3,33,46,42,9,23,22,8,7,17,18,25,23,16,14,27,33,16,20,31,28,17,30,5,15,23,19,2,35]
costo_por_agente [60,52,10,80,10,65,66,10,15,15,57,26,88,15,78,30,31,105,114,135,74,3,33,46,42,9,23,128,10,9,19,18,25,87,16,16,27,33,16,20,99,28,17,96,49,15,89,19,2,79]
completion_time_por_agente [82,76,11,143,10,112,110,10,15,15,86,26,159,15,138,40,31,212,213,276,105,3,33,47,44,9,24,269,12,9,20,18,25,168,16,19,28,33,16,21,183,28,17,176,102,15,161,19,2,151]
tiempo_ultimo_agente_goal 276
tiempo_en_acabar 276
tiempo_promedio 71.059998
agentes_en_goal 50
bad_good_total_rate_pred [16218,19663,35881,0.5]
push_out_count 2383
RUN 8
valores_ideales [30,38,8,22,10,19,36,10,15,15,35,26,32,15,32,22,31,21,38,25,28,3,33,46,42,9,23,22,8,7,17,18,25,23,16,14,27,33,16,20,31,28,17,30,5,15,23,19,2,35]
costo_por_agente [68,94,8,28,10,39,38,10,15,15,39,26,64,15,84,90,31,91,56,69,108,3,33,46,46,9,23,102,8,7,19,18,25,73,16,16,27,33,16,20,79,28,17,54,7,15,37,19,2,47]
completion_time_por_agente [123,167,9,33,10,61,41,10,15,15,42,26,102,15,148,171,31,164,90,124,212,3,33,50,61,10,24,204,12,8,21,18,25,154,16,17,28,33,16,24,156,28,17,97,11,15,44,19,2,66]
tiempo_ultimo_agente_goal 212
tiempo_en_acabar 212
tiempo_promedio 56.419998
agentes_en_goal 50
bad_good_total_rate_pred [12361,14501,26862,0.5]
push_out_count 2641
RUN 9
valores_ideales [30,38,8,22,10,19,36,10,15,15,35,26,32,15,32,22,31,21,38,25,28,3,33,46,42,9,23,22,8,7,17,18,25,23,16,14,27,33,16,20,31,28,17,30,5,15,23,19,2,35]
costo_por_agente [94,94,10,76,10,21,48,10,15,15,35,26,114,15,80,94,31,99,56,109,100,3,33,46,42,9,23,88,8,7,19,18,25,93,18,18,27,33,16,20,73,28,17,88,109,15,99,19,2,75]
completion_time_por_agente [180,188,11,119,10,22,85,10,15,15,36,26,215,15,146,187,31,196,102,217,191,3,33,49,51,10,24,176,12,7,20,18,25,161,19,19,28,33,16,24,124,28,17,180,217,15,200,19,2,143]
tiempo_ultimo_agente_goal 217
tiempo_en_acabar 217
tiempo_promedio 73.800003
agentes_en_goal 50
bad_good_total_rate_pred [19872,19254,39126,0.5]
push_out_count 3018
RUN 10
valores_ideales [30,38,8,22,10,19,36,10,15,15,35,26,32,15,32,22,31,21,38,25,28,3,33,46,42,9,23,22,8,7,17,18,25,23,16,14,27,33,16,20,31,28,17,30,5,15,23,19,2,35]
costo_por_agente [62,62,8,90,10,45,82,12,15,15,35,26,84,15,68,74,31,101,98,67,104,3,33,46,46,9,23,102,8,7,19,18,25,57,16,16,27,33,16,20,91,28,17,96,79,15,83,41,2,43]
completion_time_por_agente [103,101,14,163,11,86,126,13,15,15,36,26,172,15,122,119,31,190,158,126,202,3,33,49,71,9,24,201,12,7,21,18,25,69,16,19,28,34,16,24,197,28,17,183,158,15,171,65,2,64]
tiempo_ultimo_agente_goal 202
tiempo_en_acabar 202
tiempo_promedio 68.459999
agentes_en_goal 50
bad_good_total_rate_pred [16223,18973,35196,0.5]
push_out_count 3348
RUN 11
valores_ideales [30,38,8,22,10,19,36,10,15,15,35,26,32,15,32,22,31,21,38,25,28,3,33,46,42,9,23,22,8,7,17,18,25,23,16,14,27,33,16,20,31,28,17,30,5,15,23,19,2,35]
costo_por_agente [72,94,8,94,10,41,54,10,15,15,41,26,96,15,66,92,31,95,86,99,96,3,33,52,50,9,23,92,12,7,19,18,25,93,16,16,27,33,16,20,31,28,17,60,95,15,51,19,2,65]
completion_time_por_agente [102,182,9,159,10,68,80,10,15,15,63,26,169,15,119,156,31,186,151,189,181,3,33,68,73,9,24,174,12,7,20,18,25,165,17,17,28,33,16,21,38,28,17,102,170,15,84,19,2,120]
tiempo_ultimo_agente_goal 189
tiempo_en_acabar 189
tiempo_promedio 65.879997
agentes_en_goal 50
bad_good_total_rate_pred [17381,17669,35050,0.5]
push_out_count 3665
RUN 12
valores_ideales [30,38,8,22,10,19,36,10,15,15,35,26,32,15,32,22,31,21,38,25,28,3,33,46,42,9,23,22,8,7,17,18,25,23,16,14,27,33,16,20,31,28,17,30,5,15,23,19,2,35]
costo_por_agente [94,68,10,50,10,65,46,10,15,15,35,26,72,15,56,32,31,57,88,79,32,3,33,46,44,9,23,76,8,11,19,18,25,89,16,16,27,33,16,20,51,28,17,76,7,15,95,19,2,81]
completion_time_por_agente [163,116,11,52,10,125,69,11,15,15,41,26,133,15,91,44,32,109,159,154,39,3,33,48,48,9,24,154,12,16,21,18,25,158,16,21,28,34,20,24,84,28,17,150,11,15,175,19,2,139]
tiempo_ultimo_agente_goal 175
tiempo_en_acabar 175
tiempo_promedio 55.639999
agentes_en_goal 50
bad_good_total_rate_pred [12066,14680,26746,0.5]
push_out_count 3921
RUN 13
valores_ideales [30,38,8,22,10,19,36,10,15,15,35,26,32,15,32,22,31,21,38,25,28,3,33,46,42,9,23,22,8,7,17,18,25,23,16,14,27,33,16,20,31,28,17,30,5,15,23,19,2,35]
costo_por_agente [118,88,12,118,10,33,88,10,15,15,41,28,80,15,84,102,31,109,80,101,76,3,33,46,48,9,23,112,8,7,19,18,25,45,16,16,27,33,16,20,65,28,17,48,7,15,113,19,2,45]
completion_time_por_agente [234,167,13,219,10,48,184,12,15,15,47,29,161,17,162,203,31,233,173,213,145,3,33,46,62,9,27,216,12,7,21,18,25,77,16,19,28,33,16,24,119,28,17,74,8,15,233,19,2,70]
tiempo_ultimo_agente_goal 234
tiempo_en_acabar 234
tiempo_promedio 72.160004
agentes_en_goal 50
bad_good_total_rate_pred [18203,19909,38112,0.5]
push_out_count 4288
RUN 14
valores_ideales [30,38,8,22,10,19,36,10,15,15,35,26,32,15,32,22,31,21,38,25,28,3,33,46,42,9,23,22,8,7,17,18,25,23,16,14,27,33,16,20,31,28,17,30,5,15,23,19,2,35]
costo_por_agente [38,52,16,56,10,35,102,10,15,15,37,26,96,15,34,34,31,65,108,93,106,3,33,46,74,9,23,106,10,7,19,18,25,73,16,16,27,33,16,20,71,28,17,90,51,15,115,19,2,61]
completion_time_por_agente [51,81,29,99,14,53,179,10,15,15,42,28,180,15,42,44,31,127,207,203,208,3,33,47,135,9,23,212,17,7,21,18,25,135,16,17,28,34,16,20,125,28,17,156,91,15,213,19,2,86]
tiempo_ultimo_agente_goal 213
tiempo_en_acabar 213
tiempo_promedio 64.820000
agentes_en_goal 50
bad_good_total_rate_pred [15233,17068,32301,0.5]
push_out_count 4618
RUN 15
valores_ideales [30,38,8,22,10,19,36,10,15,15,35,26,32,15,32,22,31,21,38,25,28,3,33,46,42,9,23,22,8,7,17,18,25,23,16,14,27,33,16,20,31,28,17,30,5,15,23,19,2,35]
costo_por_agente [66,130,8,114,10,43,104,10,15,15,57,26,100,15,94,38,31,99,68,95,90,3,33,46,42,9,23,108,8,9,19,18,25,49,16,16,27,33,16,20,99,28,17,98,109,15,51,19,2,83]
completion_time_por_agente [128,238,9,202,11,71,209,10,15,15,92,26,189,15,185,51,31,215,120,192,177,3,33,49,46,9,24,226,8,10,21,18,25,73,16,21,28,34,16,20,173,28,17,194,195,15,62,19,2,156]
tiempo_ultimo_agente_goal 238
tiempo_en_acabar 238
tiempo_promedio 74.839996
agentes_en_goal 50
bad_good_total_rate_pred [19079,21207,40286,0.5]
push_out_count 5028
RUN 16
valores_ideales [30,38,8,22,10,19,36,10,15,15,35,26,32,15,32,22,31,21,38,25,28,3,33,46,42,9,23,22,8,7,17,18,25,23,16,14,27,33,16,20,31,28,17,30,5,15,23,19,2,35]
costo_por_agente [94,52,8,24,10,63,88,10,15,15,65,26,70,15,90,96,31,107,100,109,96,3,33,46,46,9,23,100,8,9,19,18,25,105,16,16,27,33,16,20,65,28,17,92,7,15,95,19,2,35]
completion_time_por_agente [172,81,9,25,11,117,174,10,15,15,109,26,121,15,173,174,31,196,169,220,196,3,33,57,57,10,24,189,9,11,20,18,25,209,16,17,28,33,16,24,104,28,17,174,10,15,191,20,2,35]
tiempo_ultimo_agente_goal 220
tiempo_en_acabar 220
tiempo_promedio 69.080002
agentes_en_goal 50
bad_good_total_rate_pred [15862,20687,36549,0.6]
push_out_count 5411
RUN 17
valores_ideales [30,38,8,22,10,19,36,10,15,15,35,26,32,15,32,22,31,21,38,25,28,3,33,46,42,9,23,22,8,7,17,18,25,23,16,14,27,33,16,20,31,28,17,30,5,15,23,19,2,35]
costo_por_agente [40,90,10,32,10,25,46,10,15,15,39,26,92,15,60,56,31,65,72,75,70,3,33,46,74,9,23,40,10,7,19,18,25,27,16,16,27,33,16,20,65,28,17,62,39,15,87,19,2,55]
completion_time_por_agente [59,156,11,37,10,33,66,10,16,15,51,26,160,15,87,79,31,123,120,129,119,3,33,50,113,9,24,78,13,7,21,18,25,28,16,19,28,35,16,20,113,28,17,103,82,15,153,19,2,80]
tiempo_ultimo_agente_goal 160
tiempo_en_acabar 160
tiempo_promedio 50.419998
agentes_en_goal 50
bad_good_total_rate_pred [12517,12446,24963,0.5]
push_out_count 5614
RUN 18
valores_ideales [30,38,8,22,10,19,36,10,15,15,35,26,32,15,32,22,31,21,38,25,28,3,33,46,42,9,23,22,8,7,17,18,25,23,16,14,27,33,16,20,31,28,17,30,5,15,23,19,2,35]
costo_por_agente [88,58,12,66,10,71,80,10,15,15,41,26,92,15,62,98,31,41,44,89,90,3,33,46,42,9,23,78,8,7,19,18,25,29,16,16,27,33,16,20,35,28,17,74,9,15,91,19,2,79]
completion_time_por_agente [162,78,12,126,10,126,141,10,15,15,48,28,167,15,107,162,31,64,52,168,160,3,33,48,45,9,26,165,12,7,21,18,25,31,16,19,28,33,16,20,46,28,17,150,10,15,170,21,2,139]
tiempo_ultimo_agente_goal 170
tiempo_en_acabar 170
tiempo_promedio 57.400002
agentes_en_goal 50
bad_good_total_rate_pred [13283,14974,28257,0.5]
push_out_count 5878
RUN 19
valores_ideales [30,38,8,22,10,19,36,10,15,15,35,26,32,15,32,22,31,21,38,25,28,3,33,46,42,9,23,22,8,7,17,18,25,23,16,14,27,33,16,20,31,28,17,30,5,15,23,19,2,35]
costo_por_agente [72,90,10,94,10,69,58,10,15,15,49,26,94,15,44,32,31,123,102,59,148,3,33,46,42,9,23,100,8,7,19,18,25,47,16,16,27,33,16,20,125,28,17,72,153,15,63,29,2,75]
completion_time_por_agente [118,157,10,173,13,136,80,10,15,15,66,26,183,15,60,45,31,250,191,91,284,3,33,46,42,9,24,178,12,8,21,18,25,77,16,21,28,33,17,24,242,28,17,137,273,15,113,42,2,125]
tiempo_ultimo_agente_goal 284
tiempo_en_acabar 284
tiempo_promedio 71.959999
agentes_en_goal 50
bad_good_total_rate_pred [15582,20032,35614,0.6]
push_out_count 6267
RUN 20
valores_ideales [30,38,8,22,10,19,36,10,15,15,35,26,32,15,32,22,31,21,38,25,28,3,33,46,42,9,23,22,8,7,17,18,25,23,16,14,27,33,16,20,31,28,17,30,5,15,23,19,2,35]
costo_por_agente [98,72,10,54,10,61,52,10,15,15,49,26,124,15,116,110,31,73,54,101,48,3,33,52,48,9,23,106,10,9,19,18,25,115,18,16,27,33,16,20,35,28,17,114,11,15,95,19,2,85]
completion_time_por_agente [202,121,12,68,12,107,91,10,15,15,82,26,217,15,227,208,31,136,78,195,67,3,33,63,72,10,24,213,12,9,20,18,25,212,18,17,28,33,16,21,43,28,17,199,17,15,215,20,2,150]
tiempo_ultimo_agente_goal 227
tiempo_en_acabar 227
tiempo_promedio 69.760002
agentes_en_goal 50
bad_good_total_rate_pred [17484,19054,36538,0.5]
push_out_count 6635
RUN 21
valores_ideales [30,38,8,22,10,19,36,10,15,15,35,26,32,15,32,22,31,21,38,25,28,3,33,46,42,9,23,22,8,7,17,18,25,23,16,14,27,33,16,20,31,28,17,30,5,15,23,19,2,35]
costo_por_agente [56,84,10,66,10,27,56,10,15,15,65,26,48,15,48,58,31,81,72,73,72,3,33,48,42,9,23,60,12,7,19,18,25,63,16,16,27,33,16,20,65,28,17,80,7,15,51,19,2,47]
completion_time_por_agente [83,137,11,100,11,40,85,10,15,15,85,26,70,15,64,84,31,152,119,135,119,3,34,55,44,9,24,120,16,7,21,18,25,107,16,17,28,33,16,24,101,28,17,147,11,15,87,19,2,72]
tiempo_ultimo_agente_goal 152
tiempo_en_acabar 152
tiempo_promedio 50.459999
agentes_en_goal 50
bad_good_total_rate_pred [11939,13170,25109,0.5]
push_out_count 6841
RUN 22
valores_ideales [30,38,8,22,10,19,36,10,15,15,35,26,32,15,32,22,31,21,38,25,28,3,33,46,42,9,23,22,8,7,17,18,25,23,16,14,27,33,16,20,31,28,17,30,5,15,23,19,2,35]
costo_por_agente [76,72,12,90,12,23,76,10,15,15,47,36,96,15,92,78,31,83,66,43,70,3,33,46,50,9,23,74,10,7,19,18,25,41,16,16,27,33,16,20,61,28,17,78,95,15,49,19,2,53]
completion_time_por_agente [156,124,12,172,15,29,143,10,15,15,63,44,172,15,172,163,31,164,107,78,131,3,33,51,67,10,25,148,12,11,21,18,25,53,16,19,29,33,16,24,94,28,17,140,173,17,64,19,2,65]
tiempo_ultimo_agente_goal 173
tiempo_en_acabar 173
tiempo_promedio 61.279999
agentes_en_goal 50
bad_good_total_rate_pred [14523,16557,31080,0.5]
push_out_count 7133
RUN 23
valores_ideales [30,38,8,22,10,19,36,10,15,15,35,26,32,15,32,22,31,21,38,25,28,3,33,46,42,9,23,22,8,7,17,18,25,23,16,14,27,33,16,20,31,28,17,30,5,15,23,19,2,35]
costo_por_agente [48,102,8,40,10,29,82,10,15,15,65,26,90,15,80,56,31,97,58,129,134,3,33,48,60,9,23,102,8,7,19,18,25,121,16,16,27,33,16,20,131,28,17,84,127,15,49,19,2,113]
completion_time_por_agente [68,192,9,54,11,38,146,10,15,15,98,28,155,15,153,96,31,196,102,256,265,3,33,58,95,10,26,203,12,8,21,18,25,242,16,21,28,33,16,24,249,28,17,150,247,15,69,21,2,214]
tiempo_ultimo_agente_goal 265
tiempo_en_acabar 265
tiempo_promedio 77.139999
agentes_en_goal 50
bad_good_total_rate_pred [18829,22482,41311,0.5]
push_out_count 7583
RUN 24
valores_ideales [30,38,8,22,10,19,36,10,15,15,35,26,32,15,32,22,31,21,38,25,28,3,33,46,42,9,23,22,8,7,17,18,25,23,16,14,27,33,16,20,31,28,17,30,5,15,23,19,2,35]
costo_por_agente [76,74,12,42,10,119,50,10,15,15,35,28,112,15,42,32,31,101,98,77,106,3,33,68,46,11,23,118,10,7,19,18,25,53,16,16,27,33,16,20,49,28,17,92,103,15,91,19,2,35]
completion_time_por_agente [148,129,13,64,10,213,83,10,15,15,39,29,206,15,68,34,32,200,181,145,206,3,33,109,63,11,27,213,12,7,21,18,25,83,17,19,28,33,16,24,80,28,17,178,201,15,173,19,2,44]
tiempo_ultimo_agente_goal 213
tiempo_en_acabar 213
tiempo_promedio 67.480003
agentes_en_goal 50
bad_good_total_rate_pred [15061,17652,32713,0.5]
push_out_count 7934
RUN 25
valores_ideales [30,38,8,22,10,19,36,10,15,15,35,26,32,15,32,22,31,21,38,25,28,3,33,46,42,9,23,22,8,7,17,18,25,23,16,14,27,33,16,20,31,28,17,30,5,15,23,19,2,35]
costo_por_agente [68,78,8,40,10,39,74,10,15,15,37,26,88,15,82,90,31,99,72,95,54,3,33,46,44,9,23,60,8,7,19,18,25,55,16,16,27,33,16,20,89,28,17,86,63,15,49,19,2,41]
completion_time_por_agente [115,135,9,47,10,49,127,10,15,16,40,29,163,16,162,171,31,180,111,178,73,3,33,50,54,10,25,118,12,7,21,18,25,76,16,19,29,33,16,24,169,28,17,161,122,15,87,19,2,60]
tiempo_ultimo_agente_goal 180
tiempo_en_acabar 180
tiempo_promedio 59.119999
agentes_en_goal 50
bad_good_total_rate_pred [14362,15518,29880,0.5]
push_out_count 8202
RUN 26
valores_ideales [30,38,8,22,10,19,36,10,15,15,35,26,32,15,32,22,31,21,38,25,28,3,33,46,42,9,23,22,8,7,17,18,25,23,16,14,27,33,16,20,31,28,17,30,5,15,23,19,2,35]
costo_por_agente [94,112,8,82,10,45,64,10,15,15,43,26,80,15,50,58,31,115,70,123,92,3,33,46,42,9,27,102,8,7,19,18,25,121,16,16,27,33,16,20,35,28,17,46,7,15,123,23,2,73]
completion_time_por_agente [193,205,10,158,10,70,107,11,15,15,54,27,140,15,68,86,31,231,108,241,172,3,33,49,49,9,28,219,12,7,21,18,25,227,16,17,28,33,16,24,44,28,17,77,11,15,235,27,2,125]
tiempo_ultimo_agente_goal 241
tiempo_en_acabar 241
tiempo_promedio 67.639999
agentes_en_goal 50
bad_good_total_rate_pred [15411,17584,32995,0.5]
push_out_count 8535
RUN 27
valores_ideales [30,38,8,22,10,19,36,10,15,15,35,26,32,15,32,22,31,21,38,25,28,3,33,46,42,9,23,22,8,7,17,18,25,23,16,14,27,33,16,20,31,28,17,30,5,15,23,19,2,35]
costo_por_agente [60,78,10,98,10,25,54,10,15,15,51,26,102,15,72,70,31,97,86,89,52,3,33,48,42,9,23,82,10,7,19,18,25,65,16,16,27,33,16,20,99,28,17,112,33,15,57,19,2,85]
completion_time_por_agente [104,144,11,201,10,29,95,10,15,15,75,26,190,15,118,146,31,199,157,180,65,3,33,56,43,9,24,164,12,7,20,18,25,101,16,16,28,33,16,21,189,28,17,203,55,15,100,19,2,160]
tiempo_ultimo_agente_goal 203
tiempo_en_acabar 203
tiempo_promedio 65.379997
agentes_en_goal 50
bad_good_total_rate_pred [15966,19069,35035,0.5]
push_out_count 8858
RUN 28
valores_ideales [30,38,8,22,10,19,36,10,15,15,35,26,32,15,32,22,31,21,38,25,28,3,33,46,42,9,23,22,8,7,17,18,25,23,16,14,27,33,16,20,31,28,17,30,5,15,23,19,2,35]
costo_por_agente [76,60,10,28,10,67,156,10,15,15,51,26,94,15,76,170,31,159,46,83,72,3,33,46,54,9,23,134,8,13,19,18,25,137,16,14,27,33,16,20,37,28,17,146,141,15,31,19,2,63]
completion_time_por_agente [147,95,10,33,10,120,290,10,15,15,66,26,171,15,131,320,31,307,62,171,142,3,33,50,86,10,24,276,12,20,21,18,25,276,16,14,28,34,17,24,47,28,17,286,305,15,37,19,2,101]
tiempo_ultimo_agente_goal 320
tiempo_en_acabar 320
tiempo_promedio 80.620003
agentes_en_goal 50
bad_good_total_rate_pred [17509,20495,38004,0.5]
push_out_count 9332
RUN 29
valores_ideales [30,38,8,22,10,19,36,10,15,15,35,26,32,15,32,22,31,21,38,25,28,3,33,46,42,9,23,22,8,7,17,18,25,23,16,14,27,33,16,20,31,28,17,30,5,15,23,19,2,35]
costo_por_agente [118,82,10,58,10,41,72,10,15,15,93,28,112,15,50,68,31,67,120,99,94,3,33,46,56,9,23,78,8,7,19,18,25,41,16,18,27,33,16,22,35,28,17,40,105,15,29,19,2,77]
completion_time_por_agente [221,142,11,102,10,74,125,10,15,15,170,30,230,15,84,103,31,120,199,163,172,3,33,53,81,9,25,149,8,7,21,18,25,55,17,19,28,33,16,24,45,28,17,59,215,15,39,19,2,126]
tiempo_ultimo_agente_goal 230
tiempo_en_acabar 230
tiempo_promedio 64.620003
agentes_en_goal 50
bad_good_total_rate_pred [15413,15585,30998,0.5]
push_out_count 9649
RUN 30
valores_ideales [30,38,8,22,10,19,36,10,15,15,35,26,32,15,32,22,31,21,38,25,28,3,33,46,42,9,23,22,8,7,17,18,25,23,16,14,27,33,16,20,31,28,17,30,5,15,23,19,2,35]
costo_por_agente [56,84,10,56,10,175,68,10,15,15,35,26,68,15,124,122,31,47,74,133,40,3,33,48,42,9,23,112,8,9,19,18,25,153,16,16,27,33,16,20,119,28,17,62,7,15,53,19,2,53]
completion_time_por_agente [105,140,11,75,11,310,111,10,15,15,36,28,128,15,241,227,31,72,132,251,53,3,33,52,45,10,26,237,12,10,21,18,25,302,16,17,28,33,17,20,218,28,17,115,8,15,75,19,2,81]
tiempo_ultimo_agente_goal 310
tiempo_en_acabar 310
tiempo_promedio 70.400002
agentes_en_goal 50
bad_good_total_rate_pred [15562,18347,33909,0.5]
push_out_count 10021
RUN 31
valores_ideales [30,38,8,22,10,19,36,10,15,15,35,26,32,15,32,22,31,21,38,25,28,3,33,46,42,9,23,22,8,7,17,18,25,23,16,14,27,33,16,20,31,28,17,30,5,15,23,19,2,35]
costo_por_agente [44,56,8,36,10,43,58,10,15,15,59,26,60,15,82,46,31,81,82,83,70,3,33,48,44,9,25,82,8,7,19,18,25,63,16,16,27,33,16,20,35,28,17,52,45,15,75,19,2,43]
completion_time_por_agente [63,76,10,45,10,77,84,10,15,15,93,28,95,16,133,68,31,164,156,140,88,3,33,54,49,9,26,161,12,7,21,18,25,122,16,21,28,33,16,24,41,28,17,92,85,15,133,19,2,55]
tiempo_ultimo_agente_goal 164
tiempo_en_acabar 164
tiempo_promedio 51.639999
agentes_en_goal 50
bad_good_total_rate_pred [12351,12542,24893,0.5]
push_out_count 10229
RUN 32
valores_ideales [30,38,8,22,10,19,36,10,15,15,35,26,32,15,32,22,31,21,38,25,28,3,33,46,42,9,23,22,8,7,17,18,25,23,16,14,27,33,16,20,31,28,17,30,5,15,23,19,2,35]
costo_por_agente [70,78,10,104,10,71,62,10,15,15,37,26,110,15,88,92,31,83,60,99,104,3,33,46,50,9,23,110,8,7,19,18,25,29,16,16,27,33,16,20,101,28,17,70,37,15,87,21,2,95]
completion_time_por_agente [129,135,12,194,10,157,112,10,15,15,42,26,207,15,173,183,31,178,96,212,176,3,33,47,64,9,24,192,12,7,21,18,25,38,16,17,28,33,16,24,201,28,17,134,73,15,161,24,2,183]
tiempo_ultimo_agente_goal 212
tiempo_en_acabar 212
tiempo_promedio 71.860001
agentes_en_goal 50
bad_good_total_rate_pred [18130,20963,39093,0.5]
push_out_count 10606
RUN 33
valores_ideales [30,38,8,22,10,19,36,10,15,15,35,26,32,15,32,22,31,21,38,25,28,3,33,46,42,9,23,22,8,7,17,18,25,23,16,14,27,33,16,20,31,28,17,30,5,15,23,19,2,35]
costo_por_agente [80,46,10,26,10,39,78,10,15,15,37,28,74,15,58,84,31,91,68,87,82,3,33,46,44,9,23,58,10,7,19,18,25,87,16,16,27,33,16,20,55,28,17,42,27,15,35,21,2,51]
completion_time_por_agente [156,58,10,31,10,62,131,10,15,15,46,30,139,15,90,153,31,174,119,161,152,3,33,48,49,9,25,125,12,9,21,18,25,168,16,17,28,33,16,24,86,28,17,61,58,15,56,25,2,75]
tiempo_ultimo_agente_goal 174
tiempo_en_acabar 174
tiempo_promedio 54.200001
agentes_en_goal 50
bad_good_total_rate_pred [12715,12691,25406,0.5]
push_out_count 10845
RUN 34
valores_ideales [30,38,8,22,10,19,36,10,15,15,35,26,32,15,32,22,31,21,38,25,28,3,33,46,42,9,23,22,8,7,17,18,25,23,16,14,27,33,16,20,31,28,17,30,5,15,23,19,2,35]
costo_por_agente [50,52,10,82,10,37,48,10,15,15,39,26,66,15,68,46,31,69,60,63,38,3,33,46,44,9,23,58,10,7,19,18,25,25,16,16,27,33,16,20,57,28,17,46,25,15,63,19,2,41]
completion_time_por_agente [85,74,12,128,10,45,78,10,15,15,47,26,119,15,102,75,31,126,102,114,50,3,33,48,50,9,24,90,12,7,21,18,25,31,17,21,28,36,16,24,91,29,17,61,43,15,105,19,2,48]
tiempo_ultimo_agente_goal 128
tiempo_en_acabar 128
tiempo_promedio 44.439999
agentes_en_goal 50
bad_good_total_rate_pred [9855,9678,19533,0.5]
push_out_count 11000
RUN 35
valores_ideales [30,38,8,22,10,19,36,10,15,15,35,26,32,15,32,22,31,21,38,25,28,3,33,46,42,9,23,22,8,7,17,18,25,23,16,14,27,33,16,20,31,28,17,30,5,15,23,19,2,35]
costo_por_agente [82,124,8,76,10,75,42,10,15,15,37,26,98,15,118,34,31,119,88,93,102,3,33,46,62,11,23,108,10,7,19,18,25,93,16,16,27,33,16,20,111,28,17,68,119,15,51,19,2,103]
completion_time_por_agente [140,233,9,130,10,142,64,10,15,15,42,26,169,15,215,47,31,230,157,180,171,3,33,47,110,11,24,221,12,7,21,18,25,175,16,17,28,33,16,24,217,28,17,119,233,15,103,21,2,194]
tiempo_ultimo_agente_goal 233
tiempo_en_acabar 233
tiempo_promedio 76.820000
agentes_en_goal 50
bad_good_total_rate_pred [20394,20848,41242,0.5]
push_out_count 11420
RUN 36
valores_ideales [30,38,8,22,10,19,36,10,15,15,35,26,32,15,32,22,31,21,38,25,28,3,33,46,42,9,23,22,8,7,17,18,25,23,16,14,27,33,16,20,31,28,17,30,5,15,23,19,2,35]
costo_por_agente [60,48,10,48,10,59,50,10,15,15,37,26,90,15,98,108,31,99,64,87,74,3,33,48,44,9,23,96,8,7,19,18,25,59,16,16,27,33,16,20,113,28,17,78,93,15,93,19,2,39]
completion_time_por_agente [100,69,12,64,11,104,84,10,15,15,43,26,176,15,193,196,31,183,119,180,135,3,33,61,48,10,24,200,12,7,21,18,25,84,16,19,28,33,17,24,226,28,17,126,208,15,158,19,2,45]
tiempo_ultimo_agente_goal 226
tiempo_en_acabar 226
tiempo_promedio 66.160004
agentes_en_goal 50
bad_good_total_rate_pred [13992,17978,31970,0.6]
push_out_count 11754
RUN 37
valores_ideales [30,38,8,22,10,19,36,10,15,15,35,26,32,15,32,22,31,21,38,25,28,3,33,46,42,9,23,22,8,7,17,18,25,23,16,14,27,33,16,20,31,28,17,30,5,15,23,19,2,35]
costo_por_agente [86,68,8,64,10,69,92,10,15,15,41,26,104,15,56,32,31,85,96,93,40,3,33,46,42,9,23,46,10,7,19,18,25,81,16,18,27,33,16,20,39,28,17,84,71,15,93,19,2,57]
completion_time_por_agente [159,119,10,118,10,103,177,10,15,15,45,28,178,15,97,59,31,171,167,173,56,3,33,47,49,9,26,86,12,9,21,18,25,143,16,19,28,33,16,24,46,28,17,144,142,15,177,19,2,103]
tiempo_ultimo_agente_goal 178
tiempo_en_acabar 178
tiempo_promedio 61.320000
agentes_en_goal 50
bad_good_total_rate_pred [14465,17034,31499,0.5]
push_out_count 12045
RUN 38
valores_ideales [30,38,8,22,10,19,36,10,15,15,35,26,32,15,32,22,31,21,38,25,28,3,33,46,42,9,23,22,8,7,17,18,25,23,16,14,27,33,16,20,31,28,17,30,5,15,23,19,2,35]
costo_por_agente [60,72,8,42,10,83,46,10,15,15,97,26,82,15,96,34,31,99,42,59,106,3,33,46,42,9,23,98,10,7,19,18,25,59,16,16,27,33,16,20,45,28,17,44,67,15,97,19,2,91]
completion_time_por_agente [106,115,11,61,11,153,55,10,15,15,176,26,135,16,173,49,31,190,55,87,193,3,33,51,44,9,24,182,12,7,20,18,25,116,16,19,28,34,16,24,76,28,17,75,129,15,184,20,2,162]
tiempo_ultimo_agente_goal 193
tiempo_en_acabar 193
tiempo_promedio 61.439999
agentes_en_goal 50
bad_good_total_rate_pred [13861,16190,30051,0.5]
push_out_count 12343
RUN 39
valores_ideales [30,38,8,22,10,19,36,10,15,15,35,26,32,15,32,22,31,21,38,25,28,3,33,46,42,9,23,22,8,7,17,18,25,23,16,14,27,33,16,20,31,28,17,30,5,15,23,19,2,35]
costo_por_agente [66,72,8,80,10,65,58,10,15,15,41,26,84,15,66,64,31,53,52,65,52,3,33,46,42,9,23,62,8,7,19,18,25,57,16,18,27,33,16,20,83,28,17,58,7,15,71,19,2,37]
completion_time_por_agente [117,111,9,148,10,122,92,10,15,15,50,26,160,15,113,106,31,97,71,122,88,3,33,48,49,10,24,114,12,7,20,18,25,98,16,19,28,35,16,21,146,28,17,108,8,15,125,19,2,48]
tiempo_ultimo_agente_goal 160
tiempo_en_acabar 160
tiempo_promedio 52.799999
agentes_en_goal 50
bad_good_total_rate_pred [12855,13387,26242,0.5]
push_out_count 12569
