RUN 0
valores_ideales [32,37,8,11,8,31,15,5,12,42,7,27,10,19,39,25,34,9,32,23,8,24,27,15,7,11,45,8,18,47,21,23,6,16,29,14,13,7,25,37]
costo_por_agente [34,51,10,11,8,37,15,5,36,42,7,29,10,37,39,45,34,9,32,23,8,30,43,25,7,13,45,8,24,51,33,23,6,16,37,14,13,7,35,39]
completion_time_por_agente [35,64,10,11,8,37,15,5,53,44,7,34,10,50,43,68,34,10,34,23,8,35,56,43,7,13,45,8,29,53,49,23,6,16,43,14,13,7,46,44]
tiempo_ultimo_agente_goal 68
tiempo_en_acabar 68
tiempo_promedio 28.825001
agentes_en_goal 40
bad_good_total_rate_pred [1907,1678,3585,0.5]
push_out_count 21
RUN 1
valores_ideales [32,37,8,11,8,31,15,5,12,42,7,27,10,19,39,25,34,9,32,23,8,24,27,15,7,11,45,8,18,47,21,23,6,16,29,14,13,7,25,37]
costo_por_agente [32,47,14,11,8,75,15,5,12,42,7,63,10,79,55,41,58,9,32,23,8,52,63,69,7,11,45,8,20,57,83,23,6,16,51,14,13,7,51,43]
completion_time_por_agente [33,58,23,11,8,135,15,5,12,45,7,91,10,142,78,67,94,9,33,23,8,75,95,122,7,11,48,8,22,65,148,23,8,16,79,14,13,7,80,59]
tiempo_ultimo_agente_goal 148
tiempo_en_acabar 148
tiempo_promedio 45.174999
agentes_en_goal 40
bad_good_total_rate_pred [3412,3833,7245,0.5]
push_out_count 148
RUN 2
valores_ideales [32,37,8,11,8,31,15,5,12,42,7,27,10,19,39,25,34,9,32,23,8,24,27,15,7,11,45,8,18,47,21,23,6,16,29,14,13,7,25,37]
costo_por_agente [32,47,10,11,8,49,15,5,12,52,7,29,10,29,51,29,52,9,32,23,8,54,65,41,7,11,47,8,20,51,47,23,6,16,49,14,13,7,47,39]
completion_time_por_agente [33,57,10,11,8,67,15,5,12,69,7,32,10,34,58,33,69,9,35,23,8,90,89,67,7,12,57,8,26,62,68,23,6,16,72,14,13,7,63,41]
tiempo_ultimo_agente_goal 90
tiempo_en_acabar 90
tiempo_promedio 33.650002
agentes_en_goal 40
bad_good_total_rate_pred [2126,2476,4602,0.5]
push_out_count 213
RUN 3
valores_ideales [32,37,8,11,8,31,15,5,12,42,7,27,10,19,39,25,34,9,32,23,8,24,27,15,7,11,45,8,18,47,21,23,6,16,29,14,13,7,25,37]
costo_por_agente [32,61,12,11,8,47,15,5,26,42,7,29,10,27,49,43,66,9,32,23,8,56,29,35,7,11,47,8,20,55,57,23,8,16,61,16,13,7,41,39]
completion_time_por_agente [33,86,12,11,8,50,15,5,32,49,10,32,10,38,65,50,88,9,34,24,8,77,29,55,7,11,53,8,20,65,96,23,10,16,86,16,13,7,67,44]
tiempo_ultimo_agente_goal 96
tiempo_en_acabar 96
tiempo_promedio 34.299999
agentes_en_goal 40
bad_good_total_rate_pred [2403,2161,4564,0.5]
push_out_count 268
RUN 4
valores_ideales [32,37,8,11,8,31,15,5,12,42,7,27,10,19,39,25,34,9,32,23,8,24,27,15,7,11,45,8,18,47,21,23,6,16,29,14,13,7,25,37]
costo_por_agente [32,65,12,11,8,35,15,5,14,48,7,27,10,53,53,27,34,9,58,23,12,38,51,53,7,11,45,10,24,51,57,23,6,16,43,14,13,7,41,57]
completion_time_por_agente [32,92,15,11,8,41,15,5,14,64,7,27,10,77,76,28,37,9,85,23,13,42,74,96,7,12,46,10,27,66,99,23,6,16,52,15,13,7,70,91]
tiempo_ultimo_agente_goal 99
tiempo_en_acabar 99
tiempo_promedio 36.525002
agentes_en_goal 40
bad_good_total_rate_pred [2466,2612,5078,0.5]
push_out_count 350
RUN 5
valores_ideales [32,37,8,11,8,31,15,5,12,42,7,27,10,19,39,25,34,9,32,23,8,24,27,15,7,11,45,8,18,47,21,23,6,16,29,14,13,7,25,37]
costo_por_agente [32,75,18,11,8,33,15,5,12,42,7,77,10,65,59,85,46,11,52,23,10,84,61,63,7,11,45,14,18,47,47,23,6,16,35,14,13,7,45,47]
completion_time_por_agente [33,116,18,11,8,36,15,5,12,48,7,123,10,112,77,136,71,11,78,24,10,140,98,117,7,12,47,24,22,54,81,23,7,16,37,14,13,7,77,68]
tiempo_ultimo_agente_goal 140
tiempo_en_acabar 140
tiempo_promedio 45.625000
agentes_en_goal 40
bad_good_total_rate_pred [3733,3430,7163,0.5]
push_out_count 472
RUN 6
valores_ideales [32,37,8,11,8,31,15,5,12,42,7,27,10,19,39,25,34,9,32,23,8,24,27,15,7,11,45,8,18,47,21,23,6,16,29,14,13,7,25,37]
costo_por_agente [32,53,10,11,8,37,15,5,14,42,7,29,10,47,53,41,54,9,46,23,8,46,51,27,7,11,45,8,26,49,51,23,6,16,49,14,13,7,47,43]
completion_time_por_agente [32,75,11,11,8,45,15,5,17,43,7,33,10,78,73,62,75,9,60,26,8,63,67,41,7,12,48,8,34,56,81,23,8,16,76,14,13,7,72,46]
tiempo_ultimo_agente_goal 81
tiempo_en_acabar 81
tiempo_promedio 34.875000
agentes_en_goal 40
bad_good_total_rate_pred [2389,2528,4917,0.5]
push_out_count 533
RUN 7
valores_ideales [32,37,8,11,8,31,15,5,12,42,7,27,10,19,39,25,34,9,32,23,8,24,27,15,7,11,45,8,18,47,21,23,6,16,29,14,13,7,25,37]
costo_por_agente [32,51,16,11,8,39,15,5,14,60,7,47,10,55,65,27,56,9,42,23,10,56,63,55,7,11,45,8,18,49,71,23,6,16,59,14,13,7,67,69]
completion_time_por_agente [33,69,17,11,8,41,15,5,14,86,7,59,10,90,89,31,89,9,49,25,10,99,95,101,7,12,47,8,20,62,129,23,8,16,99,14,13,7,117,107]
tiempo_ultimo_agente_goal 129
tiempo_en_acabar 129
tiempo_promedio 43.775002
agentes_en_goal 40
bad_good_total_rate_pred [3222,3943,7165,0.6]
push_out_count 666
RUN 8
valores_ideales [32,37,8,11,8,31,15,5,12,42,7,27,10,19,39,25,34,9,32,23,8,24,27,15,7,11,45,8,18,47,21,23,6,16,29,14,13,7,25,37]
costo_por_agente [32,53,18,11,8,37,15,5,12,42,7,29,10,49,43,41,44,9,52,23,10,58,51,41,7,11,45,8,22,47,49,23,6,16,41,14,13,7,51,37]
completion_time_por_agente [33,64,24,11,8,44,15,5,12,42,7,32,10,81,50,63,53,9,69,23,11,74,62,66,7,12,49,8,27,50,73,23,9,16,57,14,13,7,77,42]
tiempo_ultimo_agente_goal 81
tiempo_en_acabar 81
tiempo_promedio 33.799999
agentes_en_goal 40
bad_good_total_rate_pred [2221,2187,4408,0.5]
push_out_count 723
RUN 9
valores_ideales [32,37,8,11,8,31,15,5,12,42,7,27,10,19,39,25,34,9,32,23,8,24,27,15,7,11,45,8,18,47,21,23,6,16,29,14,13,7,25,37]
costo_por_agente [32,51,10,11,8,33,15,5,24,42,7,31,10,29,43,29,44,9,38,23,8,24,27,25,7,11,45,8,20,47,37,23,6,16,39,14,13,7,29,39]
completion_time_por_agente [32,70,12,11,8,36,15,5,25,42,7,34,10,40,47,35,56,9,53,25,8,25,27,36,7,11,47,9,21,50,50,23,7,16,51,14,13,7,34,41]
tiempo_ultimo_agente_goal 70
tiempo_en_acabar 70
tiempo_promedio 26.725000
agentes_en_goal 40
bad_good_total_rate_pred [1680,1532,3212,0.5]
push_out_count 739
RUN 10
valores_ideales [32,37,8,11,8,31,15,5,12,42,7,27,10,19,39,25,34,9,32,23,8,24,27,15,7,11,45,8,18,47,21,23,6,16,29,14,13,7,25,37]
costo_por_agente [32,53,12,11,8,49,15,5,14,42,7,73,10,73,41,31,52,9,50,25,8,76,61,51,7,11,45,8,20,47,55,23,8,16,67,14,13,7,61,69]
completion_time_por_agente [33,72,13,11,8,68,15,5,14,43,7,102,10,107,53,33,89,9,68,25,8,125,94,92,7,12,49,8,24,51,94,23,8,16,94,14,13,7,88,95]
tiempo_ultimo_agente_goal 125
tiempo_en_acabar 125
tiempo_promedio 42.674999
agentes_en_goal 40
bad_good_total_rate_pred [4037,3590,7627,0.5]
push_out_count 836
RUN 11
valores_ideales [32,37,8,11,8,31,15,5,12,42,7,27,10,19,39,25,34,9,32,23,8,24,27,15,7,11,45,8,18,47,21,23,6,16,29,14,13,7,25,37]
costo_por_agente [36,71,12,11,8,35,15,5,42,44,7,35,10,33,51,55,44,9,42,23,10,52,49,35,7,11,47,8,20,47,57,23,8,16,35,14,13,7,55,43]
completion_time_por_agente [36,105,12,11,8,38,15,5,70,48,7,43,10,54,71,85,48,11,58,23,12,86,69,58,7,11,49,8,22,49,97,23,8,16,45,14,13,7,86,49]
tiempo_ultimo_agente_goal 105
tiempo_en_acabar 105
tiempo_promedio 37.174999
agentes_en_goal 40
bad_good_total_rate_pred [2414,2492,4906,0.5]
push_out_count 920
RUN 12
valores_ideales [32,37,8,11,8,31,15,5,12,42,7,27,10,19,39,25,34,9,32,23,8,24,27,15,7,11,45,8,18,47,21,23,6,16,29,14,13,7,25,37]
costo_por_agente [32,59,16,11,8,43,15,5,20,66,7,31,10,93,75,69,78,9,34,23,8,88,71,55,7,11,69,10,22,57,79,23,8,16,107,14,13,9,83,43]
completion_time_por_agente [33,97,16,11,8,73,15,5,30,116,7,34,10,181,121,129,142,9,39,23,8,151,130,98,7,11,118,11,24,94,142,23,9,16,187,14,13,9,153,56]
tiempo_ultimo_agente_goal 187
tiempo_en_acabar 187
tiempo_promedio 59.325001
agentes_en_goal 40
bad_good_total_rate_pred [5054,6405,11459,0.6]
push_out_count 1147
RUN 13
valores_ideales [32,37,8,11,8,31,15,5,12,42,7,27,10,19,39,25,34,9,32,23,8,24,27,15,7,11,45,8,18,47,21,23,6,16,29,14,13,7,25,37]
costo_por_agente [32,63,10,11,8,51,15,5,12,42,7,45,10,43,43,45,56,9,32,25,8,54,67,49,7,11,45,8,22,49,47,23,6,16,39,14,13,7,59,55]
completion_time_por_agente [32,97,13,11,8,75,15,5,12,48,7,49,10,61,49,70,83,10,35,25,8,99,73,90,7,11,51,8,26,60,80,23,6,16,44,14,13,7,90,91]
tiempo_ultimo_agente_goal 99
tiempo_en_acabar 99
tiempo_promedio 38.299999
agentes_en_goal 40
bad_good_total_rate_pred [2791,3040,5831,0.5]
push_out_count 1235
RUN 14
valores_ideales [32,37,8,11,8,31,15,5,12,42,7,27,10,19,39,25,34,9,32,23,8,24,27,15,7,11,45,8,18,47,21,23,6,16,29,14,13,7,25,37]
costo_por_agente [32,47,14,11,8,43,15,5,26,44,7,31,10,27,63,45,66,9,40,23,8,74,35,33,7,11,45,8,48,65,57,23,6,16,55,14,17,7,41,45]
completion_time_por_agente [33,59,15,11,8,60,15,5,39,49,7,34,10,41,90,63,95,9,55,23,12,103,36,51,7,11,50,8,72,87,93,23,8,16,79,14,18,7,68,64]
tiempo_ultimo_agente_goal 103
tiempo_en_acabar 103
tiempo_promedio 38.700001
agentes_en_goal 40
bad_good_total_rate_pred [2984,2803,5787,0.5]
push_out_count 1330
RUN 15
valores_ideales [32,37,8,11,8,31,15,5,12,42,7,27,10,19,39,25,34,9,32,23,8,24,27,15,7,11,45,8,18,47,21,23,6,16,29,14,13,7,25,37]
costo_por_agente [32,49,12,11,8,49,15,5,12,42,7,75,10,53,55,53,52,9,40,23,8,48,59,43,7,11,47,8,24,57,65,23,6,16,69,14,13,7,59,51]
completion_time_por_agente [33,67,12,11,8,70,15,5,12,42,7,109,10,73,72,69,74,9,50,23,8,81,86,78,7,11,56,8,26,68,119,23,6,16,112,14,13,7,107,67]
tiempo_ultimo_agente_goal 119
tiempo_en_acabar 119
tiempo_promedio 42.099998
agentes_en_goal 40
bad_good_total_rate_pred [3291,3253,6544,0.5]
push_out_count 1442
RUN 16
valores_ideales [32,37,8,11,8,31,15,5,12,42,7,27,10,19,39,25,34,9,32,23,8,24,27,15,7,11,45,8,18,47,21,23,6,16,29,14,13,7,25,37]
costo_por_agente [32,61,12,11,8,63,15,5,14,44,7,35,10,59,41,53,76,9,54,25,8,62,77,41,7,11,45,8,18,77,61,23,6,16,37,14,13,7,73,61]
completion_time_por_agente [32,101,13,11,8,122,15,5,14,45,7,44,10,99,45,86,123,9,78,25,8,95,114,48,7,11,47,8,24,113,113,23,6,16,54,14,13,7,125,98]
tiempo_ultimo_agente_goal 125
tiempo_en_acabar 125
tiempo_promedio 45.900002
agentes_en_goal 40
bad_good_total_rate_pred [3477,3915,7392,0.5]
push_out_count 1580
RUN 17
valores_ideales [32,37,8,11,8,31,15,5,12,42,7,27,10,19,39,25,34,9,32,23,8,24,27,15,7,11,45,8,18,47,21,23,6,16,29,14,13,7,25,37]
costo_por_agente [32,43,10,11,8,55,15,5,68,60,7,29,10,45,53,75,48,9,50,23,8,50,31,39,7,11,45,8,30,47,67,23,8,16,67,14,13,9,69,53]
completion_time_por_agente [33,64,11,11,8,95,15,5,95,88,7,29,10,66,77,113,63,9,68,23,8,66,31,78,7,11,49,9,43,50,121,23,8,16,107,14,13,9,115,73]
tiempo_ultimo_agente_goal 121
tiempo_en_acabar 121
tiempo_promedio 43.525002
agentes_en_goal 40
bad_good_total_rate_pred [3278,3719,6997,0.5]
push_out_count 1695
RUN 18
valores_ideales [32,37,8,11,8,31,15,5,12,42,7,27,10,19,39,25,34,9,32,23,8,24,27,15,7,11,45,8,18,47,21,23,6,16,29,14,13,7,25,37]
costo_por_agente [32,47,12,11,8,41,15,5,12,44,7,93,10,43,47,53,48,9,36,23,10,68,67,71,7,13,47,10,20,47,55,23,6,16,67,14,13,7,87,57]
completion_time_por_agente [33,67,15,11,8,55,15,5,12,52,7,152,10,70,67,69,73,9,44,23,11,120,116,148,7,13,55,10,24,57,88,23,7,16,101,14,13,7,131,86]
tiempo_ultimo_agente_goal 152
tiempo_en_acabar 152
tiempo_promedio 46.099998
agentes_en_goal 40
bad_good_total_rate_pred [3422,3957,7379,0.5]
push_out_count 1825
RUN 19
valores_ideales [32,37,8,11,8,31,15,5,12,42,7,27,10,19,39,25,34,9,32,23,8,24,27,15,7,11,45,8,18,47,21,23,6,16,29,14,13,7,25,37]
costo_por_agente [32,57,12,11,8,61,15,5,14,44,7,51,10,49,63,67,50,9,72,23,8,56,57,45,7,11,49,8,22,59,63,23,6,16,75,14,13,9,63,55]
completion_time_por_agente [33,87,15,11,8,92,15,5,17,53,7,65,10,103,98,95,72,9,108,23,8,101,86,85,7,11,53,8,25,82,92,23,9,16,120,14,13,9,107,84]
tiempo_ultimo_agente_goal 120
tiempo_en_acabar 120
tiempo_promedio 46.974998
agentes_en_goal 40
bad_good_total_rate_pred [3872,4498,8370,0.5]
push_out_count 1964
RUN 20
valores_ideales [32,37,8,11,8,31,15,5,12,42,7,27,10,19,39,25,34,9,32,23,8,24,27,15,7,11,45,8,18,47,21,23,6,16,29,14,13,7,25,37]
costo_por_agente [34,67,10,11,8,65,15,5,12,42,7,51,10,61,47,65,48,9,40,25,8,50,65,35,7,11,45,8,24,47,53,23,6,16,41,14,13,9,51,37]
completion_time_por_agente [36,91,13,11,8,103,15,5,12,42,7,73,10,103,56,89,64,9,42,25,8,76,105,62,7,12,51,8,32,48,90,23,7,16,51,14,13,9,77,41]
tiempo_ultimo_agente_goal 105
tiempo_en_acabar 105
tiempo_promedio 39.099998
agentes_en_goal 40
bad_good_total_rate_pred [2418,2912,5330,0.5]
push_out_count 2066
RUN 21
valores_ideales [32,37,8,11,8,31,15,5,12,42,7,27,10,19,39,25,34,9,32,23,8,24,27,15,7,11,45,8,18,47,21,23,6,16,29,14,13,7,25,37]
costo_por_agente [32,43,12,11,8,33,15,5,24,42,7,29,10,35,45,41,44,9,38,23,10,40,55,49,7,11,51,12,22,47,53,23,6,16,49,14,13,7,47,37]
completion_time_por_agente [34,49,14,11,8,39,15,5,33,42,7,30,10,37,52,51,52,11,41,23,10,63,86,85,7,12,61,15,24,47,83,23,6,16,67,14,13,7,78,39]
tiempo_ultimo_agente_goal 86
tiempo_en_acabar 86
tiempo_promedio 33.000000
agentes_en_goal 40
bad_good_total_rate_pred [2073,1999,4072,0.5]
push_out_count 2129
RUN 22
valores_ideales [32,37,8,11,8,31,15,5,12,42,7,27,10,19,39,25,34,9,32,23,8,24,27,15,7,11,45,8,18,47,21,23,6,16,29,14,13,7,25,37]
costo_por_agente [34,57,12,11,8,43,15,5,24,64,7,29,10,31,51,31,48,9,38,25,8,56,47,37,7,11,45,8,20,49,41,23,6,16,35,14,13,7,37,41]
completion_time_por_agente [36,83,12,11,8,55,15,5,41,99,7,30,10,48,70,36,63,9,50,27,12,81,59,67,7,11,48,8,23,62,61,23,7,16,43,14,13,7,52,46]
tiempo_ultimo_agente_goal 99
tiempo_en_acabar 99
tiempo_promedio 34.375000
agentes_en_goal 40
bad_good_total_rate_pred [2678,2207,4885,0.5]
push_out_count 2186
RUN 23
valores_ideales [32,37,8,11,8,31,15,5,12,42,7,27,10,19,39,25,34,9,32,23,8,24,27,15,7,11,45,8,18,47,21,23,6,16,29,14,13,7,25,37]
costo_por_agente [32,65,12,11,8,39,15,5,26,42,7,29,10,33,61,65,68,9,54,27,8,50,53,57,7,11,49,8,20,47,53,23,6,16,51,14,13,7,69,37]
completion_time_por_agente [35,86,14,12,8,47,15,5,45,43,7,34,10,63,89,91,104,10,80,27,12,75,102,104,7,11,57,8,22,48,81,23,7,16,60,14,13,7,117,37]
tiempo_ultimo_agente_goal 117
tiempo_en_acabar 117
tiempo_promedio 41.150002
agentes_en_goal 40
bad_good_total_rate_pred [2967,3168,6135,0.5]
push_out_count 2296
RUN 24
valores_ideales [32,37,8,11,8,31,15,5,12,42,7,27,10,19,39,25,34,9,32,23,8,24,27,15,7,11,45,8,18,47,21,23,6,16,29,14,13,7,25,37]
costo_por_agente [32,83,12,11,8,37,15,5,12,42,7,57,10,95,91,79,68,9,64,23,8,70,109,63,7,11,45,8,18,55,41,23,6,16,41,14,13,7,83,71]
completion_time_por_agente [33,122,15,11,8,52,15,5,12,43,7,96,10,161,141,145,123,9,86,23,8,124,176,119,7,11,47,9,22,73,59,23,6,16,52,14,13,7,143,125]
tiempo_ultimo_agente_goal 176
tiempo_en_acabar 176
tiempo_promedio 54.275002
agentes_en_goal 40
bad_good_total_rate_pred [4448,5004,9452,0.5]
push_out_count 2476
RUN 25
valores_ideales [32,37,8,11,8,31,15,5,12,42,7,27,10,19,39,25,34,9,32,23,8,24,27,15,7,11,45,8,18,47,21,23,6,16,29,14,13,7,25,37]
costo_por_agente [36,71,16,11,8,67,15,5,12,56,7,27,10,57,61,67,44,9,32,23,8,60,73,61,7,11,51,10,22,53,55,23,6,16,33,14,13,7,61,47]
completion_time_por_agente [42,110,19,11,8,119,15,5,12,88,7,27,10,105,98,110,60,9,38,23,8,82,127,110,7,12,55,10,23,72,81,23,7,16,35,14,13,7,112,70]
tiempo_ultimo_agente_goal 127
tiempo_en_acabar 127
tiempo_promedio 45.000000
agentes_en_goal 40
bad_good_total_rate_pred [3642,3590,7232,0.5]
push_out_count 2608
RUN 26
valores_ideales [32,37,8,11,8,31,15,5,12,42,7,27,10,19,39,25,34,9,32,23,8,24,27,15,7,11,45,8,18,47,21,23,6,16,29,14,13,7,25,37]
costo_por_agente [32,71,10,11,8,39,15,5,12,42,7,55,10,47,53,57,72,9,34,23,12,70,49,63,7,13,47,8,20,49,73,23,6,16,55,14,13,7,65,51]
completion_time_por_agente [33,121,10,12,8,50,15,5,12,52,7,84,10,69,77,96,101,9,41,23,12,115,84,118,7,13,53,10,20,58,117,23,6,16,79,14,13,7,105,67]
tiempo_ultimo_agente_goal 121
tiempo_en_acabar 121
tiempo_promedio 44.299999
agentes_en_goal 40
bad_good_total_rate_pred [3381,3599,6980,0.5]
push_out_count 2725
RUN 27
valores_ideales [32,37,8,11,8,31,15,5,12,42,7,27,10,19,39,25,34,9,32,23,8,24,27,15,7,11,45,8,18,47,21,23,6,16,29,14,13,7,25,37]
costo_por_agente [32,45,10,11,8,49,15,5,12,42,7,31,10,51,55,49,46,9,32,23,10,50,71,71,7,11,51,10,22,49,47,23,6,16,55,14,13,9,41,37]
completion_time_por_agente [32,61,12,11,8,68,15,5,12,43,7,31,10,88,76,70,64,9,32,23,10,74,106,110,7,11,69,10,27,61,74,23,6,16,77,14,13,9,62,38]
tiempo_ultimo_agente_goal 110
tiempo_en_acabar 110
tiempo_promedio 37.349998
agentes_en_goal 40
bad_good_total_rate_pred [2523,2877,5400,0.5]
push_out_count 2813
RUN 28
valores_ideales [32,37,8,11,8,31,15,5,12,42,7,27,10,19,39,25,34,9,32,23,8,24,27,15,7,11,45,8,18,47,21,23,6,16,29,14,13,7,25,37]
costo_por_agente [32,49,14,11,8,33,15,5,12,42,7,37,10,75,43,91,68,9,78,23,8,74,83,87,7,13,45,10,24,57,87,23,6,16,63,14,13,7,83,49]
completion_time_por_agente [32,67,15,11,8,35,16,5,12,44,7,43,10,153,53,157,103,9,134,23,8,106,142,159,7,13,45,12,31,81,144,23,6,16,114,14,13,7,154,73]
tiempo_ultimo_agente_goal 159
tiempo_en_acabar 159
tiempo_promedio 52.625000
agentes_en_goal 40
bad_good_total_rate_pred [4158,4497,8655,0.5]
push_out_count 2971
RUN 29
valores_ideales [32,37,8,11,8,31,15,5,12,42,7,27,10,19,39,25,34,9,32,23,8,24,27,15,7,11,45,8,18,47,21,23,6,16,29,14,13,7,25,37]
costo_por_agente [32,75,12,11,8,71,15,5,30,42,7,29,10,39,63,67,56,9,32,23,8,70,71,59,7,11,47,8,22,49,31,23,6,16,61,16,13,7,73,37]
completion_time_por_agente [33,123,15,12,8,116,15,5,50,47,7,29,10,48,94,116,94,11,35,23,8,106,99,101,7,12,52,8,29,52,46,23,8,16,98,16,13,7,125,37]
tiempo_ultimo_agente_goal 125
tiempo_en_acabar 125
tiempo_promedio 43.849998
agentes_en_goal 40
bad_good_total_rate_pred [3599,3659,7258,0.5]
push_out_count 3076
RUN 30
valores_ideales [32,37,8,11,8,31,15,5,12,42,7,27,10,19,39,25,34,9,32,23,8,24,27,15,7,11,45,8,18,47,21,23,6,16,29,14,13,7,25,37]
costo_por_agente [32,65,10,11,8,35,15,5,12,44,7,31,10,43,39,39,46,9,36,23,8,56,41,45,7,11,47,10,24,65,59,23,6,16,51,14,13,7,61,39]
completion_time_por_agente [33,94,15,11,8,37,15,5,12,53,10,37,10,63,46,50,59,9,39,23,8,91,53,74,7,11,47,10,36,88,93,23,9,16,80,15,13,7,92,40]
tiempo_ultimo_agente_goal 94
tiempo_en_acabar 94
tiempo_promedio 36.049999
agentes_en_goal 40
bad_good_total_rate_pred [2376,2731,5107,0.5]
push_out_count 3154
RUN 31
valores_ideales [32,37,8,11,8,31,15,5,12,42,7,27,10,19,39,25,34,9,32,23,8,24,27,15,7,11,45,8,18,47,21,23,6,16,29,14,13,7,25,37]
costo_por_agente [32,51,10,11,8,47,15,5,12,42,11,27,10,23,41,29,58,9,34,25,8,60,53,57,7,11,47,8,22,49,47,23,6,16,51,14,13,7,57,41]
completion_time_por_agente [32,69,13,11,8,67,15,5,12,45,16,27,10,25,51,32,84,9,34,25,12,102,80,103,7,11,54,8,23,58,84,23,7,16,66,14,13,7,87,42]
tiempo_ultimo_agente_goal 103
tiempo_en_acabar 103
tiempo_promedio 35.174999
agentes_en_goal 40
bad_good_total_rate_pred [2181,2063,4244,0.5]
push_out_count 3228
RUN 32
valores_ideales [32,37,8,11,8,31,15,5,12,42,7,27,10,19,39,25,34,9,32,23,8,24,27,15,7,11,45,8,18,47,21,23,6,16,29,14,13,7,25,37]
costo_por_agente [38,53,10,11,8,59,15,5,18,46,7,33,10,37,53,41,66,9,34,23,8,56,53,49,7,11,45,8,20,61,61,23,6,16,57,14,13,7,33,53]
completion_time_por_agente [45,68,13,11,8,85,15,5,20,55,7,34,10,61,73,50,91,9,37,23,12,84,97,92,7,11,45,9,22,77,98,23,7,16,80,14,13,7,43,75]
tiempo_ultimo_agente_goal 98
tiempo_en_acabar 98
tiempo_promedio 38.799999
agentes_en_goal 40
bad_good_total_rate_pred [2773,2992,5765,0.5]
push_out_count 3320
RUN 33
valores_ideales [32,37,8,11,8,31,15,5,12,42,7,27,10,19,39,25,34,9,32,23,8,24,27,15,7,11,45,8,18,47,21,23,6,16,29,14,13,7,25,37]
costo_por_agente [32,55,10,11,8,61,15,5,14,44,7,39,10,45,53,45,36,9,32,23,8,46,49,25,7,11,51,8,20,47,37,23,6,16,43,14,13,7,43,39]
completion_time_por_agente [32,80,11,11,8,96,15,5,16,49,7,52,10,70,75,66,49,9,32,23,8,67,70,44,7,12,66,8,21,51,54,23,9,16,53,14,13,7,65,52]
tiempo_ultimo_agente_goal 96
tiempo_en_acabar 96
tiempo_promedio 34.400002
agentes_en_goal 40
bad_good_total_rate_pred [2583,2919,5502,0.5]
push_out_count 3376
RUN 34
valores_ideales [32,37,8,11,8,31,15,5,12,42,7,27,10,19,39,25,34,9,32,23,8,24,27,15,7,11,45,8,18,47,21,23,6,16,29,14,13,7,25,37]
costo_por_agente [32,59,10,11,8,37,15,5,20,42,7,29,10,75,51,33,70,9,36,23,8,80,47,53,7,11,45,8,24,47,71,23,14,16,41,14,13,7,63,39]
completion_time_por_agente [32,78,10,11,8,46,15,5,27,47,7,31,10,121,62,42,111,11,51,23,8,134,71,98,7,11,48,8,26,50,127,23,21,16,68,14,13,7,87,47]
tiempo_ultimo_agente_goal 134
tiempo_en_acabar 134
tiempo_promedio 40.799999
agentes_en_goal 40
bad_good_total_rate_pred [2885,3039,5924,0.5]
push_out_count 3476
RUN 35
valores_ideales [32,37,8,11,8,31,15,5,12,42,7,27,10,19,39,25,34,9,32,23,8,24,27,15,7,11,45,8,18,47,21,23,6,16,29,14,13,7,25,37]
costo_por_agente [32,111,10,11,8,83,15,5,18,42,7,43,10,83,77,41,112,9,42,23,8,54,111,85,7,11,45,8,20,53,91,23,6,16,67,14,13,7,123,41]
completion_time_por_agente [32,195,15,11,8,136,15,5,24,42,7,70,10,160,110,60,181,9,71,23,8,101,200,183,7,12,54,8,24,61,178,23,8,16,108,14,13,7,208,45]
tiempo_ultimo_agente_goal 208
tiempo_en_acabar 208
tiempo_promedio 61.549999
agentes_en_goal 40
bad_good_total_rate_pred [4711,6566,11277,0.6]
push_out_count 3716
RUN 36
valores_ideales [32,37,8,11,8,31,15,5,12,42,7,27,10,19,39,25,34,9,32,23,8,24,27,15,7,11,45,8,18,47,21,23,6,16,29,14,13,7,25,37]
costo_por_agente [32,41,10,11,8,35,15,5,36,44,7,29,10,55,59,57,68,9,32,23,10,52,43,57,7,11,45,8,20,51,69,23,6,16,65,14,13,7,63,49]
completion_time_por_agente [33,49,15,11,8,39,15,5,63,45,7,33,10,93,81,92,96,9,36,23,10,65,62,88,7,12,48,8,21,62,116,23,6,16,102,14,13,7,105,67]
tiempo_ultimo_agente_goal 116
tiempo_en_acabar 116
tiempo_promedio 40.375000
agentes_en_goal 40
bad_good_total_rate_pred [2725,3029,5754,0.5]
push_out_count 3818
RUN 37
valores_ideales [32,37,8,11,8,31,15,5,12,42,7,27,10,19,39,25,34,9,32,23,8,24,27,15,7,11,45,8,18,47,21,23,6,16,29,14,13,7,25,37]
costo_por_agente [34,77,10,11,8,49,15,5,14,44,7,45,10,63,71,77,48,9,32,25,8,70,101,71,7,11,45,8,18,61,63,23,6,16,69,14,15,7,77,55]
completion_time_por_agente [37,114,13,11,8,66,15,5,14,49,7,49,10,105,113,127,71,9,32,25,10,114,143,113,7,12,47,8,20,85,108,23,7,16,108,14,15,7,134,87]
tiempo_ultimo_agente_goal 143
tiempo_en_acabar 143
tiempo_promedio 48.950001
agentes_en_goal 40
bad_good_total_rate_pred [3660,4257,7917,0.5]
push_out_count 3966
RUN 38
valores_ideales [32,37,8,11,8,31,15,5,12,42,7,27,10,19,39,25,34,9,32,23,8,24,27,15,7,11,45,8,18,47,21,23,6,16,29,14,13,7,25,37]
costo_por_agente [32,53,10,11,8,73,15,5,16,42,7,49,10,59,65,73,44,9,64,23,8,54,51,35,7,11,45,8,20,73,47,23,6,16,91,14,13,7,73,43]
completion_time_por_agente [33,68,11,11,8,120,15,5,18,48,7,79,10,104,100,124,58,9,113,23,8,85,72,62,7,11,49,8,22,116,79,23,7,16,136,14,13,7,115,63]
tiempo_ultimo_agente_goal 136
tiempo_en_acabar 136
tiempo_promedio 46.924999
agentes_en_goal 40
bad_good_total_rate_pred [4157,4123,8280,0.5]
push_out_count 4113
RUN 39
valores_ideales [32,37,8,11,8,31,15,5,12,42,7,27,10,19,39,25,34,9,32,23,8,24,27,15,7,11,45,8,18,47,21,23,6,16,29,14,13,7,25,37]
costo_por_agente [32,79,16,11,8,67,15,5,12,46,7,29,10,77,55,27,66,9,48,23,8,80,71,65,7,11,45,8,28,57,53,23,6,16,71,14,13,7,65,57]
completion_time_por_agente [33,130,16,11,8,98,15,5,15,51,7,32,10,127,77,28,110,9,72,24,8,128,115,126,7,13,53,8,37,83,96,23,8,16,112,14,13,7,120,89]
tiempo_ultimo_agente_goal 130
tiempo_en_acabar 130
tiempo_promedio 48.849998
agentes_en_goal 40
bad_good_total_rate_pred [4312,4468,8780,0.5]
push_out_count 4266
