RUN 0
valores_ideales [0,0,0,0,0,0,0,0,0,0,0,0,0,0,0,0,0,0,0,0,0,0,0,0,0,0,0,0,0,0,0,0,0,0,0,0,0,0,0,0,0,0,0,0,0,0,0,0,0,0]
costo_por_agente [86,266,8,22,10,23,116,10,15,15,119,26,34,15,32,96,31,31,94,29,226,3,181,156,50,11,25,46,8,7,17,18,25,27,16,16,29,207,16,22,47,28,17,58,5,15,35,19,2,51]
completion_time_por_agente [87,267,9,23,11,24,117,11,16,16,120,27,36,16,33,97,32,33,95,32,228,4,183,157,51,12,26,47,9,8,18,19,26,28,17,17,30,208,17,23,48,29,18,59,6,16,36,20,3,52]
tiempo_ultimo_agente_goal 267
tiempo_en_acabar 267
tiempo_promedio 50.340000
agentes_en_goal 50
push_out_count 0
RUN 1
valores_ideales [0,0,0,0,0,0,0,0,0,0,0,0,0,0,0,0,0,0,0,0,0,0,0,0,0,0,0,0,0,0,0,0,0,0,0,0,0,0,0,0,0,0,0,0,0,0,0,0,0,0]
costo_por_agente [68,164,8,22,10,19,104,10,15,15,35,26,34,15,32,94,31,39,182,27,132,3,129,196,42,11,25,30,8,7,17,18,25,27,16,16,29,279,16,22,33,28,17,42,5,15,29,21,2,77]
completion_time_por_agente [69,165,9,23,11,20,105,11,16,16,36,27,36,16,33,95,32,40,183,29,133,4,130,197,44,12,26,32,9,8,18,19,26,28,17,17,30,280,17,23,35,29,18,43,6,16,33,22,3,78]
tiempo_ultimo_agente_goal 280
tiempo_en_acabar 280
tiempo_promedio 46.500000
agentes_en_goal 50
push_out_count 0
RUN 2
valores_ideales [0,0,0,0,0,0,0,0,0,0,0,0,0,0,0,0,0,0,0,0,0,0,0,0,0,0,0,0,0,0,0,0,0,0,0,0,0,0,0,0,0,0,0,0,0,0,0,0,0,0]
costo_por_agente [74,106,8,22,10,19,38,10,15,15,47,26,36,15,32,102,31,39,168,27,330,3,43,174,44,11,25,46,8,7,17,18,25,25,16,16,29,133,16,22,49,28,17,84,5,15,25,19,2,61]
completion_time_por_agente [75,107,9,23,11,20,39,11,16,16,48,27,37,16,33,103,32,40,169,29,331,4,45,175,45,12,26,47,9,8,18,19,26,26,17,17,30,134,17,23,50,29,18,85,6,16,26,20,3,62]
tiempo_ultimo_agente_goal 331
tiempo_en_acabar 331
tiempo_promedio 44.099998
agentes_en_goal 50
push_out_count 0
RUN 3
valores_ideales [0,0,0,0,0,0,0,0,0,0,0,0,0,0,0,0,0,0,0,0,0,0,0,0,0,0,0,0,0,0,0,0,0,0,0,0,0,0,0,0,0,0,0,0,0,0,0,0,0,0]
costo_por_agente [58,160,8,22,10,19,40,10,15,15,37,26,46,15,34,40,31,43,74,31,234,3,287,128,44,13,25,34,8,7,17,18,25,27,16,16,29,173,16,20,33,28,17,58,5,15,43,25,2,61]
completion_time_por_agente [59,161,9,23,11,20,41,11,16,16,38,27,48,16,35,41,32,44,75,33,235,4,289,129,46,14,26,35,9,8,18,19,26,28,17,17,30,174,17,21,35,29,18,59,6,16,44,26,3,62]
tiempo_ultimo_agente_goal 289
tiempo_en_acabar 289
tiempo_promedio 44.320000
agentes_en_goal 50
push_out_count 0
RUN 4
valores_ideales [0,0,0,0,0,0,0,0,0,0,0,0,0,0,0,0,0,0,0,0,0,0,0,0,0,0,0,0,0,0,0,0,0,0,0,0,0,0,0,0,0,0,0,0,0,0,0,0,0,0]
costo_por_agente [54,306,8,22,10,19,120,10,17,15,123,26,54,15,34,56,31,53,140,27,202,3,255,94,42,9,25,22,8,7,17,18,25,27,16,16,29,193,18,22,41,30,17,44,5,15,37,19,2,47]
completion_time_por_agente [55,307,9,23,11,20,121,11,18,16,124,27,56,16,35,57,32,55,141,29,203,4,256,95,44,10,26,23,9,8,18,19,26,28,17,17,30,194,19,23,42,31,18,45,6,16,39,20,3,48]
tiempo_ultimo_agente_goal 307
tiempo_en_acabar 307
tiempo_promedio 50.000000
agentes_en_goal 50
push_out_count 0
RUN 5
valores_ideales [0,0,0,0,0,0,0,0,0,0,0,0,0,0,0,0,0,0,0,0,0,0,0,0,0,0,0,0,0,0,0,0,0,0,0,0,0,0,0,0,0,0,0,0,0,0,0,0,0,0]
costo_por_agente [74,144,8,22,10,21,136,10,15,15,39,26,40,15,32,32,31,33,90,29,158,3,289,140,44,9,27,38,8,7,17,18,25,25,16,16,29,173,16,22,47,28,17,70,5,15,27,19,2,55]
completion_time_por_agente [75,145,9,23,11,22,137,11,16,16,40,27,41,16,33,36,32,34,91,30,160,4,290,141,45,10,28,39,9,8,18,19,26,26,17,17,30,174,17,23,48,29,18,71,6,16,30,20,3,56]
tiempo_ultimo_agente_goal 290
tiempo_en_acabar 290
tiempo_promedio 44.860001
agentes_en_goal 50
push_out_count 0
RUN 6
valores_ideales [0,0,0,0,0,0,0,0,0,0,0,0,0,0,0,0,0,0,0,0,0,0,0,0,0,0,0,0,0,0,0,0,0,0,0,0,0,0,0,0,0,0,0,0,0,0,0,0,0,0]
costo_por_agente [60,192,8,22,10,25,120,10,15,15,199,26,40,15,32,92,31,31,100,27,140,3,87,212,44,9,25,48,8,7,17,18,25,27,16,16,31,209,16,22,47,28,17,44,15,15,41,23,2,73]
completion_time_por_agente [61,193,9,23,11,26,121,11,16,16,200,27,41,16,33,93,32,34,101,30,142,4,89,213,45,10,26,49,9,8,18,19,26,28,17,17,32,210,17,23,48,29,18,45,16,16,43,24,3,74]
tiempo_ultimo_agente_goal 213
tiempo_en_acabar 213
tiempo_promedio 48.240002
agentes_en_goal 50
push_out_count 0
RUN 7
valores_ideales [0,0,0,0,0,0,0,0,0,0,0,0,0,0,0,0,0,0,0,0,0,0,0,0,0,0,0,0,0,0,0,0,0,0,0,0,0,0,0,0,0,0,0,0,0,0,0,0,0,0]
costo_por_agente [72,98,8,22,10,21,102,10,15,15,199,26,40,15,32,94,31,25,108,29,70,3,339,48,194,9,25,34,8,7,17,18,25,27,16,20,31,151,16,22,53,28,17,44,5,15,31,19,2,61]
completion_time_por_agente [73,99,9,23,11,22,103,11,16,16,200,27,43,16,33,95,32,28,109,33,72,4,340,49,196,10,26,35,9,8,18,19,26,28,17,21,32,152,17,23,54,29,18,45,6,16,36,20,3,62]
tiempo_ultimo_agente_goal 340
tiempo_en_acabar 340
tiempo_promedio 47.799999
agentes_en_goal 50
push_out_count 0
RUN 8
valores_ideales [0,0,0,0,0,0,0,0,0,0,0,0,0,0,0,0,0,0,0,0,0,0,0,0,0,0,0,0,0,0,0,0,0,0,0,0,0,0,0,0,0,0,0,0,0,0,0,0,0,0]
costo_por_agente [78,244,8,22,10,19,108,10,15,15,195,26,60,17,34,60,31,29,106,31,218,3,47,176,224,9,23,26,8,7,17,18,25,25,16,16,29,185,16,22,31,28,17,46,5,15,37,19,2,77]
completion_time_por_agente [79,245,9,23,11,20,109,11,16,16,197,27,61,18,36,61,32,31,107,35,220,4,52,177,226,10,25,31,9,8,18,19,26,26,17,17,30,186,17,23,33,29,18,47,6,16,40,20,3,78]
tiempo_ultimo_agente_goal 245
tiempo_en_acabar 245
tiempo_promedio 51.500000
agentes_en_goal 50
push_out_count 0
RUN 9
valores_ideales [0,0,0,0,0,0,0,0,0,0,0,0,0,0,0,0,0,0,0,0,0,0,0,0,0,0,0,0,0,0,0,0,0,0,0,0,0,0,0,0,0,0,0,0,0,0,0,0,0,0]
costo_por_agente [80,230,8,24,10,19,38,10,23,15,225,26,48,15,48,98,31,37,152,89,226,3,213,178,222,17,25,24,8,7,17,18,25,27,16,16,27,145,16,22,57,28,17,36,5,15,31,19,2,77]
completion_time_por_agente [81,231,9,25,11,20,42,11,24,16,227,27,49,16,50,99,32,40,153,92,227,4,215,179,225,18,26,28,9,8,18,19,26,28,17,17,28,146,17,23,58,29,18,40,6,16,33,20,3,78]
tiempo_ultimo_agente_goal 231
tiempo_en_acabar 231
tiempo_promedio 56.680000
agentes_en_goal 50
push_out_count 0
RUN 10
valores_ideales [0,0,0,0,0,0,0,0,0,0,0,0,0,0,0,0,0,0,0,0,0,0,0,0,0,0,0,0,0,0,0,0,0,0,0,0,0,0,0,0,0,0,0,0,0,0,0,0,0,0]
costo_por_agente [56,266,8,22,10,19,122,10,15,15,121,26,50,15,36,124,31,31,62,55,42,3,291,184,42,19,25,36,8,7,17,18,25,25,16,14,29,139,16,22,53,28,17,36,5,15,31,19,2,51]
completion_time_por_agente [57,267,9,23,11,20,123,11,16,16,122,27,51,16,37,125,32,32,63,56,43,4,292,185,43,20,26,37,9,8,18,19,26,26,17,15,30,140,17,23,54,29,18,37,6,16,32,20,3,52]
tiempo_ultimo_agente_goal 292
tiempo_en_acabar 292
tiempo_promedio 47.580002
agentes_en_goal 50
push_out_count 0
RUN 11
valores_ideales [0,0,0,0,0,0,0,0,0,0,0,0,0,0,0,0,0,0,0,0,0,0,0,0,0,0,0,0,0,0,0,0,0,0,0,0,0,0,0,0,0,0,0,0,0,0,0,0,0,0]
costo_por_agente [90,302,8,22,10,19,64,10,19,15,41,26,32,15,32,140,31,25,72,27,172,3,419,112,46,9,25,68,8,7,17,18,25,27,20,16,29,161,18,24,45,30,17,42,5,17,35,19,2,63]
completion_time_por_agente [91,303,9,23,11,20,65,11,20,16,44,27,34,16,33,141,32,26,73,28,174,4,420,113,48,10,26,69,9,8,18,19,26,28,21,17,30,162,19,25,46,31,18,43,6,18,36,20,3,64]
tiempo_ultimo_agente_goal 420
tiempo_en_acabar 420
tiempo_promedio 51.080002
agentes_en_goal 50
push_out_count 0
RUN 12
valores_ideales [0,0,0,0,0,0,0,0,0,0,0,0,0,0,0,0,0,0,0,0,0,0,0,0,0,0,0,0,0,0,0,0,0,0,0,0,0,0,0,0,0,0,0,0,0,0,0,0,0,0]
costo_por_agente [88,176,8,22,10,19,130,10,15,15,89,26,38,17,34,196,31,31,112,73,140,3,193,160,44,9,25,46,8,7,17,18,25,27,16,16,29,227,16,22,57,28,17,46,5,15,31,19,2,49]
completion_time_por_agente [89,177,9,23,11,20,131,11,16,16,90,27,39,18,35,197,32,32,113,74,142,4,194,161,45,10,26,47,9,8,18,19,26,28,17,17,30,228,17,23,58,29,18,47,6,16,32,20,3,50]
tiempo_ultimo_agente_goal 228
tiempo_en_acabar 228
tiempo_promedio 50.160000
agentes_en_goal 50
push_out_count 0
RUN 13
valores_ideales [0,0,0,0,0,0,0,0,0,0,0,0,0,0,0,0,0,0,0,0,0,0,0,0,0,0,0,0,0,0,0,0,0,0,0,0,0,0,0,0,0,0,0,0,0,0,0,0,0,0]
costo_por_agente [64,236,8,22,10,19,36,10,23,15,41,26,34,15,32,142,31,31,80,65,238,3,253,168,42,9,25,36,8,7,17,18,25,27,16,16,29,193,16,22,53,28,17,42,5,15,29,19,2,55]
completion_time_por_agente [65,237,9,23,11,20,37,11,24,16,42,27,35,16,33,143,32,32,81,66,239,4,254,169,43,10,26,37,9,8,18,19,26,28,17,17,30,194,17,23,54,29,18,43,6,16,30,20,3,56]
tiempo_ultimo_agente_goal 254
tiempo_en_acabar 254
tiempo_promedio 48.459999
agentes_en_goal 50
push_out_count 0
RUN 14
valores_ideales [0,0,0,0,0,0,0,0,0,0,0,0,0,0,0,0,0,0,0,0,0,0,0,0,0,0,0,0,0,0,0,0,0,0,0,0,0,0,0,0,0,0,0,0,0,0,0,0,0,0]
costo_por_agente [62,180,8,22,10,19,158,10,15,15,37,26,42,15,34,100,31,39,64,53,238,3,295,172,44,9,25,38,8,7,17,18,25,25,16,16,29,139,16,22,73,28,17,62,5,15,31,19,2,79]
completion_time_por_agente [64,181,9,23,11,20,159,11,16,16,38,27,43,16,35,101,32,41,67,57,239,4,297,173,45,10,26,39,9,8,18,19,26,26,17,17,30,140,17,23,74,29,18,63,6,16,34,20,3,80]
tiempo_ultimo_agente_goal 297
tiempo_en_acabar 297
tiempo_promedio 49.860001
agentes_en_goal 50
push_out_count 0
RUN 15
valores_ideales [0,0,0,0,0,0,0,0,0,0,0,0,0,0,0,0,0,0,0,0,0,0,0,0,0,0,0,0,0,0,0,0,0,0,0,0,0,0,0,0,0,0,0,0,0,0,0,0,0,0]
costo_por_agente [58,246,8,22,10,19,150,10,15,15,85,26,38,15,34,156,31,29,128,73,194,3,237,170,42,9,25,32,8,7,17,18,25,27,16,16,29,117,16,22,47,28,17,42,5,15,27,19,2,63]
completion_time_por_agente [59,247,9,23,11,20,151,11,16,16,86,27,39,16,35,157,32,30,129,74,195,4,238,171,43,10,26,33,9,8,18,19,26,28,17,17,30,118,17,23,48,29,18,43,6,16,28,20,3,64]
tiempo_ultimo_agente_goal 247
tiempo_en_acabar 247
tiempo_promedio 50.259998
agentes_en_goal 50
push_out_count 0
RUN 16
valores_ideales [0,0,0,0,0,0,0,0,0,0,0,0,0,0,0,0,0,0,0,0,0,0,0,0,0,0,0,0,0,0,0,0,0,0,0,0,0,0,0,0,0,0,0,0,0,0,0,0,0,0]
costo_por_agente [90,92,8,22,10,21,92,10,15,15,35,26,32,15,32,112,31,31,96,27,212,3,241,116,44,9,25,42,8,7,17,18,25,27,16,16,29,223,16,20,43,28,17,60,5,15,29,19,2,59]
completion_time_por_agente [91,93,9,23,11,22,93,11,16,16,36,27,33,16,33,113,32,32,97,28,214,4,242,117,45,10,26,43,9,8,18,19,26,28,17,17,30,224,17,21,44,29,18,61,6,16,30,20,3,60]
tiempo_ultimo_agente_goal 242
tiempo_en_acabar 242
tiempo_promedio 45.080002
agentes_en_goal 50
push_out_count 0
RUN 17
valores_ideales [0,0,0,0,0,0,0,0,0,0,0,0,0,0,0,0,0,0,0,0,0,0,0,0,0,0,0,0,0,0,0,0,0,0,0,0,0,0,0,0,0,0,0,0,0,0,0,0,0,0]
costo_por_agente [68,174,8,22,10,19,114,10,15,15,37,26,32,15,34,142,31,47,92,61,206,3,371,52,188,9,23,48,8,7,17,18,25,25,16,14,29,163,16,22,47,28,17,36,5,15,27,19,2,65]
completion_time_por_agente [69,175,9,23,11,20,115,11,16,16,39,27,37,16,36,144,32,51,93,62,208,4,372,55,189,10,24,51,9,8,18,19,26,26,17,15,30,164,17,23,48,29,18,37,6,16,32,20,3,67]
tiempo_ultimo_agente_goal 372
tiempo_en_acabar 372
tiempo_promedio 51.259998
agentes_en_goal 50
push_out_count 0
RUN 18
valores_ideales [0,0,0,0,0,0,0,0,0,0,0,0,0,0,0,0,0,0,0,0,0,0,0,0,0,0,0,0,0,0,0,0,0,0,0,0,0,0,0,0,0,0,0,0,0,0,0,0,0,0]
costo_por_agente [62,294,8,22,10,19,72,10,17,15,115,26,34,15,32,112,31,31,58,29,122,3,257,202,302,11,25,40,8,7,17,18,29,27,16,14,29,135,16,22,55,28,17,32,5,15,31,19,2,55]
completion_time_por_agente [63,295,9,23,11,20,73,11,18,16,116,27,36,16,33,113,32,33,59,31,123,4,259,203,304,12,26,41,9,8,18,19,30,28,17,15,30,136,17,23,56,29,18,35,6,16,33,20,3,56]
tiempo_ultimo_agente_goal 304
tiempo_en_acabar 304
tiempo_promedio 52.580002
agentes_en_goal 50
push_out_count 0
RUN 19
valores_ideales [0,0,0,0,0,0,0,0,0,0,0,0,0,0,0,0,0,0,0,0,0,0,0,0,0,0,0,0,0,0,0,0,0,0,0,0,0,0,0,0,0,0,0,0,0,0,0,0,0,0]
costo_por_agente [78,312,8,22,10,19,64,10,15,15,159,26,40,15,36,56,31,39,40,27,34,3,279,228,50,11,25,52,8,7,17,18,25,25,16,16,29,161,16,22,31,28,17,92,9,15,29,19,2,53]
completion_time_por_agente [79,313,9,23,11,20,65,11,16,16,160,27,42,16,40,57,32,40,41,28,36,4,280,229,51,12,26,53,9,8,18,19,26,26,17,17,30,162,17,23,33,29,18,93,10,16,33,20,3,54]
tiempo_ultimo_agente_goal 313
tiempo_en_acabar 313
tiempo_promedio 48.360001
agentes_en_goal 50
push_out_count 0
RUN 20
valores_ideales [0,0,0,0,0,0,0,0,0,0,0,0,0,0,0,0,0,0,0,0,0,0,0,0,0,0,0,0,0,0,0,0,0,0,0,0,0,0,0,0,0,0,0,0,0,0,0,0,0,0]
costo_por_agente [102,270,8,22,10,19,88,10,17,15,137,26,44,15,32,114,31,29,122,55,204,3,41,184,42,11,25,24,8,7,17,18,25,25,16,16,29,199,16,22,47,28,17,54,5,15,31,19,2,61]
completion_time_por_agente [103,271,9,23,11,20,89,11,18,16,138,27,45,16,33,115,32,30,123,56,205,4,42,185,43,12,26,25,9,8,18,19,26,26,17,17,30,200,17,23,48,29,18,55,6,16,32,20,3,62]
tiempo_ultimo_agente_goal 271
tiempo_en_acabar 271
tiempo_promedio 48.540001
agentes_en_goal 50
push_out_count 0
RUN 21
valores_ideales [0,0,0,0,0,0,0,0,0,0,0,0,0,0,0,0,0,0,0,0,0,0,0,0,0,0,0,0,0,0,0,0,0,0,0,0,0,0,0,0,0,0,0,0,0,0,0,0,0,0]
costo_por_agente [74,230,8,22,10,21,98,10,15,15,41,26,34,15,32,154,31,25,134,29,50,3,305,192,42,9,25,34,8,7,17,18,25,27,16,16,29,163,18,22,39,28,17,102,5,15,39,21,2,55]
completion_time_por_agente [75,231,9,23,11,22,99,11,16,16,42,27,35,16,33,155,32,26,135,30,51,4,306,193,43,10,26,35,9,8,18,19,26,28,17,17,30,164,19,23,41,29,18,103,6,16,41,23,3,56]
tiempo_ultimo_agente_goal 306
tiempo_en_acabar 306
tiempo_promedio 48.520000
agentes_en_goal 50
push_out_count 0
RUN 22
valores_ideales [0,0,0,0,0,0,0,0,0,0,0,0,0,0,0,0,0,0,0,0,0,0,0,0,0,0,0,0,0,0,0,0,0,0,0,0,0,0,0,0,0,0,0,0,0,0,0,0,0,0]
costo_por_agente [50,154,8,22,10,19,42,10,21,15,101,26,42,15,34,86,31,43,98,29,110,3,287,72,46,9,25,24,8,7,17,18,25,25,20,16,29,167,16,24,41,28,17,30,5,15,31,19,2,63]
completion_time_por_agente [51,155,9,23,11,20,43,11,22,16,102,27,44,16,35,87,32,44,99,31,112,4,288,73,47,10,26,25,9,8,18,19,26,26,21,17,30,168,17,25,42,29,18,31,6,16,33,20,3,64]
tiempo_ultimo_agente_goal 288
tiempo_en_acabar 288
tiempo_promedio 42.180000
agentes_en_goal 50
push_out_count 0
RUN 23
valores_ideales [0,0,0,0,0,0,0,0,0,0,0,0,0,0,0,0,0,0,0,0,0,0,0,0,0,0,0,0,0,0,0,0,0,0,0,0,0,0,0,0,0,0,0,0,0,0,0,0,0,0]
costo_por_agente [78,202,14,22,10,21,102,10,17,15,139,26,32,15,32,120,31,35,82,27,208,3,253,126,50,9,25,46,8,7,17,18,25,27,16,16,29,121,16,22,41,28,17,52,5,15,23,19,2,73]
completion_time_por_agente [79,203,15,23,11,22,103,11,18,16,140,27,33,16,33,121,32,36,83,28,210,4,255,127,51,10,26,47,9,8,18,19,26,28,17,17,30,122,17,23,42,29,18,53,6,16,24,20,3,74]
tiempo_ultimo_agente_goal 255
tiempo_en_acabar 255
tiempo_promedio 47.980000
agentes_en_goal 50
push_out_count 0
RUN 24
valores_ideales [0,0,0,0,0,0,0,0,0,0,0,0,0,0,0,0,0,0,0,0,0,0,0,0,0,0,0,0,0,0,0,0,0,0,0,0,0,0,0,0,0,0,0,0,0,0,0,0,0,0]
costo_por_agente [86,194,8,22,10,19,144,10,15,15,195,26,32,15,32,36,31,41,86,69,168,3,281,118,172,11,25,24,8,7,17,18,25,25,16,16,29,153,16,22,63,28,17,54,5,17,29,19,2,59]
completion_time_por_agente [87,195,9,23,11,20,145,11,16,16,196,27,34,16,33,37,32,42,87,70,169,4,283,119,173,12,26,26,9,8,18,19,26,26,17,17,30,154,17,23,64,29,18,55,6,18,30,20,3,60]
tiempo_ultimo_agente_goal 283
tiempo_en_acabar 283
tiempo_promedio 51.720001
agentes_en_goal 50
push_out_count 0
RUN 25
valores_ideales [0,0,0,0,0,0,0,0,0,0,0,0,0,0,0,0,0,0,0,0,0,0,0,0,0,0,0,0,0,0,0,0,0,0,0,0,0,0,0,0,0,0,0,0,0,0,0,0,0,0]
costo_por_agente [42,282,8,22,10,23,136,10,15,15,249,26,40,17,34,44,31,33,56,55,164,3,211,166,44,11,25,46,8,7,17,18,25,27,16,16,31,165,16,22,49,28,17,58,5,15,29,19,2,59]
completion_time_por_agente [44,283,9,23,11,24,137,11,16,16,251,27,41,18,35,45,32,34,57,56,167,4,217,167,45,12,26,47,9,8,18,19,26,28,17,17,32,166,17,23,50,29,18,59,6,16,30,20,3,60]
tiempo_ultimo_agente_goal 283
tiempo_en_acabar 283
tiempo_promedio 50.520000
agentes_en_goal 50
push_out_count 0
RUN 26
valores_ideales [0,0,0,0,0,0,0,0,0,0,0,0,0,0,0,0,0,0,0,0,0,0,0,0,0,0,0,0,0,0,0,0,0,0,0,0,0,0,0,0,0,0,0,0,0,0,0,0,0,0]
costo_por_agente [66,62,8,22,10,19,96,10,15,15,37,26,34,15,32,102,31,33,160,29,224,3,257,136,200,11,25,50,8,7,17,18,25,27,16,14,29,147,18,24,37,28,17,46,5,15,47,25,2,53]
completion_time_por_agente [67,63,9,23,11,20,97,11,16,16,40,27,36,16,33,103,32,34,161,31,225,4,259,137,202,12,26,51,9,8,18,19,26,28,17,15,30,148,19,25,38,29,18,47,6,16,48,27,3,54]
tiempo_ultimo_agente_goal 259
tiempo_en_acabar 259
tiempo_promedio 48.200001
agentes_en_goal 50
push_out_count 0
RUN 27
valores_ideales [0,0,0,0,0,0,0,0,0,0,0,0,0,0,0,0,0,0,0,0,0,0,0,0,0,0,0,0,0,0,0,0,0,0,0,0,0,0,0,0,0,0,0,0,0,0,0,0,0,0]
costo_por_agente [68,296,12,22,10,19,98,10,17,15,261,26,52,15,32,42,31,25,124,31,190,3,243,174,192,11,25,26,8,7,17,18,25,25,16,14,29,223,16,22,41,28,17,32,5,15,25,19,2,71]
completion_time_por_agente [69,297,13,23,11,20,99,11,18,16,262,27,55,16,33,43,32,26,125,32,192,4,244,175,193,12,26,30,9,8,18,19,26,26,17,15,30,224,17,23,43,29,18,37,6,16,26,20,3,72]
tiempo_ultimo_agente_goal 297
tiempo_en_acabar 297
tiempo_promedio 56.119999
agentes_en_goal 50
push_out_count 0
RUN 28
valores_ideales [0,0,0,0,0,0,0,0,0,0,0,0,0,0,0,0,0,0,0,0,0,0,0,0,0,0,0,0,0,0,0,0,0,0,0,0,0,0,0,0,0,0,0,0,0,0,0,0,0,0]
costo_por_agente [46,334,8,22,10,19,98,10,19,15,139,26,34,15,32,58,31,33,82,31,118,3,209,170,46,11,25,52,8,7,17,18,25,27,16,16,29,159,16,24,33,28,17,48,5,17,35,19,2,75]
completion_time_por_agente [47,335,9,23,11,20,99,11,21,16,140,27,36,16,33,59,32,35,83,33,119,4,211,171,48,12,26,53,9,8,18,19,26,28,17,17,30,160,17,25,35,29,18,49,6,18,38,20,3,76]
tiempo_ultimo_agente_goal 335
tiempo_en_acabar 335
tiempo_promedio 47.919998
agentes_en_goal 50
push_out_count 0
RUN 29
valores_ideales [0,0,0,0,0,0,0,0,0,0,0,0,0,0,0,0,0,0,0,0,0,0,0,0,0,0,0,0,0,0,0,0,0,0,0,0,0,0,0,0,0,0,0,0,0,0,0,0,0,0]
costo_por_agente [70,64,8,22,10,21,166,10,15,15,151,26,46,15,44,42,31,29,72,29,44,3,249,118,58,9,25,30,8,7,17,18,25,27,16,14,29,223,16,22,43,28,17,70,5,15,31,19,2,59]
completion_time_por_agente [71,65,9,23,11,22,167,11,16,16,152,27,47,16,47,43,32,32,73,32,46,4,251,119,60,10,26,34,9,8,18,19,26,28,17,15,30,224,17,23,44,29,18,71,6,16,36,20,3,60]
tiempo_ultimo_agente_goal 251
tiempo_en_acabar 251
tiempo_promedio 43.980000
agentes_en_goal 50
push_out_count 0
RUN 30
valores_ideales [0,0,0,0,0,0,0,0,0,0,0,0,0,0,0,0,0,0,0,0,0,0,0,0,0,0,0,0,0,0,0,0,0,0,0,0,0,0,0,0,0,0,0,0,0,0,0,0,0,0]
costo_por_agente [110,224,10,22,12,21,76,10,15,15,37,26,34,15,34,114,31,35,92,27,222,3,237,112,50,9,25,40,8,7,17,18,25,27,16,18,29,203,18,22,41,30,17,48,5,15,27,19,2,55]
completion_time_por_agente [111,225,12,23,13,22,77,11,17,16,38,27,35,16,35,115,32,36,93,29,224,4,238,113,51,10,26,41,9,8,18,19,26,28,17,19,30,204,19,23,42,31,18,49,6,16,29,20,3,56]
tiempo_ultimo_agente_goal 238
tiempo_en_acabar 238
tiempo_promedio 47.599998
agentes_en_goal 50
push_out_count 0
RUN 31
valores_ideales [0,0,0,0,0,0,0,0,0,0,0,0,0,0,0,0,0,0,0,0,0,0,0,0,0,0,0,0,0,0,0,0,0,0,0,0,0,0,0,0,0,0,0,0,0,0,0,0,0,0]
costo_por_agente [70,222,8,22,10,21,76,10,15,15,37,26,40,15,44,88,31,39,50,25,156,3,229,248,42,11,25,46,8,7,17,18,25,27,16,16,29,259,18,22,39,30,17,98,5,15,37,19,2,37]
completion_time_por_agente [71,223,9,23,11,22,77,11,16,16,38,27,42,16,47,89,32,40,51,28,157,4,232,249,45,12,26,47,9,8,18,19,26,28,17,17,30,260,19,23,42,31,18,99,6,16,43,20,3,40]
tiempo_ultimo_agente_goal 260
tiempo_en_acabar 260
tiempo_promedio 49.060001
agentes_en_goal 50
push_out_count 0
RUN 32
valores_ideales [0,0,0,0,0,0,0,0,0,0,0,0,0,0,0,0,0,0,0,0,0,0,0,0,0,0,0,0,0,0,0,0,0,0,0,0,0,0,0,0,0,0,0,0,0,0,0,0,0,0]
costo_por_agente [56,208,14,22,10,19,150,10,15,15,169,26,36,15,32,102,31,35,66,27,298,3,133,136,46,11,25,52,8,7,17,18,25,25,16,18,29,155,16,24,41,28,17,30,5,15,23,19,2,49]
completion_time_por_agente [57,209,15,23,11,20,151,11,16,16,170,27,38,16,33,103,32,36,67,29,299,4,135,137,47,12,26,53,9,8,18,19,26,26,17,19,30,156,17,25,42,29,18,31,6,16,24,20,3,50]
tiempo_ultimo_agente_goal 299
tiempo_en_acabar 299
tiempo_promedio 48.040001
agentes_en_goal 50
push_out_count 0
RUN 33
valores_ideales [0,0,0,0,0,0,0,0,0,0,0,0,0,0,0,0,0,0,0,0,0,0,0,0,0,0,0,0,0,0,0,0,0,0,0,0,0,0,0,0,0,0,0,0,0,0,0,0,0,0]
costo_por_agente [84,180,8,22,10,21,68,10,15,15,109,26,36,15,34,44,31,25,88,35,136,3,41,206,142,9,25,40,8,7,17,18,25,27,16,16,29,257,16,22,39,28,17,64,9,15,29,19,2,63]
completion_time_por_agente [85,181,9,23,11,23,69,11,16,16,110,27,37,16,38,47,32,27,90,39,138,4,44,207,144,10,26,41,9,8,18,19,26,28,17,17,30,258,17,23,40,29,18,65,10,16,34,20,3,64]
tiempo_ultimo_agente_goal 258
tiempo_en_acabar 258
tiempo_promedio 45.799999
agentes_en_goal 50
push_out_count 0
RUN 34
valores_ideales [0,0,0,0,0,0,0,0,0,0,0,0,0,0,0,0,0,0,0,0,0,0,0,0,0,0,0,0,0,0,0,0,0,0,0,0,0,0,0,0,0,0,0,0,0,0,0,0,0,0]
costo_por_agente [76,212,8,22,10,19,38,10,15,15,39,26,48,15,42,138,31,37,118,29,118,3,93,182,44,9,23,44,8,7,17,18,25,25,16,16,29,283,16,22,45,28,17,36,5,15,49,19,2,55]
completion_time_por_agente [77,213,9,23,11,20,44,11,16,16,44,27,49,16,44,139,32,40,119,35,120,4,94,183,46,10,24,46,9,8,18,19,26,26,17,17,30,284,17,23,46,29,18,45,6,16,50,20,3,56]
tiempo_ultimo_agente_goal 284
tiempo_en_acabar 284
tiempo_promedio 45.900002
agentes_en_goal 50
push_out_count 0
RUN 35
valores_ideales [0,0,0,0,0,0,0,0,0,0,0,0,0,0,0,0,0,0,0,0,0,0,0,0,0,0,0,0,0,0,0,0,0,0,0,0,0,0,0,0,0,0,0,0,0,0,0,0,0,0]
costo_por_agente [84,184,8,22,10,23,58,10,15,15,181,26,42,15,32,96,31,35,38,27,66,3,47,204,50,9,25,40,8,7,17,18,25,27,16,14,31,187,16,22,41,28,17,30,5,15,29,19,2,57]
completion_time_por_agente [85,185,9,23,11,24,59,11,16,16,182,27,43,16,33,97,32,36,39,28,67,4,49,205,51,10,26,42,9,8,18,19,26,28,17,15,32,188,17,23,42,29,18,31,6,16,30,20,3,58]
tiempo_ultimo_agente_goal 205
tiempo_en_acabar 205
tiempo_promedio 41.580002
agentes_en_goal 50
push_out_count 0
RUN 36
valores_ideales [0,0,0,0,0,0,0,0,0,0,0,0,0,0,0,0,0,0,0,0,0,0,0,0,0,0,0,0,0,0,0,0,0,0,0,0,0,0,0,0,0,0,0,0,0,0,0,0,0,0]
costo_por_agente [90,168,14,22,10,21,106,10,15,15,37,26,38,15,32,96,31,29,56,27,160,3,83,194,44,11,25,36,8,7,17,18,25,27,16,16,31,271,18,26,45,30,17,48,5,15,25,19,2,59]
completion_time_por_agente [91,169,15,23,11,22,107,11,16,16,39,27,39,16,33,97,32,30,57,28,162,4,84,195,45,12,26,37,9,8,18,19,26,28,17,17,32,272,19,27,46,31,18,49,6,16,26,20,3,60]
tiempo_ultimo_agente_goal 272
tiempo_en_acabar 272
tiempo_promedio 44.220001
agentes_en_goal 50
push_out_count 0
RUN 37
valores_ideales [0,0,0,0,0,0,0,0,0,0,0,0,0,0,0,0,0,0,0,0,0,0,0,0,0,0,0,0,0,0,0,0,0,0,0,0,0,0,0,0,0,0,0,0,0,0,0,0,0,0]
costo_por_agente [66,132,8,22,10,21,90,10,15,15,37,26,32,15,32,108,31,33,112,27,198,3,49,88,46,9,25,34,8,7,17,18,25,27,16,14,29,239,18,22,55,30,17,38,5,15,43,19,2,57]
completion_time_por_agente [67,133,9,23,11,22,91,11,16,16,38,27,34,16,33,109,32,34,113,29,200,4,50,89,47,10,26,35,9,8,18,19,26,28,17,15,30,240,19,23,56,31,18,39,6,16,44,20,3,58]
tiempo_ultimo_agente_goal 240
tiempo_en_acabar 240
tiempo_promedio 41.360001
agentes_en_goal 50
push_out_count 0
RUN 38
valores_ideales [0,0,0,0,0,0,0,0,0,0,0,0,0,0,0,0,0,0,0,0,0,0,0,0,0,0,0,0,0,0,0,0,0,0,0,0,0,0,0,0,0,0,0,0,0,0,0,0,0,0]
costo_por_agente [58,94,8,22,10,19,98,10,15,15,73,26,32,15,34,28,31,53,40,73,94,3,43,172,48,9,25,36,8,7,17,18,25,25,16,16,29,153,18,22,59,28,17,30,5,15,43,27,2,57]
completion_time_por_agente [60,95,9,23,11,20,99,11,16,16,74,27,34,16,38,29,32,55,41,76,96,4,45,173,50,10,26,37,9,8,18,19,26,26,17,17,30,154,19,23,60,29,18,32,6,16,44,28,3,58]
tiempo_ultimo_agente_goal 173
tiempo_en_acabar 173
tiempo_promedio 37.660000
agentes_en_goal 50
push_out_count 0
RUN 39
valores_ideales [0,0,0,0,0,0,0,0,0,0,0,0,0,0,0,0,0,0,0,0,0,0,0,0,0,0,0,0,0,0,0,0,0,0,0,0,0,0,0,0,0,0,0,0,0,0,0,0,0,0]
costo_por_agente [96,184,8,22,10,19,88,10,17,15,143,26,36,15,40,70,31,29,60,29,44,3,337,200,238,9,25,28,8,7,17,18,25,27,16,14,33,153,18,22,33,30,17,88,5,15,39,23,2,57]
completion_time_por_agente [97,185,9,23,11,20,89,11,18,16,144,27,38,16,45,71,32,30,61,32,47,4,338,201,240,10,26,35,9,8,18,19,26,28,17,15,34,154,19,23,36,31,18,89,6,16,43,24,3,58]
tiempo_ultimo_agente_goal 338
tiempo_en_acabar 338
tiempo_promedio 51.400002
agentes_en_goal 50
push_out_count 0
