RUN 0
valores_ideales [30,38,8,22,10,19,36,10,15,15,35,26,32,15,32,22,31,21,38,25,28,3,33,46,42,9,23,22,8,7,17,18,25,23,16,14,27,33,16,20,31,28,17,30,5,15,23,19,2,35]
costo_por_agente [54,44,10,66,12,35,40,10,15,15,41,26,70,15,48,72,31,67,48,57,64,3,33,48,44,9,23,64,8,7,19,18,25,79,16,16,27,75,16,20,45,28,17,38,71,15,73,19,2,45]
completion_time_por_agente [85,61,10,118,17,63,54,10,15,15,62,27,121,15,74,129,31,128,71,93,102,3,37,56,57,10,24,115,8,7,20,18,25,130,16,19,28,124,16,24,71,28,17,55,129,16,128,19,2,64]
tiempo_ultimo_agente_goal 130
tiempo_en_acabar 130
tiempo_promedio 51.340000
agentes_en_goal 50
bad_good_total_rate_pred [51085,56756,107841,0.5]
push_out_count 67731
RUN 1
valores_ideales [30,38,8,22,10,19,36,10,15,15,35,26,32,15,32,22,31,21,38,25,28,3,33,46,42,9,23,22,8,7,17,18,25,23,16,14,27,33,16,20,31,28,17,30,5,15,23,19,2,35]
costo_por_agente [52,50,10,64,10,41,38,10,15,15,53,26,46,15,56,76,31,77,60,55,56,3,89,46,46,9,23,62,10,7,17,18,25,63,16,16,27,33,16,88,33,28,17,54,81,15,69,21,2,41]
completion_time_por_agente [105,62,12,93,10,67,41,10,15,15,96,26,67,15,89,131,31,127,108,104,96,3,156,59,61,9,24,104,12,7,17,18,25,121,16,19,28,41,16,175,56,28,17,106,142,15,123,24,2,58]
tiempo_ultimo_agente_goal 175
tiempo_en_acabar 175
tiempo_promedio 56.040001
agentes_en_goal 50
bad_good_total_rate_pred [64346,53217,117563,0.5]
push_out_count 67948
RUN 2
valores_ideales [30,38,8,22,10,19,36,10,15,15,35,26,32,15,32,22,31,21,38,25,28,3,33,46,42,9,23,22,8,7,17,18,25,23,16,14,27,33,16,20,31,28,17,30,5,15,23,19,2,35]
costo_por_agente [58,46,10,56,10,21,38,10,15,15,49,26,42,15,58,36,31,57,50,47,64,3,49,52,52,9,23,60,8,7,19,18,25,59,16,16,27,33,16,20,49,28,17,36,61,15,53,19,2,39]
completion_time_por_agente [100,66,12,97,12,27,44,10,15,15,80,26,58,15,92,61,31,104,76,72,115,3,72,67,77,11,26,104,8,7,22,18,25,100,16,19,28,33,16,20,72,28,17,58,111,15,98,19,2,53]
tiempo_ultimo_agente_goal 115
tiempo_en_acabar 115
tiempo_promedio 45.459999
agentes_en_goal 50
bad_good_total_rate_pred [48638,47402,96040,0.5]
push_out_count 68106
RUN 3
valores_ideales [30,38,8,22,10,19,36,10,15,15,35,26,32,15,32,22,31,21,38,25,28,3,33,46,42,9,23,22,8,7,17,18,25,23,16,14,27,33,16,20,31,28,17,30,5,15,23,19,2,35]
costo_por_agente [64,58,8,24,10,41,42,10,15,15,45,34,52,15,42,24,31,57,46,51,60,3,59,52,54,9,23,60,10,7,19,18,25,57,16,16,27,33,16,20,37,28,17,60,49,15,57,19,2,45]
completion_time_por_agente [103,91,9,29,11,78,64,10,15,15,62,43,83,15,76,26,31,103,69,83,97,3,94,67,92,12,24,109,12,7,21,18,25,105,16,19,28,41,20,20,51,28,17,102,104,15,103,19,2,69]
tiempo_ultimo_agente_goal 109
tiempo_en_acabar 109
tiempo_promedio 47.119999
agentes_en_goal 50
bad_good_total_rate_pred [49215,51084,100299,0.5]
push_out_count 68293
RUN 4
valores_ideales [30,38,8,22,10,19,36,10,15,15,35,26,32,15,32,22,31,21,38,25,28,3,33,46,42,9,23,22,8,7,17,18,25,23,16,14,27,33,16,20,31,28,17,30,5,15,23,19,2,35]
costo_por_agente [58,70,8,68,10,23,40,10,15,15,37,26,42,15,52,54,31,57,50,65,42,3,37,46,50,9,23,62,8,7,19,18,25,67,16,16,27,35,16,20,55,28,17,50,61,15,63,23,2,41]
completion_time_por_agente [98,121,9,84,10,29,53,10,15,15,46,26,65,16,84,88,31,102,71,107,62,3,50,54,67,9,24,114,8,7,21,18,25,108,16,17,29,44,17,20,87,28,17,76,121,15,124,31,2,49]
tiempo_ultimo_agente_goal 124
tiempo_en_acabar 124
tiempo_promedio 46.860001
agentes_en_goal 50
bad_good_total_rate_pred [50874,48192,99066,0.5]
push_out_count 68452
RUN 5
valores_ideales [30,38,8,22,10,19,36,10,15,15,35,26,32,15,32,22,31,21,38,25,28,3,33,46,42,9,23,22,8,7,17,18,25,23,16,14,27,33,16,20,31,28,17,30,5,15,23,19,2,35]
costo_por_agente [66,42,8,30,10,29,60,10,15,15,37,26,50,15,46,66,31,63,40,77,74,3,85,46,42,9,23,72,8,7,19,18,25,77,16,16,33,39,16,20,51,28,17,52,7,15,83,19,2,53]
completion_time_por_agente [104,50,11,42,11,46,91,10,15,15,43,26,78,16,74,120,31,125,45,143,112,3,159,51,48,9,24,119,10,7,21,18,25,139,17,19,41,51,17,20,81,28,17,85,11,15,143,19,2,90]
tiempo_ultimo_agente_goal 159
tiempo_en_acabar 159
tiempo_promedio 49.939999
agentes_en_goal 50
bad_good_total_rate_pred [49238,56163,105401,0.5]
push_out_count 68654
RUN 6
valores_ideales [30,38,8,22,10,19,36,10,15,15,35,26,32,15,32,22,31,21,38,25,28,3,33,46,42,9,23,22,8,7,17,18,25,23,16,14,27,33,16,20,31,28,17,30,5,15,23,19,2,35]
costo_por_agente [58,68,8,86,10,35,64,10,15,15,43,26,54,15,34,96,31,105,42,67,84,3,41,46,58,9,23,96,8,7,19,18,25,43,16,16,27,41,16,20,71,28,17,74,87,17,77,19,2,51]
completion_time_por_agente [116,120,9,167,10,51,110,10,15,15,55,26,100,15,41,177,31,185,50,134,158,3,56,57,92,9,23,179,10,7,21,18,25,60,22,17,28,55,17,24,159,28,17,143,183,20,149,19,2,82]
tiempo_ultimo_agente_goal 185
tiempo_en_acabar 185
tiempo_promedio 62.400002
agentes_en_goal 50
bad_good_total_rate_pred [65976,66537,132513,0.5]
push_out_count 68971
RUN 7
valores_ideales [30,38,8,22,10,19,36,10,15,15,35,26,32,15,32,22,31,21,38,25,28,3,33,46,42,9,23,22,8,7,17,18,25,23,16,14,27,33,16,20,31,28,17,30,5,15,23,19,2,35]
costo_por_agente [70,44,8,110,10,69,52,10,15,15,65,26,54,15,98,86,31,85,44,61,90,3,55,46,52,9,23,74,12,7,19,18,25,73,16,16,27,43,16,20,59,28,17,64,99,15,67,19,2,51]
completion_time_por_agente [116,57,9,170,10,130,84,10,15,15,100,26,89,15,184,128,31,168,65,116,179,3,94,53,82,9,24,160,16,7,21,18,25,144,16,19,28,63,16,20,108,28,17,108,183,15,132,19,2,73]
tiempo_ultimo_agente_goal 184
tiempo_en_acabar 184
tiempo_promedio 64.400002
agentes_en_goal 50
bad_good_total_rate_pred [62591,73205,135796,0.5]
push_out_count 69304
RUN 8
valores_ideales [30,38,8,22,10,19,36,10,15,15,35,26,32,15,32,22,31,21,38,25,28,3,33,46,42,9,23,22,8,7,17,18,25,23,16,14,27,33,16,20,31,28,17,30,5,15,23,19,2,35]
costo_por_agente [68,52,10,100,10,41,42,10,15,15,37,26,66,15,82,82,31,63,46,81,92,3,73,46,46,9,23,94,8,7,19,18,25,87,16,16,27,89,16,20,71,28,17,60,97,15,83,19,2,61]
completion_time_por_agente [123,68,12,177,10,73,54,10,15,15,42,26,118,15,144,157,31,106,61,161,172,3,136,51,57,9,24,153,10,7,21,18,25,171,16,19,28,158,16,24,130,28,17,108,174,15,170,22,2,108]
tiempo_ultimo_agente_goal 177
tiempo_en_acabar 177
tiempo_promedio 66.199997
agentes_en_goal 50
bad_good_total_rate_pred [68665,71768,140433,0.5]
push_out_count 69625
RUN 9
valores_ideales [30,38,8,22,10,19,36,10,15,15,35,26,32,15,32,22,31,21,38,25,28,3,33,46,42,9,23,22,8,7,17,18,25,23,16,14,27,33,16,20,31,28,17,30,5,15,23,19,2,35]
costo_por_agente [60,42,8,108,10,43,80,10,15,15,47,26,80,15,104,96,31,97,42,91,110,3,77,72,52,9,23,106,8,7,19,18,25,91,18,16,27,75,16,20,77,28,17,52,87,15,81,19,2,43]
completion_time_por_agente [116,46,9,197,10,78,144,10,15,15,65,26,145,15,194,175,31,195,52,167,210,3,158,122,71,10,24,198,10,7,19,18,25,180,23,17,27,124,17,22,155,28,17,101,188,15,155,19,2,58]
tiempo_ultimo_agente_goal 210
tiempo_en_acabar 210
tiempo_promedio 74.559998
agentes_en_goal 50
bad_good_total_rate_pred [72523,86243,158766,0.5]
push_out_count 70022
RUN 10
valores_ideales [30,38,8,22,10,19,36,10,15,15,35,26,32,15,32,22,31,21,38,25,28,3,33,46,42,9,23,22,8,7,17,18,25,23,16,14,27,33,16,20,31,28,17,30,5,15,23,19,2,35]
costo_por_agente [76,38,8,56,10,25,36,10,15,15,35,26,60,15,44,70,31,71,40,55,66,3,75,48,48,9,23,56,10,7,19,18,25,49,16,16,27,33,16,20,33,28,17,44,59,15,61,19,2,53]
completion_time_por_agente [135,42,11,120,11,30,41,10,15,15,38,26,113,15,64,135,31,139,48,96,122,3,134,55,65,9,24,114,13,7,21,18,25,88,17,19,30,38,16,22,40,28,17,69,126,15,121,21,2,93]
tiempo_ultimo_agente_goal 139
tiempo_en_acabar 139
tiempo_promedio 50.139999
agentes_en_goal 50
bad_good_total_rate_pred [55012,51597,106609,0.5]
push_out_count 70204
RUN 11
valores_ideales [30,38,8,22,10,19,36,10,15,15,35,26,32,15,32,22,31,21,38,25,28,3,33,46,42,9,23,22,8,7,17,18,25,23,16,14,27,33,16,20,31,28,17,30,5,15,23,19,2,35]
costo_por_agente [66,50,8,78,10,21,54,10,15,15,63,26,50,15,54,68,31,41,46,61,56,3,35,46,48,9,23,66,10,7,19,18,25,23,16,16,27,37,16,20,57,28,17,64,17,15,67,23,2,41]
completion_time_por_agente [104,69,9,121,11,22,77,10,15,15,97,26,84,15,78,109,31,69,67,107,93,3,35,54,69,10,24,114,12,7,20,18,25,25,17,19,28,46,16,21,98,28,17,106,26,15,118,33,2,52]
tiempo_ultimo_agente_goal 121
tiempo_en_acabar 121
tiempo_promedio 45.740002
agentes_en_goal 50
bad_good_total_rate_pred [50349,46412,96761,0.5]
push_out_count 70372
RUN 12
valores_ideales [30,38,8,22,10,19,36,10,15,15,35,26,32,15,32,22,31,21,38,25,28,3,33,46,42,9,23,22,8,7,17,18,25,23,16,14,27,33,16,20,31,28,17,30,5,15,23,19,2,35]
costo_por_agente [62,46,8,72,10,23,38,10,15,15,37,26,42,15,46,72,31,77,46,57,64,3,59,48,46,9,23,84,8,7,19,18,25,59,16,16,27,33,16,20,37,28,17,42,59,15,65,19,2,45]
completion_time_por_agente [110,63,9,120,11,32,56,10,15,15,42,26,58,15,80,135,31,133,68,103,110,3,93,55,55,9,24,143,9,7,22,18,25,86,16,19,28,36,16,20,50,29,17,67,112,15,111,19,2,63]
tiempo_ultimo_agente_goal 143
tiempo_en_acabar 143
tiempo_promedio 48.220001
agentes_en_goal 50
bad_good_total_rate_pred [50549,52124,102673,0.5]
push_out_count 70559
RUN 13
valores_ideales [30,38,8,22,10,19,36,10,15,15,35,26,32,15,32,22,31,21,38,25,28,3,33,46,42,9,23,22,8,7,17,18,25,23,16,14,27,33,16,20,31,28,17,30,5,15,23,19,2,35]
costo_por_agente [44,50,8,62,10,31,40,10,15,15,65,26,70,15,64,66,31,83,42,71,96,3,33,48,44,11,23,66,8,7,19,18,25,85,16,16,27,59,16,20,51,28,17,50,101,15,77,19,2,65]
completion_time_por_agente [78,68,9,125,10,52,49,10,15,15,104,26,127,15,115,122,31,136,54,131,164,3,35,55,44,11,24,95,10,7,21,18,25,153,16,19,27,105,16,22,85,28,17,74,165,15,136,19,2,105]
tiempo_ultimo_agente_goal 165
tiempo_en_acabar 165
tiempo_promedio 56.160000
agentes_en_goal 50
bad_good_total_rate_pred [61032,55736,116768,0.5]
push_out_count 70789
RUN 14
valores_ideales [30,38,8,22,10,19,36,10,15,15,35,26,32,15,32,22,31,21,38,25,28,3,33,46,42,9,23,22,8,7,17,18,25,23,16,14,27,33,16,20,31,28,17,30,5,15,23,19,2,35]
costo_por_agente [34,76,8,98,10,45,96,10,15,15,49,26,80,15,54,84,31,109,44,101,112,3,45,48,48,9,23,100,10,7,19,18,25,91,16,16,27,39,16,24,57,28,17,68,125,15,89,19,2,79]
completion_time_por_agente [46,143,9,171,10,76,168,10,15,15,67,26,152,15,91,165,31,216,59,186,214,3,60,64,66,9,23,208,13,7,21,18,25,175,21,19,27,47,16,33,94,28,17,129,198,15,187,20,2,146]
tiempo_ultimo_agente_goal 216
tiempo_en_acabar 216
tiempo_promedio 71.519997
agentes_en_goal 50
bad_good_total_rate_pred [76614,73802,150416,0.5]
push_out_count 71173
RUN 15
valores_ideales [30,38,8,22,10,19,36,10,15,15,35,26,32,15,32,22,31,21,38,25,28,3,33,46,42,9,23,22,8,7,17,18,25,23,16,14,27,33,16,20,31,28,17,30,5,15,23,19,2,35]
costo_por_agente [58,44,10,40,10,25,46,10,15,15,43,26,68,15,54,66,31,63,40,61,62,3,61,50,44,9,23,76,8,7,19,18,29,51,16,16,27,33,16,20,47,28,17,54,69,15,75,19,2,51]
completion_time_por_agente [84,46,12,69,10,30,64,10,15,15,60,26,114,16,80,106,31,120,46,108,114,3,103,65,60,9,24,121,10,7,21,18,35,83,16,19,29,44,17,22,75,28,17,101,121,15,124,19,2,79]
tiempo_ultimo_agente_goal 124
tiempo_en_acabar 124
tiempo_promedio 49.259998
agentes_en_goal 50
bad_good_total_rate_pred [49896,52309,102205,0.5]
push_out_count 71347
RUN 16
valores_ideales [30,38,8,22,10,19,36,10,15,15,35,26,32,15,32,22,31,21,38,25,28,3,33,46,42,9,23,22,8,7,17,18,25,23,16,14,27,33,16,20,31,28,17,30,5,15,23,19,2,35]
costo_por_agente [68,44,10,68,10,59,62,10,15,15,39,26,54,15,50,36,31,53,44,79,82,3,33,46,50,9,23,58,10,7,19,18,25,77,16,16,27,83,16,20,65,28,17,66,71,15,41,19,2,47]
completion_time_por_agente [132,66,11,125,11,97,106,10,15,15,52,26,87,15,78,57,31,76,70,142,153,3,38,50,67,9,24,120,11,7,22,18,25,136,16,19,29,143,16,20,113,28,17,133,142,15,79,19,2,73]
tiempo_ultimo_agente_goal 153
tiempo_en_acabar 153
tiempo_promedio 55.380001
agentes_en_goal 50
bad_good_total_rate_pred [58718,57510,116228,0.5]
push_out_count 71575
RUN 17
valores_ideales [30,38,8,22,10,19,36,10,15,15,35,26,32,15,32,22,31,21,38,25,28,3,33,46,42,9,23,22,8,7,17,18,25,23,16,14,27,33,16,20,31,28,17,30,5,15,23,19,2,35]
costo_por_agente [68,40,10,36,10,23,46,10,15,15,41,26,54,15,44,72,31,75,50,77,72,3,35,46,52,9,23,62,8,7,19,18,25,61,16,16,27,59,16,20,41,28,17,62,67,15,77,19,2,41]
completion_time_por_agente [117,46,13,56,11,27,69,10,15,15,62,26,98,16,62,139,31,146,69,147,120,3,39,49,68,10,24,115,12,7,21,18,25,114,16,17,28,92,17,20,82,28,17,113,136,15,136,19,2,48]
tiempo_ultimo_agente_goal 147
tiempo_en_acabar 147
tiempo_promedio 51.720001
agentes_en_goal 50
bad_good_total_rate_pred [51757,57677,109434,0.5]
push_out_count 71778
RUN 18
valores_ideales [30,38,8,22,10,19,36,10,15,15,35,26,32,15,32,22,31,21,38,25,28,3,33,46,42,9,23,22,8,7,17,18,25,23,16,14,27,33,16,20,31,28,17,30,5,15,23,19,2,35]
costo_por_agente [44,62,8,72,10,37,36,10,15,15,43,26,48,15,48,60,31,75,38,73,70,3,37,46,64,9,23,50,10,7,19,18,25,73,16,16,27,87,16,20,61,28,17,50,51,15,59,19,2,49]
completion_time_por_agente [70,95,10,132,10,57,48,10,15,15,55,26,78,15,83,122,31,122,44,126,110,3,51,49,91,10,24,103,10,7,21,18,25,119,17,19,29,144,16,20,107,28,17,82,82,15,104,19,2,78]
tiempo_ultimo_agente_goal 144
tiempo_en_acabar 144
tiempo_promedio 51.680000
agentes_en_goal 50
bad_good_total_rate_pred [56166,52572,108738,0.5]
push_out_count 71972
RUN 19
valores_ideales [30,38,8,22,10,19,36,10,15,15,35,26,32,15,32,22,31,21,38,25,28,3,33,46,42,9,23,22,8,7,17,18,25,23,16,14,27,33,16,20,31,28,17,30,5,15,23,19,2,35]
costo_por_agente [64,64,8,100,10,29,50,10,15,15,43,26,66,15,84,76,31,99,52,79,100,3,47,46,46,9,23,88,8,7,19,18,25,101,16,16,27,49,16,20,69,28,17,70,25,15,83,19,2,53]
completion_time_por_agente [107,97,9,185,11,43,82,10,16,15,61,26,115,15,147,162,31,193,82,155,188,3,69,50,50,10,24,170,8,7,20,18,25,184,16,17,28,81,16,21,126,28,17,122,45,15,155,22,2,85]
tiempo_ultimo_agente_goal 193
tiempo_en_acabar 193
tiempo_promedio 63.680000
agentes_en_goal 50
bad_good_total_rate_pred [64763,70101,134864,0.5]
push_out_count 72292
RUN 20
valores_ideales [30,38,8,22,10,19,36,10,15,15,35,26,32,15,32,22,31,21,38,25,28,3,33,46,42,9,23,22,8,7,17,18,25,23,16,14,27,33,16,20,31,28,17,30,5,15,23,19,2,35]
costo_por_agente [52,46,8,70,10,33,40,10,15,15,43,26,42,15,44,32,31,69,46,55,70,3,49,48,54,9,23,70,10,7,19,18,25,53,16,16,27,57,16,20,45,28,17,58,63,15,75,19,2,37]
completion_time_por_agente [101,68,9,121,10,54,51,10,15,15,57,26,81,15,75,48,31,138,75,109,126,3,64,59,83,9,24,136,13,7,22,18,25,98,16,19,29,102,17,20,82,28,17,100,108,15,135,19,2,48]
tiempo_ultimo_agente_goal 138
tiempo_en_acabar 138
tiempo_promedio 51.060001
agentes_en_goal 50
bad_good_total_rate_pred [55730,52635,108365,0.5]
push_out_count 72502
RUN 21
valores_ideales [30,38,8,22,10,19,36,10,15,15,35,26,32,15,32,22,31,21,38,25,28,3,33,46,42,9,23,22,8,7,17,18,25,23,16,14,27,33,16,20,31,28,17,30,5,15,23,19,2,35]
costo_por_agente [70,50,8,68,10,29,38,10,15,15,55,26,62,15,38,84,31,69,48,67,70,3,81,46,50,9,23,66,8,7,19,18,27,39,16,16,27,35,16,20,65,28,17,70,65,15,65,21,2,51]
completion_time_por_agente [108,70,9,89,11,44,55,10,15,15,89,26,107,15,52,153,31,137,76,125,127,3,133,58,64,9,24,135,8,7,20,18,29,69,16,17,28,41,17,21,107,28,17,97,137,15,119,28,2,84]
tiempo_ultimo_agente_goal 153
tiempo_en_acabar 153
tiempo_promedio 54.299999
agentes_en_goal 50
bad_good_total_rate_pred [57557,57186,114743,0.5]
push_out_count 72746
RUN 22
valores_ideales [30,38,8,22,10,19,36,10,15,15,35,26,32,15,32,22,31,21,38,25,28,3,33,46,42,9,23,22,8,7,17,18,25,23,16,14,27,33,16,20,31,28,17,30,5,15,23,19,2,35]
costo_por_agente [76,54,10,58,10,75,42,10,15,15,45,26,70,15,48,28,31,81,64,75,108,3,33,48,78,9,23,80,8,7,17,18,25,61,16,16,27,81,16,92,39,28,17,52,103,15,89,19,2,89]
completion_time_por_agente [143,84,13,111,10,158,62,10,15,15,71,26,134,15,82,40,31,161,111,141,177,3,36,61,137,10,24,143,8,7,17,18,25,107,16,19,29,150,16,148,57,28,17,89,163,15,160,19,2,157]
tiempo_ultimo_agente_goal 177
tiempo_en_acabar 177
tiempo_promedio 65.820000
agentes_en_goal 50
bad_good_total_rate_pred [73069,62888,135957,0.5]
push_out_count 73025
RUN 23
valores_ideales [30,38,8,22,10,19,36,10,15,15,35,26,32,15,32,22,31,21,38,25,28,3,33,46,42,9,23,22,8,7,17,18,25,23,16,14,27,33,16,20,31,28,17,30,5,15,23,19,2,35]
costo_por_agente [78,62,8,94,10,21,60,10,15,15,67,26,104,15,68,22,31,79,46,89,76,3,63,46,44,9,23,84,10,7,19,18,25,47,16,16,27,37,16,20,41,28,17,68,81,15,85,19,2,47]
completion_time_por_agente [139,101,9,167,11,22,98,10,15,15,121,26,173,15,118,23,31,152,66,167,138,3,101,53,53,9,24,143,10,7,21,18,25,67,16,17,27,52,16,22,58,28,17,113,156,15,170,20,2,79]
tiempo_ultimo_agente_goal 173
tiempo_en_acabar 173
tiempo_promedio 59.180000
agentes_en_goal 50
bad_good_total_rate_pred [57107,67089,124196,0.5]
push_out_count 73295
RUN 24
valores_ideales [30,38,8,22,10,19,36,10,15,15,35,26,32,15,32,22,31,21,38,25,28,3,33,46,42,9,23,22,8,7,17,18,25,23,16,14,27,33,16,20,31,28,17,30,5,15,23,19,2,35]
costo_por_agente [52,48,8,36,16,55,38,10,15,15,41,26,58,15,60,54,31,67,46,65,70,3,69,46,42,9,23,64,8,7,19,18,25,71,16,16,43,55,16,20,37,28,17,38,67,23,59,19,2,37]
completion_time_por_agente [102,68,9,49,26,94,50,10,15,15,59,26,91,15,106,86,31,114,68,115,120,3,123,51,44,9,24,123,8,7,21,18,25,130,16,17,59,93,16,22,57,28,17,57,130,35,103,19,2,54]
tiempo_ultimo_agente_goal 130
tiempo_en_acabar 130
tiempo_promedio 51.599998
agentes_en_goal 50
bad_good_total_rate_pred [56906,53274,110180,0.5]
push_out_count 73514
RUN 25
valores_ideales [30,38,8,22,10,19,36,10,15,15,35,26,32,15,32,22,31,21,38,25,28,3,33,46,42,9,23,22,8,7,17,18,25,23,16,14,27,33,16,20,31,28,17,30,5,15,23,19,2,35]
costo_por_agente [64,44,8,76,10,29,38,10,15,15,47,26,54,15,48,66,31,69,60,65,82,3,45,46,42,9,23,76,10,7,19,18,29,27,18,16,27,39,16,20,51,28,17,50,73,15,53,19,2,47]
completion_time_por_agente [115,62,9,133,11,42,44,10,15,15,61,27,83,16,69,128,31,130,104,115,150,3,65,54,51,10,25,142,14,7,21,18,34,32,21,19,27,54,16,22,86,28,17,85,135,15,99,19,2,72]
tiempo_ultimo_agente_goal 150
tiempo_en_acabar 150
tiempo_promedio 51.259998
agentes_en_goal 50
bad_good_total_rate_pred [54101,53409,107510,0.5]
push_out_count 73715
RUN 26
valores_ideales [30,38,8,22,10,19,36,10,15,15,35,26,32,15,32,22,31,21,38,25,28,3,33,46,42,9,23,22,8,7,17,18,25,23,16,14,27,33,16,20,31,28,17,30,5,15,23,19,2,35]
costo_por_agente [78,70,8,54,10,39,46,10,15,15,63,26,92,15,38,64,31,79,62,85,44,3,89,46,46,9,23,86,10,7,19,18,25,61,16,16,27,57,16,20,79,28,17,72,71,15,79,21,2,47]
completion_time_por_agente [149,133,9,83,10,71,71,10,15,15,112,26,158,15,53,92,31,157,108,167,69,3,121,53,56,9,24,162,13,7,22,18,25,118,16,19,28,87,16,20,161,28,17,126,150,15,148,25,2,76]
tiempo_ultimo_agente_goal 167
tiempo_en_acabar 167
tiempo_promedio 62.380001
agentes_en_goal 50
bad_good_total_rate_pred [68274,62549,130823,0.5]
push_out_count 74011
RUN 27
valores_ideales [30,38,8,22,10,19,36,10,15,15,35,26,32,15,32,22,31,21,38,25,28,3,33,46,42,9,23,22,8,7,17,18,25,23,16,14,27,33,16,20,31,28,17,30,5,15,23,19,2,35]
costo_por_agente [68,44,10,24,10,25,42,10,15,15,61,26,68,15,74,30,31,79,62,85,86,3,63,62,44,9,23,82,22,7,19,18,25,89,16,16,27,57,16,20,81,28,17,70,89,15,77,19,2,41]
completion_time_por_agente [123,53,13,29,13,29,60,10,16,15,86,26,125,15,143,46,31,165,109,158,163,3,84,82,51,9,24,154,36,7,21,18,25,160,16,17,28,88,16,20,142,28,17,96,163,15,151,19,2,52]
tiempo_ultimo_agente_goal 165
tiempo_en_acabar 165
tiempo_promedio 59.439999
agentes_en_goal 50
bad_good_total_rate_pred [58080,67142,125222,0.5]
push_out_count 74286
RUN 28
valores_ideales [30,38,8,22,10,19,36,10,15,15,35,26,32,15,32,22,31,21,38,25,28,3,33,46,42,9,23,22,8,7,17,18,25,23,16,14,27,33,16,20,31,28,17,30,5,15,23,19,2,35]
costo_por_agente [64,54,8,92,10,33,36,10,15,15,49,28,50,15,54,80,31,59,52,77,92,3,49,46,58,9,23,70,10,7,19,18,25,51,16,16,27,33,16,20,39,28,17,62,75,15,55,55,2,47]
completion_time_por_agente [111,92,9,153,11,48,40,10,15,15,75,33,75,15,86,147,31,119,80,136,165,3,87,51,90,10,24,137,14,7,21,18,25,107,16,19,28,33,17,20,60,28,17,103,154,15,111,93,2,84]
tiempo_ultimo_agente_goal 165
tiempo_en_acabar 165
tiempo_promedio 57.200001
agentes_en_goal 50
bad_good_total_rate_pred [58994,62477,121471,0.5]
push_out_count 74548
RUN 29
valores_ideales [30,38,8,22,10,19,36,10,15,15,35,26,32,15,32,22,31,21,38,25,28,3,33,46,42,9,23,22,8,7,17,18,25,23,16,14,27,33,16,20,31,28,17,30,5,15,23,19,2,35]
costo_por_agente [60,58,8,36,10,49,36,10,15,15,41,26,48,15,64,60,31,69,50,61,64,3,75,46,48,9,23,56,8,7,19,18,25,41,16,16,27,33,16,20,33,28,17,52,55,15,59,19,2,51]
completion_time_por_agente [105,97,9,50,11,84,38,10,15,15,58,26,80,16,115,112,31,121,83,111,116,3,129,49,66,9,24,110,12,7,21,18,25,59,17,17,28,36,16,20,38,29,17,85,87,15,113,22,2,85]
tiempo_ultimo_agente_goal 129
tiempo_en_acabar 129
tiempo_promedio 49.240002
agentes_en_goal 50
bad_good_total_rate_pred [52203,50987,103190,0.5]
push_out_count 74731
RUN 30
valores_ideales [30,38,8,22,10,19,36,10,15,15,35,26,32,15,32,22,31,21,38,25,28,3,33,46,42,9,23,22,8,7,17,18,25,23,16,14,27,33,16,20,31,28,17,30,5,15,23,19,2,35]
costo_por_agente [42,44,8,26,10,23,36,10,15,15,37,26,46,15,64,60,31,63,38,53,56,3,33,50,46,9,23,60,8,7,19,18,25,51,18,16,27,81,16,20,41,28,17,50,73,15,73,19,2,51]
completion_time_por_agente [70,65,9,28,10,32,41,10,15,15,48,26,71,16,103,105,31,111,47,108,107,3,35,58,58,10,24,115,9,7,20,18,25,79,26,17,28,140,16,21,62,28,17,92,122,15,123,19,2,90]
tiempo_ultimo_agente_goal 140
tiempo_en_acabar 140
tiempo_promedio 46.939999
agentes_en_goal 50
bad_good_total_rate_pred [49005,49186,98191,0.5]
push_out_count 74910
RUN 31
valores_ideales [30,38,8,22,10,19,36,10,15,15,35,26,32,15,32,22,31,21,38,25,28,3,33,46,42,9,23,22,8,7,17,18,25,23,16,14,27,33,16,20,31,28,17,30,5,15,23,19,2,35]
costo_por_agente [56,50,8,78,10,51,50,10,15,17,47,28,38,15,56,70,31,69,50,55,74,3,75,46,46,9,23,64,8,7,19,18,31,55,16,16,27,33,16,20,31,28,17,62,63,15,41,19,2,57]
completion_time_por_agente [101,89,9,114,10,93,73,10,15,17,72,30,55,15,90,117,31,114,68,99,127,3,112,59,63,9,25,118,9,7,20,18,40,99,17,19,28,45,16,21,38,28,17,101,117,15,59,20,2,86]
tiempo_ultimo_agente_goal 127
tiempo_en_acabar 127
tiempo_promedio 51.200001
agentes_en_goal 50
bad_good_total_rate_pred [52879,53314,106193,0.5]
push_out_count 75104
RUN 32
valores_ideales [30,38,8,22,10,19,36,10,15,15,35,26,32,15,32,22,31,21,38,25,28,3,33,46,42,9,23,22,8,7,17,18,25,23,16,14,27,33,16,20,31,28,17,30,5,15,23,19,2,35]
costo_por_agente [40,50,8,68,10,37,40,10,15,15,37,26,36,15,56,38,31,57,40,57,56,3,35,46,56,9,23,64,8,7,19,18,25,55,16,16,27,59,16,20,57,28,17,46,59,17,59,19,2,51]
completion_time_por_agente [57,78,9,120,10,54,56,10,15,15,47,26,46,15,82,60,31,113,53,103,93,3,39,48,75,9,24,105,9,7,20,18,25,93,16,19,28,92,17,21,94,28,17,81,94,20,112,19,2,74]
tiempo_ultimo_agente_goal 120
tiempo_en_acabar 120
tiempo_promedio 46.040001
agentes_en_goal 50
bad_good_total_rate_pred [46701,50241,96942,0.5]
push_out_count 75273
RUN 33
valores_ideales [30,38,8,22,10,19,36,10,15,15,35,26,32,15,32,22,31,21,38,25,28,3,33,46,42,9,23,22,8,7,17,18,25,23,16,14,27,33,16,20,31,28,17,30,5,15,23,19,2,35]
costo_por_agente [88,52,10,60,10,21,44,10,15,15,47,28,66,15,56,56,31,75,50,63,80,3,59,46,46,9,23,68,12,7,19,18,25,77,16,16,27,61,16,20,55,28,17,64,83,15,77,19,2,45]
completion_time_por_agente [150,76,13,96,10,22,68,10,15,15,60,31,120,16,105,89,31,154,84,135,149,3,77,54,62,9,24,130,19,7,21,18,25,148,18,19,28,105,17,20,98,28,17,117,160,15,152,19,2,64]
tiempo_ultimo_agente_goal 160
tiempo_en_acabar 160
tiempo_promedio 58.500000
agentes_en_goal 50
bad_good_total_rate_pred [63052,60065,123117,0.5]
push_out_count 75515
RUN 34
valores_ideales [30,38,8,22,10,19,36,10,15,15,35,26,32,15,32,22,31,21,38,25,28,3,33,46,42,9,23,22,8,7,17,18,25,23,16,14,27,33,16,20,31,28,17,30,5,15,23,19,2,35]
costo_por_agente [50,64,8,72,10,21,40,10,15,15,47,26,34,15,52,68,31,37,46,55,60,3,47,48,54,9,23,66,10,7,19,18,25,55,16,16,27,33,16,20,39,28,17,44,61,15,61,25,2,39]
completion_time_por_agente [82,104,9,115,10,23,49,10,15,15,76,26,47,16,84,101,31,52,63,103,112,3,59,54,78,9,24,114,12,7,21,18,25,78,16,19,28,33,16,20,49,28,17,67,123,15,115,35,2,43]
tiempo_ultimo_agente_goal 123
tiempo_en_acabar 123
tiempo_promedio 45.419998
agentes_en_goal 50
bad_good_total_rate_pred [46583,48769,95352,0.5]
push_out_count 75679
RUN 35
valores_ideales [30,38,8,22,10,19,36,10,15,15,35,26,32,15,32,22,31,21,38,25,28,3,33,46,42,9,23,22,8,7,17,18,25,23,16,14,27,33,16,20,31,28,17,30,5,15,23,19,2,35]
costo_por_agente [72,40,10,62,10,21,38,10,15,15,49,26,60,15,54,32,31,89,40,93,70,3,51,46,56,9,23,78,8,7,19,18,25,93,18,14,27,63,16,20,73,28,17,66,79,15,87,19,2,53]
completion_time_por_agente [150,52,13,113,10,23,43,10,15,15,80,26,105,15,81,45,31,177,52,176,143,3,68,48,87,9,24,145,8,7,20,18,25,178,23,15,30,109,17,21,136,28,17,118,178,15,170,22,2,75]
tiempo_ultimo_agente_goal 178
tiempo_en_acabar 178
tiempo_promedio 59.820000
agentes_en_goal 50
bad_good_total_rate_pred [61842,64438,126280,0.5]
push_out_count 75971
RUN 36
valores_ideales [30,38,8,22,10,19,36,10,15,15,35,26,32,15,32,22,31,21,38,25,28,3,33,46,42,9,23,22,8,7,17,18,25,23,16,14,27,33,16,20,31,28,17,30,5,15,23,19,2,35]
costo_por_agente [58,42,8,94,10,29,40,10,15,15,43,26,46,15,56,68,31,81,52,49,70,3,77,48,56,9,23,70,10,7,17,18,25,51,16,16,27,49,16,22,47,28,17,48,71,15,69,19,2,43]
completion_time_por_agente [92,54,9,133,11,47,55,10,15,15,71,26,70,15,85,124,31,130,81,90,113,3,130,58,78,9,24,125,10,7,18,18,25,96,16,17,27,61,16,25,73,28,17,78,116,15,112,19,2,57]
tiempo_ultimo_agente_goal 133
tiempo_en_acabar 133
tiempo_promedio 51.139999
agentes_en_goal 50
bad_good_total_rate_pred [53450,54090,107540,0.5]
push_out_count 76158
RUN 37
valores_ideales [30,38,8,22,10,19,36,10,15,15,35,26,32,15,32,22,31,21,38,25,28,3,33,46,42,9,23,22,8,7,17,18,25,23,16,14,27,33,16,20,31,28,17,30,5,15,23,19,2,35]
costo_por_agente [60,60,10,46,10,23,44,10,15,15,39,34,52,15,60,22,31,63,58,63,56,3,47,50,52,9,23,48,16,7,19,18,25,29,16,16,27,49,16,20,55,28,17,38,59,21,69,19,2,41]
completion_time_por_agente [110,91,12,68,10,34,63,10,15,15,47,49,82,15,105,24,31,118,98,120,105,3,63,61,72,9,23,94,22,9,21,18,25,32,17,17,28,82,17,20,88,28,17,62,108,31,124,19,2,58]
tiempo_ultimo_agente_goal 124
tiempo_en_acabar 124
tiempo_promedio 47.840000
agentes_en_goal 50
bad_good_total_rate_pred [49664,51142,100806,0.5]
push_out_count 76338
RUN 38
valores_ideales [30,38,8,22,10,19,36,10,15,15,35,26,32,15,32,22,31,21,38,25,28,3,33,46,42,9,23,22,8,7,17,18,25,23,16,14,27,33,16,20,31,28,17,30,5,15,23,19,2,35]
costo_por_agente [64,44,8,36,10,65,46,10,17,15,39,26,66,17,44,64,31,65,42,61,100,3,37,46,48,9,23,68,8,7,19,18,25,75,16,16,27,65,16,20,57,28,17,56,93,15,55,19,2,61]
completion_time_por_agente [113,49,9,48,11,121,66,10,17,15,49,26,108,20,66,115,31,117,65,114,184,3,47,48,64,9,24,129,9,7,21,18,25,125,16,19,27,110,17,22,103,28,17,95,176,15,93,19,2,109]
tiempo_ultimo_agente_goal 184
tiempo_en_acabar 184
tiempo_promedio 55.020000
agentes_en_goal 50
bad_good_total_rate_pred [55894,59045,114939,0.5]
push_out_count 76570
RUN 39
valores_ideales [30,38,8,22,10,19,36,10,15,15,35,26,32,15,32,22,31,21,38,25,28,3,33,46,42,9,23,22,8,7,17,18,25,23,16,14,27,33,16,20,31,28,17,30,5,15,23,19,2,35]
costo_por_agente [68,38,8,82,10,23,38,10,15,15,49,26,70,15,62,68,31,75,46,85,90,3,41,56,54,9,23,82,8,7,19,18,25,35,16,16,27,81,16,20,53,28,17,72,69,15,61,19,2,47]
completion_time_por_agente [120,51,9,156,13,32,52,10,15,15,83,26,137,16,114,134,31,146,64,153,151,3,53,78,78,9,24,139,10,7,21,18,25,43,17,17,28,124,16,20,91,28,17,123,155,15,128,19,2,67]
tiempo_ultimo_agente_goal 156
tiempo_en_acabar 156
tiempo_promedio 58.060001
agentes_en_goal 50
bad_good_total_rate_pred [57490,65129,122619,0.5]
push_out_count 76831
