RUN 0
valores_ideales [10,31,10,31,22,8,39,24,26,23,8,31,37,8,22,8,38,16,19,16,11,19,18,17,17,23,9,8,9,18,53,14,24,28,9,36,28,29,11,10,29,34,39,40,17,7,32,18,12,33,31,19,19,39,14,16,9,19,14,23]
costo_por_agente [10,35,10,26,22,8,21,24,19,23,8,22,37,10,22,8,20,16,25,16,11,21,18,17,17,39,9,8,13,18,23,16,22,28,9,16,28,29,11,10,22,24,21,27,19,7,27,18,14,25,33,16,19,13,14,18,9,19,14,23]
completion_time_por_agente [10,38,10,0,22,11,0,24,0,23,8,0,38,12,22,8,0,16,26,18,12,22,19,17,20,40,9,8,14,18,0,16,0,28,9,0,28,29,11,10,0,0,0,0,0,7,0,20,14,0,34,0,19,0,14,18,9,19,16,24]
tiempo_ultimo_agente_goal 40
tiempo_en_acabar 1000
tiempo_promedio 13.166667
agentes_en_goal 43
bad_good_total_rate_pred [46739,85516,132255,0.6]
push_out_count 0
RUN 1
valores_ideales [10,31,10,31,22,8,39,24,26,23,8,31,37,8,22,8,38,16,19,16,11,19,18,17,17,23,9,8,9,18,53,14,24,28,9,36,28,29,11,10,29,34,39,40,17,7,32,18,12,33,31,19,19,39,14,16,9,19,14,23]
costo_por_agente [10,31,10,34,22,8,47,24,26,23,8,23,15,10,22,8,44,16,23,16,13,19,20,17,19,27,9,8,9,18,53,18,26,28,9,38,28,29,11,10,23,34,20,29,23,7,33,18,14,26,39,19,19,41,14,16,9,19,14,23]
completion_time_por_agente [10,31,10,0,22,8,106,25,0,23,9,0,38,10,23,9,82,16,23,17,15,20,21,17,20,29,9,8,9,18,81,20,0,28,9,58,29,29,12,10,0,0,0,0,0,7,0,18,15,0,129,25,22,72,14,18,9,19,16,24]
tiempo_ultimo_agente_goal 129
tiempo_en_acabar 1000
tiempo_promedio 21.533333
agentes_en_goal 48
bad_good_total_rate_pred [31122,51993,83115,0.6]
push_out_count 0
RUN 2
valores_ideales [10,31,10,31,22,8,39,24,26,23,8,31,37,8,22,8,38,16,19,16,11,19,18,17,17,23,9,8,9,18,53,14,24,28,9,36,28,29,11,10,29,34,39,40,17,7,32,18,12,33,31,19,19,39,14,16,9,19,14,23]
costo_por_agente [10,31,12,19,22,8,16,24,13,23,8,16,37,10,22,8,19,16,19,16,11,19,18,17,17,25,9,8,9,18,53,14,15,28,9,15,28,29,11,10,17,18,25,23,20,7,989,20,12,21,28,16,19,11,14,18,13,27,14,23]
completion_time_por_agente [10,32,13,0,22,9,106,24,0,23,8,0,37,10,23,8,82,16,19,17,12,19,18,17,17,25,9,8,9,19,55,15,0,28,9,58,28,30,12,10,0,0,0,0,0,7,0,20,13,0,129,25,19,72,14,18,14,28,16,23]
tiempo_ultimo_agente_goal 55
tiempo_en_acabar 1000
tiempo_promedio 20.916666
agentes_en_goal 43
bad_good_total_rate_pred [15237,113433,128670,0.9]
push_out_count 0
RUN 3
valores_ideales [10,31,10,31,22,8,39,24,26,23,8,31,37,8,22,8,38,16,19,16,11,19,18,17,17,23,9,8,9,18,53,14,24,28,9,36,28,29,11,10,29,34,39,40,17,7,32,18,12,33,31,19,19,39,14,16,9,19,14,23]
costo_por_agente [10,33,12,22,22,8,17,24,14,23,10,35,39,10,24,8,26,16,19,16,11,19,18,17,17,27,9,8,9,18,291,14,20,28,9,40,28,29,15,10,20,17,28,22,24,7,25,18,14,28,19,19,19,17,14,16,9,19,14,23]
completion_time_por_agente [10,34,13,0,22,8,106,24,0,23,10,35,40,10,25,9,82,16,19,17,12,19,19,18,20,27,9,8,9,18,55,16,0,28,9,44,28,30,16,10,0,0,0,0,0,7,0,19,14,0,129,19,20,72,14,16,9,19,14,23]
tiempo_ultimo_agente_goal 44
tiempo_en_acabar 1000
tiempo_promedio 21.216667
agentes_en_goal 45
bad_good_total_rate_pred [33791,102159,135950,0.8]
push_out_count 0
RUN 4
valores_ideales [10,31,10,31,22,8,39,24,26,23,8,31,37,8,22,8,38,16,19,16,11,19,18,17,17,23,9,8,9,18,53,14,24,28,9,36,28,29,11,10,29,34,39,40,17,7,32,18,12,33,31,19,19,39,14,16,9,19,14,23]
costo_por_agente [10,31,12,48,22,8,43,24,28,23,8,16,39,8,22,8,23,16,19,16,11,19,18,17,17,27,9,8,9,18,53,14,26,28,9,38,28,29,13,10,37,26,29,31,16,7,488,18,14,40,45,19,19,41,14,18,9,19,14,23]
completion_time_por_agente [10,31,13,0,22,11,48,26,0,23,9,35,40,9,22,8,82,16,20,17,12,19,19,17,20,27,9,8,9,18,55,27,36,28,9,47,28,29,13,10,56,0,0,0,0,8,0,18,14,0,63,19,19,43,14,18,9,21,16,23]
tiempo_ultimo_agente_goal 63
tiempo_en_acabar 1000
tiempo_promedio 20.383333
agentes_en_goal 50
bad_good_total_rate_pred [24786,49358,74144,0.7]
push_out_count 0
RUN 5
valores_ideales [10,31,10,31,22,8,39,24,26,23,8,31,37,8,22,8,38,16,19,16,11,19,18,17,17,23,9,8,9,18,53,14,24,28,9,36,28,29,11,10,29,34,39,40,17,7,32,18,12,33,31,19,19,39,14,16,9,19,14,23]
costo_por_agente [10,31,12,75,22,10,19,24,22,23,8,37,39,8,22,8,22,16,21,16,11,19,18,17,17,27,9,10,9,18,53,14,17,28,9,16,28,29,11,10,30,24,45,42,50,7,38,20,14,27,16,19,19,39,14,16,9,19,14,23]
completion_time_por_agente [10,31,14,168,22,11,48,24,0,23,8,50,41,8,22,8,82,16,21,17,12,22,20,18,18,27,9,11,9,18,54,15,36,28,9,47,28,29,11,10,56,0,113,81,0,7,114,24,18,0,63,19,21,40,14,18,9,19,16,23]
tiempo_ultimo_agente_goal 168
tiempo_en_acabar 1000
tiempo_promedio 28.500000
agentes_en_goal 50
bad_good_total_rate_pred [17973,42893,60866,0.7]
push_out_count 0
RUN 6
valores_ideales [10,31,10,31,22,8,39,24,26,23,8,31,37,8,22,8,38,16,19,16,11,19,18,17,17,23,9,8,9,18,53,14,24,28,9,36,28,29,11,10,29,34,39,40,17,7,32,18,12,33,31,19,19,39,14,16,9,19,14,23]
costo_por_agente [10,31,10,25,22,10,19,25,36,23,8,43,39,8,22,8,20,16,19,18,11,19,18,17,17,39,9,8,9,18,53,14,26,28,9,40,28,31,11,10,18,19,32,25,27,7,20,22,14,20,37,19,19,39,14,16,9,19,14,23]
completion_time_por_agente [10,31,10,168,22,13,48,24,39,23,8,45,41,11,22,8,82,16,19,21,11,22,19,17,19,42,9,8,9,18,56,15,36,28,9,44,28,31,11,10,56,0,113,81,0,7,114,29,15,0,47,19,19,41,14,16,9,19,16,24]
tiempo_ultimo_agente_goal 56
tiempo_en_acabar 1000
tiempo_promedio 29.033333
agentes_en_goal 48
bad_good_total_rate_pred [15941,60154,76095,0.8]
push_out_count 0
RUN 7
valores_ideales [10,31,10,31,22,8,39,24,26,23,8,31,37,8,22,8,38,16,19,16,11,19,18,17,17,23,9,8,9,18,53,14,24,28,9,36,28,29,11,10,29,34,39,40,17,7,32,18,12,33,31,19,19,39,14,16,9,19,14,23]
costo_por_agente [10,31,12,22,22,10,27,26,18,23,8,37,41,8,22,8,28,18,19,16,11,19,20,17,19,27,9,8,9,18,53,16,22,28,9,22,28,29,11,10,29,22,41,26,20,7,68,16,14,30,14,19,19,41,14,16,9,19,14,23]
completion_time_por_agente [10,31,13,168,22,10,48,34,39,23,8,45,69,8,22,9,82,18,20,17,11,19,20,17,22,27,9,8,9,18,56,18,36,28,9,44,28,30,11,10,56,0,45,81,0,7,74,29,14,0,47,19,19,54,14,18,9,19,14,23]
tiempo_ultimo_agente_goal 74
tiempo_en_acabar 1000
tiempo_promedio 27.799999
agentes_en_goal 47
bad_good_total_rate_pred [26938,68903,95841,0.7]
push_out_count 0
RUN 8
valores_ideales [10,31,10,31,22,8,39,24,26,23,8,31,37,8,22,8,38,16,19,16,11,19,18,17,17,23,9,8,9,18,53,14,24,28,9,36,28,29,11,10,29,34,39,40,17,7,32,18,12,33,31,19,19,39,14,16,9,19,14,23]
costo_por_agente [10,31,10,21,22,8,20,24,33,23,8,33,39,8,26,10,22,16,19,16,15,19,18,17,17,25,9,8,9,18,26,16,42,28,9,40,28,29,11,10,37,19,22,22,28,7,46,24,14,37,37,19,19,39,14,18,9,19,14,23]
completion_time_por_agente [12,31,10,168,24,8,48,40,39,23,8,34,41,8,27,10,82,16,21,17,15,21,20,17,17,30,9,10,9,19,56,17,85,28,9,61,28,29,11,10,87,0,45,81,0,7,74,29,17,41,51,19,20,39,14,18,9,19,14,25]
tiempo_ultimo_agente_goal 87
tiempo_en_acabar 1000
tiempo_promedio 29.616667
agentes_en_goal 51
bad_good_total_rate_pred [2783,51576,54359,0.9]
push_out_count 0
RUN 9
valores_ideales [10,31,10,31,22,8,39,24,26,23,8,31,37,8,22,8,38,16,19,16,11,19,18,17,17,23,9,8,9,18,53,14,24,28,9,36,28,29,11,10,29,34,39,40,17,7,32,18,12,33,31,19,19,39,14,16,9,19,14,23]
costo_por_agente [10,26,10,29,22,8,41,24,19,23,8,24,29,8,24,8,40,16,21,16,11,21,18,17,19,33,9,8,11,18,29,14,25,28,9,20,28,29,13,10,20,43,23,32,16,7,19,18,14,25,25,19,19,39,14,16,9,19,14,25]
completion_time_por_agente [10,31,10,168,22,8,49,24,39,24,8,34,41,8,25,8,47,16,21,17,32,22,20,18,19,43,9,10,12,18,56,15,85,28,9,61,28,29,13,10,87,0,45,81,0,7,74,18,14,41,51,19,20,39,14,18,9,19,16,26]
tiempo_ultimo_agente_goal 49
tiempo_en_acabar 1000
tiempo_promedio 29.083334
agentes_en_goal 44
bad_good_total_rate_pred [48253,89463,137716,0.6]
push_out_count 0
RUN 10
valores_ideales [10,31,10,31,22,8,39,24,26,23,8,31,37,8,22,8,38,16,19,16,11,19,18,17,17,23,9,8,9,18,53,14,24,28,9,36,28,29,11,10,29,34,39,40,17,7,32,18,12,33,31,19,19,39,14,16,9,19,14,23]
costo_por_agente [10,31,12,29,22,8,43,24,16,23,8,20,35,8,22,8,25,16,19,16,11,19,18,17,17,25,9,8,11,18,23,14,20,28,9,22,28,29,11,10,19,23,26,39,13,7,19,20,16,31,14,19,19,21,14,18,9,19,16,25]
completion_time_por_agente [10,31,13,168,22,8,114,32,39,23,8,34,41,8,22,8,47,16,20,17,11,24,18,17,19,25,9,8,11,18,56,15,85,28,9,61,28,29,11,10,87,0,45,81,0,7,74,21,16,41,51,19,19,39,14,18,9,19,19,25]
tiempo_ultimo_agente_goal 114
tiempo_en_acabar 1000
tiempo_promedio 29.616667
agentes_en_goal 43
bad_good_total_rate_pred [23634,121162,144796,0.8]
push_out_count 0
RUN 11
valores_ideales [10,31,10,31,22,8,39,24,26,23,8,31,37,8,22,8,38,16,19,16,11,19,18,17,17,23,9,8,9,18,53,14,24,28,9,36,28,29,11,10,29,34,39,40,17,7,32,18,12,33,31,19,19,39,14,16,9,19,14,23]
costo_por_agente [10,31,12,30,22,7,18,23,18,23,8,14,12,6,22,8,23,16,19,16,13,23,18,17,17,35,9,10,9,18,23,14,18,28,9,23,28,29,11,10,18,17,24,27,12,7,21,15,14,22,41,19,19,13,14,16,9,19,14,25]
completion_time_por_agente [10,31,13,168,22,8,114,32,39,23,8,34,41,8,22,9,47,16,20,17,13,24,19,17,20,50,19,11,9,18,56,15,85,29,9,61,28,29,12,10,87,0,45,81,0,7,74,21,18,41,63,19,19,39,14,23,9,19,16,26]
tiempo_ultimo_agente_goal 63
tiempo_en_acabar 1000
tiempo_promedio 30.616667
agentes_en_goal 39
bad_good_total_rate_pred [25704,112750,138454,0.8]
push_out_count 0
RUN 12
valores_ideales [10,31,10,31,22,8,39,24,26,23,8,31,37,8,22,8,38,16,19,16,11,19,18,17,17,23,9,8,9,18,53,14,24,28,9,36,28,29,11,10,29,34,39,40,17,7,32,18,12,33,31,19,19,39,14,16,9,19,14,23]
costo_por_agente [10,33,14,20,22,8,17,23,18,23,8,21,37,8,22,8,24,16,19,16,15,19,18,19,17,25,9,8,11,18,53,14,17,28,9,62,28,29,11,10,18,16,24,24,17,7,26,18,14,27,14,19,19,41,14,16,9,19,16,23]
completion_time_por_agente [10,33,14,168,22,8,114,32,39,24,8,34,40,8,22,8,47,16,20,17,16,24,19,19,20,25,9,8,11,18,59,16,85,28,9,61,28,29,11,10,87,0,45,81,0,7,74,18,14,41,63,19,19,49,14,16,9,19,16,23]
tiempo_ultimo_agente_goal 59
tiempo_en_acabar 1000
tiempo_promedio 30.049999
agentes_en_goal 44
bad_good_total_rate_pred [33112,105592,138704,0.8]
push_out_count 0
RUN 13
valores_ideales [10,31,10,31,22,8,39,24,26,23,8,31,37,8,22,8,38,16,19,16,11,19,18,17,17,23,9,8,9,18,53,14,24,28,9,36,28,29,11,10,29,34,39,40,17,7,32,18,12,33,31,19,19,39,14,16,9,19,14,23]
costo_por_agente [10,31,10,43,22,8,43,23,24,23,8,16,37,8,22,8,38,16,19,16,11,19,20,17,19,27,9,10,9,18,53,14,17,28,9,25,28,29,11,10,27,36,22,25,21,7,24,20,14,20,18,19,19,39,14,16,9,19,14,23]
completion_time_por_agente [10,31,10,44,22,9,44,32,39,23,8,34,40,9,23,9,42,16,20,17,11,19,20,18,30,27,9,11,9,18,56,17,85,28,9,61,28,29,11,10,87,41,45,81,0,7,74,21,14,41,63,19,19,39,15,16,9,19,14,23]
tiempo_ultimo_agente_goal 56
tiempo_en_acabar 1000
tiempo_promedio 27.250000
agentes_en_goal 48
bad_good_total_rate_pred [15688,58980,74668,0.8]
push_out_count 0
RUN 14
valores_ideales [10,31,10,31,22,8,39,24,26,23,8,31,37,8,22,8,38,16,19,16,11,19,18,17,17,23,9,8,9,18,53,14,24,28,9,36,28,29,11,10,29,34,39,40,17,7,32,18,12,33,31,19,19,39,14,16,9,19,14,23]
costo_por_agente [10,33,12,29,22,8,47,24,24,23,8,35,39,8,22,8,40,16,21,16,11,19,18,17,17,25,9,8,9,18,53,14,23,28,9,38,28,29,15,10,27,22,25,28,19,7,24,18,14,21,24,19,19,39,14,16,9,19,14,23]
completion_time_por_agente [10,33,13,44,22,9,51,25,39,23,8,35,39,8,22,9,44,16,21,17,12,19,21,17,20,25,9,8,9,18,53,15,85,28,9,40,28,29,17,10,87,41,45,81,0,7,74,18,19,41,63,21,19,39,14,18,9,19,14,23]
tiempo_ultimo_agente_goal 53
tiempo_en_acabar 1000
tiempo_promedio 26.866667
agentes_en_goal 49
bad_good_total_rate_pred [19336,59880,79216,0.8]
push_out_count 0
RUN 15
valores_ideales [10,31,10,31,22,8,39,24,26,23,8,31,37,8,22,8,38,16,19,16,11,19,18,17,17,23,9,8,9,18,53,14,24,28,9,36,28,29,11,10,29,34,39,40,17,7,32,18,12,33,31,19,19,39,14,16,9,19,14,23]
costo_por_agente [10,31,12,21,22,8,57,24,36,23,8,26,41,10,22,8,28,16,19,16,11,21,18,17,19,25,9,8,9,18,53,14,25,28,9,21,28,29,13,10,17,22,43,25,17,7,48,22,16,21,20,19,19,39,14,16,9,19,14,25]
completion_time_por_agente [10,31,13,44,22,13,162,24,216,23,8,35,43,12,22,8,44,16,19,17,12,22,21,19,19,25,9,9,9,18,229,15,85,28,9,40,28,29,13,10,87,41,214,81,0,8,74,23,18,41,63,19,19,39,14,18,9,19,14,26]
tiempo_ultimo_agente_goal 229
tiempo_en_acabar 1000
tiempo_promedio 37.633335
agentes_en_goal 48
bad_good_total_rate_pred [31468,75527,106995,0.7]
push_out_count 0
RUN 16
valores_ideales [10,31,10,31,22,8,39,24,26,23,8,31,37,8,22,8,38,16,19,16,11,19,18,17,17,23,9,8,9,18,53,14,24,28,9,36,28,29,11,10,29,34,39,40,17,7,32,18,12,33,31,19,19,39,14,16,9,19,14,23]
costo_por_agente [10,31,12,23,22,12,41,30,16,23,8,49,37,8,22,8,44,16,19,16,13,19,18,17,17,25,9,8,11,18,53,14,964,28,9,19,28,29,11,10,25,19,24,24,21,7,19,18,14,23,24,19,19,39,14,16,9,19,14,23]
completion_time_por_agente [10,31,13,44,22,12,43,48,216,25,8,35,37,9,22,8,47,16,20,17,13,19,21,19,20,25,9,10,11,18,55,16,85,29,9,40,28,29,11,10,87,41,214,81,0,7,74,21,14,41,63,20,19,44,14,16,9,19,14,23]
tiempo_ultimo_agente_goal 55
tiempo_en_acabar 1000
tiempo_promedio 33.016666
agentes_en_goal 47
bad_good_total_rate_pred [13982,84570,98552,0.9]
push_out_count 0
RUN 17
valores_ideales [10,31,10,31,22,8,39,24,26,23,8,31,37,8,22,8,38,16,19,16,11,19,18,17,17,23,9,8,9,18,53,14,24,28,9,36,28,29,11,10,29,34,39,40,17,7,32,18,12,33,31,19,19,39,14,16,9,19,14,23]
costo_por_agente [10,31,12,23,22,7,18,24,28,23,8,37,39,6,22,8,26,16,19,16,11,19,18,17,19,25,9,10,11,18,53,16,27,28,9,38,28,29,11,10,36,40,24,25,21,7,50,18,14,37,35,25,19,14,14,16,9,19,14,23]
completion_time_por_agente [10,31,12,44,22,12,43,25,28,23,8,64,39,9,22,8,47,16,19,17,11,19,19,19,20,25,9,10,11,18,71,18,85,28,9,47,28,29,11,10,87,74,214,81,0,7,70,18,15,64,40,42,19,44,14,20,9,19,16,23]
tiempo_ultimo_agente_goal 74
tiempo_en_acabar 1000
tiempo_promedio 31.200001
agentes_en_goal 49
bad_good_total_rate_pred [9123,53243,62366,0.9]
push_out_count 0
RUN 18
valores_ideales [10,31,10,31,22,8,39,24,26,23,8,31,37,8,22,8,38,16,19,16,11,19,18,17,17,23,9,8,9,18,53,14,24,28,9,36,28,29,11,10,29,34,39,40,17,7,32,18,12,33,31,19,19,39,14,16,9,19,14,23]
costo_por_agente [10,31,12,23,22,8,39,27,28,25,8,35,12,8,22,8,17,16,21,16,11,19,18,17,17,25,9,8,11,18,24,16,23,28,9,19,28,29,13,10,22,20,21,32,11,7,17,16,14,35,19,19,19,13,14,16,9,19,14,23]
completion_time_por_agente [10,31,12,44,22,8,39,25,28,26,8,41,39,8,22,10,47,16,22,17,12,24,18,17,19,25,9,8,11,18,71,16,85,28,9,47,28,29,14,10,87,74,214,81,0,7,70,18,14,48,40,19,19,44,14,16,9,19,14,23]
tiempo_ultimo_agente_goal 48
tiempo_en_acabar 1000
tiempo_promedio 30.049999
agentes_en_goal 44
bad_good_total_rate_pred [55912,57862,113774,0.5]
push_out_count 0
RUN 19
valores_ideales [10,31,10,31,22,8,39,24,26,23,8,31,37,8,22,8,38,16,19,16,11,19,18,17,17,23,9,8,9,18,53,14,24,28,9,36,28,29,11,10,29,34,39,40,17,7,32,18,12,33,31,19,19,39,14,16,9,19,14,23]
costo_por_agente [10,31,12,24,22,12,39,24,31,23,8,33,37,8,22,8,19,16,23,16,13,19,24,17,17,25,9,8,9,18,53,16,33,28,9,40,28,31,11,10,21,40,23,25,867,7,24,22,14,23,11,19,19,15,14,16,9,19,16,23]
completion_time_por_agente [10,31,13,44,22,12,39,25,28,23,8,47,41,9,22,9,47,16,24,17,13,19,30,33,20,25,9,9,9,18,54,19,85,28,9,79,28,31,11,10,87,74,214,81,0,7,70,28,14,48,40,19,19,44,14,30,9,19,22,23]
tiempo_ultimo_agente_goal 79
tiempo_en_acabar 1000
tiempo_promedio 31.466667
agentes_en_goal 47
bad_good_total_rate_pred [16248,87484,103732,0.8]
push_out_count 0
RUN 20
valores_ideales [10,31,10,31,22,8,39,24,26,23,8,31,37,8,22,8,38,16,19,16,11,19,18,17,17,23,9,8,9,18,53,14,24,28,9,36,28,29,11,10,29,34,39,40,17,7,32,18,12,33,31,19,19,39,14,16,9,19,14,23]
costo_por_agente [10,31,10,18,22,8,39,23,19,23,8,297,39,10,22,8,24,16,19,16,11,19,18,17,17,25,9,8,9,18,30,16,28,28,9,40,28,29,11,10,18,34,27,22,57,7,73,16,16,20,37,19,19,19,14,18,9,19,14,23]
completion_time_por_agente [10,31,10,44,22,8,43,25,28,23,8,47,41,10,22,9,47,16,19,17,12,19,19,17,20,26,9,8,9,18,54,17,85,28,9,43,28,29,14,10,87,74,214,81,0,9,70,28,16,48,47,23,19,44,14,20,9,19,14,23]
tiempo_ultimo_agente_goal 47
tiempo_en_acabar 1000
tiempo_promedio 30.216667
agentes_en_goal 44
bad_good_total_rate_pred [50569,88091,138660,0.6]
push_out_count 0
RUN 21
valores_ideales [10,31,10,31,22,8,39,24,26,23,8,31,37,8,22,8,38,16,19,16,11,19,18,17,17,23,9,8,9,18,53,14,24,28,9,36,28,29,11,10,29,34,39,40,17,7,32,18,12,33,31,19,19,39,14,16,9,19,14,23]
costo_por_agente [10,22,12,22,22,8,20,25,20,23,8,16,37,8,24,8,42,16,21,16,13,21,18,17,17,37,9,10,9,18,53,16,38,28,9,36,28,29,11,10,22,22,24,28,14,7,36,18,14,33,35,23,19,39,14,16,9,19,14,23]
completion_time_por_agente [12,31,13,44,22,8,43,25,28,23,9,47,39,9,25,8,59,16,22,17,16,21,21,19,20,58,9,11,9,18,53,17,71,28,9,36,28,29,11,10,87,74,214,81,0,8,60,20,18,35,37,28,20,40,14,18,9,19,16,23]
tiempo_ultimo_agente_goal 71
tiempo_en_acabar 1000
tiempo_promedio 30.250000
agentes_en_goal 49
bad_good_total_rate_pred [5162,58882,64044,0.9]
push_out_count 0
RUN 22
valores_ideales [10,31,10,31,22,8,39,24,26,23,8,31,37,8,22,8,38,16,19,16,11,19,18,17,17,23,9,8,9,18,53,14,24,28,9,36,28,29,11,10,29,34,39,40,17,7,32,18,12,33,31,19,19,39,14,16,9,19,14,23]
costo_por_agente [10,31,12,23,22,8,39,25,27,23,8,21,39,10,22,12,18,16,19,16,11,19,18,17,17,29,9,10,11,18,53,16,23,28,9,36,28,29,11,10,19,16,28,23,28,7,22,14,16,20,14,19,19,17,14,16,9,19,16,23]
completion_time_por_agente [10,31,12,44,22,8,41,25,28,23,8,47,40,10,23,44,59,16,19,17,11,19,18,17,17,31,9,10,11,18,55,17,71,28,9,41,29,29,13,10,87,74,214,81,0,7,60,20,18,35,37,42,19,40,14,16,9,19,19,23]
tiempo_ultimo_agente_goal 55
tiempo_en_acabar 1000
tiempo_promedio 30.400000
agentes_en_goal 44
bad_good_total_rate_pred [35288,99025,134313,0.7]
push_out_count 0
RUN 23
valores_ideales [10,31,10,31,22,8,39,24,26,23,8,31,37,8,22,8,38,16,19,16,11,19,18,17,17,23,9,8,9,18,53,14,24,28,9,36,28,29,11,10,29,34,39,40,17,7,32,18,12,33,31,19,19,39,14,16,9,19,14,23]
costo_por_agente [10,31,12,22,22,10,17,24,21,25,8,33,39,8,22,8,21,16,19,16,11,19,18,19,19,33,9,8,11,18,29,14,18,28,9,38,28,29,11,10,23,19,26,23,11,7,18,18,14,20,16,19,19,17,14,16,11,19,14,23]
completion_time_por_agente [10,31,13,44,22,11,41,25,28,23,8,37,41,8,22,8,59,16,22,17,11,20,19,19,19,36,9,9,11,18,55,18,71,28,9,42,28,29,11,10,87,74,214,81,0,7,60,20,16,35,37,19,19,40,14,16,11,19,16,23]
tiempo_ultimo_agente_goal 42
tiempo_en_acabar 1000
tiempo_promedio 29.433332
agentes_en_goal 44
bad_good_total_rate_pred [37523,118047,155570,0.8]
push_out_count 0
RUN 24
valores_ideales [10,31,10,31,22,8,39,24,26,23,8,31,37,8,22,8,38,16,19,16,11,19,18,17,17,23,9,8,9,18,53,14,24,28,9,36,28,29,11,10,29,34,39,40,17,7,32,18,12,33,31,19,19,39,14,16,9,19,14,23]
costo_por_agente [10,31,12,19,22,10,41,24,12,23,8,24,12,8,24,8,27,16,19,16,11,19,18,17,17,37,9,8,11,18,53,14,20,28,9,25,28,29,11,10,21,20,31,23,493,7,495,18,14,20,35,19,19,18,14,16,9,21,14,23]
completion_time_por_agente [10,31,12,44,22,12,52,31,28,23,8,37,41,9,25,8,59,16,20,17,13,19,19,17,20,38,9,8,11,18,60,16,71,28,9,42,28,29,11,10,87,74,214,81,0,9,60,30,14,35,59,19,20,40,14,16,9,22,16,23]
tiempo_ultimo_agente_goal 60
tiempo_en_acabar 1000
tiempo_promedio 30.383333
agentes_en_goal 45
bad_good_total_rate_pred [44888,75803,120691,0.6]
push_out_count 0
RUN 25
valores_ideales [10,31,10,31,22,8,39,24,26,23,8,31,37,8,22,8,38,16,19,16,11,19,18,17,17,23,9,8,9,18,53,14,24,28,9,36,28,29,11,10,29,34,39,40,17,7,32,18,12,33,31,19,19,39,14,16,9,19,14,23]
costo_por_agente [10,31,12,27,22,10,41,24,41,23,8,21,39,10,24,8,19,16,19,16,15,19,18,17,17,25,9,10,9,18,53,14,32,28,9,40,28,29,11,10,30,48,20,24,8,7,36,18,14,22,12,19,19,17,14,18,9,19,16,23]
completion_time_por_agente [10,31,12,44,22,11,47,25,28,23,8,37,41,10,25,9,59,16,19,17,16,19,19,18,18,25,9,10,10,18,55,15,71,28,9,40,28,29,11,10,87,95,214,81,0,7,72,18,16,35,59,19,20,40,14,20,9,19,17,23]
tiempo_ultimo_agente_goal 95
tiempo_en_acabar 1000
tiempo_promedio 30.283333
agentes_en_goal 48
bad_good_total_rate_pred [15197,67244,82441,0.8]
push_out_count 0
RUN 26
valores_ideales [10,31,10,31,22,8,39,24,26,23,8,31,37,8,22,8,38,16,19,16,11,19,18,17,17,23,9,8,9,18,53,14,24,28,9,36,28,29,11,10,29,34,39,40,17,7,32,18,12,33,31,19,19,39,14,16,9,19,14,23]
costo_por_agente [10,33,10,21,22,8,41,24,18,23,8,22,39,8,22,8,25,16,19,16,11,17,18,17,17,18,9,8,9,18,29,10,20,28,9,36,28,31,13,10,19,17,25,25,20,7,21,18,14,26,13,19,19,17,14,18,9,19,14,14]
completion_time_por_agente [10,34,12,44,22,8,43,50,28,25,8,37,40,8,22,9,59,16,20,17,12,19,18,17,17,25,9,8,9,20,55,15,71,28,9,42,28,32,14,10,87,95,214,81,0,7,72,19,14,35,59,19,34,40,14,19,9,19,14,23]
tiempo_ultimo_agente_goal 50
tiempo_en_acabar 1000
tiempo_promedio 30.733334
agentes_en_goal 40
bad_good_total_rate_pred [48359,99600,147959,0.7]
push_out_count 0
RUN 27
valores_ideales [10,31,10,31,22,8,39,24,26,23,8,31,37,8,22,8,38,16,19,16,11,19,18,17,17,23,9,8,9,18,53,14,24,28,9,36,28,29,11,10,29,34,39,40,17,7,32,18,12,33,31,19,19,39,14,16,9,19,14,23]
costo_por_agente [10,31,10,24,22,8,41,24,32,23,8,34,39,8,22,8,42,16,19,16,13,19,18,17,17,25,9,8,11,18,53,14,36,28,9,56,28,29,11,10,21,18,25,31,18,7,31,20,14,31,33,19,19,39,14,16,9,19,14,23]
completion_time_por_agente [10,31,10,44,22,8,42,26,40,23,8,37,41,8,22,8,49,16,19,17,13,19,19,17,20,25,9,8,11,18,56,15,46,28,9,76,28,29,11,10,87,95,214,81,0,7,72,26,16,35,38,19,19,39,14,17,9,19,16,23]
tiempo_ultimo_agente_goal 76
tiempo_en_acabar 1000
tiempo_promedio 29.900000
agentes_en_goal 51
bad_good_total_rate_pred [6937,44939,51876,0.9]
push_out_count 0
RUN 28
valores_ideales [10,31,10,31,22,8,39,24,26,23,8,31,37,8,22,8,38,16,19,16,11,19,18,17,17,23,9,8,9,18,53,14,24,28,9,36,28,29,11,10,29,34,39,40,17,7,32,18,12,33,31,19,19,39,14,16,9,19,14,23]
costo_por_agente [10,31,10,91,22,8,41,30,29,23,8,51,39,8,22,8,38,16,19,16,11,19,18,17,17,41,9,8,11,18,53,16,21,28,9,38,28,29,11,10,27,19,41,42,41,7,20,18,14,29,37,20,19,45,14,16,9,19,14,23]
completion_time_por_agente [10,31,10,109,22,8,43,134,40,23,10,130,41,9,22,9,131,16,19,17,11,19,19,19,20,50,9,8,14,18,56,17,46,28,9,133,28,29,11,10,87,95,111,134,133,7,72,122,14,35,74,19,19,86,14,19,9,19,15,23]
tiempo_ultimo_agente_goal 134
tiempo_en_acabar 1000
tiempo_promedio 41.583332
agentes_en_goal 53
bad_good_total_rate_pred [5404,39939,45343,0.9]
push_out_count 0
RUN 29
valores_ideales [10,31,10,31,22,8,39,24,26,23,8,31,37,8,22,8,38,16,19,16,11,19,18,17,17,23,9,8,9,18,53,14,24,28,9,36,28,29,11,10,29,34,39,40,17,7,32,18,12,33,31,19,19,39,14,16,9,19,14,23]
costo_por_agente [10,31,12,29,22,10,41,25,27,25,8,43,39,8,22,8,42,16,19,16,11,19,20,17,17,29,9,8,11,18,53,14,37,28,9,46,28,29,11,10,24,21,31,24,40,7,37,14,14,37,61,19,19,39,14,16,9,19,14,23]
completion_time_por_agente [10,31,12,109,22,11,43,134,40,26,8,102,40,8,22,8,66,16,20,17,11,22,20,17,20,29,9,8,11,18,55,16,46,28,9,68,28,29,12,10,87,95,111,134,133,7,72,122,14,50,126,19,19,39,14,16,9,19,16,23]
tiempo_ultimo_agente_goal 126
tiempo_en_acabar 1000
tiempo_promedio 38.933334
agentes_en_goal 49
bad_good_total_rate_pred [14637,53537,68174,0.8]
push_out_count 0
RUN 30
valores_ideales [10,31,10,31,22,8,39,24,26,23,8,31,37,8,22,8,38,16,19,16,11,19,18,17,17,23,9,8,9,18,53,14,24,28,9,36,28,29,11,10,29,34,39,40,17,7,32,18,12,33,31,19,19,39,14,16,9,19,14,23]
costo_por_agente [10,31,10,322,22,6,39,24,17,23,8,17,15,7,22,8,25,16,21,16,11,19,18,17,17,35,9,8,9,18,24,18,34,28,9,21,28,29,11,10,30,29,35,25,16,7,19,18,14,19,13,19,19,14,14,16,9,19,14,23]
completion_time_por_agente [10,32,10,109,22,11,45,24,40,23,10,102,40,8,22,9,66,16,21,17,12,19,19,17,20,41,9,10,9,18,55,22,41,28,9,68,28,29,11,10,87,95,111,134,133,7,72,18,15,50,126,19,19,39,14,16,9,19,16,23]
tiempo_ultimo_agente_goal 45
tiempo_en_acabar 1000
tiempo_promedio 35.566666
agentes_en_goal 42
bad_good_total_rate_pred [48049,84665,132714,0.6]
push_out_count 0
RUN 31
valores_ideales [10,31,10,31,22,8,39,24,26,23,8,31,37,8,22,8,38,16,19,16,11,19,18,17,17,23,9,8,9,18,53,14,24,28,9,36,28,29,11,10,29,34,39,40,17,7,32,18,12,33,31,19,19,39,14,16,9,19,14,23]
costo_por_agente [10,31,12,21,22,8,17,24,22,23,8,22,39,8,22,8,40,16,19,16,11,19,18,17,17,22,9,8,9,18,53,14,21,28,9,18,28,29,13,10,20,17,23,24,21,7,26,20,14,23,20,19,19,39,14,16,11,19,14,23]
completion_time_por_agente [10,31,12,109,22,8,45,33,40,23,8,102,41,8,22,9,48,16,21,17,11,19,18,17,20,41,9,8,9,18,53,17,41,28,9,68,28,29,14,10,87,95,111,134,133,7,72,27,14,50,126,19,19,40,14,24,11,19,14,23]
tiempo_ultimo_agente_goal 53
tiempo_en_acabar 1000
tiempo_promedio 35.516666
agentes_en_goal 45
bad_good_total_rate_pred [22017,110640,132657,0.8]
push_out_count 0
RUN 32
valores_ideales [10,31,10,31,22,8,39,24,26,23,8,31,37,8,22,8,38,16,19,16,11,19,18,17,17,23,9,8,9,18,53,14,24,28,9,36,28,29,11,10,29,34,39,40,17,7,32,18,12,33,31,19,19,39,14,16,9,19,14,23]
costo_por_agente [10,31,10,21,22,8,39,24,17,23,8,33,37,8,22,8,23,16,21,16,11,19,18,17,19,31,9,8,9,20,53,14,23,28,9,16,28,29,13,10,24,23,27,39,25,7,26,18,16,34,17,15,19,39,14,18,9,19,14,23]
completion_time_por_agente [10,31,13,109,22,8,41,24,40,23,9,52,41,8,22,9,48,16,21,17,11,22,19,17,19,47,9,8,9,21,54,15,41,28,9,68,28,29,15,10,87,95,111,134,133,8,72,18,16,50,126,19,19,39,14,18,9,19,17,23]
tiempo_ultimo_agente_goal 54
tiempo_en_acabar 1000
tiempo_promedio 34.500000
agentes_en_goal 46
bad_good_total_rate_pred [28350,79909,108259,0.7]
push_out_count 0
RUN 33
valores_ideales [10,31,10,31,22,8,39,24,26,23,8,31,37,8,22,8,38,16,19,16,11,19,18,17,17,23,9,8,9,18,53,14,24,28,9,36,28,29,11,10,29,34,39,40,17,7,32,18,12,33,31,19,19,39,14,16,9,19,14,23]
costo_por_agente [10,31,12,20,22,8,19,25,20,23,8,20,37,8,22,8,24,16,21,16,11,21,18,17,17,29,9,10,9,18,30,14,74,28,9,36,28,29,11,10,17,20,23,24,23,7,26,22,14,21,16,19,19,17,14,16,9,19,14,23]
completion_time_por_agente [10,31,13,109,22,8,41,24,40,23,8,52,40,8,22,8,48,16,22,17,13,22,18,17,19,31,9,11,9,18,54,14,41,28,9,47,28,29,11,10,87,95,111,134,133,7,72,29,15,50,126,22,19,39,14,24,9,21,16,25]
tiempo_ultimo_agente_goal 47
tiempo_en_acabar 1000
tiempo_promedio 34.133335
agentes_en_goal 43
bad_good_total_rate_pred [52726,99992,152718,0.7]
push_out_count 0
RUN 34
valores_ideales [10,31,10,31,22,8,39,24,26,23,8,31,37,8,22,8,38,16,19,16,11,19,18,17,17,23,9,8,9,18,53,14,24,28,9,36,28,29,11,10,29,34,39,40,17,7,32,18,12,33,31,19,19,39,14,16,9,19,14,23]
costo_por_agente [10,31,10,16,22,8,43,24,21,23,10,35,39,8,22,8,26,16,25,16,11,19,18,17,19,29,9,8,9,18,29,18,208,28,9,24,28,29,11,10,210,18,27,25,14,7,19,20,14,21,22,15,19,39,14,16,9,19,14,23]
completion_time_por_agente [10,31,10,109,22,8,50,28,40,23,10,42,41,9,22,8,48,16,26,17,12,19,19,17,19,29,9,9,9,18,54,22,41,28,9,47,28,31,13,10,87,95,111,134,133,7,72,47,14,50,126,22,19,39,14,16,9,19,16,23]
tiempo_ultimo_agente_goal 50
tiempo_en_acabar 1000
tiempo_promedio 34.433334
agentes_en_goal 45
bad_good_total_rate_pred [38234,81860,120094,0.7]
push_out_count 0
RUN 35
valores_ideales [10,31,10,31,22,8,39,24,26,23,8,31,37,8,22,8,38,16,19,16,11,19,18,17,17,23,9,8,9,18,53,14,24,28,9,36,28,29,11,10,29,34,39,40,17,7,32,18,12,33,31,19,19,39,14,16,9,19,14,23]
costo_por_agente [10,31,12,29,22,10,19,24,19,23,8,39,37,8,22,8,17,16,19,16,11,19,18,17,17,25,9,8,9,18,28,14,48,28,9,38,28,29,11,10,30,35,26,26,21,7,31,20,14,25,16,19,19,39,14,18,9,19,14,23]
completion_time_por_agente [10,31,12,109,23,12,50,25,40,23,8,74,40,18,22,9,48,16,19,17,11,19,20,18,21,25,9,8,9,18,54,15,41,28,9,42,28,29,12,10,87,95,111,134,133,7,72,27,18,50,126,19,19,39,14,18,9,19,15,23]
tiempo_ultimo_agente_goal 74
tiempo_en_acabar 1000
tiempo_promedio 34.450001
agentes_en_goal 46
bad_good_total_rate_pred [4054,116056,120110,1.0]
push_out_count 0
RUN 36
valores_ideales [10,31,10,31,22,8,39,24,26,23,8,31,37,8,22,8,38,16,19,16,11,19,18,17,17,23,9,8,9,18,53,14,24,28,9,36,28,29,11,10,29,34,39,40,17,7,32,18,12,33,31,19,19,39,14,16,9,19,14,23]
costo_por_agente [10,31,12,38,22,8,39,24,34,23,8,47,37,8,22,8,38,16,19,16,11,19,18,17,21,33,9,8,9,18,53,14,27,28,9,40,28,29,11,10,39,36,29,28,25,7,40,18,14,23,43,19,19,39,14,16,9,19,16,23]
completion_time_por_agente [10,31,12,109,22,8,42,24,61,23,8,69,38,9,23,9,46,16,19,17,12,19,19,19,22,25,9,8,9,19,55,15,41,28,9,47,28,30,12,10,56,37,111,134,133,7,58,18,15,50,71,20,19,40,14,20,9,19,18,23]
tiempo_ultimo_agente_goal 71
tiempo_en_acabar 1000
tiempo_promedio 31.733334
agentes_en_goal 53
bad_good_total_rate_pred [16100,17263,33363,0.5]
push_out_count 0
RUN 37
valores_ideales [10,31,10,31,22,8,39,24,26,23,8,31,37,8,22,8,38,16,19,16,11,19,18,17,17,23,9,8,9,18,53,14,24,28,9,36,28,29,11,10,29,34,39,40,17,7,32,18,12,33,31,19,19,39,14,16,9,19,14,23]
costo_por_agente [10,19,12,23,22,6,17,24,21,23,8,19,39,7,22,8,21,16,21,16,13,19,18,17,17,20,9,10,9,20,27,14,22,28,9,19,28,29,11,10,17,17,23,24,17,7,19,18,14,21,33,19,19,17,14,16,9,19,14,23]
completion_time_por_agente [10,31,13,109,22,8,42,26,61,23,8,69,40,9,22,8,46,16,21,17,13,19,19,17,20,25,9,10,10,20,55,15,41,28,9,47,28,29,11,10,56,37,111,134,133,7,58,18,15,50,37,19,19,40,14,18,9,19,16,23]
tiempo_ultimo_agente_goal 40
tiempo_en_acabar 1000
tiempo_promedio 31.150000
agentes_en_goal 40
bad_good_total_rate_pred [78720,103899,182619,0.6]
push_out_count 0
RUN 38
valores_ideales [10,31,10,31,22,8,39,24,26,23,8,31,37,8,22,8,38,16,19,16,11,19,18,17,17,23,9,8,9,18,53,14,24,28,9,36,28,29,11,10,29,34,39,40,17,7,32,18,12,33,31,19,19,39,14,16,9,19,14,23]
costo_por_agente [10,31,10,37,22,8,41,26,21,23,10,33,45,8,22,8,24,16,19,16,11,19,18,17,17,25,9,8,9,18,53,16,34,28,9,40,28,29,11,10,39,36,25,23,26,7,36,18,16,23,13,21,19,39,14,16,9,19,16,23]
completion_time_por_agente [10,31,10,64,22,8,41,27,61,23,10,33,56,8,22,8,46,16,19,17,12,19,19,17,20,29,9,8,9,33,54,17,36,29,9,42,28,29,11,10,46,59,111,134,133,7,48,18,18,50,37,44,19,40,14,16,9,19,19,23]
tiempo_ultimo_agente_goal 64
tiempo_en_acabar 1000
tiempo_promedio 30.600000
agentes_en_goal 53
bad_good_total_rate_pred [5960,23839,29799,0.8]
push_out_count 0
RUN 39
valores_ideales [10,31,10,31,22,8,39,24,26,23,8,31,37,8,22,8,38,16,19,16,11,19,18,17,17,23,9,8,9,18,53,14,24,28,9,36,28,29,11,10,29,34,39,40,17,7,32,18,12,33,31,19,19,39,14,16,9,19,14,23]
costo_por_agente [10,31,12,25,22,10,39,23,21,23,8,18,37,8,22,8,24,16,19,16,13,19,18,17,17,25,9,10,11,18,30,14,20,28,9,18,28,29,11,10,23,15,24,29,23,7,23,14,14,21,11,19,19,39,14,16,9,19,16,23]
completion_time_por_agente [10,34,13,64,22,26,39,27,61,23,8,33,38,25,22,8,46,16,20,17,13,22,18,17,19,26,9,10,11,19,54,15,36,28,9,42,28,29,12,10,46,59,111,134,133,7,48,18,16,50,37,20,19,39,14,16,9,21,19,23]
tiempo_ultimo_agente_goal 39
tiempo_en_acabar 1000
tiempo_promedio 30.299999
agentes_en_goal 43
bad_good_total_rate_pred [65876,96114,161990,0.6]
push_out_count 0
