RUN 0
valores_ideales [24,19,7,11,15,10,2,38,16,22,12,27,13,26,17,29,19,24,12,19,8,13,15,18,5,18,11,28,5,9,31,40,23,24,25,21,29,37,36,16,13,14,16,23,18,23,14,28,30,22,34,11,7,37,35,15,28,36,5,13,14,25,14,11,20,12,54,22,14,27,48,13,27,35,12,31,20,6,27,22,33,17,21,37,2,34,9,33,15,6,30,15,23,13,32,27,9,31,37,40,27,35,38,15,14,6,25,10,34,2,3,9,29,47,26,16,8,31,23,19,12,18,13,17,27,23,14,47,23,32,7,30,33,27,14,22,29,15,29,11,26,12,22,30,38,27,26,7,12,27,21,4,31,25,19,14,20,41,14,26,11,29,18,26,33,20,14,19,34,15,9,12,6,12,32,18,21,21,28,18,15,31,45,36,7,5,44,39,21,33,16,28,21,39,15,24,30,11,36,18]
costo_por_agente [32,31,11,13,29,34,4,38,16,22,12,27,13,26,17,29,27,24,32,21,8,19,15,28,5,18,11,34,5,11,31,40,29,28,25,23,31,37,36,18,17,18,22,27,18,33,24,28,32,22,34,27,13,37,35,19,32,36,7,21,18,25,16,15,30,14,54,24,22,27,48,19,41,35,12,31,26,6,29,26,33,19,21,37,2,36,29,33,15,6,32,25,29,13,42,29,11,31,37,40,31,35,44,17,14,6,25,24,34,2,3,15,29,47,28,24,10,31,23,27,26,20,17,23,29,23,28,47,25,36,7,32,33,33,20,22,29,17,29,21,26,26,30,30,42,29,40,7,20,31,29,10,33,33,29,36,28,41,14,26,15,31,26,30,33,32,26,33,34,15,11,14,6,12,32,18,23,31,32,20,25,35,45,36,7,5,44,39,23,33,24,32,27,39,29,26,32,17,36,20]
completion_time_por_agente [33,33,12,14,36,46,4,38,17,23,12,27,13,31,17,30,31,28,44,24,9,24,18,33,7,20,11,43,7,12,32,41,36,30,25,30,33,39,37,20,21,21,29,35,18,40,33,31,38,22,36,38,18,38,38,22,33,36,10,33,23,25,16,20,42,16,54,27,26,29,51,21,53,35,12,32,29,6,30,34,37,27,27,39,5,40,40,34,17,7,36,28,38,14,49,31,15,32,38,40,32,35,54,20,14,6,25,27,36,5,7,15,29,49,29,31,12,35,23,33,36,24,18,30,39,23,44,47,33,48,7,35,34,42,25,26,29,17,31,25,29,34,37,32,45,33,51,7,25,34,34,11,33,44,43,49,33,41,15,26,15,35,36,34,36,47,32,39,34,16,12,21,8,14,36,21,27,41,38,23,35,38,45,39,8,5,44,44,29,33,33,36,36,50,33,27,34,19,40,23]
tiempo_ultimo_agente_goal 54
tiempo_en_acabar 54
tiempo_promedio 28.934999
agentes_en_goal 200
bad_good_total_rate_pred [21207,16390,37597,0.4]
push_out_count 70
RUN 1
valores_ideales [24,19,7,11,15,10,2,38,16,22,12,27,13,26,17,29,19,24,12,19,8,13,15,18,5,18,11,28,5,9,31,40,23,24,25,21,29,37,36,16,13,14,16,23,18,23,14,28,30,22,34,11,7,37,35,15,28,36,5,13,14,25,14,11,20,12,54,22,14,27,48,13,27,35,12,31,20,6,27,22,33,17,21,37,2,34,9,33,15,6,30,15,23,13,32,27,9,31,37,40,27,35,38,15,14,6,25,10,34,2,3,9,29,47,26,16,8,31,23,19,12,18,13,17,27,23,14,47,23,32,7,30,33,27,14,22,29,15,29,11,26,12,22,30,38,27,26,7,12,27,21,4,31,25,19,14,20,41,14,26,11,29,18,26,33,20,14,19,34,15,9,12,6,12,32,18,21,21,28,18,15,31,45,36,7,5,44,39,21,33,16,28,21,39,15,24,30,11,36,18]
costo_por_agente [26,27,17,13,29,32,2,38,16,22,12,27,13,28,17,31,25,28,22,31,8,21,21,28,33,20,11,32,5,9,31,40,35,26,25,25,35,37,36,18,13,22,22,23,18,33,34,28,34,22,34,11,15,39,37,17,36,36,7,13,18,25,16,11,24,16,54,24,24,29,48,15,27,37,12,31,22,8,27,26,35,23,23,37,2,38,23,33,17,6,36,23,23,15,42,29,11,33,37,40,27,35,40,21,14,6,25,36,36,4,3,9,29,47,30,18,22,37,23,31,16,18,13,21,27,23,30,47,23,34,9,30,35,29,18,22,29,15,29,21,36,26,28,34,38,31,32,7,12,27,25,4,31,29,45,20,30,41,16,26,17,31,30,36,37,26,20,27,36,15,9,14,8,16,34,32,27,31,28,20,15,37,45,38,11,5,44,39,29,33,20,34,23,43,17,24,32,25,40,18]
completion_time_por_agente [32,31,22,14,34,49,2,38,16,23,12,27,17,29,20,33,31,29,26,42,11,28,29,33,44,23,13,41,6,10,31,44,46,27,27,29,37,37,37,21,18,30,29,31,19,45,45,31,39,22,36,12,19,40,43,19,47,38,10,13,20,25,16,11,26,20,54,29,25,36,51,20,28,42,13,37,22,9,29,30,37,33,26,37,3,48,33,33,18,6,41,26,24,15,55,37,23,38,39,43,28,35,46,28,14,8,25,46,39,5,3,9,29,47,35,22,32,39,23,39,23,19,14,23,32,23,40,47,23,46,10,32,42,30,24,22,29,15,30,27,45,41,29,37,39,32,37,7,12,28,29,6,31,36,56,26,44,41,22,26,18,37,43,50,44,35,26,30,38,15,9,15,11,17,35,45,29,44,28,24,17,37,46,39,16,5,47,39,34,34,24,37,25,54,17,24,37,31,46,23]
tiempo_ultimo_agente_goal 56
tiempo_en_acabar 56
tiempo_promedio 28.985001
agentes_en_goal 200
bad_good_total_rate_pred [22997,16683,39680,0.4]
push_out_count 136
RUN 2
valores_ideales [24,19,7,11,15,10,2,38,16,22,12,27,13,26,17,29,19,24,12,19,8,13,15,18,5,18,11,28,5,9,31,40,23,24,25,21,29,37,36,16,13,14,16,23,18,23,14,28,30,22,34,11,7,37,35,15,28,36,5,13,14,25,14,11,20,12,54,22,14,27,48,13,27,35,12,31,20,6,27,22,33,17,21,37,2,34,9,33,15,6,30,15,23,13,32,27,9,31,37,40,27,35,38,15,14,6,25,10,34,2,3,9,29,47,26,16,8,31,23,19,12,18,13,17,27,23,14,47,23,32,7,30,33,27,14,22,29,15,29,11,26,12,22,30,38,27,26,7,12,27,21,4,31,25,19,14,20,41,14,26,11,29,18,26,33,20,14,19,34,15,9,12,6,12,32,18,21,21,28,18,15,31,45,36,7,5,44,39,21,33,16,28,21,39,15,24,30,11,36,18]
costo_por_agente [28,21,19,11,29,22,2,38,18,22,12,27,13,28,17,29,29,24,24,23,12,15,25,28,7,18,11,30,5,9,31,42,27,26,31,23,39,39,36,16,15,22,18,25,18,27,18,28,32,22,34,19,7,37,35,15,30,36,11,21,14,25,18,11,28,14,54,22,20,33,48,27,29,37,14,35,22,6,27,22,33,25,21,37,2,34,23,33,23,6,36,17,23,13,38,29,23,35,37,40,29,35,42,29,16,6,25,26,34,2,5,11,29,49,26,18,18,31,23,23,14,20,17,17,29,23,20,47,23,36,19,30,33,37,16,24,31,15,29,23,28,12,24,32,38,33,30,7,12,29,21,8,31,31,33,20,30,41,14,26,13,31,20,38,35,32,24,21,34,15,11,22,8,14,32,30,23,29,28,18,19,35,45,38,9,5,46,39,29,33,26,32,23,43,29,24,30,13,40,18]
completion_time_por_agente [36,33,26,12,38,32,5,40,19,23,12,27,13,30,17,30,31,24,28,31,19,16,27,35,8,20,12,35,6,9,31,46,32,31,34,35,46,45,38,16,16,29,18,25,18,29,23,28,40,23,38,21,7,38,35,16,41,37,12,30,17,25,19,12,34,16,54,24,26,40,52,32,30,40,15,38,23,6,28,26,37,26,27,40,3,38,31,34,32,6,41,18,25,13,48,30,35,40,39,41,35,35,48,37,25,6,25,36,36,3,5,11,29,50,30,18,23,36,23,29,17,20,18,19,35,23,27,47,23,39,19,35,34,45,24,26,33,16,30,26,31,14,25,37,41,40,33,7,14,33,22,19,31,38,45,27,41,41,15,26,14,39,21,44,43,51,30,30,34,16,12,34,10,15,37,36,24,37,31,18,24,39,45,39,10,5,48,39,33,34,34,36,26,48,40,24,48,15,42,19]
tiempo_ultimo_agente_goal 54
tiempo_en_acabar 54
tiempo_promedio 28.165001
agentes_en_goal 200
bad_good_total_rate_pred [20295,15631,35926,0.4]
push_out_count 186
RUN 3
valores_ideales [24,19,7,11,15,10,2,38,16,22,12,27,13,26,17,29,19,24,12,19,8,13,15,18,5,18,11,28,5,9,31,40,23,24,25,21,29,37,36,16,13,14,16,23,18,23,14,28,30,22,34,11,7,37,35,15,28,36,5,13,14,25,14,11,20,12,54,22,14,27,48,13,27,35,12,31,20,6,27,22,33,17,21,37,2,34,9,33,15,6,30,15,23,13,32,27,9,31,37,40,27,35,38,15,14,6,25,10,34,2,3,9,29,47,26,16,8,31,23,19,12,18,13,17,27,23,14,47,23,32,7,30,33,27,14,22,29,15,29,11,26,12,22,30,38,27,26,7,12,27,21,4,31,25,19,14,20,41,14,26,11,29,18,26,33,20,14,19,34,15,9,12,6,12,32,18,21,21,28,18,15,31,45,36,7,5,44,39,21,33,16,28,21,39,15,24,30,11,36,18]
costo_por_agente [24,27,19,13,21,16,2,38,16,22,14,27,15,28,19,31,25,28,28,41,8,23,21,22,9,18,17,30,5,9,31,42,33,26,25,27,41,39,36,16,13,20,16,35,20,29,28,32,34,22,34,15,13,37,47,15,36,36,7,17,16,25,16,15,32,14,54,22,22,27,48,27,27,35,12,31,22,6,27,34,35,29,21,37,2,34,17,33,15,6,30,19,23,13,36,29,13,31,37,40,35,37,42,19,14,10,25,18,34,8,7,11,33,47,26,26,16,31,23,21,18,18,13,17,27,23,16,47,23,44,7,34,33,29,26,28,29,15,29,25,30,12,28,32,38,33,32,7,18,29,27,4,31,33,37,18,36,41,14,26,11,33,24,30,33,26,14,21,36,15,11,12,6,14,34,26,25,25,30,20,15,35,45,36,27,9,44,39,23,33,24,34,23,39,25,24,36,13,36,20]
completion_time_por_agente [27,35,29,16,27,31,2,39,16,23,17,27,21,30,21,32,35,30,46,48,10,26,26,29,10,19,25,39,6,9,31,48,39,29,26,30,59,43,37,17,14,26,16,38,20,39,37,37,36,22,35,19,15,39,63,17,47,38,9,24,19,27,16,20,39,17,54,22,27,29,48,47,29,36,13,33,23,6,29,43,40,39,24,39,3,41,22,33,19,7,36,23,26,13,42,31,18,35,38,40,42,38,45,25,14,11,25,18,36,11,7,13,36,49,28,38,22,34,23,29,23,19,16,20,28,23,20,48,23,57,7,44,36,36,36,39,30,15,29,38,31,13,35,36,38,35,34,7,29,34,38,10,31,40,48,22,50,41,17,27,11,38,36,35,36,29,17,23,39,15,11,17,7,19,34,34,32,29,33,22,15,38,47,39,48,9,45,39,30,33,31,40,23,40,34,24,45,21,37,23]
tiempo_ultimo_agente_goal 63
tiempo_en_acabar 63
tiempo_promedio 28.860001
agentes_en_goal 200
bad_good_total_rate_pred [20139,16228,36367,0.4]
push_out_count 281
RUN 4
valores_ideales [24,19,7,11,15,10,2,38,16,22,12,27,13,26,17,29,19,24,12,19,8,13,15,18,5,18,11,28,5,9,31,40,23,24,25,21,29,37,36,16,13,14,16,23,18,23,14,28,30,22,34,11,7,37,35,15,28,36,5,13,14,25,14,11,20,12,54,22,14,27,48,13,27,35,12,31,20,6,27,22,33,17,21,37,2,34,9,33,15,6,30,15,23,13,32,27,9,31,37,40,27,35,38,15,14,6,25,10,34,2,3,9,29,47,26,16,8,31,23,19,12,18,13,17,27,23,14,47,23,32,7,30,33,27,14,22,29,15,29,11,26,12,22,30,38,27,26,7,12,27,21,4,31,25,19,14,20,41,14,26,11,29,18,26,33,20,14,19,34,15,9,12,6,12,32,18,21,21,28,18,15,31,45,36,7,5,44,39,21,33,16,28,21,39,15,24,30,11,36,18]
costo_por_agente [24,27,9,15,23,24,2,38,16,22,12,27,19,28,17,31,25,24,36,31,10,15,21,28,11,24,15,36,5,9,31,42,35,26,25,31,39,37,36,20,13,18,18,27,20,29,26,30,44,22,34,13,11,41,35,17,30,36,5,17,16,25,16,11,28,18,54,22,28,41,52,25,27,35,12,31,22,8,27,24,33,31,23,37,2,36,11,33,19,8,32,23,27,13,40,29,13,31,37,40,31,35,38,27,14,6,27,30,34,2,5,11,31,47,26,18,10,31,25,27,14,18,19,17,35,23,28,47,23,36,13,32,33,27,34,24,29,23,29,11,28,16,24,32,40,29,30,7,24,35,27,4,31,27,31,30,28,41,14,26,13,29,20,44,33,30,20,19,34,19,9,20,6,12,34,20,25,29,28,22,15,41,45,38,13,5,44,39,33,33,28,28,27,39,23,24,32,17,42,22]
completion_time_por_agente [27,39,9,16,42,33,2,38,16,22,12,27,22,30,17,33,32,24,47,40,12,15,29,33,15,28,20,37,6,10,31,44,42,33,27,48,43,41,37,27,13,24,20,31,22,29,47,37,62,22,40,20,17,43,37,19,37,36,8,22,17,25,16,13,35,23,55,24,40,57,55,31,28,37,12,31,23,8,30,28,37,47,26,39,3,38,14,35,23,8,36,28,30,14,42,30,18,35,38,42,36,35,40,41,15,6,34,41,34,5,5,13,33,51,26,26,17,37,30,31,17,18,21,17,45,23,37,47,23,39,14,36,33,32,40,26,31,27,30,12,31,19,27,34,48,38,36,7,36,43,33,9,31,28,42,41,33,41,15,26,18,34,22,52,39,40,25,20,34,23,9,32,6,12,35,22,27,39,31,27,16,49,45,41,16,5,45,39,46,33,38,37,31,40,25,24,34,19,44,30]
tiempo_ultimo_agente_goal 62
tiempo_en_acabar 62
tiempo_promedio 29.045000
agentes_en_goal 200
bad_good_total_rate_pred [21292,16468,37760,0.4]
push_out_count 360
RUN 5
valores_ideales [24,19,7,11,15,10,2,38,16,22,12,27,13,26,17,29,19,24,12,19,8,13,15,18,5,18,11,28,5,9,31,40,23,24,25,21,29,37,36,16,13,14,16,23,18,23,14,28,30,22,34,11,7,37,35,15,28,36,5,13,14,25,14,11,20,12,54,22,14,27,48,13,27,35,12,31,20,6,27,22,33,17,21,37,2,34,9,33,15,6,30,15,23,13,32,27,9,31,37,40,27,35,38,15,14,6,25,10,34,2,3,9,29,47,26,16,8,31,23,19,12,18,13,17,27,23,14,47,23,32,7,30,33,27,14,22,29,15,29,11,26,12,22,30,38,27,26,7,12,27,21,4,31,25,19,14,20,41,14,26,11,29,18,26,33,20,14,19,34,15,9,12,6,12,32,18,21,21,28,18,15,31,45,36,7,5,44,39,21,33,16,28,21,39,15,24,30,11,36,18]
costo_por_agente [28,21,21,11,29,30,2,38,16,22,12,27,21,30,17,29,33,24,20,31,10,25,23,24,5,20,11,30,5,9,31,40,23,24,25,27,33,37,36,16,19,14,16,23,18,33,28,30,34,22,38,15,13,37,35,15,34,36,9,15,14,25,16,13,32,12,54,26,34,27,48,25,27,37,12,31,22,6,27,30,35,21,21,37,2,36,15,33,23,6,42,21,27,13,34,31,17,35,37,40,29,35,42,25,14,8,25,24,34,4,5,9,29,47,26,26,20,35,23,25,24,18,15,17,33,23,24,47,25,38,9,30,33,37,28,24,29,17,31,17,30,12,26,32,38,27,30,7,16,31,23,8,31,33,31,20,26,41,14,26,13,29,28,34,37,28,24,25,34,17,11,20,8,12,34,28,23,31,28,24,25,33,45,38,11,5,44,39,31,33,20,34,21,39,25,24,30,31,36,18]
completion_time_por_agente [43,26,29,13,42,32,2,39,17,22,15,27,27,31,17,30,46,25,39,42,10,31,28,34,5,25,13,33,9,9,31,43,26,24,25,32,39,38,39,16,23,19,21,24,18,39,41,38,35,23,47,17,22,40,35,16,38,36,11,24,16,25,16,14,43,13,54,28,38,28,50,30,30,38,13,32,22,7,27,37,35,21,22,38,2,44,17,36,30,9,45,24,27,13,41,36,27,38,39,42,35,35,48,35,14,11,25,39,38,6,12,13,29,48,27,29,30,35,23,31,35,19,18,19,38,27,26,47,26,47,9,34,33,43,39,27,29,17,33,24,33,16,27,32,41,29,33,7,20,38,25,11,31,38,40,28,39,41,14,26,14,29,41,38,48,35,27,29,35,17,12,24,8,12,37,39,28,39,31,29,33,43,46,39,12,6,46,39,37,35,21,41,22,45,28,24,33,45,41,20]
tiempo_ultimo_agente_goal 54
tiempo_en_acabar 54
tiempo_promedio 28.690001
agentes_en_goal 200
bad_good_total_rate_pred [21570,16189,37759,0.4]
push_out_count 422
RUN 6
valores_ideales [24,19,7,11,15,10,2,38,16,22,12,27,13,26,17,29,19,24,12,19,8,13,15,18,5,18,11,28,5,9,31,40,23,24,25,21,29,37,36,16,13,14,16,23,18,23,14,28,30,22,34,11,7,37,35,15,28,36,5,13,14,25,14,11,20,12,54,22,14,27,48,13,27,35,12,31,20,6,27,22,33,17,21,37,2,34,9,33,15,6,30,15,23,13,32,27,9,31,37,40,27,35,38,15,14,6,25,10,34,2,3,9,29,47,26,16,8,31,23,19,12,18,13,17,27,23,14,47,23,32,7,30,33,27,14,22,29,15,29,11,26,12,22,30,38,27,26,7,12,27,21,4,31,25,19,14,20,41,14,26,11,29,18,26,33,20,14,19,34,15,9,12,6,12,32,18,21,21,28,18,15,31,45,36,7,5,44,39,21,33,16,28,21,39,15,24,30,11,36,18]
costo_por_agente [26,25,7,11,17,20,2,38,16,22,12,27,21,32,17,29,21,30,28,23,8,13,21,32,5,26,11,28,9,11,33,40,29,26,29,23,35,39,38,16,15,16,28,31,24,25,22,28,32,22,34,15,19,37,35,19,30,36,11,19,16,25,14,11,24,18,54,22,32,27,48,31,29,35,12,35,22,6,29,24,33,17,23,37,2,34,13,33,25,6,44,17,25,13,36,35,27,31,39,40,27,37,38,19,14,6,25,14,34,4,7,9,29,47,26,18,16,31,23,25,14,18,25,19,29,23,22,47,27,36,11,30,33,27,16,22,29,15,29,17,28,12,28,30,38,31,30,7,24,29,23,10,31,31,27,16,36,41,14,28,11,29,28,32,33,32,30,23,34,17,11,16,8,12,32,26,25,35,30,18,17,35,45,36,9,5,44,39,37,35,30,32,21,45,23,24,36,19,38,20]
completion_time_por_agente [31,36,7,12,24,28,2,40,17,22,12,27,26,34,17,31,34,30,45,26,8,14,30,43,7,30,11,29,9,12,37,43,43,27,30,26,38,43,38,17,15,19,39,34,29,27,34,31,33,22,34,20,25,37,37,19,34,39,17,23,20,25,15,13,30,25,54,22,37,28,48,44,30,36,12,36,22,6,31,32,36,21,27,39,2,37,14,34,34,6,54,18,29,13,39,45,46,35,40,42,30,38,44,22,14,6,25,19,36,7,12,13,29,50,27,23,27,33,23,28,23,19,26,19,34,23,32,47,29,41,11,32,36,29,20,25,30,15,29,24,33,21,30,32,42,33,37,7,30,32,27,19,31,34,33,17,48,41,14,28,12,36,39,40,40,34,35,24,34,18,12,19,8,12,36,35,33,42,36,23,17,41,45,37,12,5,46,39,46,36,47,41,22,51,35,27,46,25,44,21]
tiempo_ultimo_agente_goal 54
tiempo_en_acabar 54
tiempo_promedio 28.355000
agentes_en_goal 200
bad_good_total_rate_pred [21001,16054,37055,0.4]
push_out_count 487
RUN 7
valores_ideales [24,19,7,11,15,10,2,38,16,22,12,27,13,26,17,29,19,24,12,19,8,13,15,18,5,18,11,28,5,9,31,40,23,24,25,21,29,37,36,16,13,14,16,23,18,23,14,28,30,22,34,11,7,37,35,15,28,36,5,13,14,25,14,11,20,12,54,22,14,27,48,13,27,35,12,31,20,6,27,22,33,17,21,37,2,34,9,33,15,6,30,15,23,13,32,27,9,31,37,40,27,35,38,15,14,6,25,10,34,2,3,9,29,47,26,16,8,31,23,19,12,18,13,17,27,23,14,47,23,32,7,30,33,27,14,22,29,15,29,11,26,12,22,30,38,27,26,7,12,27,21,4,31,25,19,14,20,41,14,26,11,29,18,26,33,20,14,19,34,15,9,12,6,12,32,18,21,21,28,18,15,31,45,36,7,5,44,39,21,33,16,28,21,39,15,24,30,11,36,18]
costo_por_agente [36,39,7,15,21,28,2,38,16,22,12,27,19,36,17,29,23,24,26,31,18,13,17,28,17,20,11,30,5,9,33,40,29,32,25,29,33,37,36,20,15,16,26,25,20,33,18,30,40,24,40,13,17,37,37,15,34,36,7,19,16,25,14,11,30,12,54,22,30,27,48,23,29,35,12,31,30,6,29,32,41,27,23,37,4,38,15,33,17,8,38,15,23,13,36,31,17,31,45,40,29,35,40,27,14,22,25,26,34,2,5,9,29,47,26,18,8,31,23,21,14,18,15,19,37,23,18,47,23,34,11,30,33,27,14,30,29,15,29,15,28,12,26,32,38,29,30,7,14,27,25,10,31,29,31,22,28,41,14,28,13,29,18,30,33,42,34,25,38,17,9,14,10,12,32,24,25,25,28,20,17,35,45,38,9,7,44,39,25,35,24,30,21,39,27,26,32,17,44,18]
completion_time_por_agente [50,49,9,16,33,39,2,40,19,22,12,27,21,46,17,33,35,25,30,34,26,13,23,37,19,24,12,32,6,9,33,43,32,40,26,36,38,40,38,27,15,23,29,28,23,40,22,36,50,25,49,17,17,40,39,19,39,36,15,25,16,25,15,11,36,17,54,29,36,29,49,32,30,36,14,33,35,6,30,44,43,33,25,39,8,49,18,37,17,15,42,15,25,13,45,32,22,31,53,40,32,35,43,30,14,30,25,32,37,5,5,11,31,48,26,20,9,35,23,30,17,19,17,20,41,23,24,49,23,39,11,31,33,30,16,35,30,18,29,18,34,14,28,36,39,35,37,7,16,31,31,10,34,36,48,33,39,41,15,28,20,29,19,35,38,47,44,38,39,18,10,18,14,13,33,37,31,33,29,25,26,38,47,41,9,9,45,39,31,36,29,33,21,49,35,27,41,21,54,21]
tiempo_ultimo_agente_goal 54
tiempo_en_acabar 54
tiempo_promedio 28.684999
agentes_en_goal 200
bad_good_total_rate_pred [20821,16359,37180,0.4]
push_out_count 574
RUN 8
valores_ideales [24,19,7,11,15,10,2,38,16,22,12,27,13,26,17,29,19,24,12,19,8,13,15,18,5,18,11,28,5,9,31,40,23,24,25,21,29,37,36,16,13,14,16,23,18,23,14,28,30,22,34,11,7,37,35,15,28,36,5,13,14,25,14,11,20,12,54,22,14,27,48,13,27,35,12,31,20,6,27,22,33,17,21,37,2,34,9,33,15,6,30,15,23,13,32,27,9,31,37,40,27,35,38,15,14,6,25,10,34,2,3,9,29,47,26,16,8,31,23,19,12,18,13,17,27,23,14,47,23,32,7,30,33,27,14,22,29,15,29,11,26,12,22,30,38,27,26,7,12,27,21,4,31,25,19,14,20,41,14,26,11,29,18,26,33,20,14,19,34,15,9,12,6,12,32,18,21,21,28,18,15,31,45,36,7,5,44,39,21,33,16,28,21,39,15,24,30,11,36,18]
costo_por_agente [24,27,11,11,27,26,2,38,16,22,12,27,17,28,17,29,29,24,26,21,8,19,15,20,9,20,11,32,5,9,31,40,37,28,25,31,31,37,36,20,29,18,16,23,18,33,18,30,34,22,34,21,9,39,35,17,34,36,7,19,18,25,16,23,32,14,54,22,34,35,48,33,27,35,12,31,28,6,27,24,35,23,27,37,2,36,23,33,17,6,36,19,25,13,36,27,15,39,43,40,27,39,38,23,18,6,25,22,34,4,7,9,29,47,26,18,8,31,23,21,14,20,13,17,29,23,28,47,23,36,21,34,33,27,22,26,33,19,29,15,30,16,24,32,40,27,32,7,14,29,25,4,31,35,31,28,30,41,14,26,13,37,30,30,35,28,24,21,38,17,9,20,6,12,32,20,27,33,28,18,15,33,45,36,7,5,44,39,31,33,20,30,23,39,19,26,32,21,42,18]
completion_time_por_agente [25,43,12,13,41,33,4,39,16,23,12,27,23,28,17,29,34,25,34,23,11,21,15,26,16,25,11,38,7,10,33,42,50,32,27,43,37,39,37,23,35,23,19,24,23,37,18,35,37,23,39,26,14,43,35,20,35,36,10,23,21,25,18,25,41,20,55,27,43,46,53,53,31,35,12,31,32,6,29,32,38,25,35,39,3,42,33,33,19,7,39,19,27,13,39,29,22,44,46,44,33,41,47,29,19,6,25,33,35,6,7,9,30,49,30,23,8,33,23,24,23,23,15,19,35,23,31,47,23,45,26,38,33,29,28,31,40,25,29,24,35,18,31,33,45,30,41,7,15,29,30,10,31,49,41,39,37,41,17,26,15,40,45,32,41,40,25,26,39,17,12,27,6,12,34,21,34,42,28,21,15,41,45,41,8,5,45,39,45,33,27,33,24,39,27,28,34,31,47,20]
tiempo_ultimo_agente_goal 55
tiempo_en_acabar 55
tiempo_promedio 28.580000
agentes_en_goal 200
bad_good_total_rate_pred [20153,15978,36131,0.4]
push_out_count 653
RUN 9
valores_ideales [24,19,7,11,15,10,2,38,16,22,12,27,13,26,17,29,19,24,12,19,8,13,15,18,5,18,11,28,5,9,31,40,23,24,25,21,29,37,36,16,13,14,16,23,18,23,14,28,30,22,34,11,7,37,35,15,28,36,5,13,14,25,14,11,20,12,54,22,14,27,48,13,27,35,12,31,20,6,27,22,33,17,21,37,2,34,9,33,15,6,30,15,23,13,32,27,9,31,37,40,27,35,38,15,14,6,25,10,34,2,3,9,29,47,26,16,8,31,23,19,12,18,13,17,27,23,14,47,23,32,7,30,33,27,14,22,29,15,29,11,26,12,22,30,38,27,26,7,12,27,21,4,31,25,19,14,20,41,14,26,11,29,18,26,33,20,14,19,34,15,9,12,6,12,32,18,21,21,28,18,15,31,45,36,7,5,44,39,21,33,16,28,21,39,15,24,30,11,36,18]
costo_por_agente [28,27,19,13,23,16,2,38,16,22,12,27,21,28,21,29,21,24,14,27,12,13,31,30,19,18,15,32,9,9,31,40,25,24,29,29,33,37,38,18,13,22,26,37,18,47,36,30,44,22,34,17,13,37,35,19,32,36,7,13,32,25,16,21,26,14,54,22,36,31,48,17,29,35,14,31,24,6,27,26,41,17,21,37,6,34,11,33,19,6,34,19,27,13,36,31,29,33,37,40,31,35,44,23,14,6,27,26,34,4,3,11,31,49,28,18,12,31,25,31,20,24,17,17,29,23,14,47,23,36,9,30,33,29,16,26,29,17,33,11,36,14,26,32,38,33,38,7,12,33,23,4,31,27,29,20,28,41,14,26,11,31,26,32,37,26,28,23,34,17,11,14,6,12,32,28,23,33,28,24,17,37,45,36,7,5,44,39,29,33,24,30,21,39,25,24,32,19,44,18]
completion_time_por_agente [32,39,21,15,33,29,2,39,16,22,12,27,24,29,27,29,29,25,17,34,14,13,43,42,26,20,18,37,9,10,38,42,34,27,36,36,36,39,41,20,17,29,31,49,20,55,47,34,48,23,34,21,18,39,37,22,38,38,9,15,46,25,16,29,37,15,56,27,40,34,48,19,29,38,14,31,24,6,27,30,52,22,22,37,8,39,15,33,25,6,41,22,28,13,44,39,48,35,39,45,40,35,50,30,15,6,29,39,40,5,4,11,34,54,33,24,15,31,25,35,30,29,20,21,32,23,15,47,25,47,10,33,37,31,17,30,33,17,34,13,38,15,28,36,43,39,43,7,14,39,27,8,33,34,42,29,42,41,14,26,12,39,37,38,42,35,36,27,34,17,12,22,7,14,37,34,26,51,28,29,18,44,46,38,7,5,46,39,38,33,33,39,23,41,40,24,34,24,48,20]
tiempo_ultimo_agente_goal 56
tiempo_en_acabar 56
tiempo_promedio 29.120001
agentes_en_goal 200
bad_good_total_rate_pred [22258,16377,38635,0.4]
push_out_count 709
RUN 10
valores_ideales [24,19,7,11,15,10,2,38,16,22,12,27,13,26,17,29,19,24,12,19,8,13,15,18,5,18,11,28,5,9,31,40,23,24,25,21,29,37,36,16,13,14,16,23,18,23,14,28,30,22,34,11,7,37,35,15,28,36,5,13,14,25,14,11,20,12,54,22,14,27,48,13,27,35,12,31,20,6,27,22,33,17,21,37,2,34,9,33,15,6,30,15,23,13,32,27,9,31,37,40,27,35,38,15,14,6,25,10,34,2,3,9,29,47,26,16,8,31,23,19,12,18,13,17,27,23,14,47,23,32,7,30,33,27,14,22,29,15,29,11,26,12,22,30,38,27,26,7,12,27,21,4,31,25,19,14,20,41,14,26,11,29,18,26,33,20,14,19,34,15,9,12,6,12,32,18,21,21,28,18,15,31,45,36,7,5,44,39,21,33,16,28,21,39,15,24,30,11,36,18]
costo_por_agente [34,25,7,15,23,18,2,38,16,22,14,27,13,36,19,33,27,24,22,21,8,19,21,32,17,20,17,32,5,9,33,42,27,26,25,27,31,37,36,18,13,18,16,27,24,41,24,32,32,22,34,13,13,41,37,17,36,36,7,13,22,25,16,11,28,28,54,28,14,35,48,15,29,35,12,31,22,6,29,28,35,19,23,37,2,36,25,35,21,6,42,17,29,13,38,29,15,31,37,40,29,35,38,21,14,20,25,22,34,2,3,15,29,49,28,18,8,31,23,25,14,18,15,19,27,23,20,47,25,36,9,30,33,29,14,28,29,15,29,27,30,12,28,32,38,33,26,7,12,29,25,12,33,27,25,26,24,41,20,28,19,39,24,28,33,26,20,19,34,17,11,16,6,12,36,26,25,37,28,18,15,31,47,36,17,5,44,39,27,33,20,28,23,41,17,26,32,19,44,22]
completion_time_por_agente [48,34,7,20,32,25,4,38,16,22,14,27,13,38,23,33,38,25,25,24,11,21,25,42,21,24,19,33,6,9,35,43,27,31,26,32,38,39,37,20,18,27,16,27,34,45,27,40,33,22,34,15,18,48,40,19,40,36,9,13,28,25,18,11,42,40,57,33,16,48,48,16,34,35,13,33,22,6,33,38,38,22,25,39,3,43,30,36,33,7,51,18,32,14,39,33,21,34,39,41,34,36,43,24,14,35,25,29,34,5,5,17,29,53,35,22,11,33,23,33,18,19,16,20,32,23,27,47,27,47,9,30,34,34,19,43,29,16,30,36,34,12,31,39,40,37,29,7,15,33,33,22,33,34,32,33,27,42,31,28,27,51,43,30,37,32,24,19,34,18,13,32,6,12,42,35,35,46,32,21,15,36,50,39,18,5,44,39,39,33,26,28,24,45,18,26,37,23,50,23]
tiempo_ultimo_agente_goal 57
tiempo_en_acabar 57
tiempo_promedio 28.475000
agentes_en_goal 200
bad_good_total_rate_pred [19732,15969,35701,0.4]
push_out_count 786
RUN 11
valores_ideales [24,19,7,11,15,10,2,38,16,22,12,27,13,26,17,29,19,24,12,19,8,13,15,18,5,18,11,28,5,9,31,40,23,24,25,21,29,37,36,16,13,14,16,23,18,23,14,28,30,22,34,11,7,37,35,15,28,36,5,13,14,25,14,11,20,12,54,22,14,27,48,13,27,35,12,31,20,6,27,22,33,17,21,37,2,34,9,33,15,6,30,15,23,13,32,27,9,31,37,40,27,35,38,15,14,6,25,10,34,2,3,9,29,47,26,16,8,31,23,19,12,18,13,17,27,23,14,47,23,32,7,30,33,27,14,22,29,15,29,11,26,12,22,30,38,27,26,7,12,27,21,4,31,25,19,14,20,41,14,26,11,29,18,26,33,20,14,19,34,15,9,12,6,12,32,18,21,21,28,18,15,31,45,36,7,5,44,39,21,33,16,28,21,39,15,24,30,11,36,18]
costo_por_agente [28,23,7,15,25,30,2,38,16,22,12,27,23,28,17,31,23,24,22,29,8,19,19,36,25,24,11,28,5,11,33,42,27,24,25,25,33,37,36,16,13,16,16,29,18,27,30,30,34,26,34,15,7,39,35,15,28,38,9,15,16,25,16,11,30,14,54,24,20,29,48,27,27,35,12,31,22,6,27,30,39,19,21,37,2,36,27,33,19,6,42,17,23,13,36,27,19,33,37,40,31,35,40,25,14,10,29,20,36,2,3,11,29,47,30,18,12,33,25,27,12,20,13,17,37,23,22,47,25,40,7,30,33,29,18,26,29,17,29,13,30,28,24,32,40,27,26,7,26,27,23,4,35,37,25,30,30,41,22,28,13,31,26,30,35,34,22,31,34,17,9,24,6,12,34,30,27,31,32,18,15,37,45,36,7,5,44,39,21,33,28,28,23,45,19,24,34,15,36,18]
completion_time_por_agente [32,25,8,18,27,40,2,40,16,22,12,27,25,28,20,32,27,24,33,37,8,20,23,43,32,29,13,31,6,11,38,50,31,25,26,28,37,42,36,19,14,24,16,31,18,32,47,34,39,26,36,19,9,40,35,17,32,38,14,17,18,25,19,13,38,15,54,29,29,30,51,36,30,36,12,32,22,6,30,44,41,24,21,39,3,44,28,33,25,6,49,18,27,13,46,27,35,38,40,42,32,37,46,34,14,13,34,31,39,3,4,11,29,47,31,25,12,44,28,31,19,20,14,20,46,23,26,47,27,46,7,32,36,39,23,33,37,18,29,14,34,40,27,34,41,36,34,7,40,29,30,6,35,47,38,46,35,42,25,28,17,40,37,32,39,52,33,37,35,17,10,39,6,14,37,35,38,38,35,20,15,40,45,37,7,5,45,39,28,34,39,37,24,52,19,25,41,21,43,20]
tiempo_ultimo_agente_goal 54
tiempo_en_acabar 54
tiempo_promedio 28.655001
agentes_en_goal 200
bad_good_total_rate_pred [21025,16520,37545,0.4]
push_out_count 858
RUN 12
valores_ideales [24,19,7,11,15,10,2,38,16,22,12,27,13,26,17,29,19,24,12,19,8,13,15,18,5,18,11,28,5,9,31,40,23,24,25,21,29,37,36,16,13,14,16,23,18,23,14,28,30,22,34,11,7,37,35,15,28,36,5,13,14,25,14,11,20,12,54,22,14,27,48,13,27,35,12,31,20,6,27,22,33,17,21,37,2,34,9,33,15,6,30,15,23,13,32,27,9,31,37,40,27,35,38,15,14,6,25,10,34,2,3,9,29,47,26,16,8,31,23,19,12,18,13,17,27,23,14,47,23,32,7,30,33,27,14,22,29,15,29,11,26,12,22,30,38,27,26,7,12,27,21,4,31,25,19,14,20,41,14,26,11,29,18,26,33,20,14,19,34,15,9,12,6,12,32,18,21,21,28,18,15,31,45,36,7,5,44,39,21,33,16,28,21,39,15,24,30,11,36,18]
costo_por_agente [28,27,9,13,25,18,2,38,16,22,12,27,13,28,17,29,27,24,20,23,8,25,15,22,21,18,11,36,5,9,31,44,23,26,27,27,33,37,36,16,15,20,18,23,18,31,24,30,32,22,34,13,15,37,37,17,30,36,5,23,20,27,16,11,24,14,54,24,24,27,48,21,27,35,12,31,22,6,29,26,41,19,25,37,2,36,19,33,19,6,38,19,29,13,40,31,15,31,37,40,29,41,40,19,14,6,25,16,36,4,3,13,31,47,32,20,18,31,23,25,12,22,15,21,29,23,18,47,23,38,9,30,33,39,30,22,29,17,29,17,30,22,22,32,40,31,28,7,16,27,25,10,31,27,31,22,26,41,14,26,15,39,32,34,33,24,14,23,38,17,11,18,6,14,38,22,27,33,28,24,15,35,45,36,15,5,44,39,21,33,18,30,21,39,23,26,36,17,44,18]
completion_time_por_agente [34,37,11,15,33,24,2,38,16,22,12,28,13,29,18,30,38,24,26,28,8,27,21,33,33,19,11,36,6,9,31,49,33,28,29,32,38,37,36,21,19,35,18,28,23,35,33,31,36,23,35,17,22,39,38,18,34,39,9,29,20,27,17,11,25,17,54,27,30,29,49,25,28,35,12,33,22,7,34,32,45,22,27,42,3,41,27,34,21,7,49,21,31,13,48,35,23,35,42,41,31,44,48,26,14,6,25,19,39,6,3,13,33,48,39,26,28,35,23,31,16,27,18,21,34,23,24,47,23,46,10,34,33,53,39,26,29,18,31,21,30,26,27,37,43,32,31,7,19,27,31,12,31,33,42,34,41,41,17,26,21,49,43,35,37,29,17,31,39,17,11,25,6,16,43,25,33,35,28,27,15,41,45,40,17,5,45,42,29,33,25,34,21,39,25,29,46,22,54,19]
tiempo_ultimo_agente_goal 54
tiempo_en_acabar 54
tiempo_promedio 28.035000
agentes_en_goal 200
bad_good_total_rate_pred [20115,15574,35689,0.4]
push_out_count 923
RUN 13
valores_ideales [24,19,7,11,15,10,2,38,16,22,12,27,13,26,17,29,19,24,12,19,8,13,15,18,5,18,11,28,5,9,31,40,23,24,25,21,29,37,36,16,13,14,16,23,18,23,14,28,30,22,34,11,7,37,35,15,28,36,5,13,14,25,14,11,20,12,54,22,14,27,48,13,27,35,12,31,20,6,27,22,33,17,21,37,2,34,9,33,15,6,30,15,23,13,32,27,9,31,37,40,27,35,38,15,14,6,25,10,34,2,3,9,29,47,26,16,8,31,23,19,12,18,13,17,27,23,14,47,23,32,7,30,33,27,14,22,29,15,29,11,26,12,22,30,38,27,26,7,12,27,21,4,31,25,19,14,20,41,14,26,11,29,18,26,33,20,14,19,34,15,9,12,6,12,32,18,21,21,28,18,15,31,45,36,7,5,44,39,21,33,16,28,21,39,15,24,30,11,36,18]
costo_por_agente [36,25,7,15,23,32,2,38,16,22,14,29,19,28,17,31,31,24,22,25,10,13,21,26,21,18,11,36,7,9,31,40,23,26,29,23,35,37,38,16,13,16,20,25,18,29,24,32,30,22,34,21,7,37,37,15,34,36,5,15,16,25,16,11,30,14,54,22,22,31,48,19,27,37,12,31,20,6,27,28,37,33,21,37,2,34,17,33,29,10,38,19,25,15,36,27,15,31,37,40,31,37,38,25,14,6,25,14,36,4,11,11,31,47,28,16,28,33,23,25,20,18,19,19,29,23,20,47,23,32,11,34,33,33,22,22,29,17,29,19,26,20,26,32,42,29,34,7,12,33,23,10,31,37,39,32,30,41,14,28,13,29,26,32,33,28,22,21,34,15,11,18,6,12,36,26,23,23,28,20,19,33,45,36,7,5,44,39,25,33,26,32,25,39,23,24,30,15,40,28]
completion_time_por_agente [48,32,7,16,28,39,2,40,19,22,17,29,22,28,17,32,40,26,29,32,11,15,25,30,32,19,12,42,7,9,31,42,25,27,31,30,44,40,42,17,14,22,22,25,18,33,29,33,35,22,35,28,8,41,39,17,38,36,6,16,19,25,16,14,42,14,54,26,35,40,50,22,31,40,12,31,20,6,27,40,47,36,24,40,2,44,19,33,36,12,40,22,29,15,37,29,25,32,39,40,35,37,41,29,15,6,25,16,39,6,11,14,33,47,30,20,39,34,23,29,27,21,19,19,34,23,24,48,23,34,11,36,33,41,25,24,30,17,30,20,26,24,33,40,42,32,44,7,12,42,27,19,34,47,51,42,36,41,14,28,13,32,31,38,36,35,24,27,34,16,12,23,6,12,39,31,24,29,31,20,25,37,46,41,8,6,44,39,30,34,31,32,28,44,30,25,33,24,50,28]
tiempo_ultimo_agente_goal 54
tiempo_en_acabar 54
tiempo_promedio 27.975000
agentes_en_goal 200
bad_good_total_rate_pred [19691,15257,34948,0.4]
push_out_count 988
RUN 14
valores_ideales [24,19,7,11,15,10,2,38,16,22,12,27,13,26,17,29,19,24,12,19,8,13,15,18,5,18,11,28,5,9,31,40,23,24,25,21,29,37,36,16,13,14,16,23,18,23,14,28,30,22,34,11,7,37,35,15,28,36,5,13,14,25,14,11,20,12,54,22,14,27,48,13,27,35,12,31,20,6,27,22,33,17,21,37,2,34,9,33,15,6,30,15,23,13,32,27,9,31,37,40,27,35,38,15,14,6,25,10,34,2,3,9,29,47,26,16,8,31,23,19,12,18,13,17,27,23,14,47,23,32,7,30,33,27,14,22,29,15,29,11,26,12,22,30,38,27,26,7,12,27,21,4,31,25,19,14,20,41,14,26,11,29,18,26,33,20,14,19,34,15,9,12,6,12,32,18,21,21,28,18,15,31,45,36,7,5,44,39,21,33,16,28,21,39,15,24,30,11,36,18]
costo_por_agente [30,23,23,13,21,28,2,38,16,22,14,27,13,28,17,31,27,24,28,27,10,13,21,28,11,18,11,34,5,9,35,40,25,24,29,33,33,37,36,16,13,16,28,25,18,27,18,30,32,22,34,17,17,39,35,19,32,36,5,15,14,25,14,11,32,20,54,22,22,29,48,23,29,35,14,31,22,6,27,24,33,17,23,39,2,34,13,33,15,6,38,17,23,13,36,27,27,33,39,40,31,35,42,35,18,6,25,24,34,2,5,15,29,47,26,18,16,33,23,21,14,20,15,17,33,23,20,47,23,40,9,32,33,27,14,22,31,15,29,13,26,16,24,30,38,33,36,7,16,29,27,4,31,29,31,26,34,41,14,26,11,35,26,40,39,30,26,41,34,17,9,18,6,12,32,32,33,33,28,20,17,33,45,36,9,5,44,39,23,33,20,30,21,43,25,24,30,21,40,20]
completion_time_por_agente [32,27,32,16,36,34,3,39,17,22,14,27,14,31,20,32,35,24,32,38,12,16,25,33,15,19,12,35,6,9,36,43,28,25,29,44,36,39,37,16,16,23,36,35,18,33,26,35,38,23,34,21,29,41,37,21,33,36,5,17,15,25,15,11,39,24,54,24,27,30,52,35,31,35,15,31,22,6,28,27,36,17,25,39,3,37,17,34,15,6,41,21,23,13,40,27,44,35,42,41,37,35,44,48,19,6,25,32,34,5,5,16,30,51,30,23,24,37,23,21,24,20,15,19,46,23,21,47,23,54,9,34,34,27,15,24,32,18,30,17,26,20,28,32,39,34,48,7,26,29,28,6,33,39,39,39,43,41,15,26,11,41,28,44,44,33,29,59,34,17,10,26,7,13,36,49,41,44,28,20,18,40,45,40,10,6,44,39,29,34,29,32,21,53,36,25,33,28,45,20]
tiempo_ultimo_agente_goal 59
tiempo_en_acabar 59
tiempo_promedio 28.075001
agentes_en_goal 200
bad_good_total_rate_pred [20276,15191,35467,0.4]
push_out_count 1050
RUN 15
valores_ideales [24,19,7,11,15,10,2,38,16,22,12,27,13,26,17,29,19,24,12,19,8,13,15,18,5,18,11,28,5,9,31,40,23,24,25,21,29,37,36,16,13,14,16,23,18,23,14,28,30,22,34,11,7,37,35,15,28,36,5,13,14,25,14,11,20,12,54,22,14,27,48,13,27,35,12,31,20,6,27,22,33,17,21,37,2,34,9,33,15,6,30,15,23,13,32,27,9,31,37,40,27,35,38,15,14,6,25,10,34,2,3,9,29,47,26,16,8,31,23,19,12,18,13,17,27,23,14,47,23,32,7,30,33,27,14,22,29,15,29,11,26,12,22,30,38,27,26,7,12,27,21,4,31,25,19,14,20,41,14,26,11,29,18,26,33,20,14,19,34,15,9,12,6,12,32,18,21,21,28,18,15,31,45,36,7,5,44,39,21,33,16,28,21,39,15,24,30,11,36,18]
costo_por_agente [30,23,11,13,19,18,2,40,16,22,12,27,31,26,17,29,25,24,24,19,8,15,23,30,5,22,15,32,7,9,31,40,27,24,27,25,35,37,38,16,15,20,18,27,18,23,28,30,32,22,34,17,9,39,35,17,34,36,9,19,24,25,16,13,30,14,54,22,20,33,48,23,33,35,12,31,22,6,29,28,39,21,29,37,2,34,17,39,17,6,36,25,25,13,38,31,21,31,39,40,27,35,40,23,14,6,25,32,34,2,15,11,31,47,28,16,12,33,23,25,18,18,13,19,29,23,20,47,23,34,11,30,33,33,16,24,29,15,31,17,26,16,24,32,40,33,26,7,12,37,27,10,31,27,29,28,30,41,14,26,11,33,22,36,33,28,24,19,34,15,11,18,18,12,32,32,31,33,28,18,15,37,45,36,11,11,46,39,27,33,22,28,21,39,25,24,32,17,40,24]
completion_time_por_agente [35,34,13,15,30,25,2,40,18,23,12,27,36,28,17,29,32,25,30,22,8,19,23,41,6,29,16,33,7,10,31,42,34,25,30,36,43,39,39,17,18,29,21,31,18,24,37,30,34,23,37,20,11,42,38,18,39,40,11,24,38,25,16,14,36,15,55,24,26,40,49,24,39,35,13,33,23,6,29,37,42,25,40,39,3,37,26,40,21,6,44,25,28,13,41,31,30,32,43,45,28,35,41,30,14,6,26,46,35,4,31,12,31,48,35,21,17,35,23,30,31,19,14,19,38,23,21,50,23,40,14,31,34,33,21,27,33,16,31,22,28,19,28,36,41,43,33,7,15,48,28,21,33,30,32,42,41,41,15,26,11,39,25,48,37,33,37,19,34,16,12,26,26,12,37,38,33,40,28,19,17,45,45,37,11,15,51,39,36,35,39,29,21,44,31,25,37,22,44,26]
tiempo_ultimo_agente_goal 55
tiempo_en_acabar 55
tiempo_promedio 28.340000
agentes_en_goal 200
bad_good_total_rate_pred [20250,16345,36595,0.4]
push_out_count 1125
RUN 16
valores_ideales [24,19,7,11,15,10,2,38,16,22,12,27,13,26,17,29,19,24,12,19,8,13,15,18,5,18,11,28,5,9,31,40,23,24,25,21,29,37,36,16,13,14,16,23,18,23,14,28,30,22,34,11,7,37,35,15,28,36,5,13,14,25,14,11,20,12,54,22,14,27,48,13,27,35,12,31,20,6,27,22,33,17,21,37,2,34,9,33,15,6,30,15,23,13,32,27,9,31,37,40,27,35,38,15,14,6,25,10,34,2,3,9,29,47,26,16,8,31,23,19,12,18,13,17,27,23,14,47,23,32,7,30,33,27,14,22,29,15,29,11,26,12,22,30,38,27,26,7,12,27,21,4,31,25,19,14,20,41,14,26,11,29,18,26,33,20,14,19,34,15,9,12,6,12,32,18,21,21,28,18,15,31,45,36,7,5,44,39,21,33,16,28,21,39,15,24,30,11,36,18]
costo_por_agente [26,27,17,13,21,32,4,38,16,22,12,27,13,28,19,31,25,24,26,31,10,13,19,32,5,18,13,34,5,9,35,40,27,24,25,25,35,37,36,16,21,16,20,25,18,43,18,28,30,22,34,23,17,39,35,25,30,36,9,19,18,25,14,11,34,16,54,24,20,27,48,23,35,37,12,31,22,6,29,22,33,19,23,37,2,36,17,33,29,6,34,19,25,13,36,29,19,31,37,40,29,35,42,19,14,6,25,30,34,2,7,11,29,47,26,26,16,33,23,21,14,18,15,19,35,23,22,47,25,38,11,30,35,27,20,24,29,15,29,11,26,12,22,34,38,31,32,7,20,33,23,4,31,29,27,20,30,41,14,26,11,33,24,32,37,40,26,21,34,17,9,14,6,12,34,20,31,25,28,18,15,35,45,36,11,5,44,39,21,33,20,30,21,41,19,24,32,13,40,26]
completion_time_por_agente [33,40,26,15,25,48,4,40,16,23,12,27,13,31,24,31,35,24,36,38,10,13,28,37,9,25,14,37,6,9,40,42,36,26,26,33,40,41,38,16,22,22,25,30,18,51,20,30,33,22,39,27,21,46,35,36,37,36,11,28,23,25,15,11,42,19,54,27,28,28,51,24,39,39,14,33,22,6,31,24,39,21,28,40,2,38,26,33,37,8,42,22,25,13,41,37,32,37,39,43,34,35,45,25,14,6,29,39,37,5,7,12,29,51,27,36,22,36,24,27,17,20,17,21,38,23,33,49,26,50,11,36,37,33,24,28,29,15,29,13,27,14,23,38,39,35,36,7,22,44,25,9,31,34,38,25,41,41,16,26,12,42,38,37,40,58,38,21,35,18,10,19,7,13,39,21,37,29,28,20,17,38,46,38,16,5,44,40,22,34,23,34,24,45,27,25,37,20,56,28]
tiempo_ultimo_agente_goal 58
tiempo_en_acabar 58
tiempo_promedio 28.275000
agentes_en_goal 200
bad_good_total_rate_pred [20181,16047,36228,0.4]
push_out_count 1199
RUN 17
valores_ideales [24,19,7,11,15,10,2,38,16,22,12,27,13,26,17,29,19,24,12,19,8,13,15,18,5,18,11,28,5,9,31,40,23,24,25,21,29,37,36,16,13,14,16,23,18,23,14,28,30,22,34,11,7,37,35,15,28,36,5,13,14,25,14,11,20,12,54,22,14,27,48,13,27,35,12,31,20,6,27,22,33,17,21,37,2,34,9,33,15,6,30,15,23,13,32,27,9,31,37,40,27,35,38,15,14,6,25,10,34,2,3,9,29,47,26,16,8,31,23,19,12,18,13,17,27,23,14,47,23,32,7,30,33,27,14,22,29,15,29,11,26,12,22,30,38,27,26,7,12,27,21,4,31,25,19,14,20,41,14,26,11,29,18,26,33,20,14,19,34,15,9,12,6,12,32,18,21,21,28,18,15,31,45,36,7,5,44,39,21,33,16,28,21,39,15,24,30,11,36,18]
costo_por_agente [26,25,7,13,19,26,2,38,16,22,14,27,13,30,17,29,23,24,34,21,8,13,17,26,7,18,11,38,5,9,33,42,33,26,31,27,35,37,36,16,13,20,42,29,22,35,22,28,30,22,34,13,13,37,35,17,30,36,7,15,14,25,14,13,38,14,54,24,22,31,52,25,27,37,12,31,22,6,29,24,33,21,23,37,2,34,21,33,15,6,30,21,33,13,38,33,15,37,37,40,29,35,42,19,18,6,25,32,34,2,5,11,29,47,26,16,12,35,23,23,14,18,15,17,31,23,16,47,23,36,9,32,33,33,16,22,29,15,29,11,32,16,28,30,38,31,26,7,16,27,25,8,33,39,29,22,30,41,22,28,23,29,24,28,33,32,26,23,34,15,17,18,6,14,34,38,25,27,30,20,19,35,45,40,11,5,44,39,23,33,18,30,21,41,19,24,34,21,38,18]
completion_time_por_agente [33,34,7,13,26,45,3,38,16,22,14,28,13,33,17,30,29,28,40,27,12,14,22,40,12,20,12,42,6,9,35,46,44,29,33,36,40,40,38,20,16,24,61,41,26,44,27,29,33,22,37,16,14,39,38,18,35,37,12,18,15,26,16,15,60,18,54,25,29,32,56,33,28,38,12,33,22,6,31,25,33,25,31,40,3,40,28,33,15,7,30,24,40,13,47,37,22,44,40,42,30,37,51,31,24,6,25,45,36,4,5,12,29,51,30,20,15,45,23,28,17,19,16,20,36,23,22,47,23,40,9,42,35,37,18,27,30,15,30,15,35,20,33,31,41,34,28,7,19,29,30,10,36,52,36,34,45,41,26,29,29,31,28,33,37,51,53,23,37,15,19,23,7,16,38,49,38,36,31,23,24,36,45,43,11,5,44,44,23,34,26,34,23,43,19,26,41,24,44,19]
tiempo_ultimo_agente_goal 61
tiempo_en_acabar 61
tiempo_promedio 28.549999
agentes_en_goal 200
bad_good_total_rate_pred [20783,16183,36966,0.4]
push_out_count 1268
RUN 18
valores_ideales [24,19,7,11,15,10,2,38,16,22,12,27,13,26,17,29,19,24,12,19,8,13,15,18,5,18,11,28,5,9,31,40,23,24,25,21,29,37,36,16,13,14,16,23,18,23,14,28,30,22,34,11,7,37,35,15,28,36,5,13,14,25,14,11,20,12,54,22,14,27,48,13,27,35,12,31,20,6,27,22,33,17,21,37,2,34,9,33,15,6,30,15,23,13,32,27,9,31,37,40,27,35,38,15,14,6,25,10,34,2,3,9,29,47,26,16,8,31,23,19,12,18,13,17,27,23,14,47,23,32,7,30,33,27,14,22,29,15,29,11,26,12,22,30,38,27,26,7,12,27,21,4,31,25,19,14,20,41,14,26,11,29,18,26,33,20,14,19,34,15,9,12,6,12,32,18,21,21,28,18,15,31,45,36,7,5,44,39,21,33,16,28,21,39,15,24,30,11,36,18]
costo_por_agente [36,27,7,13,21,20,2,40,18,22,16,27,19,32,17,29,25,26,26,31,10,23,21,32,29,24,11,32,7,9,31,40,25,28,25,29,33,37,36,18,21,22,18,31,22,29,26,32,32,22,34,13,9,37,35,17,32,36,5,29,16,25,14,11,40,12,54,24,16,31,48,27,27,35,12,31,22,6,27,26,35,19,23,37,4,34,17,35,19,10,32,19,29,13,34,29,21,37,37,40,27,35,38,31,14,6,29,32,36,2,7,13,29,47,26,34,16,33,25,27,14,20,15,17,31,23,16,47,23,38,9,34,33,31,22,24,29,15,29,13,30,14,30,32,38,29,26,7,18,39,31,8,31,31,25,26,34,41,16,26,23,37,26,30,33,26,16,21,34,15,9,20,6,12,32,18,33,31,28,18,21,33,45,36,11,5,44,39,29,33,20,28,27,39,21,24,30,23,36,22]
completion_time_por_agente [56,37,7,16,27,38,2,45,18,22,22,27,20,33,17,33,40,26,31,39,12,24,33,44,45,27,17,36,8,9,31,44,25,32,27,37,40,40,36,19,21,32,18,42,22,36,32,39,35,22,37,15,13,44,39,20,41,36,5,46,17,25,15,11,58,14,54,27,24,36,50,28,28,36,12,33,22,6,27,33,37,19,27,38,6,37,18,37,22,10,34,21,37,13,43,32,33,43,41,41,29,35,43,45,15,8,31,56,37,3,8,16,29,49,30,46,18,35,25,33,17,21,15,22,41,23,19,47,23,41,9,39,35,41,25,26,30,15,30,17,33,14,39,34,40,35,29,7,22,48,40,11,33,34,38,33,45,41,16,26,33,45,30,30,36,34,21,21,34,15,10,26,6,14,32,24,47,40,28,19,31,33,45,39,13,5,45,39,33,33,24,33,30,40,27,24,37,33,39,29]
tiempo_ultimo_agente_goal 58
tiempo_en_acabar 58
tiempo_promedio 29.020000
agentes_en_goal 200
bad_good_total_rate_pred [20872,16562,37434,0.4]
push_out_count 1345
RUN 19
valores_ideales [24,19,7,11,15,10,2,38,16,22,12,27,13,26,17,29,19,24,12,19,8,13,15,18,5,18,11,28,5,9,31,40,23,24,25,21,29,37,36,16,13,14,16,23,18,23,14,28,30,22,34,11,7,37,35,15,28,36,5,13,14,25,14,11,20,12,54,22,14,27,48,13,27,35,12,31,20,6,27,22,33,17,21,37,2,34,9,33,15,6,30,15,23,13,32,27,9,31,37,40,27,35,38,15,14,6,25,10,34,2,3,9,29,47,26,16,8,31,23,19,12,18,13,17,27,23,14,47,23,32,7,30,33,27,14,22,29,15,29,11,26,12,22,30,38,27,26,7,12,27,21,4,31,25,19,14,20,41,14,26,11,29,18,26,33,20,14,19,34,15,9,12,6,12,32,18,21,21,28,18,15,31,45,36,7,5,44,39,21,33,16,28,21,39,15,24,30,11,36,18]
costo_por_agente [28,27,15,11,25,20,4,38,18,22,12,27,15,30,21,29,25,24,42,33,10,15,21,30,37,22,11,30,5,9,31,40,29,26,25,21,39,37,38,18,15,22,16,29,28,33,22,28,30,22,36,15,11,37,37,17,38,36,7,15,14,25,16,13,26,16,54,24,22,31,48,29,29,35,12,31,22,8,29,32,33,25,21,37,2,36,15,33,25,6,32,15,25,13,36,29,13,31,37,40,33,35,40,25,16,6,25,26,34,2,7,13,29,47,26,18,18,33,23,29,18,18,15,17,31,23,24,47,23,40,9,32,33,33,24,24,31,17,29,11,34,14,30,34,38,27,36,7,12,33,23,20,33,27,29,28,30,41,14,26,13,37,28,32,33,28,20,35,34,17,9,22,6,12,36,26,25,31,28,18,15,33,45,36,9,5,44,39,25,33,36,28,25,53,21,24,32,25,36,20]
completion_time_por_agente [35,34,18,11,37,29,4,38,20,23,13,27,19,31,23,32,29,24,63,39,11,19,27,40,56,23,13,39,6,10,32,43,31,30,27,26,45,40,40,21,16,24,19,32,33,38,30,31,32,23,44,20,13,42,41,19,53,37,10,19,15,25,16,14,42,20,54,27,29,35,52,39,30,35,13,35,23,8,32,43,37,26,22,39,3,40,25,38,28,10,34,16,25,14,40,33,22,32,40,42,41,35,45,36,17,6,25,34,39,4,8,13,30,48,29,22,23,42,23,35,24,19,16,19,37,23,37,48,23,49,9,36,33,38,32,26,33,17,29,12,39,16,40,39,40,28,41,7,15,37,26,27,36,31,48,41,37,41,17,26,17,50,41,39,40,35,26,40,34,19,9,25,7,12,41,42,33,39,31,22,15,35,45,42,9,5,44,39,30,33,47,34,26,56,22,24,37,32,41,21]
tiempo_ultimo_agente_goal 63
tiempo_en_acabar 63
tiempo_promedio 29.215000
agentes_en_goal 200
bad_good_total_rate_pred [21084,16528,37612,0.4]
push_out_count 1422
RUN 20
valores_ideales [24,19,7,11,15,10,2,38,16,22,12,27,13,26,17,29,19,24,12,19,8,13,15,18,5,18,11,28,5,9,31,40,23,24,25,21,29,37,36,16,13,14,16,23,18,23,14,28,30,22,34,11,7,37,35,15,28,36,5,13,14,25,14,11,20,12,54,22,14,27,48,13,27,35,12,31,20,6,27,22,33,17,21,37,2,34,9,33,15,6,30,15,23,13,32,27,9,31,37,40,27,35,38,15,14,6,25,10,34,2,3,9,29,47,26,16,8,31,23,19,12,18,13,17,27,23,14,47,23,32,7,30,33,27,14,22,29,15,29,11,26,12,22,30,38,27,26,7,12,27,21,4,31,25,19,14,20,41,14,26,11,29,18,26,33,20,14,19,34,15,9,12,6,12,32,18,21,21,28,18,15,31,45,36,7,5,44,39,21,33,16,28,21,39,15,24,30,11,36,18]
costo_por_agente [26,25,9,13,19,20,2,38,18,22,12,27,15,28,17,31,31,28,20,39,8,13,15,22,25,26,11,34,5,9,33,40,31,24,29,27,33,37,36,16,13,22,16,23,20,41,22,30,30,22,34,23,15,37,39,23,30,36,5,15,18,25,14,11,26,22,54,22,26,31,48,27,27,37,12,33,22,6,29,24,33,29,23,37,2,38,17,33,21,6,32,23,23,13,40,29,17,31,37,40,31,35,42,31,14,14,25,20,34,2,5,13,29,47,26,20,14,31,23,25,18,18,15,21,29,23,20,47,29,36,11,32,33,31,16,24,29,15,29,11,34,12,22,36,40,31,30,7,12,31,25,4,31,29,25,22,32,41,14,26,15,29,30,32,37,26,26,23,34,15,11,14,6,12,34,34,23,31,28,20,15,35,45,38,7,5,44,39,25,33,20,32,21,41,33,24,32,23,38,22]
completion_time_por_agente [27,37,10,15,25,29,2,39,18,23,12,27,17,29,17,32,44,28,27,44,9,13,16,26,38,32,15,35,6,10,38,41,34,28,36,34,41,39,37,16,14,31,17,31,22,54,39,31,33,22,35,30,21,40,46,34,32,36,8,18,24,25,15,13,35,34,55,28,28,32,49,41,31,37,14,36,23,6,31,28,36,35,24,39,3,46,28,33,30,7,36,26,24,13,46,33,27,33,42,41,36,35,46,47,14,14,25,28,36,5,6,14,34,52,30,30,19,35,23,32,26,19,17,22,30,24,25,47,35,48,11,36,34,39,18,29,33,16,33,12,36,12,28,49,43,33,37,7,14,33,34,7,33,36,35,30,44,41,14,26,17,36,46,34,44,39,28,23,34,16,12,19,6,13,34,42,29,46,28,22,15,42,45,40,8,5,44,40,31,34,24,34,21,42,45,25,38,29,41,26]
tiempo_ultimo_agente_goal 55
tiempo_en_acabar 55
tiempo_promedio 28.655001
agentes_en_goal 200
bad_good_total_rate_pred [21584,16315,37899,0.4]
push_out_count 1507
RUN 21
valores_ideales [24,19,7,11,15,10,2,38,16,22,12,27,13,26,17,29,19,24,12,19,8,13,15,18,5,18,11,28,5,9,31,40,23,24,25,21,29,37,36,16,13,14,16,23,18,23,14,28,30,22,34,11,7,37,35,15,28,36,5,13,14,25,14,11,20,12,54,22,14,27,48,13,27,35,12,31,20,6,27,22,33,17,21,37,2,34,9,33,15,6,30,15,23,13,32,27,9,31,37,40,27,35,38,15,14,6,25,10,34,2,3,9,29,47,26,16,8,31,23,19,12,18,13,17,27,23,14,47,23,32,7,30,33,27,14,22,29,15,29,11,26,12,22,30,38,27,26,7,12,27,21,4,31,25,19,14,20,41,14,26,11,29,18,26,33,20,14,19,34,15,9,12,6,12,32,18,21,21,28,18,15,31,45,36,7,5,44,39,21,33,16,28,21,39,15,24,30,11,36,18]
costo_por_agente [30,23,7,13,25,24,4,38,16,22,12,29,13,26,23,37,25,24,18,31,10,15,21,24,25,18,11,30,7,9,33,40,27,24,25,29,33,37,36,16,15,16,30,23,18,31,18,30,30,22,34,17,9,37,37,19,36,36,13,17,18,25,16,11,30,14,54,24,22,27,48,25,27,37,12,35,22,6,27,30,37,21,21,39,4,36,21,33,21,6,36,27,27,13,36,29,21,33,37,40,27,35,40,37,14,6,25,12,34,4,5,11,29,47,26,20,10,31,23,25,18,20,15,17,29,23,24,47,25,36,9,30,35,29,18,22,29,17,29,11,26,12,26,30,40,31,26,7,20,39,23,20,31,29,31,28,30,41,14,26,11,37,30,28,35,38,22,31,34,15,11,16,6,12,32,24,31,25,28,22,17,31,45,36,9,7,44,39,27,33,26,28,23,39,19,26,30,21,36,18]
completion_time_por_agente [35,37,8,14,33,30,4,39,16,22,12,30,15,26,26,38,31,24,22,36,19,15,29,29,40,21,15,30,7,10,38,41,34,25,25,34,35,42,37,16,15,19,36,29,21,34,26,36,32,22,37,20,12,38,39,23,41,37,19,23,22,26,16,11,39,15,54,28,28,30,51,34,29,41,12,38,23,6,30,37,39,22,23,42,8,38,31,33,30,8,45,28,31,13,40,33,33,38,37,40,31,35,40,48,14,6,25,16,35,6,6,14,30,49,28,22,15,34,27,29,27,20,16,19,33,23,33,47,25,43,9,33,35,34,21,25,30,17,30,18,29,14,29,32,41,33,30,7,22,48,24,30,31,41,39,37,34,41,14,26,13,47,42,35,37,60,26,34,34,15,12,27,7,13,32,31,35,33,32,27,22,38,45,36,9,7,45,40,31,35,37,33,24,42,24,27,33,28,41,20]
tiempo_ultimo_agente_goal 60
tiempo_en_acabar 60
tiempo_promedio 28.200001
agentes_en_goal 200
bad_good_total_rate_pred [19743,16053,35796,0.4]
push_out_count 1560
RUN 22
valores_ideales [24,19,7,11,15,10,2,38,16,22,12,27,13,26,17,29,19,24,12,19,8,13,15,18,5,18,11,28,5,9,31,40,23,24,25,21,29,37,36,16,13,14,16,23,18,23,14,28,30,22,34,11,7,37,35,15,28,36,5,13,14,25,14,11,20,12,54,22,14,27,48,13,27,35,12,31,20,6,27,22,33,17,21,37,2,34,9,33,15,6,30,15,23,13,32,27,9,31,37,40,27,35,38,15,14,6,25,10,34,2,3,9,29,47,26,16,8,31,23,19,12,18,13,17,27,23,14,47,23,32,7,30,33,27,14,22,29,15,29,11,26,12,22,30,38,27,26,7,12,27,21,4,31,25,19,14,20,41,14,26,11,29,18,26,33,20,14,19,34,15,9,12,6,12,32,18,21,21,28,18,15,31,45,36,7,5,44,39,21,33,16,28,21,39,15,24,30,11,36,18]
costo_por_agente [34,21,7,15,21,18,4,38,16,22,12,27,15,30,17,29,33,24,32,29,8,13,17,20,19,20,11,30,5,9,33,40,25,24,27,25,33,37,36,16,21,18,22,25,18,25,18,28,38,22,34,13,15,37,35,19,30,36,11,15,20,25,18,11,28,16,54,24,24,27,48,19,29,35,12,35,22,6,29,24,37,19,25,41,2,34,27,33,21,6,34,21,25,13,34,35,13,31,39,40,29,35,40,17,14,6,25,26,34,4,5,19,31,47,28,18,10,31,23,21,12,22,17,17,27,23,24,47,23,36,7,30,33,27,18,24,29,15,29,13,32,12,26,30,38,27,30,7,16,31,25,10,31,29,27,32,30,41,16,26,13,29,26,28,37,30,22,21,34,15,9,24,8,14,32,20,23,27,28,20,17,35,45,36,9,5,44,39,25,33,20,30,21,39,17,24,30,29,36,18]
completion_time_por_agente [45,25,8,15,27,24,5,38,19,24,12,28,16,32,19,29,40,27,41,38,8,14,21,24,23,25,13,32,6,10,33,44,27,26,27,33,36,39,37,17,25,21,29,28,20,29,26,31,51,22,35,16,19,38,35,20,33,36,12,18,21,25,19,11,42,17,54,27,24,27,48,23,30,35,13,37,22,8,29,27,42,21,30,48,2,40,33,33,27,7,37,24,26,13,40,38,19,37,42,41,31,35,46,18,15,6,25,43,35,7,6,19,33,47,30,19,10,34,23,26,18,23,17,19,31,23,33,47,24,45,7,31,36,33,20,28,30,15,32,14,34,13,29,30,40,32,33,7,22,36,27,12,34,33,31,40,37,41,16,26,14,30,36,32,43,37,29,22,35,17,10,40,8,15,34,21,31,30,28,21,18,39,45,41,11,5,44,39,27,34,22,32,24,39,18,24,36,41,39,19]
tiempo_ultimo_agente_goal 54
tiempo_en_acabar 54
tiempo_promedio 27.135000
agentes_en_goal 200
bad_good_total_rate_pred [18638,15061,33699,0.4]
push_out_count 1607
RUN 23
valores_ideales [24,19,7,11,15,10,2,38,16,22,12,27,13,26,17,29,19,24,12,19,8,13,15,18,5,18,11,28,5,9,31,40,23,24,25,21,29,37,36,16,13,14,16,23,18,23,14,28,30,22,34,11,7,37,35,15,28,36,5,13,14,25,14,11,20,12,54,22,14,27,48,13,27,35,12,31,20,6,27,22,33,17,21,37,2,34,9,33,15,6,30,15,23,13,32,27,9,31,37,40,27,35,38,15,14,6,25,10,34,2,3,9,29,47,26,16,8,31,23,19,12,18,13,17,27,23,14,47,23,32,7,30,33,27,14,22,29,15,29,11,26,12,22,30,38,27,26,7,12,27,21,4,31,25,19,14,20,41,14,26,11,29,18,26,33,20,14,19,34,15,9,12,6,12,32,18,21,21,28,18,15,31,45,36,7,5,44,39,21,33,16,28,21,39,15,24,30,11,36,18]
costo_por_agente [26,33,7,13,17,22,2,40,18,22,16,27,13,26,17,33,23,24,40,29,16,13,21,28,7,18,11,28,7,9,31,42,23,28,25,31,33,37,36,16,15,26,18,31,24,27,26,34,34,22,36,13,13,37,35,19,28,36,7,15,26,25,14,13,32,16,54,34,28,33,48,25,33,37,12,31,32,6,27,26,37,23,23,37,2,36,15,33,19,6,34,19,25,13,36,29,17,31,37,40,27,35,38,17,14,6,25,34,34,2,3,9,29,47,32,22,8,33,23,23,14,18,15,19,31,23,22,47,25,38,9,32,33,31,16,26,31,17,33,23,36,12,30,36,38,31,26,7,12,29,29,14,31,39,27,26,28,41,24,26,13,31,22,34,37,32,18,25,34,15,11,18,6,12,32,24,23,31,30,20,17,39,45,38,11,7,44,39,25,35,20,30,23,43,17,24,34,15,40,18]
completion_time_por_agente [34,42,9,13,19,25,2,43,19,24,20,27,13,26,17,36,27,25,51,35,25,13,25,34,10,20,12,34,7,9,31,43,26,36,28,44,35,40,37,16,15,34,24,35,37,32,30,35,37,22,44,16,21,40,39,20,35,37,8,20,32,25,15,14,44,22,54,45,43,40,50,33,44,39,14,32,32,8,30,33,43,26,27,39,2,45,21,34,22,7,41,23,25,13,42,32,32,36,37,40,33,35,40,18,15,6,25,43,36,3,4,13,32,49,38,27,8,36,23,25,23,19,16,20,35,23,23,49,29,39,9,33,34,36,22,30,33,17,34,41,42,12,33,44,42,34,29,7,14,36,34,22,31,56,42,37,39,41,28,26,15,33,32,41,43,39,25,32,34,15,13,24,7,12,32,31,25,43,32,22,18,46,45,41,12,10,45,39,28,35,24,30,27,52,19,27,36,19,51,19]
tiempo_ultimo_agente_goal 56
tiempo_en_acabar 56
tiempo_promedio 28.725000
agentes_en_goal 200
bad_good_total_rate_pred [20134,16441,36575,0.4]
push_out_count 1687
RUN 24
valores_ideales [24,19,7,11,15,10,2,38,16,22,12,27,13,26,17,29,19,24,12,19,8,13,15,18,5,18,11,28,5,9,31,40,23,24,25,21,29,37,36,16,13,14,16,23,18,23,14,28,30,22,34,11,7,37,35,15,28,36,5,13,14,25,14,11,20,12,54,22,14,27,48,13,27,35,12,31,20,6,27,22,33,17,21,37,2,34,9,33,15,6,30,15,23,13,32,27,9,31,37,40,27,35,38,15,14,6,25,10,34,2,3,9,29,47,26,16,8,31,23,19,12,18,13,17,27,23,14,47,23,32,7,30,33,27,14,22,29,15,29,11,26,12,22,30,38,27,26,7,12,27,21,4,31,25,19,14,20,41,14,26,11,29,18,26,33,20,14,19,34,15,9,12,6,12,32,18,21,21,28,18,15,31,45,36,7,5,44,39,21,33,16,28,21,39,15,24,30,11,36,18]
costo_por_agente [28,27,7,15,21,24,2,38,18,22,20,27,15,40,17,29,29,24,22,27,12,13,19,30,19,18,11,34,5,11,31,40,29,26,25,27,35,37,36,18,25,16,16,23,20,29,26,28,30,22,34,21,17,37,37,21,30,36,5,15,26,25,18,11,32,14,54,22,20,35,48,35,31,35,12,31,22,6,27,26,35,21,25,37,2,34,23,33,23,6,36,19,23,15,32,31,15,31,37,40,27,35,44,19,14,6,25,30,34,4,3,11,31,47,30,18,14,31,23,27,14,18,15,19,33,23,18,47,23,32,19,30,33,31,18,24,29,15,29,13,28,12,24,30,40,29,30,7,14,33,25,4,31,25,29,24,28,41,14,26,13,29,26,30,33,30,18,21,36,15,9,16,8,12,32,26,27,27,28,24,15,33,45,40,7,5,46,39,25,33,28,28,25,41,25,24,30,29,38,18]
completion_time_por_agente [33,30,8,20,27,30,4,38,18,22,22,28,15,42,17,29,33,26,32,30,12,15,24,43,27,18,13,40,6,13,33,43,36,26,29,35,47,37,37,21,38,24,19,26,25,39,32,31,35,23,37,23,21,38,40,21,34,37,6,21,41,25,19,12,42,21,54,27,27,46,48,49,35,35,13,32,23,6,28,31,37,24,32,40,2,37,35,33,29,7,38,21,23,15,40,32,20,33,37,40,29,36,46,20,14,6,25,43,36,7,4,14,33,47,30,21,17,33,23,32,17,19,16,20,44,23,19,47,24,39,21,33,33,39,21,29,29,16,29,17,32,13,25,35,43,35,34,7,18,40,29,7,31,26,50,29,42,41,17,26,17,36,36,30,34,39,18,22,36,16,10,18,9,12,35,33,34,43,28,33,15,35,45,46,7,5,47,39,29,33,41,32,29,42,29,24,32,35,47,19]
tiempo_ultimo_agente_goal 54
tiempo_en_acabar 54
tiempo_promedio 28.094999
agentes_en_goal 200
bad_good_total_rate_pred [19454,15787,35241,0.4]
push_out_count 1763
RUN 25
valores_ideales [24,19,7,11,15,10,2,38,16,22,12,27,13,26,17,29,19,24,12,19,8,13,15,18,5,18,11,28,5,9,31,40,23,24,25,21,29,37,36,16,13,14,16,23,18,23,14,28,30,22,34,11,7,37,35,15,28,36,5,13,14,25,14,11,20,12,54,22,14,27,48,13,27,35,12,31,20,6,27,22,33,17,21,37,2,34,9,33,15,6,30,15,23,13,32,27,9,31,37,40,27,35,38,15,14,6,25,10,34,2,3,9,29,47,26,16,8,31,23,19,12,18,13,17,27,23,14,47,23,32,7,30,33,27,14,22,29,15,29,11,26,12,22,30,38,27,26,7,12,27,21,4,31,25,19,14,20,41,14,26,11,29,18,26,33,20,14,19,34,15,9,12,6,12,32,18,21,21,28,18,15,31,45,36,7,5,44,39,21,33,16,28,21,39,15,24,30,11,36,18]
costo_por_agente [26,25,15,15,23,16,2,38,22,22,12,27,15,26,17,29,27,24,26,19,14,15,21,28,13,22,15,30,5,9,31,40,29,24,25,27,35,37,36,16,17,18,24,29,18,35,18,30,32,22,34,13,15,37,35,17,28,36,7,15,18,25,16,13,26,20,54,22,16,31,48,23,27,35,14,37,28,6,27,26,35,29,21,37,2,38,21,33,21,6,34,21,23,13,36,31,11,31,37,42,27,35,40,17,14,6,29,16,36,2,3,9,29,47,28,16,8,35,29,23,14,18,13,23,29,23,26,47,23,34,19,30,33,29,18,24,29,19,29,21,26,12,22,32,42,31,28,7,12,27,25,8,31,27,31,26,32,41,14,26,17,29,28,30,35,28,22,21,34,15,9,18,6,12,32,28,21,25,28,18,19,37,47,36,15,5,44,39,25,35,24,32,21,39,23,24,32,19,36,20]
completion_time_por_agente [29,36,22,20,34,22,2,38,23,22,12,27,17,26,21,34,33,24,29,20,16,16,26,37,18,22,18,30,6,10,36,41,35,26,25,37,40,42,37,16,19,26,32,38,18,38,18,30,32,22,36,15,16,37,37,18,32,39,11,22,26,25,16,13,34,25,54,24,19,37,48,26,27,36,15,39,34,8,27,30,36,34,22,39,2,51,26,35,27,6,36,23,24,13,39,34,15,33,37,47,30,35,44,24,14,6,40,19,41,5,3,10,29,48,33,21,12,40,39,28,19,19,14,32,35,23,35,47,23,40,20,34,33,32,22,24,31,21,29,24,27,13,23,36,45,35,28,7,15,28,29,12,34,35,41,29,36,41,14,26,21,29,39,31,43,39,23,21,35,16,10,26,6,15,33,44,23,37,31,22,21,39,49,38,18,5,44,40,30,36,28,36,21,40,30,24,41,26,37,22]
tiempo_ultimo_agente_goal 54
tiempo_en_acabar 54
tiempo_promedio 27.520000
agentes_en_goal 200
bad_good_total_rate_pred [19890,15299,35189,0.4]
push_out_count 1803
RUN 26
valores_ideales [24,19,7,11,15,10,2,38,16,22,12,27,13,26,17,29,19,24,12,19,8,13,15,18,5,18,11,28,5,9,31,40,23,24,25,21,29,37,36,16,13,14,16,23,18,23,14,28,30,22,34,11,7,37,35,15,28,36,5,13,14,25,14,11,20,12,54,22,14,27,48,13,27,35,12,31,20,6,27,22,33,17,21,37,2,34,9,33,15,6,30,15,23,13,32,27,9,31,37,40,27,35,38,15,14,6,25,10,34,2,3,9,29,47,26,16,8,31,23,19,12,18,13,17,27,23,14,47,23,32,7,30,33,27,14,22,29,15,29,11,26,12,22,30,38,27,26,7,12,27,21,4,31,25,19,14,20,41,14,26,11,29,18,26,33,20,14,19,34,15,9,12,6,12,32,18,21,21,28,18,15,31,45,36,7,5,44,39,21,33,16,28,21,39,15,24,30,11,36,18]
costo_por_agente [30,25,7,13,25,28,2,38,18,22,14,27,13,28,17,37,27,28,20,27,8,13,17,22,13,18,11,36,5,9,31,40,31,24,25,23,31,37,36,18,17,16,16,25,18,29,28,30,32,22,36,13,19,39,35,21,30,36,5,13,16,25,16,11,26,20,54,22,32,27,48,31,29,35,12,31,22,6,27,28,33,31,23,37,2,38,11,33,19,6,42,17,25,13,38,31,17,31,37,40,31,39,46,23,14,6,25,26,36,2,7,11,29,47,28,22,10,31,23,25,16,18,15,17,27,23,18,47,23,36,9,30,33,27,20,22,29,17,29,13,34,12,24,34,40,27,26,7,14,33,31,6,31,37,27,28,30,41,14,26,11,35,26,42,41,30,22,29,36,15,9,16,6,16,32,30,23,33,28,26,17,35,45,36,11,5,44,39,35,33,26,32,25,39,21,26,32,25,42,18]
completion_time_por_agente [39,35,7,18,36,40,2,38,21,22,16,27,13,28,18,42,41,31,32,35,11,14,21,25,28,20,13,44,6,9,31,41,41,25,27,26,36,39,36,20,18,18,19,28,18,34,41,32,38,22,40,15,21,44,36,27,34,37,8,13,19,25,16,11,35,23,57,22,42,29,49,35,31,35,15,32,23,6,28,33,36,45,27,39,5,42,12,33,23,6,58,21,30,13,41,35,18,35,40,44,31,42,59,32,14,6,25,37,38,6,8,13,29,49,31,24,12,35,23,31,23,19,16,19,30,23,26,47,23,48,11,32,34,29,24,22,29,21,29,16,45,13,26,37,47,32,31,7,17,35,44,13,36,48,36,38,38,41,14,26,12,38,34,53,50,42,36,41,37,15,10,25,6,17,32,45,26,45,34,35,21,42,45,37,11,5,44,42,42,34,31,38,34,39,26,28,39,29,46,19]
tiempo_ultimo_agente_goal 59
tiempo_en_acabar 59
tiempo_promedio 28.705000
agentes_en_goal 200
bad_good_total_rate_pred [21386,16370,37756,0.4]
push_out_count 1873
RUN 27
valores_ideales [24,19,7,11,15,10,2,38,16,22,12,27,13,26,17,29,19,24,12,19,8,13,15,18,5,18,11,28,5,9,31,40,23,24,25,21,29,37,36,16,13,14,16,23,18,23,14,28,30,22,34,11,7,37,35,15,28,36,5,13,14,25,14,11,20,12,54,22,14,27,48,13,27,35,12,31,20,6,27,22,33,17,21,37,2,34,9,33,15,6,30,15,23,13,32,27,9,31,37,40,27,35,38,15,14,6,25,10,34,2,3,9,29,47,26,16,8,31,23,19,12,18,13,17,27,23,14,47,23,32,7,30,33,27,14,22,29,15,29,11,26,12,22,30,38,27,26,7,12,27,21,4,31,25,19,14,20,41,14,26,11,29,18,26,33,20,14,19,34,15,9,12,6,12,32,18,21,21,28,18,15,31,45,36,7,5,44,39,21,33,16,28,21,39,15,24,30,11,36,18]
costo_por_agente [24,25,27,13,23,32,2,38,16,22,16,27,13,28,19,33,31,24,22,27,8,15,23,24,13,18,11,34,5,9,31,40,27,26,25,23,33,37,36,20,15,20,16,23,18,33,30,32,38,22,34,13,7,37,35,15,34,36,7,23,22,25,14,11,26,16,54,22,20,31,48,15,31,37,12,31,22,6,27,24,33,21,21,37,2,38,19,33,15,6,30,19,29,13,36,27,13,33,37,40,27,39,46,25,14,26,25,30,34,2,13,11,29,47,26,18,14,31,23,25,14,18,15,17,31,23,16,47,25,36,23,30,33,29,26,24,29,15,29,29,26,14,24,32,38,27,26,7,16,29,23,6,31,29,31,18,28,41,14,28,13,31,20,36,35,32,20,21,34,17,11,16,6,16,36,34,27,35,28,20,21,37,45,36,7,5,44,39,33,33,22,30,21,43,19,36,32,21,38,18]
completion_time_por_agente [29,32,35,14,27,40,3,42,17,23,16,28,13,32,24,34,51,25,26,33,11,20,27,32,27,22,11,40,7,12,31,42,35,28,27,33,39,39,36,24,15,27,17,24,18,36,43,38,47,29,35,15,7,38,36,16,38,37,9,26,31,25,15,11,29,16,54,22,25,35,51,18,33,38,12,34,22,6,28,28,35,25,21,39,2,44,28,34,15,7,34,22,34,13,42,29,19,36,39,41,30,43,56,29,15,42,25,37,35,5,19,13,30,51,27,24,15,33,23,31,18,19,17,19,39,23,19,48,25,37,29,33,33,31,37,27,30,15,29,46,28,15,25,33,39,32,27,7,18,33,30,7,31,36,43,24,37,43,14,28,15,33,21,42,40,42,25,26,34,21,12,19,6,22,40,38,35,43,28,23,28,48,45,37,7,6,50,41,40,34,26,33,22,48,21,43,41,29,46,20]
tiempo_ultimo_agente_goal 56
tiempo_en_acabar 56
tiempo_promedio 28.334999
agentes_en_goal 200
bad_good_total_rate_pred [19919,15558,35477,0.4]
push_out_count 1940
RUN 28
valores_ideales [24,19,7,11,15,10,2,38,16,22,12,27,13,26,17,29,19,24,12,19,8,13,15,18,5,18,11,28,5,9,31,40,23,24,25,21,29,37,36,16,13,14,16,23,18,23,14,28,30,22,34,11,7,37,35,15,28,36,5,13,14,25,14,11,20,12,54,22,14,27,48,13,27,35,12,31,20,6,27,22,33,17,21,37,2,34,9,33,15,6,30,15,23,13,32,27,9,31,37,40,27,35,38,15,14,6,25,10,34,2,3,9,29,47,26,16,8,31,23,19,12,18,13,17,27,23,14,47,23,32,7,30,33,27,14,22,29,15,29,11,26,12,22,30,38,27,26,7,12,27,21,4,31,25,19,14,20,41,14,26,11,29,18,26,33,20,14,19,34,15,9,12,6,12,32,18,21,21,28,18,15,31,45,36,7,5,44,39,21,33,16,28,21,39,15,24,30,11,36,18]
costo_por_agente [32,29,7,15,29,20,2,38,16,22,12,27,15,28,17,29,25,26,22,21,10,13,33,26,7,34,13,32,5,9,31,42,29,26,25,25,33,37,36,16,15,14,22,23,18,27,22,34,34,22,34,25,7,37,37,27,34,36,7,15,18,25,14,11,24,14,56,26,30,31,48,27,39,35,12,31,22,6,27,30,37,31,23,37,2,36,13,33,19,6,30,15,27,13,36,31,25,33,37,40,35,35,40,25,14,24,25,26,34,2,3,11,29,49,28,16,14,31,23,25,14,20,15,17,33,23,20,47,25,34,11,30,33,35,18,22,29,15,29,19,34,14,24,30,40,33,28,7,12,31,23,8,31,33,33,24,24,41,14,26,13,31,20,34,35,30,26,25,34,15,11,14,6,12,34,28,27,21,28,18,15,31,45,38,9,5,46,39,25,33,18,32,21,39,29,24,34,11,40,20]
completion_time_por_agente [41,43,8,16,30,25,3,38,16,24,12,27,21,29,17,34,32,29,29,24,14,15,57,35,11,56,13,33,7,9,38,44,32,26,26,30,37,39,36,17,15,18,26,29,18,29,24,39,39,22,39,43,8,40,39,29,39,36,9,18,19,25,15,11,29,18,61,29,44,35,53,36,42,36,14,31,23,6,27,36,39,36,24,39,2,44,20,34,21,8,37,15,31,13,44,36,33,40,41,42,39,35,44,31,14,43,25,39,35,4,4,14,29,49,34,18,17,34,24,33,18,20,17,20,38,23,30,48,26,41,13,35,34,43,26,28,29,15,29,21,45,14,24,33,43,35,36,7,15,36,24,15,34,40,39,31,34,41,14,26,19,32,27,38,37,42,33,27,34,16,12,23,7,12,38,40,36,22,35,21,17,36,45,45,10,5,46,39,29,36,20,35,22,44,40,24,37,11,46,22]
tiempo_ultimo_agente_goal 61
tiempo_en_acabar 61
tiempo_promedio 28.430000
agentes_en_goal 200
bad_good_total_rate_pred [20899,15929,36828,0.4]
push_out_count 1998
RUN 29
valores_ideales [24,19,7,11,15,10,2,38,16,22,12,27,13,26,17,29,19,24,12,19,8,13,15,18,5,18,11,28,5,9,31,40,23,24,25,21,29,37,36,16,13,14,16,23,18,23,14,28,30,22,34,11,7,37,35,15,28,36,5,13,14,25,14,11,20,12,54,22,14,27,48,13,27,35,12,31,20,6,27,22,33,17,21,37,2,34,9,33,15,6,30,15,23,13,32,27,9,31,37,40,27,35,38,15,14,6,25,10,34,2,3,9,29,47,26,16,8,31,23,19,12,18,13,17,27,23,14,47,23,32,7,30,33,27,14,22,29,15,29,11,26,12,22,30,38,27,26,7,12,27,21,4,31,25,19,14,20,41,14,26,11,29,18,26,33,20,14,19,34,15,9,12,6,12,32,18,21,21,28,18,15,31,45,36,7,5,44,39,21,33,16,28,21,39,15,24,30,11,36,18]
costo_por_agente [24,31,7,15,25,22,2,38,16,22,12,27,13,28,17,29,29,26,18,25,8,23,19,22,13,22,11,30,11,9,31,46,27,24,25,27,33,37,36,16,17,20,18,23,18,27,18,30,36,22,34,25,13,37,39,19,30,36,5,23,20,25,20,19,22,14,54,22,24,33,48,19,31,35,12,31,34,6,27,24,35,27,27,37,2,40,19,33,17,8,40,23,25,13,36,31,17,31,39,40,31,35,40,17,14,6,25,32,34,2,7,11,31,47,28,18,12,31,23,27,14,18,17,19,33,23,24,47,23,38,9,34,35,27,26,22,31,15,29,25,26,14,30,30,38,31,28,7,24,31,23,6,33,31,37,32,32,41,16,26,11,31,28,36,37,32,14,25,34,21,17,18,6,12,34,28,23,31,28,20,15,35,45,36,7,7,44,39,29,33,26,28,27,41,17,28,38,29,40,18]
completion_time_por_agente [26,43,7,19,39,31,2,38,19,23,12,27,13,32,21,31,47,28,22,33,11,24,27,22,17,29,11,34,13,9,35,53,33,24,30,35,39,39,38,17,22,27,25,28,20,33,21,34,39,22,40,28,14,38,50,20,36,36,8,33,25,25,26,29,23,16,54,22,28,33,49,27,34,36,12,31,40,6,29,37,35,37,33,39,2,54,27,33,21,8,50,28,30,13,40,35,26,34,43,40,36,35,46,20,14,6,25,43,35,5,8,11,38,47,31,21,12,37,23,28,23,19,21,21,36,23,33,48,24,47,11,37,39,29,27,23,31,15,30,39,27,14,34,33,42,40,31,7,30,34,25,9,35,37,50,45,45,41,16,26,13,35,42,47,40,40,17,26,34,23,20,23,6,12,37,40,24,48,28,26,17,40,48,37,9,13,44,39,30,33,32,31,30,42,20,29,45,37,43,19]
tiempo_ultimo_agente_goal 54
tiempo_en_acabar 54
tiempo_promedio 28.870001
agentes_en_goal 200
bad_good_total_rate_pred [20107,16243,36350,0.4]
push_out_count 2090
RUN 30
valores_ideales [24,19,7,11,15,10,2,38,16,22,12,27,13,26,17,29,19,24,12,19,8,13,15,18,5,18,11,28,5,9,31,40,23,24,25,21,29,37,36,16,13,14,16,23,18,23,14,28,30,22,34,11,7,37,35,15,28,36,5,13,14,25,14,11,20,12,54,22,14,27,48,13,27,35,12,31,20,6,27,22,33,17,21,37,2,34,9,33,15,6,30,15,23,13,32,27,9,31,37,40,27,35,38,15,14,6,25,10,34,2,3,9,29,47,26,16,8,31,23,19,12,18,13,17,27,23,14,47,23,32,7,30,33,27,14,22,29,15,29,11,26,12,22,30,38,27,26,7,12,27,21,4,31,25,19,14,20,41,14,26,11,29,18,26,33,20,14,19,34,15,9,12,6,12,32,18,21,21,28,18,15,31,45,36,7,5,44,39,21,33,16,28,21,39,15,24,30,11,36,18]
costo_por_agente [26,25,7,11,23,24,4,38,16,22,12,29,13,28,17,29,21,26,24,27,8,13,17,26,11,20,11,28,5,9,31,42,33,26,25,31,35,37,36,18,23,16,18,29,18,29,16,30,34,22,34,13,25,37,35,21,32,36,13,13,14,25,16,13,32,14,54,22,32,29,48,29,35,35,12,31,22,8,27,22,39,27,27,37,2,38,21,33,21,6,32,19,29,13,42,31,15,31,37,40,29,35,40,17,14,6,25,28,34,2,7,13,31,47,26,16,14,31,23,23,14,18,15,19,29,23,16,47,23,38,7,30,33,29,20,22,29,15,29,11,28,12,24,32,38,29,30,7,14,31,21,10,33,41,27,24,28,41,14,26,13,33,20,34,33,26,26,25,34,17,11,14,6,12,32,34,27,31,28,20,15,33,45,36,7,5,44,39,23,33,30,34,45,45,27,24,30,13,46,20]
completion_time_por_agente [29,26,10,14,26,30,4,39,16,23,12,29,13,30,17,30,30,28,27,32,11,14,22,39,19,26,11,29,6,9,34,43,39,29,26,52,37,39,39,21,33,18,24,31,19,35,17,33,44,23,38,14,40,38,37,24,40,37,20,15,14,25,17,13,50,17,55,22,39,30,48,38,43,36,15,32,22,8,28,22,45,34,31,37,3,49,33,35,33,6,37,22,31,14,50,38,21,34,37,40,31,36,47,20,14,6,25,41,38,5,7,13,31,50,27,17,15,33,23,24,18,19,15,24,36,23,16,49,25,48,7,34,33,31,28,23,30,16,32,13,34,14,28,36,41,31,39,7,16,37,26,15,35,58,32,36,37,42,15,26,15,39,21,50,35,41,39,33,34,19,12,14,7,13,32,40,32,32,28,21,17,39,47,39,9,5,46,39,26,33,37,37,53,49,36,26,35,16,63,27]
tiempo_ultimo_agente_goal 63
tiempo_en_acabar 63
tiempo_promedio 28.290001
agentes_en_goal 200
bad_good_total_rate_pred [20887,16633,37520,0.4]
push_out_count 2163
RUN 31
valores_ideales [24,19,7,11,15,10,2,38,16,22,12,27,13,26,17,29,19,24,12,19,8,13,15,18,5,18,11,28,5,9,31,40,23,24,25,21,29,37,36,16,13,14,16,23,18,23,14,28,30,22,34,11,7,37,35,15,28,36,5,13,14,25,14,11,20,12,54,22,14,27,48,13,27,35,12,31,20,6,27,22,33,17,21,37,2,34,9,33,15,6,30,15,23,13,32,27,9,31,37,40,27,35,38,15,14,6,25,10,34,2,3,9,29,47,26,16,8,31,23,19,12,18,13,17,27,23,14,47,23,32,7,30,33,27,14,22,29,15,29,11,26,12,22,30,38,27,26,7,12,27,21,4,31,25,19,14,20,41,14,26,11,29,18,26,33,20,14,19,34,15,9,12,6,12,32,18,21,21,28,18,15,31,45,36,7,5,44,39,21,33,16,28,21,39,15,24,30,11,36,18]
costo_por_agente [28,23,7,13,29,24,2,38,18,22,12,27,17,30,17,29,29,24,28,21,10,17,19,28,9,22,11,34,9,9,31,42,27,26,25,25,33,37,36,16,15,18,18,27,18,27,20,28,34,22,36,21,7,37,35,19,36,36,7,13,16,25,16,11,34,16,54,22,26,27,48,19,33,37,12,31,22,6,29,30,33,17,23,37,2,34,19,35,23,6,36,19,23,13,36,31,21,31,37,44,31,35,40,23,14,6,25,34,34,4,3,9,29,47,26,20,12,31,23,25,16,20,15,17,31,23,22,47,23,34,9,30,33,31,18,22,29,17,29,25,28,12,24,30,38,27,32,7,16,31,23,4,31,27,21,28,30,41,16,26,19,31,20,32,39,32,32,25,34,15,13,18,14,12,32,32,25,31,28,24,15,31,45,36,7,5,44,39,23,33,28,30,23,39,21,24,30,15,40,18]
completion_time_por_agente [32,28,7,16,41,39,2,39,20,22,14,28,23,34,17,30,36,24,42,24,11,19,22,34,14,23,11,41,13,10,31,45,37,29,25,33,38,39,37,18,18,25,22,28,20,29,30,29,40,23,40,25,12,39,35,20,43,37,10,15,16,25,17,13,45,21,55,27,33,27,49,22,33,37,12,32,23,6,32,42,35,19,25,39,3,37,26,40,24,6,38,21,23,13,39,39,32,31,41,45,32,36,44,32,15,6,25,46,34,6,4,11,30,49,31,25,16,35,23,26,24,21,17,19,41,23,31,47,24,43,10,33,35,33,21,24,29,19,33,33,32,12,31,32,39,32,37,7,18,43,26,6,34,36,30,35,46,41,17,26,27,40,28,41,41,43,39,36,35,16,15,25,19,12,36,40,26,37,28,35,15,36,45,38,7,5,46,40,29,36,37,33,26,41,25,26,34,19,43,20]
tiempo_ultimo_agente_goal 55
tiempo_en_acabar 55
tiempo_promedio 28.084999
agentes_en_goal 200
bad_good_total_rate_pred [20282,15449,35731,0.4]
push_out_count 2219
RUN 32
valores_ideales [24,19,7,11,15,10,2,38,16,22,12,27,13,26,17,29,19,24,12,19,8,13,15,18,5,18,11,28,5,9,31,40,23,24,25,21,29,37,36,16,13,14,16,23,18,23,14,28,30,22,34,11,7,37,35,15,28,36,5,13,14,25,14,11,20,12,54,22,14,27,48,13,27,35,12,31,20,6,27,22,33,17,21,37,2,34,9,33,15,6,30,15,23,13,32,27,9,31,37,40,27,35,38,15,14,6,25,10,34,2,3,9,29,47,26,16,8,31,23,19,12,18,13,17,27,23,14,47,23,32,7,30,33,27,14,22,29,15,29,11,26,12,22,30,38,27,26,7,12,27,21,4,31,25,19,14,20,41,14,26,11,29,18,26,33,20,14,19,34,15,9,12,6,12,32,18,21,21,28,18,15,31,45,36,7,5,44,39,21,33,16,28,21,39,15,24,30,11,36,18]
costo_por_agente [24,25,7,13,17,28,2,38,16,22,16,27,13,30,17,33,21,26,20,41,10,19,19,22,5,24,25,40,5,9,33,40,29,28,29,25,33,37,36,18,15,28,16,37,18,31,28,30,36,22,36,15,19,39,35,27,30,36,11,15,18,25,14,13,28,12,54,24,28,29,48,17,31,43,12,31,22,6,29,34,37,21,21,37,2,36,27,33,17,6,44,17,31,13,40,31,19,31,37,40,27,35,42,23,14,6,27,18,38,4,5,9,29,47,28,22,14,31,25,27,14,18,15,19,37,23,22,47,23,36,11,30,33,27,14,32,29,15,29,13,44,14,24,32,38,31,28,7,22,33,25,6,31,31,37,14,24,41,14,26,13,33,24,30,37,26,20,35,34,17,11,14,6,12,32,28,27,25,34,28,21,37,45,36,7,5,44,39,23,33,28,28,23,39,17,24,32,23,38,18]
completion_time_por_agente [27,39,7,14,24,37,2,39,19,23,16,27,14,34,19,39,26,26,31,59,11,22,22,22,5,29,44,48,7,10,36,43,38,37,29,27,42,42,37,21,17,42,17,48,18,37,39,35,51,22,39,18,33,39,41,37,31,37,13,17,20,25,15,13,35,13,54,27,40,31,49,17,31,51,13,32,22,7,30,45,45,26,21,37,3,40,36,33,23,7,55,17,32,13,44,33,29,32,41,42,34,36,47,33,14,6,28,22,45,6,12,9,30,48,33,25,20,32,25,30,18,19,17,22,47,23,34,50,24,40,11,35,33,30,17,43,30,16,31,13,55,15,28,35,40,37,30,7,31,39,28,6,33,39,45,16,29,42,14,26,13,37,32,41,43,31,28,41,34,18,12,25,7,12,37,36,30,33,41,40,30,42,47,39,7,5,50,39,28,33,43,34,30,42,18,27,37,31,45,20]
tiempo_ultimo_agente_goal 59
tiempo_en_acabar 59
tiempo_promedio 29.125000
agentes_en_goal 200
bad_good_total_rate_pred [20835,16305,37140,0.4]
push_out_count 2312
RUN 33
valores_ideales [24,19,7,11,15,10,2,38,16,22,12,27,13,26,17,29,19,24,12,19,8,13,15,18,5,18,11,28,5,9,31,40,23,24,25,21,29,37,36,16,13,14,16,23,18,23,14,28,30,22,34,11,7,37,35,15,28,36,5,13,14,25,14,11,20,12,54,22,14,27,48,13,27,35,12,31,20,6,27,22,33,17,21,37,2,34,9,33,15,6,30,15,23,13,32,27,9,31,37,40,27,35,38,15,14,6,25,10,34,2,3,9,29,47,26,16,8,31,23,19,12,18,13,17,27,23,14,47,23,32,7,30,33,27,14,22,29,15,29,11,26,12,22,30,38,27,26,7,12,27,21,4,31,25,19,14,20,41,14,26,11,29,18,26,33,20,14,19,34,15,9,12,6,12,32,18,21,21,28,18,15,31,45,36,7,5,44,39,21,33,16,28,21,39,15,24,30,11,36,18]
costo_por_agente [28,29,7,11,31,24,2,38,18,22,12,27,19,28,17,33,21,24,28,19,10,13,21,26,9,20,15,32,5,9,31,42,27,26,29,25,31,37,38,16,19,18,18,25,18,35,36,28,36,22,34,19,13,37,43,25,30,36,7,17,16,25,16,13,36,16,54,24,24,27,48,15,27,35,12,31,22,6,27,28,35,23,21,37,2,34,11,33,25,8,34,23,27,13,36,33,17,33,37,40,29,35,40,23,14,6,25,26,34,4,3,11,29,47,26,22,18,31,23,25,18,18,15,19,27,23,20,47,23,42,9,32,35,35,18,24,29,15,29,17,30,12,26,32,38,27,28,7,14,27,25,6,31,33,29,22,26,41,14,26,25,33,24,32,35,28,20,27,34,17,11,20,8,20,32,38,31,31,32,18,15,35,45,36,9,5,44,39,25,33,20,28,27,39,25,26,36,15,36,20]
completion_time_por_agente [36,47,7,13,46,35,2,38,19,23,13,28,20,30,17,39,30,26,39,20,11,14,25,26,14,27,20,32,7,9,31,44,28,30,29,33,38,40,39,18,22,23,18,25,21,53,50,30,43,22,36,24,15,38,45,29,41,37,9,19,16,25,16,16,40,16,57,28,33,33,51,22,28,35,15,32,22,6,28,38,38,25,23,39,3,40,13,33,33,8,40,24,28,13,44,35,21,35,38,41,30,35,44,29,14,6,25,38,35,6,6,13,30,48,26,31,24,40,23,30,23,20,16,20,30,23,21,47,23,55,10,32,35,38,22,28,33,15,29,19,33,12,27,36,39,31,30,7,15,29,26,8,31,38,42,25,28,41,22,26,29,36,28,34,42,42,25,34,34,18,13,26,8,37,32,48,38,39,33,18,15,38,45,37,10,6,44,39,31,34,24,36,30,40,33,26,43,25,38,21]
tiempo_ultimo_agente_goal 57
tiempo_en_acabar 57
tiempo_promedio 28.105000
agentes_en_goal 200
bad_good_total_rate_pred [19693,16119,35812,0.5]
push_out_count 2375
RUN 34
valores_ideales [24,19,7,11,15,10,2,38,16,22,12,27,13,26,17,29,19,24,12,19,8,13,15,18,5,18,11,28,5,9,31,40,23,24,25,21,29,37,36,16,13,14,16,23,18,23,14,28,30,22,34,11,7,37,35,15,28,36,5,13,14,25,14,11,20,12,54,22,14,27,48,13,27,35,12,31,20,6,27,22,33,17,21,37,2,34,9,33,15,6,30,15,23,13,32,27,9,31,37,40,27,35,38,15,14,6,25,10,34,2,3,9,29,47,26,16,8,31,23,19,12,18,13,17,27,23,14,47,23,32,7,30,33,27,14,22,29,15,29,11,26,12,22,30,38,27,26,7,12,27,21,4,31,25,19,14,20,41,14,26,11,29,18,26,33,20,14,19,34,15,9,12,6,12,32,18,21,21,28,18,15,31,45,36,7,5,44,39,21,33,16,28,21,39,15,24,30,11,36,18]
costo_por_agente [26,23,25,13,29,22,2,38,16,24,12,27,25,26,17,31,33,24,20,27,10,23,21,26,21,18,11,28,7,9,31,40,27,28,25,27,33,37,36,18,21,16,20,23,20,25,28,32,38,22,34,13,11,37,35,21,30,36,7,13,18,25,16,11,38,22,54,30,24,29,48,25,37,35,12,31,22,6,27,24,39,17,21,37,2,34,17,33,17,6,36,15,25,13,36,29,13,33,37,40,29,35,40,19,14,6,29,26,36,2,3,15,29,47,26,18,12,33,23,27,12,18,15,17,29,23,24,47,23,38,9,30,33,29,22,24,29,17,29,11,26,18,24,32,38,33,28,7,16,31,33,6,31,31,31,26,26,41,14,28,11,29,24,30,39,32,30,25,36,17,9,20,6,12,32,28,23,31,28,24,15,33,45,36,13,5,44,39,31,33,28,28,21,39,33,24,32,21,38,20]
completion_time_por_agente [33,30,37,14,32,30,2,39,19,24,12,27,40,27,17,35,48,25,24,29,11,31,21,37,31,22,11,31,8,10,31,42,28,36,25,35,38,39,37,18,31,22,27,23,32,29,38,40,49,23,37,20,17,37,36,23,35,36,7,15,23,25,16,11,43,34,55,42,26,32,48,32,41,35,13,32,24,6,28,24,40,17,26,39,2,37,21,35,22,7,39,15,26,13,42,31,20,36,40,40,31,37,42,21,14,6,30,34,42,3,4,15,30,48,30,20,17,38,24,40,24,20,16,20,33,23,33,47,23,50,9,33,33,35,27,24,30,17,29,14,27,25,25,32,41,37,29,7,18,33,43,13,31,40,35,39,30,41,14,28,13,37,40,34,46,46,38,29,37,18,10,30,7,13,34,38,27,40,28,32,17,36,45,36,17,6,44,40,36,33,36,31,22,43,41,26,42,26,44,20]
tiempo_ultimo_agente_goal 55
tiempo_en_acabar 55
tiempo_promedio 28.465000
agentes_en_goal 200
bad_good_total_rate_pred [20580,16316,36896,0.4]
push_out_count 2448
RUN 35
valores_ideales [24,19,7,11,15,10,2,38,16,22,12,27,13,26,17,29,19,24,12,19,8,13,15,18,5,18,11,28,5,9,31,40,23,24,25,21,29,37,36,16,13,14,16,23,18,23,14,28,30,22,34,11,7,37,35,15,28,36,5,13,14,25,14,11,20,12,54,22,14,27,48,13,27,35,12,31,20,6,27,22,33,17,21,37,2,34,9,33,15,6,30,15,23,13,32,27,9,31,37,40,27,35,38,15,14,6,25,10,34,2,3,9,29,47,26,16,8,31,23,19,12,18,13,17,27,23,14,47,23,32,7,30,33,27,14,22,29,15,29,11,26,12,22,30,38,27,26,7,12,27,21,4,31,25,19,14,20,41,14,26,11,29,18,26,33,20,14,19,34,15,9,12,6,12,32,18,21,21,28,18,15,31,45,36,7,5,44,39,21,33,16,28,21,39,15,24,30,11,36,18]
costo_por_agente [26,27,21,13,21,28,2,40,16,22,12,29,13,26,17,29,31,26,22,21,10,17,17,22,15,24,11,32,5,9,41,40,37,38,25,25,31,37,36,18,17,18,20,41,26,35,16,32,42,22,36,15,11,39,35,19,30,36,7,13,18,25,14,11,20,18,54,26,22,27,50,25,29,35,12,31,30,14,27,24,43,23,25,37,2,38,15,33,15,6,36,19,23,13,42,31,13,31,37,40,29,37,42,27,14,8,25,24,36,4,3,13,31,47,26,16,8,33,23,33,18,18,17,17,29,25,22,47,23,38,9,32,35,35,22,22,33,15,29,13,28,12,30,34,42,29,38,7,14,33,25,4,31,31,31,22,28,41,14,28,11,35,24,30,39,22,30,19,34,17,15,30,6,12,32,32,23,37,28,28,17,35,47,36,9,5,44,39,21,33,20,30,31,45,29,24,32,19,40,18]
completion_time_por_agente [28,36,37,15,27,35,2,40,17,23,12,29,13,27,20,29,49,29,30,24,14,17,18,24,17,27,11,35,6,9,47,41,54,45,25,30,32,39,36,20,22,26,27,51,31,43,17,32,56,23,39,16,12,44,36,23,37,36,8,15,19,25,16,12,21,25,54,29,25,29,54,35,29,39,12,33,31,19,27,33,51,27,29,40,3,50,21,34,16,7,40,22,23,13,52,33,20,41,39,41,35,39,50,32,14,8,25,37,39,6,3,14,35,49,29,19,9,37,23,39,23,21,18,19,35,29,28,47,25,45,9,32,37,38,36,28,37,15,29,13,33,12,35,38,51,30,38,7,18,43,34,6,33,39,41,33,33,41,15,28,11,40,32,34,49,30,47,24,34,17,21,49,6,12,35,46,25,56,31,35,18,42,48,42,10,5,44,39,21,34,24,32,39,55,35,26,35,23,51,21]
tiempo_ultimo_agente_goal 56
tiempo_en_acabar 56
tiempo_promedio 29.120001
agentes_en_goal 200
bad_good_total_rate_pred [20782,16901,37683,0.4]
push_out_count 2533
RUN 36
valores_ideales [24,19,7,11,15,10,2,38,16,22,12,27,13,26,17,29,19,24,12,19,8,13,15,18,5,18,11,28,5,9,31,40,23,24,25,21,29,37,36,16,13,14,16,23,18,23,14,28,30,22,34,11,7,37,35,15,28,36,5,13,14,25,14,11,20,12,54,22,14,27,48,13,27,35,12,31,20,6,27,22,33,17,21,37,2,34,9,33,15,6,30,15,23,13,32,27,9,31,37,40,27,35,38,15,14,6,25,10,34,2,3,9,29,47,26,16,8,31,23,19,12,18,13,17,27,23,14,47,23,32,7,30,33,27,14,22,29,15,29,11,26,12,22,30,38,27,26,7,12,27,21,4,31,25,19,14,20,41,14,26,11,29,18,26,33,20,14,19,34,15,9,12,6,12,32,18,21,21,28,18,15,31,45,36,7,5,44,39,21,33,16,28,21,39,15,24,30,11,36,18]
costo_por_agente [26,29,7,13,27,30,2,38,18,22,12,27,19,28,21,31,35,24,32,25,8,13,27,40,11,22,11,34,9,9,37,40,23,26,33,31,37,37,36,16,19,16,16,27,20,31,16,32,30,22,34,15,21,39,37,17,30,36,9,15,16,25,14,11,34,12,54,22,24,27,48,27,33,35,12,31,22,6,27,32,33,17,23,37,2,44,17,33,25,6,32,21,23,13,38,41,21,31,37,40,29,35,40,31,14,6,25,34,34,2,5,9,31,47,30,24,16,31,23,33,14,18,15,19,27,23,24,47,23,40,7,30,33,29,16,24,29,15,29,13,34,12,24,32,38,35,32,7,18,29,25,8,33,33,29,24,36,41,14,26,11,31,24,32,35,30,20,27,34,15,9,34,6,12,32,32,31,35,30,20,15,33,45,38,23,5,44,39,27,33,32,28,21,41,31,24,32,15,36,20]
completion_time_por_agente [34,45,7,13,38,33,2,39,19,22,12,27,22,30,26,35,51,26,39,35,8,13,47,52,18,23,14,40,9,9,44,44,31,27,38,48,49,40,38,16,24,24,22,32,20,33,20,35,34,22,40,17,27,42,41,19,44,38,11,15,16,26,15,11,41,13,56,22,35,27,48,35,36,35,14,31,23,6,28,40,39,17,24,39,3,60,27,33,29,6,39,23,25,13,45,47,41,33,39,47,30,38,41,41,14,6,25,42,37,3,5,13,31,47,37,37,25,38,23,40,23,19,17,20,30,23,34,52,24,54,7,31,33,35,20,26,29,16,30,15,40,12,32,35,44,49,43,7,24,29,29,9,38,34,41,32,46,41,14,26,13,36,32,44,43,41,29,30,34,15,10,55,7,12,33,44,35,43,36,26,15,37,45,44,44,5,44,41,32,33,41,33,22,44,36,24,38,20,42,25]
tiempo_ultimo_agente_goal 60
tiempo_en_acabar 60
tiempo_promedio 29.645000
agentes_en_goal 200
bad_good_total_rate_pred [22470,16887,39357,0.4]
push_out_count 2633
RUN 37
valores_ideales [24,19,7,11,15,10,2,38,16,22,12,27,13,26,17,29,19,24,12,19,8,13,15,18,5,18,11,28,5,9,31,40,23,24,25,21,29,37,36,16,13,14,16,23,18,23,14,28,30,22,34,11,7,37,35,15,28,36,5,13,14,25,14,11,20,12,54,22,14,27,48,13,27,35,12,31,20,6,27,22,33,17,21,37,2,34,9,33,15,6,30,15,23,13,32,27,9,31,37,40,27,35,38,15,14,6,25,10,34,2,3,9,29,47,26,16,8,31,23,19,12,18,13,17,27,23,14,47,23,32,7,30,33,27,14,22,29,15,29,11,26,12,22,30,38,27,26,7,12,27,21,4,31,25,19,14,20,41,14,26,11,29,18,26,33,20,14,19,34,15,9,12,6,12,32,18,21,21,28,18,15,31,45,36,7,5,44,39,21,33,16,28,21,39,15,24,30,11,36,18]
costo_por_agente [24,31,7,13,25,32,4,38,18,22,12,29,19,32,17,29,31,24,36,21,8,15,15,36,5,18,11,34,5,9,31,40,27,26,25,31,35,41,36,20,17,14,16,29,18,31,34,28,30,22,36,13,7,41,37,17,36,36,7,13,18,25,16,11,28,14,54,22,20,27,48,27,31,35,12,31,28,6,29,30,35,29,21,37,2,34,27,33,15,6,34,17,25,13,42,27,17,33,37,40,31,35,40,19,14,8,27,26,36,4,3,11,29,47,28,20,18,35,23,29,14,20,15,21,27,23,28,47,23,40,9,30,33,27,28,24,29,15,29,19,32,24,24,38,40,29,32,7,12,27,25,8,31,33,29,28,30,41,14,26,15,37,30,28,33,26,30,21,34,17,11,20,8,14,32,30,33,33,28,18,15,33,45,36,7,5,44,39,25,33,20,30,21,39,19,24,32,29,40,20]
completion_time_por_agente [31,43,8,15,37,45,5,39,19,23,12,29,28,34,17,29,50,25,46,23,9,18,16,48,7,22,13,37,6,9,42,40,30,28,26,41,41,45,37,24,19,20,16,31,19,35,54,30,32,22,39,14,7,47,41,21,41,36,9,15,22,26,16,11,34,14,54,24,32,27,48,39,33,39,12,31,33,6,30,40,38,40,22,39,2,45,53,33,15,7,39,17,28,13,50,30,31,35,42,40,40,36,47,25,15,10,28,31,36,5,3,14,29,49,35,28,31,45,26,37,26,21,17,22,31,23,50,48,23,52,9,35,33,33,39,24,30,16,29,30,33,39,25,46,43,33,39,7,12,30,27,12,31,40,37,45,38,41,14,26,15,49,43,33,44,31,48,25,34,18,11,28,10,16,33,39,40,43,31,18,15,38,45,41,7,5,47,39,27,33,30,34,21,41,22,24,36,40,44,23]
tiempo_ultimo_agente_goal 54
tiempo_en_acabar 54
tiempo_promedio 29.174999
agentes_en_goal 200
bad_good_total_rate_pred [20480,16716,37196,0.4]
push_out_count 2726
RUN 38
valores_ideales [24,19,7,11,15,10,2,38,16,22,12,27,13,26,17,29,19,24,12,19,8,13,15,18,5,18,11,28,5,9,31,40,23,24,25,21,29,37,36,16,13,14,16,23,18,23,14,28,30,22,34,11,7,37,35,15,28,36,5,13,14,25,14,11,20,12,54,22,14,27,48,13,27,35,12,31,20,6,27,22,33,17,21,37,2,34,9,33,15,6,30,15,23,13,32,27,9,31,37,40,27,35,38,15,14,6,25,10,34,2,3,9,29,47,26,16,8,31,23,19,12,18,13,17,27,23,14,47,23,32,7,30,33,27,14,22,29,15,29,11,26,12,22,30,38,27,26,7,12,27,21,4,31,25,19,14,20,41,14,26,11,29,18,26,33,20,14,19,34,15,9,12,6,12,32,18,21,21,28,18,15,31,45,36,7,5,44,39,21,33,16,28,21,39,15,24,30,11,36,18]
costo_por_agente [36,33,7,13,21,26,2,38,18,22,12,27,13,28,17,29,23,26,22,27,8,13,23,34,5,22,11,34,5,9,31,44,27,26,25,25,33,37,36,16,15,22,18,23,18,25,26,30,44,22,34,23,11,37,39,17,32,36,11,17,22,25,14,11,28,14,54,24,18,31,48,19,29,35,12,31,22,6,29,22,35,17,23,37,2,34,27,33,21,6,32,17,27,13,36,27,17,31,37,40,27,35,40,19,14,6,25,14,34,4,5,9,31,47,28,18,14,31,23,25,14,18,13,17,31,23,22,51,25,38,11,30,33,35,24,22,29,15,31,19,26,12,28,30,38,29,26,7,22,31,25,6,31,31,29,30,24,41,14,28,13,33,28,32,35,26,18,33,34,15,9,16,16,18,32,20,31,29,28,36,23,33,45,42,11,5,44,39,27,33,20,32,39,39,19,24,42,19,36,20]
completion_time_por_agente [48,48,7,13,25,34,2,39,19,22,12,27,13,31,21,31,23,30,28,28,9,14,32,44,5,27,14,41,6,9,34,52,33,27,25,36,36,40,40,18,16,29,22,23,18,26,33,32,54,23,35,25,12,39,43,18,35,38,14,18,23,26,15,13,37,18,55,26,26,34,51,21,40,35,13,35,23,6,31,32,40,25,24,40,2,38,39,35,24,7,36,18,31,13,41,29,26,34,39,41,29,35,46,25,15,6,25,14,35,6,6,13,34,50,29,24,19,34,23,28,17,19,14,19,35,23,28,53,25,42,11,33,34,41,30,24,29,15,32,25,26,16,30,32,40,32,28,7,28,35,28,8,31,34,43,32,26,42,14,28,15,36,46,38,41,36,22,41,36,16,10,27,20,18,39,27,38,40,29,53,26,38,45,47,12,5,45,40,30,35,33,44,39,39,20,25,59,22,37,23]
tiempo_ultimo_agente_goal 59
tiempo_en_acabar 59
tiempo_promedio 28.174999
agentes_en_goal 200
bad_good_total_rate_pred [19444,16350,35794,0.5]
push_out_count 2788
RUN 39
valores_ideales [24,19,7,11,15,10,2,38,16,22,12,27,13,26,17,29,19,24,12,19,8,13,15,18,5,18,11,28,5,9,31,40,23,24,25,21,29,37,36,16,13,14,16,23,18,23,14,28,30,22,34,11,7,37,35,15,28,36,5,13,14,25,14,11,20,12,54,22,14,27,48,13,27,35,12,31,20,6,27,22,33,17,21,37,2,34,9,33,15,6,30,15,23,13,32,27,9,31,37,40,27,35,38,15,14,6,25,10,34,2,3,9,29,47,26,16,8,31,23,19,12,18,13,17,27,23,14,47,23,32,7,30,33,27,14,22,29,15,29,11,26,12,22,30,38,27,26,7,12,27,21,4,31,25,19,14,20,41,14,26,11,29,18,26,33,20,14,19,34,15,9,12,6,12,32,18,21,21,28,18,15,31,45,36,7,5,44,39,21,33,16,28,21,39,15,24,30,11,36,18]
costo_por_agente [28,33,7,15,19,38,4,38,16,24,14,27,25,26,17,39,23,24,32,25,8,13,23,30,11,18,11,32,7,11,31,40,37,24,29,25,37,37,36,16,21,18,20,27,18,37,30,34,30,24,36,19,9,39,37,15,32,36,9,17,14,25,18,13,32,22,54,22,34,27,48,29,31,37,12,37,22,6,27,30,39,27,25,37,2,38,17,33,17,6,32,15,23,13,38,37,15,33,37,40,35,35,44,27,14,6,25,30,36,4,3,11,37,47,28,16,10,31,23,31,18,18,17,17,29,23,18,47,23,38,9,36,33,33,20,24,29,15,31,11,34,18,22,30,38,31,26,7,16,33,23,10,31,35,23,28,28,41,14,28,19,35,18,34,37,28,30,21,34,19,9,22,6,12,32,24,25,35,30,20,15,31,45,42,17,5,44,39,25,35,22,28,21,39,17,24,34,27,36,20]
completion_time_por_agente [31,51,7,17,24,51,4,39,16,26,14,27,33,26,20,44,27,26,47,34,8,13,28,43,13,18,14,36,7,11,32,40,43,25,31,38,42,39,42,17,23,28,24,35,20,46,52,44,33,25,42,21,14,41,41,17,39,38,13,23,14,25,21,13,39,24,54,22,51,28,50,45,33,40,14,40,23,7,28,41,43,31,36,39,3,44,27,34,22,7,36,15,23,14,43,39,21,40,37,40,39,37,54,35,15,6,25,44,37,6,6,11,38,48,35,21,11,35,23,41,23,19,25,19,31,23,21,47,23,42,11,42,35,43,25,28,30,16,38,12,40,20,22,32,42,34,26,7,18,36,26,15,33,46,32,31,35,41,16,28,23,36,18,47,43,39,39,25,34,20,11,28,7,12,36,34,29,47,31,22,17,37,45,47,23,5,46,39,31,38,29,33,29,40,19,24,41,40,44,24]
tiempo_ultimo_agente_goal 54
tiempo_en_acabar 54
tiempo_promedio 29.305000
agentes_en_goal 200
bad_good_total_rate_pred [22058,16106,38164,0.4]
push_out_count 2864
