RUN 0
valores_ideales [7,11,4,10,42,43,39,37,19,19,6,17,37,13,17,7,41,12,33,25,41,8,46,27,28,15,23,40,25,28,27,22,20,5,33,16,29,15,16,14,13,41,36,16,23,4,34,14,25,8,5,15,22,36,21,18,5,5,10,41,24,32,47,39,22,12,36,20,10,8,38,15,6,16,21,12,12,13,7,34,22,29,41,35,24,37,32,14,13,30,34,7,26,25,29,49,31,38,6,32,10,11,36,21,13,27,9,32,28,42,21,5,23,20,30,37,41,28,40,20,9,40,10,29,17,17,31,37,14,4,4,19,15,25,50,5,19,25,31,38,31,39,47,34,38,14,30,34,19,18,9,7,29,18,44,34,21,17,14,33,27,35,37,21,27,26,3,36,11,15,37,16,17,35,8,12,16,12,21,26,21,9,25,15,7,21,10,29,41,17]
costo_por_agente [9,11,10,10,42,57,89,103,115,25,8,25,141,13,17,13,97,14,97,29,83,18,80,85,28,27,23,96,35,36,137,38,42,7,53,20,35,75,110,18,155,107,120,18,45,4,104,20,45,8,5,19,48,88,23,34,5,5,10,103,128,64,141,87,66,14,82,76,16,8,110,89,6,28,21,16,18,13,7,36,102,33,57,75,114,107,38,16,85,42,146,7,54,43,113,55,39,108,18,60,10,13,54,25,19,65,29,126,80,42,21,7,81,138,42,93,123,68,82,70,37,136,10,79,37,91,63,85,14,4,8,23,17,31,96,7,115,121,33,100,31,89,101,38,126,90,42,62,21,120,9,11,41,102,102,38,89,77,22,85,37,41,51,25,83,34,21,130,15,25,43,16,97,51,10,20,20,38,35,86,23,17,95,25,9,27,16,39,59,21]
completion_time_por_agente [13,11,13,11,42,82,148,176,208,29,18,33,233,14,19,14,150,17,186,37,138,22,133,133,32,42,23,166,59,52,248,52,48,8,84,21,40,117,205,24,254,171,196,21,73,4,181,23,70,8,5,20,78,159,24,63,5,5,10,171,217,124,229,152,104,17,143,125,17,8,190,183,7,41,21,18,28,14,12,51,163,39,89,127,198,197,39,21,174,64,245,9,87,50,194,74,51,207,27,98,10,14,94,28,22,113,55,220,127,46,21,9,160,243,77,162,222,107,144,120,60,262,10,136,48,178,113,118,14,6,10,28,20,40,172,7,204,229,47,166,33,144,166,46,199,181,55,102,24,225,9,17,51,180,156,39,134,144,34,156,47,51,87,32,170,42,26,232,24,45,61,16,156,73,17,21,23,58,49,147,23,23,162,36,13,35,20,71,76,24]
tiempo_ultimo_agente_goal 262
tiempo_en_acabar 262
tiempo_promedio 85.857895
agentes_en_goal 190
bad_good_total_rate_pred [81386,60631,142017,0.4]
push_out_count 1311
RUN 1
valores_ideales [7,11,4,10,42,43,39,37,19,19,6,17,37,13,17,7,41,12,33,25,41,8,46,27,28,15,23,40,25,28,27,22,20,5,33,16,29,15,16,14,13,41,36,16,23,4,34,14,25,8,5,15,22,36,21,18,5,5,10,41,24,32,47,39,22,12,36,20,10,8,38,15,6,16,21,12,12,13,7,34,22,29,41,35,24,37,32,14,13,30,34,7,26,25,29,49,31,38,6,32,10,11,36,21,13,27,9,32,28,42,21,5,23,20,30,37,41,28,40,20,9,40,10,29,17,17,31,37,14,4,4,19,15,25,50,5,19,25,31,38,31,39,47,34,38,14,30,34,19,18,9,7,29,18,44,34,21,17,14,33,27,35,37,21,27,26,3,36,11,15,37,16,17,35,8,12,16,12,21,26,21,9,25,15,7,21,10,29,41,17]
costo_por_agente [9,11,12,12,42,59,141,157,163,23,16,35,113,33,19,11,59,12,161,29,77,8,110,77,36,15,43,134,31,84,83,30,28,9,85,18,69,115,180,14,163,161,178,18,79,4,126,24,101,8,7,15,48,72,35,62,5,9,10,121,184,74,123,141,148,16,106,82,42,10,148,123,6,26,21,24,22,15,11,76,134,41,159,95,80,127,34,28,21,58,156,7,66,49,147,83,37,94,8,76,10,11,110,23,13,89,9,144,96,48,23,9,75,172,92,139,45,120,40,116,9,60,10,155,27,151,123,167,14,4,6,29,15,31,50,7,183,89,65,100,31,87,165,36,92,72,40,158,27,190,13,7,161,36,100,34,185,83,20,91,55,63,59,21,119,38,9,100,17,33,81,16,151,65,16,18,24,22,27,60,21,11,137,29,9,25,12,183,63,21]
completion_time_por_agente [15,13,23,14,43,81,241,246,296,29,36,52,167,51,20,13,81,12,291,37,132,9,170,116,39,18,49,216,41,120,141,42,35,9,142,21,104,197,316,16,245,276,319,23,133,4,247,31,170,11,8,16,68,104,54,109,5,12,10,224,342,112,204,227,228,19,182,124,68,12,228,237,7,28,22,38,35,18,18,115,260,62,278,126,109,216,36,39,25,77,304,9,118,68,258,110,50,151,10,132,10,15,193,32,20,141,12,266,155,75,24,18,136,274,170,207,51,195,49,176,9,97,10,231,34,270,215,256,14,4,9,31,15,45,63,7,305,168,103,148,37,135,259,39,156,133,56,292,34,328,17,14,302,54,167,34,312,152,26,125,78,103,91,23,194,47,13,159,21,42,126,16,239,108,27,19,34,32,34,107,22,16,229,42,9,29,16,330,92,27]
tiempo_ultimo_agente_goal 342
tiempo_en_acabar 342
tiempo_promedio 103.763161
agentes_en_goal 190
bad_good_total_rate_pred [101651,67954,169605,0.4]
push_out_count 3078
RUN 2
valores_ideales [7,11,4,10,42,43,39,37,19,19,6,17,37,13,17,7,41,12,33,25,41,8,46,27,28,15,23,40,25,28,27,22,20,5,33,16,29,15,16,14,13,41,36,16,23,4,34,14,25,8,5,15,22,36,21,18,5,5,10,41,24,32,47,39,22,12,36,20,10,8,38,15,6,16,21,12,12,13,7,34,22,29,41,35,24,37,32,14,13,30,34,7,26,25,29,49,31,38,6,32,10,11,36,21,13,27,9,32,28,42,21,5,23,20,30,37,41,28,40,20,9,40,10,29,17,17,31,37,14,4,4,19,15,25,50,5,19,25,31,38,31,39,47,34,38,14,30,34,19,18,9,7,29,18,44,34,21,17,14,33,27,35,37,21,27,26,3,36,11,15,37,16,17,35,8,12,16,12,21,26,21,9,25,15,7,21,10,29,41,17]
costo_por_agente [7,13,8,10,46,95,67,99,127,33,6,31,103,13,29,11,63,14,85,31,75,18,116,81,32,29,23,120,47,38,135,44,32,11,59,16,39,17,158,16,177,83,164,20,125,4,104,30,71,12,7,17,52,52,29,122,5,5,10,119,156,120,61,129,70,18,66,112,16,8,166,51,6,20,21,28,32,13,7,44,64,33,43,47,118,153,42,48,51,52,142,7,112,45,117,127,47,126,6,48,10,17,58,29,13,125,11,82,104,48,21,5,111,162,82,45,43,118,52,150,9,94,14,177,55,153,159,143,18,8,6,59,17,27,50,7,155,103,117,44,59,81,159,34,84,156,58,118,41,60,21,13,87,26,78,34,151,105,18,155,33,41,43,31,141,38,11,142,23,21,45,18,129,47,28,28,24,32,35,130,29,15,41,39,9,29,10,121,135,23]
completion_time_por_agente [7,13,11,10,51,139,81,166,207,41,8,45,163,14,39,19,107,15,129,37,117,21,163,157,36,45,24,207,73,43,217,77,51,13,80,19,54,24,275,21,272,125,235,20,204,4,172,54,121,15,7,18,89,71,39,231,5,5,10,192,269,219,84,195,101,26,94,172,20,8,257,84,7,21,22,44,56,13,14,55,97,35,54,67,174,253,43,90,72,79,257,9,194,68,210,221,68,201,8,58,10,22,97,43,15,210,12,141,163,57,22,6,201,278,141,56,54,208,67,267,10,152,14,298,90,259,250,238,18,12,8,95,21,32,54,7,220,187,231,56,87,136,269,34,138,280,82,176,69,97,32,20,149,36,124,35,278,190,19,242,47,58,48,40,267,47,14,257,30,24,53,21,225,62,49,39,27,34,42,216,39,16,59,56,10,29,13,177,231,36]
tiempo_ultimo_agente_goal 298
tiempo_en_acabar 298
tiempo_promedio 94.778946
agentes_en_goal 190
bad_good_total_rate_pred [81384,56995,138379,0.4]
push_out_count 4699
RUN 3
valores_ideales [7,11,4,10,42,43,39,37,19,19,6,17,37,13,17,7,41,12,33,25,41,8,46,27,28,15,23,40,25,28,27,22,20,5,33,16,29,15,16,14,13,41,36,16,23,4,34,14,25,8,5,15,22,36,21,18,5,5,10,41,24,32,47,39,22,12,36,20,10,8,38,15,6,16,21,12,12,13,7,34,22,29,41,35,24,37,32,14,13,30,34,7,26,25,29,49,31,38,6,32,10,11,36,21,13,27,9,32,28,42,21,5,23,20,30,37,41,28,40,20,9,40,10,29,17,17,31,37,14,4,4,19,15,25,50,5,19,25,31,38,31,39,47,34,38,14,30,34,19,18,9,7,29,18,44,34,21,17,14,33,27,35,37,21,27,26,3,36,11,15,37,16,17,35,8,12,16,12,21,26,21,9,25,15,7,21,10,29,41,17]
costo_por_agente [9,11,12,10,42,81,73,123,113,21,12,29,71,15,23,9,59,14,81,39,69,12,180,105,30,31,31,120,45,40,149,34,28,7,63,20,45,117,134,18,71,181,136,16,83,4,96,30,67,8,7,19,34,72,21,58,5,5,10,137,68,42,99,133,156,12,48,50,40,8,70,175,6,24,21,22,136,13,13,66,130,31,63,103,110,133,36,16,33,48,94,9,148,43,131,55,37,180,6,40,10,17,116,23,15,137,23,76,60,160,21,25,85,108,148,51,89,110,42,126,27,106,10,35,31,151,163,185,14,6,6,25,15,29,64,7,147,143,87,86,35,107,89,34,100,88,54,60,41,166,9,17,55,118,90,34,89,59,38,103,53,55,63,21,103,32,21,80,13,19,43,16,119,89,12,24,20,102,41,130,25,11,51,21,7,29,12,83,45,23]
completion_time_por_agente [13,11,23,11,46,110,100,204,211,25,19,43,117,16,25,13,82,15,123,49,100,23,297,203,34,43,42,206,71,61,247,40,37,9,99,21,61,198,244,20,100,298,225,18,139,4,143,46,112,12,7,28,47,113,23,106,5,6,10,219,138,51,136,200,246,13,72,61,53,9,106,321,8,30,23,38,283,15,23,123,221,33,89,180,171,207,39,22,46,79,145,11,239,58,189,70,50,284,8,48,10,20,194,28,18,221,40,141,82,272,23,37,157,169,279,61,136,183,46,217,46,161,10,39,40,262,261,317,14,9,7,29,19,36,86,7,293,237,172,150,48,157,123,35,163,182,86,101,62,310,9,29,105,166,145,37,169,111,68,177,72,77,105,21,181,40,34,111,13,27,47,17,208,142,16,38,23,145,63,219,32,12,89,24,8,39,13,141,50,31]
tiempo_ultimo_agente_goal 321
tiempo_en_acabar 321
tiempo_promedio 94.531578
agentes_en_goal 190
bad_good_total_rate_pred [83303,57893,141196,0.4]
push_out_count 6345
RUN 4
valores_ideales [7,11,4,10,42,43,39,37,19,19,6,17,37,13,17,7,41,12,33,25,41,8,46,27,28,15,23,40,25,28,27,22,20,5,33,16,29,15,16,14,13,41,36,16,23,4,34,14,25,8,5,15,22,36,21,18,5,5,10,41,24,32,47,39,22,12,36,20,10,8,38,15,6,16,21,12,12,13,7,34,22,29,41,35,24,37,32,14,13,30,34,7,26,25,29,49,31,38,6,32,10,11,36,21,13,27,9,32,28,42,21,5,23,20,30,37,41,28,40,20,9,40,10,29,17,17,31,37,14,4,4,19,15,25,50,5,19,25,31,38,31,39,47,34,38,14,30,34,19,18,9,7,29,18,44,34,21,17,14,33,27,35,37,21,27,26,3,36,11,15,37,16,17,35,8,12,16,12,21,26,21,9,25,15,7,21,10,29,41,17]
costo_por_agente [7,13,6,10,42,53,111,61,51,23,30,35,127,13,19,17,63,12,101,29,45,22,86,107,38,15,25,52,29,42,127,46,28,7,55,16,39,139,92,16,109,105,96,26,73,4,82,28,31,10,7,19,42,108,25,38,5,5,10,59,94,48,81,111,66,18,80,44,14,8,90,97,8,36,27,14,20,13,11,44,124,33,41,117,72,107,36,24,37,36,80,7,100,45,97,53,39,104,6,50,10,11,66,77,13,123,39,112,36,44,21,5,87,128,46,41,81,82,48,70,9,64,10,93,39,79,93,109,16,4,8,31,15,37,54,5,75,133,51,130,37,111,113,36,98,46,46,72,39,66,23,23,139,42,52,34,87,129,28,99,49,51,51,37,145,32,13,136,17,21,43,18,101,77,12,22,32,14,35,100,21,11,139,33,9,39,20,37,53,21]
completion_time_por_agente [7,15,6,11,42,71,179,86,81,26,45,54,192,14,25,33,89,12,175,34,49,40,140,183,45,21,26,70,37,49,243,68,35,10,86,20,50,215,145,20,156,179,119,33,98,4,143,35,39,12,8,20,55,183,29,63,7,5,10,87,146,74,127,172,113,20,110,70,16,8,132,167,14,54,27,20,28,14,14,56,229,37,46,221,136,158,43,36,74,43,145,7,155,68,178,66,52,171,7,74,10,11,111,102,14,234,71,166,42,52,22,6,122,220,71,54,106,163,62,106,9,105,10,126,54,130,155,154,17,7,8,33,16,49,58,5,128,252,71,217,41,201,159,38,141,75,65,113,55,131,34,26,224,52,61,34,140,243,49,154,80,73,69,65,255,42,17,230,19,24,46,21,158,141,18,25,51,15,59,166,21,11,218,44,13,58,26,45,77,26]
tiempo_ultimo_agente_goal 255
tiempo_en_acabar 255
tiempo_promedio 78.210526
agentes_en_goal 190
bad_good_total_rate_pred [69075,48264,117339,0.4]
push_out_count 7480
RUN 5
valores_ideales [7,11,4,10,42,43,39,37,19,19,6,17,37,13,17,7,41,12,33,25,41,8,46,27,28,15,23,40,25,28,27,22,20,5,33,16,29,15,16,14,13,41,36,16,23,4,34,14,25,8,5,15,22,36,21,18,5,5,10,41,24,32,47,39,22,12,36,20,10,8,38,15,6,16,21,12,12,13,7,34,22,29,41,35,24,37,32,14,13,30,34,7,26,25,29,49,31,38,6,32,10,11,36,21,13,27,9,32,28,42,21,5,23,20,30,37,41,28,40,20,9,40,10,29,17,17,31,37,14,4,4,19,15,25,50,5,19,25,31,38,31,39,47,34,38,14,30,34,19,18,9,7,29,18,44,34,21,17,14,33,27,35,37,21,27,26,3,36,11,15,37,16,17,35,8,12,16,12,21,26,21,9,25,15,7,21,10,29,41,17]
costo_por_agente [11,11,6,10,46,53,97,59,51,21,14,41,99,13,29,7,59,26,115,43,51,12,74,105,32,27,25,80,43,52,145,48,38,7,53,16,85,39,66,14,25,75,196,20,47,4,44,22,59,10,5,21,24,76,21,112,5,7,10,53,104,156,63,119,92,16,112,34,16,8,44,135,6,32,21,32,94,21,11,42,112,33,45,51,140,69,34,50,27,38,106,9,52,45,99,77,37,154,8,100,10,23,66,35,19,145,15,82,32,42,21,9,29,112,52,43,59,90,54,164,9,90,10,51,23,161,109,141,16,4,8,45,19,43,64,7,129,73,47,58,35,65,99,38,120,30,42,110,33,152,11,27,117,60,104,34,143,103,14,75,37,63,41,31,155,66,3,112,17,25,47,20,51,43,32,14,18,22,29,150,23,9,97,63,15,27,18,87,47,29]
completion_time_por_agente [17,11,9,11,49,71,163,99,93,23,24,53,164,14,45,10,88,36,184,73,61,17,108,185,36,39,26,140,50,67,259,69,51,8,82,21,117,52,103,20,31,123,303,20,63,4,57,27,80,12,7,23,25,120,24,202,8,7,10,74,186,294,83,182,185,21,193,49,19,8,62,234,8,44,21,41,178,32,17,59,162,42,57,70,243,106,37,83,52,50,182,9,88,61,162,112,50,266,11,154,10,33,123,41,25,232,26,122,39,43,21,10,43,187,99,57,83,157,75,314,9,126,11,70,27,289,186,240,19,6,9,69,23,53,86,7,211,116,61,79,42,95,159,46,184,59,52,198,50,267,13,50,215,81,153,34,229,181,18,114,41,92,45,42,251,96,3,189,19,42,68,22,86,54,59,16,23,26,35,269,24,12,153,113,18,30,23,141,57,42]
tiempo_ultimo_agente_goal 314
tiempo_en_acabar 314
tiempo_promedio 82.363159
agentes_en_goal 190
bad_good_total_rate_pred [69059,49561,118620,0.4]
push_out_count 8870
RUN 6
valores_ideales [7,11,4,10,42,43,39,37,19,19,6,17,37,13,17,7,41,12,33,25,41,8,46,27,28,15,23,40,25,28,27,22,20,5,33,16,29,15,16,14,13,41,36,16,23,4,34,14,25,8,5,15,22,36,21,18,5,5,10,41,24,32,47,39,22,12,36,20,10,8,38,15,6,16,21,12,12,13,7,34,22,29,41,35,24,37,32,14,13,30,34,7,26,25,29,49,31,38,6,32,10,11,36,21,13,27,9,32,28,42,21,5,23,20,30,37,41,28,40,20,9,40,10,29,17,17,31,37,14,4,4,19,15,25,50,5,19,25,31,38,31,39,47,34,38,14,30,34,19,18,9,7,29,18,44,34,21,17,14,33,27,35,37,21,27,26,3,36,11,15,37,16,17,35,8,12,16,12,21,26,21,9,25,15,7,21,10,29,41,17]
costo_por_agente [7,15,6,10,42,209,183,61,79,33,6,25,127,15,25,15,57,14,97,33,63,16,212,129,28,27,23,166,41,40,103,36,40,7,41,20,105,45,110,16,23,87,116,16,63,4,98,20,41,8,45,17,34,182,37,94,5,5,10,99,194,160,65,71,110,14,74,56,18,8,90,201,6,30,21,32,60,15,11,86,78,37,51,91,114,133,32,26,53,44,90,7,232,35,103,53,37,202,6,218,10,11,152,29,27,113,117,120,200,42,21,31,265,90,50,53,97,108,42,214,9,56,10,43,23,93,95,241,14,6,10,35,17,29,52,5,117,105,35,54,35,111,77,42,148,238,44,60,25,152,53,13,53,224,90,36,167,73,20,63,37,45,67,35,131,48,17,140,13,27,41,18,35,101,8,54,26,34,33,46,21,13,49,47,15,47,14,91,51,23]
completion_time_por_agente [7,18,8,11,42,363,336,85,136,44,7,42,210,16,35,20,88,14,157,41,101,20,353,237,32,40,24,275,54,54,178,49,61,9,50,26,154,80,191,20,27,153,168,18,80,4,165,27,65,11,93,18,38,334,58,170,7,6,11,168,339,246,91,121,182,20,125,75,26,8,146,339,6,35,21,56,100,17,14,141,118,48,68,147,206,243,37,28,87,64,153,7,432,45,182,64,45,359,6,369,10,11,261,45,32,175,175,182,392,51,21,49,447,162,81,67,164,200,51,368,10,79,10,57,27,154,158,382,14,11,17,48,22,39,64,5,210,177,45,84,45,202,108,44,233,436,62,93,27,225,96,22,95,428,137,41,288,145,32,100,47,67,86,47,205,61,18,224,14,31,46,19,55,165,8,93,30,56,48,83,22,18,73,87,21,70,14,171,64,26]
tiempo_ultimo_agente_goal 447
tiempo_en_acabar 447
tiempo_promedio 102.684212
agentes_en_goal 190
bad_good_total_rate_pred [85908,64696,150604,0.4]
push_out_count 10757
RUN 7
valores_ideales [7,11,4,10,42,43,39,37,19,19,6,17,37,13,17,7,41,12,33,25,41,8,46,27,28,15,23,40,25,28,27,22,20,5,33,16,29,15,16,14,13,41,36,16,23,4,34,14,25,8,5,15,22,36,21,18,5,5,10,41,24,32,47,39,22,12,36,20,10,8,38,15,6,16,21,12,12,13,7,34,22,29,41,35,24,37,32,14,13,30,34,7,26,25,29,49,31,38,6,32,10,11,36,21,13,27,9,32,28,42,21,5,23,20,30,37,41,28,40,20,9,40,10,29,17,17,31,37,14,4,4,19,15,25,50,5,19,25,31,38,31,39,47,34,38,14,30,34,19,18,9,7,29,18,44,34,21,17,14,33,27,35,37,21,27,26,3,36,11,15,37,16,17,35,8,12,16,12,21,26,21,9,25,15,7,21,10,29,41,17]
costo_por_agente [7,11,6,10,42,95,75,63,183,47,22,39,157,13,17,13,109,12,123,35,43,10,124,133,30,37,33,200,71,56,149,36,34,13,51,18,47,197,94,16,189,171,168,16,109,4,98,14,201,8,15,19,38,74,27,94,5,9,10,49,142,46,191,127,160,14,38,114,34,8,66,151,6,38,23,22,74,17,11,48,172,33,43,103,134,153,36,22,63,56,136,9,82,47,167,79,41,126,6,74,10,13,50,23,15,109,97,142,106,42,21,5,85,182,48,51,67,78,42,188,9,56,10,43,37,149,173,171,16,6,8,37,21,33,80,5,133,95,41,56,33,195,75,38,122,166,40,48,19,154,9,9,89,22,86,34,85,153,16,141,55,39,71,33,83,50,13,80,17,27,47,16,57,93,22,20,24,24,59,58,21,17,189,19,7,45,10,137,81,21]
completion_time_por_agente [8,12,6,10,46,142,111,86,315,67,33,59,263,14,19,19,177,13,189,52,60,15,207,252,36,59,38,353,123,75,209,53,59,18,69,19,67,328,173,20,326,302,312,16,182,4,156,17,366,11,21,20,50,101,35,175,5,12,10,59,257,63,325,215,277,15,49,218,51,8,91,265,7,47,23,27,146,23,17,76,323,42,45,167,217,256,48,33,114,76,227,12,138,77,240,126,47,198,9,126,10,13,73,26,19,186,150,246,152,45,24,6,146,336,74,73,95,126,56,329,9,86,12,60,54,282,328,288,16,8,16,61,23,44,123,5,216,147,49,80,39,303,122,41,207,323,52,77,20,277,9,16,156,27,154,34,122,299,24,233,81,53,117,52,148,73,24,148,21,32,55,16,87,173,37,30,30,29,82,88,21,19,319,22,12,72,11,244,133,24]
tiempo_ultimo_agente_goal 366
tiempo_en_acabar 366
tiempo_promedio 103.447365
agentes_en_goal 190
bad_good_total_rate_pred [89725,66309,156034,0.4]
push_out_count 12697
RUN 8
valores_ideales [7,11,4,10,42,43,39,37,19,19,6,17,37,13,17,7,41,12,33,25,41,8,46,27,28,15,23,40,25,28,27,22,20,5,33,16,29,15,16,14,13,41,36,16,23,4,34,14,25,8,5,15,22,36,21,18,5,5,10,41,24,32,47,39,22,12,36,20,10,8,38,15,6,16,21,12,12,13,7,34,22,29,41,35,24,37,32,14,13,30,34,7,26,25,29,49,31,38,6,32,10,11,36,21,13,27,9,32,28,42,21,5,23,20,30,37,41,28,40,20,9,40,10,29,17,17,31,37,14,4,4,19,15,25,50,5,19,25,31,38,31,39,47,34,38,14,30,34,19,18,9,7,29,18,44,34,21,17,14,33,27,35,37,21,27,26,3,36,11,15,37,16,17,35,8,12,16,12,21,26,21,9,25,15,7,21,10,29,41,17]
costo_por_agente [7,11,10,10,42,93,113,55,121,19,8,41,129,13,17,9,59,14,51,33,47,14,68,121,30,17,25,104,31,50,153,34,30,9,93,20,41,103,162,22,17,175,136,20,119,4,140,20,85,8,7,19,40,44,25,122,7,5,10,171,166,128,65,103,130,46,76,70,36,8,92,63,6,20,23,14,130,13,11,50,124,35,71,63,162,87,40,90,143,76,160,7,58,41,133,73,45,140,8,72,10,11,72,23,13,139,43,90,134,42,21,13,155,140,46,45,43,84,164,156,9,122,10,51,33,129,61,183,14,8,8,29,19,31,60,5,103,89,89,110,49,81,177,34,74,120,44,72,25,142,9,9,65,58,84,34,123,135,16,135,37,53,65,27,95,42,3,112,11,21,69,16,163,71,12,18,24,76,23,86,21,15,91,35,11,29,10,41,43,31]
completion_time_por_agente [7,11,13,10,46,167,174,64,200,21,10,59,222,15,19,14,71,20,69,39,53,21,95,225,31,20,29,158,36,68,254,51,36,14,143,26,53,191,280,29,24,283,223,25,207,4,257,24,159,11,7,19,59,53,26,231,7,5,10,310,326,195,85,160,207,90,119,93,56,8,147,84,8,23,24,16,233,13,13,79,216,45,119,104,255,129,50,161,277,128,276,9,91,54,197,101,59,223,12,131,10,12,126,23,15,262,85,143,228,45,21,17,246,278,76,60,49,128,306,312,9,224,10,67,46,176,85,291,14,9,12,32,23,40,84,5,181,123,140,166,74,132,296,37,111,260,70,116,30,256,11,15,97,78,132,36,221,269,19,238,51,75,105,31,161,63,3,207,14,24,80,16,285,124,21,23,32,130,29,153,23,24,147,44,11,38,11,55,58,35]
tiempo_ultimo_agente_goal 326
tiempo_en_acabar 326
tiempo_promedio 96.705261
agentes_en_goal 190
bad_good_total_rate_pred [80801,57938,138739,0.4]
push_out_count 14393
RUN 9
valores_ideales [7,11,4,10,42,43,39,37,19,19,6,17,37,13,17,7,41,12,33,25,41,8,46,27,28,15,23,40,25,28,27,22,20,5,33,16,29,15,16,14,13,41,36,16,23,4,34,14,25,8,5,15,22,36,21,18,5,5,10,41,24,32,47,39,22,12,36,20,10,8,38,15,6,16,21,12,12,13,7,34,22,29,41,35,24,37,32,14,13,30,34,7,26,25,29,49,31,38,6,32,10,11,36,21,13,27,9,32,28,42,21,5,23,20,30,37,41,28,40,20,9,40,10,29,17,17,31,37,14,4,4,19,15,25,50,5,19,25,31,38,31,39,47,34,38,14,30,34,19,18,9,7,29,18,44,34,21,17,14,33,27,35,37,21,27,26,3,36,11,15,37,16,17,35,8,12,16,12,21,26,21,9,25,15,7,21,10,29,41,17]
costo_por_agente [7,11,6,10,44,65,169,71,51,23,10,33,87,13,17,15,57,12,55,33,105,18,126,101,28,25,31,60,31,32,137,34,42,9,45,36,43,143,166,16,73,171,186,22,37,4,150,20,55,10,9,15,30,72,21,64,31,5,10,63,96,70,73,129,168,16,50,26,18,12,60,145,14,42,21,14,24,19,11,62,66,37,69,145,164,65,36,28,41,50,108,7,78,39,147,91,49,146,6,86,10,11,54,21,17,121,27,128,48,46,21,9,109,88,128,67,59,94,40,118,19,104,10,37,35,193,115,203,26,4,8,27,17,29,56,7,185,133,121,86,39,69,183,38,90,100,36,60,23,210,13,7,131,38,98,34,167,139,26,57,37,45,85,23,167,36,11,104,17,27,43,16,77,55,8,26,20,90,47,108,23,11,107,41,9,31,12,151,41,21]
completion_time_por_agente [7,12,6,10,47,105,276,84,93,32,17,44,137,14,18,21,78,14,69,45,176,22,166,183,29,30,37,81,40,41,252,43,62,10,61,51,56,259,304,19,116,253,312,23,58,4,256,29,87,17,14,17,42,119,22,112,60,5,10,102,185,111,124,223,310,17,74,35,22,13,93,249,22,57,22,15,44,23,20,108,106,58,108,241,257,108,42,48,63,68,179,9,138,55,247,160,63,250,10,144,10,12,73,28,20,223,36,220,68,56,24,15,198,154,225,93,83,173,42,184,23,181,11,42,38,352,185,349,34,4,9,31,24,43,72,7,327,245,211,145,45,108,307,42,161,158,52,86,28,337,18,8,231,52,164,34,318,249,41,91,43,64,142,24,250,43,14,186,17,35,52,18,127,77,10,37,27,156,72,178,24,12,156,60,11,41,12,275,50,29]
tiempo_ultimo_agente_goal 352
tiempo_en_acabar 352
tiempo_promedio 94.063156
agentes_en_goal 190
bad_good_total_rate_pred [84386,58471,142857,0.4]
push_out_count 16022
RUN 10
valores_ideales [7,11,4,10,42,43,39,37,19,19,6,17,37,13,17,7,41,12,33,25,41,8,46,27,28,15,23,40,25,28,27,22,20,5,33,16,29,15,16,14,13,41,36,16,23,4,34,14,25,8,5,15,22,36,21,18,5,5,10,41,24,32,47,39,22,12,36,20,10,8,38,15,6,16,21,12,12,13,7,34,22,29,41,35,24,37,32,14,13,30,34,7,26,25,29,49,31,38,6,32,10,11,36,21,13,27,9,32,28,42,21,5,23,20,30,37,41,28,40,20,9,40,10,29,17,17,31,37,14,4,4,19,15,25,50,5,19,25,31,38,31,39,47,34,38,14,30,34,19,18,9,7,29,18,44,34,21,17,14,33,27,35,37,21,27,26,3,36,11,15,37,16,17,35,8,12,16,12,21,26,21,9,25,15,7,21,10,29,41,17]
costo_por_agente [7,13,6,10,44,79,77,131,75,23,10,41,147,51,17,11,59,12,89,43,83,12,202,121,32,27,43,120,33,226,147,40,26,7,71,18,51,49,188,14,215,175,138,16,25,4,112,30,69,12,9,17,48,112,27,126,9,5,10,65,194,150,245,115,78,24,92,88,38,8,216,125,6,36,23,12,50,17,11,106,224,55,123,95,100,121,42,36,49,64,206,7,116,37,143,57,53,152,6,126,10,15,84,23,15,41,21,166,162,74,21,9,171,114,54,71,51,62,44,72,9,54,10,141,29,221,207,95,38,6,10,25,19,31,50,7,47,121,33,192,31,97,107,36,96,150,46,66,23,42,37,7,79,184,60,34,215,209,16,109,41,53,49,61,97,36,3,106,13,25,55,16,187,81,10,24,30,42,51,140,21,37,227,27,7,27,10,67,45,23]
completion_time_por_agente [8,14,11,11,51,126,125,234,116,31,11,66,227,87,19,15,76,12,130,70,127,15,321,232,37,42,70,221,46,347,244,62,48,7,112,19,77,72,348,16,371,289,235,16,26,4,180,45,121,22,9,18,65,186,35,209,14,6,10,99,336,262,400,192,149,33,144,147,70,8,374,234,7,62,24,13,88,19,24,175,315,81,227,163,172,207,56,54,75,109,337,9,217,58,261,68,77,269,9,222,10,16,144,31,16,59,25,289,284,103,22,16,299,166,86,120,75,75,57,124,9,84,10,234,39,357,373,149,54,8,19,31,23,46,58,7,81,218,43,298,38,168,144,38,155,295,68,93,30,62,58,10,124,273,76,35,354,357,18,176,49,71,69,87,159,49,3,193,14,29,72,17,290,128,15,36,41,54,82,229,21,63,361,36,8,36,12,115,50,32]
tiempo_ultimo_agente_goal 400
tiempo_en_acabar 400
tiempo_promedio 109.268417
agentes_en_goal 190
bad_good_total_rate_pred [99147,67138,166285,0.4]
push_out_count 18010
RUN 11
valores_ideales [7,11,4,10,42,43,39,37,19,19,6,17,37,13,17,7,41,12,33,25,41,8,46,27,28,15,23,40,25,28,27,22,20,5,33,16,29,15,16,14,13,41,36,16,23,4,34,14,25,8,5,15,22,36,21,18,5,5,10,41,24,32,47,39,22,12,36,20,10,8,38,15,6,16,21,12,12,13,7,34,22,29,41,35,24,37,32,14,13,30,34,7,26,25,29,49,31,38,6,32,10,11,36,21,13,27,9,32,28,42,21,5,23,20,30,37,41,28,40,20,9,40,10,29,17,17,31,37,14,4,4,19,15,25,50,5,19,25,31,38,31,39,47,34,38,14,30,34,19,18,9,7,29,18,44,34,21,17,14,33,27,35,37,21,27,26,3,36,11,15,37,16,17,35,8,12,16,12,21,26,21,9,25,15,7,21,10,29,41,17]
costo_por_agente [7,15,12,10,50,239,59,127,199,41,6,31,127,23,19,15,61,12,95,43,257,10,112,99,42,27,25,128,57,176,255,42,34,9,215,18,59,15,268,18,165,187,186,22,137,4,194,24,97,8,7,15,36,182,25,126,5,5,10,205,130,206,169,163,238,20,126,176,12,8,262,245,6,36,21,14,28,13,9,162,110,29,87,275,72,149,38,26,123,34,128,9,110,41,193,87,41,56,8,94,10,11,52,21,15,63,31,106,46,42,21,31,195,124,40,41,67,64,230,224,15,136,10,41,35,227,127,143,14,4,4,37,25,37,50,7,185,73,97,80,43,131,119,34,88,206,88,80,25,142,15,17,225,134,222,34,167,263,14,101,51,51,47,21,261,32,11,298,11,25,51,18,237,73,16,14,24,14,27,234,21,9,135,25,7,25,10,89,105,19]
completion_time_por_agente [9,16,15,10,63,421,86,214,313,69,9,42,219,31,21,21,98,12,164,63,471,11,202,190,51,37,26,202,94,271,393,59,38,10,429,20,79,27,422,18,246,327,281,27,261,4,305,25,132,12,7,16,49,345,34,227,5,5,10,386,225,341,273,286,472,29,201,327,13,8,495,433,7,42,21,15,47,17,14,315,201,31,137,442,131,253,53,41,223,46,218,10,171,49,321,144,52,78,9,146,10,11,81,25,17,114,55,185,68,48,21,36,351,211,57,48,117,93,459,394,17,224,11,49,40,345,232,238,15,7,4,51,33,50,55,7,316,101,168,145,56,214,197,41,142,370,137,138,28,241,18,18,393,218,344,34,309,477,17,156,80,73,71,23,435,36,17,464,14,28,66,20,395,125,26,19,30,15,30,443,21,10,250,29,9,30,14,168,172,22]
tiempo_ultimo_agente_goal 495
tiempo_en_acabar 495
tiempo_promedio 132.521057
agentes_en_goal 190
bad_good_total_rate_pred [112731,82643,195374,0.4]
push_out_count 20729
RUN 12
valores_ideales [7,11,4,10,42,43,39,37,19,19,6,17,37,13,17,7,41,12,33,25,41,8,46,27,28,15,23,40,25,28,27,22,20,5,33,16,29,15,16,14,13,41,36,16,23,4,34,14,25,8,5,15,22,36,21,18,5,5,10,41,24,32,47,39,22,12,36,20,10,8,38,15,6,16,21,12,12,13,7,34,22,29,41,35,24,37,32,14,13,30,34,7,26,25,29,49,31,38,6,32,10,11,36,21,13,27,9,32,28,42,21,5,23,20,30,37,41,28,40,20,9,40,10,29,17,17,31,37,14,4,4,19,15,25,50,5,19,25,31,38,31,39,47,34,38,14,30,34,19,18,9,7,29,18,44,34,21,17,14,33,27,35,37,21,27,26,3,36,11,15,37,16,17,35,8,12,16,12,21,26,21,9,25,15,7,21,10,29,41,17]
costo_por_agente [7,13,8,10,44,121,85,261,159,21,10,35,217,51,29,15,87,12,223,39,47,12,176,141,36,23,33,188,35,38,185,40,36,9,65,22,43,89,112,14,17,153,194,20,93,4,146,18,31,8,7,19,52,104,23,146,7,5,10,49,142,94,171,173,62,16,56,22,24,8,56,53,6,38,23,18,22,13,7,50,258,35,123,175,196,115,38,48,69,38,152,7,120,47,201,109,41,200,18,110,10,15,74,21,13,205,15,154,112,52,21,9,113,194,66,41,105,98,96,164,9,70,10,147,33,217,103,81,14,4,8,37,21,41,58,5,181,159,135,124,39,113,189,34,98,174,52,94,41,42,11,15,189,124,106,34,199,221,14,99,33,99,55,39,193,42,3,86,39,19,43,16,197,91,10,40,24,12,41,138,37,13,229,69,9,31,10,203,41,21]
completion_time_por_agente [12,13,12,11,52,214,140,430,277,25,12,54,332,92,49,21,119,12,379,63,58,17,275,236,44,23,35,347,51,48,349,58,56,9,89,30,62,158,172,14,21,247,363,21,169,4,267,26,37,11,12,22,84,180,25,296,12,5,10,67,236,143,283,306,95,23,93,32,30,8,86,102,8,57,23,19,40,15,13,71,373,41,216,295,376,203,44,90,128,44,270,7,242,71,301,177,57,343,35,200,10,15,104,28,14,364,28,289,225,71,22,11,214,330,119,46,173,161,176,282,12,119,10,247,44,355,193,135,14,6,9,51,24,46,64,5,302,253,259,203,49,186,336,34,155,298,72,156,56,68,13,18,319,210,175,34,354,347,20,183,37,173,93,72,342,45,3,139,70,23,59,18,343,169,15,70,27,14,62,215,47,13,397,124,11,47,15,344,44,26]
tiempo_ultimo_agente_goal 430
tiempo_en_acabar 430
tiempo_promedio 119.463158
agentes_en_goal 190
bad_good_total_rate_pred [104047,76637,180684,0.4]
push_out_count 23093
RUN 13
valores_ideales [7,11,4,10,42,43,39,37,19,19,6,17,37,13,17,7,41,12,33,25,41,8,46,27,28,15,23,40,25,28,27,22,20,5,33,16,29,15,16,14,13,41,36,16,23,4,34,14,25,8,5,15,22,36,21,18,5,5,10,41,24,32,47,39,22,12,36,20,10,8,38,15,6,16,21,12,12,13,7,34,22,29,41,35,24,37,32,14,13,30,34,7,26,25,29,49,31,38,6,32,10,11,36,21,13,27,9,32,28,42,21,5,23,20,30,37,41,28,40,20,9,40,10,29,17,17,31,37,14,4,4,19,15,25,50,5,19,25,31,38,31,39,47,34,38,14,30,34,19,18,9,7,29,18,44,34,21,17,14,33,27,35,37,21,27,26,3,36,11,15,37,16,17,35,8,12,16,12,21,26,21,9,25,15,7,21,10,29,41,17]
costo_por_agente [7,13,6,10,58,69,85,59,195,19,10,33,213,13,19,9,55,12,115,45,43,16,138,125,32,29,23,72,47,206,81,50,26,9,65,16,47,115,140,14,29,171,172,20,111,4,98,20,123,74,7,17,42,92,21,100,5,7,10,69,56,170,83,63,30,24,202,70,16,8,194,155,6,42,21,16,22,13,19,50,74,37,165,99,160,75,36,20,83,66,116,9,92,67,179,67,47,120,6,128,10,11,172,29,13,111,39,118,36,44,21,41,179,142,64,51,47,62,42,164,9,52,10,57,37,153,41,175,14,24,6,21,15,37,68,7,63,105,55,182,33,141,85,34,68,186,46,64,39,64,17,9,115,160,78,36,165,111,16,203,41,61,49,37,77,40,11,102,11,73,55,30,169,37,12,22,26,20,39,82,21,11,77,49,11,37,12,163,63,21]
completion_time_por_agente [10,16,8,10,83,93,142,81,335,20,17,51,359,14,22,12,73,12,204,59,46,19,265,215,44,44,23,119,72,344,136,77,30,10,109,16,52,246,260,14,32,264,276,22,203,4,154,28,253,137,9,20,60,179,22,194,6,7,10,98,101,283,135,86,48,36,330,108,21,8,333,228,8,71,23,16,41,13,42,70,101,43,310,150,225,118,42,24,167,113,155,11,176,100,287,96,63,191,8,183,10,12,306,40,15,205,67,225,38,47,26,69,313,241,121,61,62,89,52,279,9,85,10,65,48,237,56,292,16,48,7,25,15,49,91,7,97,208,78,312,37,237,110,36,88,318,82,105,64,73,24,12,198,304,110,43,285,169,23,358,66,91,67,41,150,53,18,181,16,116,78,37,278,41,13,37,29,29,42,139,22,15,158,66,12,58,13,279,92,25]
tiempo_ultimo_agente_goal 359
tiempo_en_acabar 359
tiempo_promedio 101.447365
agentes_en_goal 190
bad_good_total_rate_pred [86727,60677,147404,0.4]
push_out_count 25005
RUN 14
valores_ideales [7,11,4,10,42,43,39,37,19,19,6,17,37,13,17,7,41,12,33,25,41,8,46,27,28,15,23,40,25,28,27,22,20,5,33,16,29,15,16,14,13,41,36,16,23,4,34,14,25,8,5,15,22,36,21,18,5,5,10,41,24,32,47,39,22,12,36,20,10,8,38,15,6,16,21,12,12,13,7,34,22,29,41,35,24,37,32,14,13,30,34,7,26,25,29,49,31,38,6,32,10,11,36,21,13,27,9,32,28,42,21,5,23,20,30,37,41,28,40,20,9,40,10,29,17,17,31,37,14,4,4,19,15,25,50,5,19,25,31,38,31,39,47,34,38,14,30,34,19,18,9,7,29,18,44,34,21,17,14,33,27,35,37,21,27,26,3,36,11,15,37,16,17,35,8,12,16,12,21,26,21,9,25,15,7,21,10,29,41,17]
costo_por_agente [7,11,14,10,42,111,123,79,89,19,10,21,57,13,17,11,67,22,47,35,79,12,120,111,38,17,27,138,31,62,135,34,26,7,57,18,35,67,104,14,19,105,128,20,57,4,104,18,105,10,7,17,46,60,23,110,15,5,10,73,76,72,83,83,140,14,44,32,12,8,102,97,8,40,21,14,88,13,11,118,66,41,97,123,100,111,38,20,59,86,100,7,84,51,103,69,41,140,8,150,10,11,80,31,15,123,9,94,96,46,21,7,137,122,80,41,51,90,48,134,9,58,10,63,27,137,101,137,14,4,10,31,19,35,62,5,105,129,59,106,49,85,159,40,92,136,44,66,31,68,19,11,123,46,104,34,163,25,16,87,43,71,45,29,133,30,3,128,13,21,41,18,67,53,10,100,26,80,31,136,33,19,81,27,13,45,10,45,45,21]
completion_time_por_agente [7,14,28,10,42,192,231,127,142,20,12,25,94,14,18,18,107,29,60,52,125,14,159,216,55,22,32,234,38,98,229,48,41,7,85,24,45,109,161,19,31,162,236,27,86,4,196,22,175,13,8,19,77,88,25,167,18,5,10,104,125,117,128,123,218,20,63,36,19,11,138,157,8,56,22,14,129,14,18,213,111,54,164,196,161,164,41,25,91,145,155,9,150,81,167,99,54,213,9,249,10,11,126,42,21,213,9,177,163,57,22,13,252,221,145,42,73,157,81,239,10,80,10,102,36,238,167,250,17,7,14,31,25,51,90,5,177,196,94,197,73,134,238,42,135,253,63,109,45,124,23,12,214,76,172,34,249,41,21,127,56,124,60,42,226,38,3,211,13,24,44,18,118,77,11,168,30,109,37,254,50,22,135,37,16,72,14,68,57,26]
tiempo_ultimo_agente_goal 254
tiempo_en_acabar 254
tiempo_promedio 87.678947
agentes_en_goal 190
bad_good_total_rate_pred [74660,55354,130014,0.4]
push_out_count 26479
RUN 15
valores_ideales [7,11,4,10,42,43,39,37,19,19,6,17,37,13,17,7,41,12,33,25,41,8,46,27,28,15,23,40,25,28,27,22,20,5,33,16,29,15,16,14,13,41,36,16,23,4,34,14,25,8,5,15,22,36,21,18,5,5,10,41,24,32,47,39,22,12,36,20,10,8,38,15,6,16,21,12,12,13,7,34,22,29,41,35,24,37,32,14,13,30,34,7,26,25,29,49,31,38,6,32,10,11,36,21,13,27,9,32,28,42,21,5,23,20,30,37,41,28,40,20,9,40,10,29,17,17,31,37,14,4,4,19,15,25,50,5,19,25,31,38,31,39,47,34,38,14,30,34,19,18,9,7,29,18,44,34,21,17,14,33,27,35,37,21,27,26,3,36,11,15,37,16,17,35,8,12,16,12,21,26,21,9,25,15,7,21,10,29,41,17]
costo_por_agente [7,11,6,12,42,99,43,53,57,19,12,33,131,45,19,15,127,12,93,35,87,16,152,59,30,27,35,184,31,62,147,42,34,9,63,24,45,45,122,14,161,159,64,16,117,4,86,18,61,14,9,17,52,62,23,182,5,7,10,117,154,132,123,189,58,16,44,44,20,8,46,125,6,38,21,14,28,13,9,74,182,39,67,133,166,103,48,16,159,42,96,7,88,33,161,99,39,130,10,62,10,11,170,27,15,203,27,192,126,46,21,9,67,212,64,51,45,92,44,22,9,112,10,53,45,185,47,153,14,4,8,21,21,47,56,7,171,55,65,64,33,135,135,34,56,166,48,124,33,184,15,7,117,82,56,34,165,45,14,143,39,71,85,43,123,38,19,114,11,19,45,24,59,51,14,28,20,76,51,116,23,13,77,57,7,29,10,39,45,19]
completion_time_por_agente [13,13,8,13,45,170,53,69,82,23,20,40,232,74,22,20,219,16,167,52,150,21,220,122,36,45,50,292,44,73,269,64,43,10,103,43,54,84,194,16,261,251,79,19,221,4,122,18,96,17,10,17,74,88,23,349,5,7,11,189,260,233,207,308,89,18,59,56,22,9,64,228,6,55,23,16,43,19,17,101,263,59,105,235,339,170,70,17,263,51,134,9,155,52,294,174,51,234,16,110,10,13,264,33,18,342,47,305,215,50,22,15,116,357,97,67,48,157,49,36,9,176,12,72,71,281,74,256,14,8,15,25,33,67,67,7,296,91,126,104,34,270,188,39,79,285,67,192,50,300,23,8,196,154,63,34,263,71,16,225,49,117,128,61,208,51,36,185,14,24,51,24,110,76,22,34,27,87,69,199,23,17,127,117,10,32,14,54,49,24]
tiempo_ultimo_agente_goal 357
tiempo_en_acabar 357
tiempo_promedio 97.052635
agentes_en_goal 190
bad_good_total_rate_pred [80715,56851,137566,0.4]
push_out_count 28122
RUN 16
valores_ideales [7,11,4,10,42,43,39,37,19,19,6,17,37,13,17,7,41,12,33,25,41,8,46,27,28,15,23,40,25,28,27,22,20,5,33,16,29,15,16,14,13,41,36,16,23,4,34,14,25,8,5,15,22,36,21,18,5,5,10,41,24,32,47,39,22,12,36,20,10,8,38,15,6,16,21,12,12,13,7,34,22,29,41,35,24,37,32,14,13,30,34,7,26,25,29,49,31,38,6,32,10,11,36,21,13,27,9,32,28,42,21,5,23,20,30,37,41,28,40,20,9,40,10,29,17,17,31,37,14,4,4,19,15,25,50,5,19,25,31,38,31,39,47,34,38,14,30,34,19,18,9,7,29,18,44,34,21,17,14,33,27,35,37,21,27,26,3,36,11,15,37,16,17,35,8,12,16,12,21,26,21,9,25,15,7,21,10,29,41,17]
costo_por_agente [7,11,6,10,42,61,109,53,97,21,8,39,105,31,17,15,47,12,85,29,61,14,88,65,28,19,39,178,57,46,125,54,34,7,55,18,45,19,52,20,131,153,110,16,73,4,128,16,127,14,25,19,52,156,25,64,7,5,10,71,62,92,61,81,212,18,100,68,20,8,50,143,12,22,23,14,56,13,9,46,84,37,63,135,94,105,34,30,47,40,98,7,136,39,91,121,33,174,6,116,10,25,54,25,21,53,21,80,150,42,21,33,149,50,62,41,67,122,52,210,9,68,10,63,41,79,107,207,14,6,4,25,15,33,54,5,67,85,97,60,37,99,167,38,144,36,38,126,41,84,27,11,109,64,92,34,47,81,16,65,39,67,49,27,129,42,21,120,13,19,51,16,147,65,10,26,22,64,37,128,21,17,65,21,9,43,10,79,51,25]
completion_time_por_agente [7,13,10,11,48,86,178,64,182,21,13,56,162,46,19,22,64,12,137,33,91,20,145,113,31,28,54,303,86,56,209,98,45,9,84,27,63,29,59,22,202,292,175,17,93,4,188,16,245,28,45,23,71,277,30,109,10,5,11,106,106,141,95,128,321,27,173,113,24,8,71,234,21,23,24,14,86,17,16,65,137,42,90,226,151,162,39,48,90,54,177,9,213,53,155,211,43,330,6,222,10,35,74,37,25,88,24,113,288,43,24,48,299,83,101,42,99,205,84,359,9,110,10,90,48,130,192,351,14,9,4,28,20,52,64,5,112,124,172,85,48,129,279,50,226,57,57,221,53,137,43,12,172,93,133,36,72,151,20,94,48,100,70,40,229,53,23,204,14,23,51,20,228,109,12,39,31,99,49,226,23,30,107,24,9,65,11,142,65,31]
tiempo_ultimo_agente_goal 359
tiempo_en_acabar 359
tiempo_promedio 88.610527
agentes_en_goal 190
bad_good_total_rate_pred [73286,55550,128836,0.4]
push_out_count 29619
RUN 17
valores_ideales [7,11,4,10,42,43,39,37,19,19,6,17,37,13,17,7,41,12,33,25,41,8,46,27,28,15,23,40,25,28,27,22,20,5,33,16,29,15,16,14,13,41,36,16,23,4,34,14,25,8,5,15,22,36,21,18,5,5,10,41,24,32,47,39,22,12,36,20,10,8,38,15,6,16,21,12,12,13,7,34,22,29,41,35,24,37,32,14,13,30,34,7,26,25,29,49,31,38,6,32,10,11,36,21,13,27,9,32,28,42,21,5,23,20,30,37,41,28,40,20,9,40,10,29,17,17,31,37,14,4,4,19,15,25,50,5,19,25,31,38,31,39,47,34,38,14,30,34,19,18,9,7,29,18,44,34,21,17,14,33,27,35,37,21,27,26,3,36,11,15,37,16,17,35,8,12,16,12,21,26,21,9,25,15,7,21,10,29,41,17]
costo_por_agente [7,15,38,10,42,193,79,103,173,21,8,27,81,13,17,13,81,12,125,41,117,10,72,95,28,25,23,98,31,130,145,36,32,9,75,24,35,85,164,20,31,87,150,46,207,4,100,16,57,10,7,17,42,52,23,126,7,5,10,169,146,184,93,145,108,16,88,76,20,8,88,111,6,36,21,22,66,13,9,38,174,35,41,109,180,179,34,20,43,48,120,7,56,47,159,71,51,82,8,122,10,11,100,35,17,61,9,90,144,44,21,37,181,108,46,47,121,136,90,68,15,58,10,109,19,53,73,173,14,6,6,33,19,31,54,5,47,53,193,182,31,177,139,36,100,172,42,122,35,122,11,7,157,50,70,34,205,155,14,125,31,59,77,35,149,34,11,148,15,19,49,18,127,45,10,16,36,16,49,140,27,17,159,39,7,47,10,45,53,21]
completion_time_por_agente [8,16,71,10,44,342,89,184,299,27,11,36,120,14,23,16,133,13,219,57,203,13,113,161,35,32,23,151,38,200,245,54,43,11,135,29,53,165,336,28,39,108,281,62,272,4,169,20,85,12,7,17,60,73,24,243,7,5,12,262,252,319,161,218,192,28,112,141,24,8,141,182,6,56,22,29,113,14,11,46,310,40,50,197,275,304,35,28,72,78,191,9,85,71,231,105,81,139,9,200,10,13,173,57,18,94,9,152,252,50,22,59,320,161,66,53,193,231,161,106,21,89,10,142,21,95,106,300,14,8,11,50,22,43,65,5,61,77,346,287,40,306,191,38,153,312,59,214,54,235,18,9,236,57,93,34,327,259,19,225,37,88,147,51,233,51,17,240,18,21,69,18,234,70,13,20,56,16,79,267,31,25,286,65,8,63,12,69,63,24]
tiempo_ultimo_agente_goal 346
tiempo_en_acabar 346
tiempo_promedio 102.052635
agentes_en_goal 190
bad_good_total_rate_pred [91084,61782,152866,0.4]
push_out_count 31365
RUN 18
valores_ideales [7,11,4,10,42,43,39,37,19,19,6,17,37,13,17,7,41,12,33,25,41,8,46,27,28,15,23,40,25,28,27,22,20,5,33,16,29,15,16,14,13,41,36,16,23,4,34,14,25,8,5,15,22,36,21,18,5,5,10,41,24,32,47,39,22,12,36,20,10,8,38,15,6,16,21,12,12,13,7,34,22,29,41,35,24,37,32,14,13,30,34,7,26,25,29,49,31,38,6,32,10,11,36,21,13,27,9,32,28,42,21,5,23,20,30,37,41,28,40,20,9,40,10,29,17,17,31,37,14,4,4,19,15,25,50,5,19,25,31,38,31,39,47,34,38,14,30,34,19,18,9,7,29,18,44,34,21,17,14,33,27,35,37,21,27,26,3,36,11,15,37,16,17,35,8,12,16,12,21,26,21,9,25,15,7,21,10,29,41,17]
costo_por_agente [7,13,6,10,44,119,109,149,149,19,10,39,175,13,31,15,45,12,45,37,103,8,134,117,28,15,33,138,49,232,163,42,24,7,53,22,73,183,174,14,13,165,122,20,61,4,108,24,91,10,11,23,36,96,25,112,7,9,10,131,104,88,173,89,86,16,50,98,18,8,86,129,6,28,21,14,62,13,7,68,74,65,65,53,92,139,54,14,61,54,140,9,142,57,85,105,37,162,6,70,10,17,190,31,19,103,15,188,154,44,23,9,153,134,162,57,49,46,116,166,9,68,10,221,23,89,73,183,14,8,12,47,17,61,50,5,25,117,87,240,37,135,91,42,120,116,40,104,39,142,9,11,151,42,100,34,93,119,30,143,57,53,69,27,47,44,3,94,11,27,43,16,167,71,10,30,22,18,29,116,21,27,89,27,9,31,18,61,41,19]
completion_time_por_agente [7,14,9,10,46,205,168,251,258,24,15,67,273,17,48,17,51,12,61,61,166,9,220,171,31,17,36,236,76,316,276,52,29,9,88,27,101,306,271,16,14,259,211,20,79,4,212,28,163,13,14,32,48,158,30,216,11,9,10,217,188,146,269,129,119,18,85,197,18,8,139,244,7,30,22,15,123,14,12,99,124,105,97,66,150,245,72,20,105,84,211,9,245,87,132,159,46,275,10,109,10,18,293,40,23,186,20,303,293,47,23,12,257,256,263,75,66,76,198,272,13,109,10,375,25,137,126,285,14,10,17,62,23,91,53,5,28,196,156,346,50,226,140,52,206,220,55,182,64,222,9,18,254,65,144,34,147,219,53,277,83,62,105,35,75,58,3,157,19,33,53,18,260,111,20,41,27,21,38,198,22,49,177,30,10,46,23,102,45,22]
tiempo_ultimo_agente_goal 375
tiempo_en_acabar 375
tiempo_promedio 102.315788
agentes_en_goal 190
bad_good_total_rate_pred [87485,62291,149776,0.4]
push_out_count 33206
RUN 19
valores_ideales [7,11,4,10,42,43,39,37,19,19,6,17,37,13,17,7,41,12,33,25,41,8,46,27,28,15,23,40,25,28,27,22,20,5,33,16,29,15,16,14,13,41,36,16,23,4,34,14,25,8,5,15,22,36,21,18,5,5,10,41,24,32,47,39,22,12,36,20,10,8,38,15,6,16,21,12,12,13,7,34,22,29,41,35,24,37,32,14,13,30,34,7,26,25,29,49,31,38,6,32,10,11,36,21,13,27,9,32,28,42,21,5,23,20,30,37,41,28,40,20,9,40,10,29,17,17,31,37,14,4,4,19,15,25,50,5,19,25,31,38,31,39,47,34,38,14,30,34,19,18,9,7,29,18,44,34,21,17,14,33,27,35,37,21,27,26,3,36,11,15,37,16,17,35,8,12,16,12,21,26,21,9,25,15,7,21,10,29,41,17]
costo_por_agente [13,13,6,10,42,69,55,63,99,19,8,43,165,13,17,13,77,26,63,35,45,12,84,113,42,27,27,130,33,162,173,38,34,7,67,18,47,113,70,16,15,103,144,16,139,4,74,18,95,8,9,17,32,46,23,60,5,5,10,67,108,122,173,161,50,18,84,84,18,10,102,55,6,24,21,22,72,13,9,72,134,55,119,65,140,69,48,28,59,64,114,7,114,39,111,51,41,116,6,68,10,11,66,27,15,113,67,96,80,42,21,7,61,172,106,39,119,86,40,106,19,60,10,43,25,99,121,53,14,4,10,23,17,35,102,5,65,43,43,138,45,159,91,34,82,106,34,88,41,104,13,9,81,42,48,34,149,113,22,127,47,51,47,23,143,30,21,52,11,19,43,18,127,59,10,32,30,74,39,92,21,15,149,25,9,51,10,109,47,19]
completion_time_por_agente [24,16,9,11,45,115,72,84,129,23,12,52,278,14,23,22,104,29,99,48,51,14,119,212,56,43,36,198,39,282,298,51,45,9,107,24,62,202,108,19,18,163,230,21,220,4,122,25,153,11,10,18,45,62,23,109,5,5,11,108,195,193,264,256,69,28,137,144,22,13,164,122,6,33,22,32,131,18,13,128,225,70,206,102,263,112,56,41,82,112,201,7,197,63,160,69,53,177,7,88,10,11,93,34,16,187,136,155,118,42,21,10,112,308,176,41,214,141,43,205,28,84,10,49,27,184,195,80,14,4,17,31,23,49,177,5,89,67,48,232,65,247,139,35,124,195,46,139,48,174,21,10,107,70,60,34,211,225,30,252,65,80,63,24,248,37,23,82,14,23,48,23,206,87,12,54,37,127,59,166,22,28,261,33,10,71,10,178,58,25]
tiempo_ultimo_agente_goal 308
tiempo_en_acabar 308
tiempo_promedio 88.000000
agentes_en_goal 190
bad_good_total_rate_pred [80061,54338,134399,0.4]
push_out_count 34620
RUN 20
valores_ideales [7,11,4,10,42,43,39,37,19,19,6,17,37,13,17,7,41,12,33,25,41,8,46,27,28,15,23,40,25,28,27,22,20,5,33,16,29,15,16,14,13,41,36,16,23,4,34,14,25,8,5,15,22,36,21,18,5,5,10,41,24,32,47,39,22,12,36,20,10,8,38,15,6,16,21,12,12,13,7,34,22,29,41,35,24,37,32,14,13,30,34,7,26,25,29,49,31,38,6,32,10,11,36,21,13,27,9,32,28,42,21,5,23,20,30,37,41,28,40,20,9,40,10,29,17,17,31,37,14,4,4,19,15,25,50,5,19,25,31,38,31,39,47,34,38,14,30,34,19,18,9,7,29,18,44,34,21,17,14,33,27,35,37,21,27,26,3,36,11,15,37,16,17,35,8,12,16,12,21,26,21,9,25,15,7,21,10,29,41,17]
costo_por_agente [11,19,12,10,42,53,71,97,119,33,18,35,149,13,21,9,133,12,125,37,57,20,104,81,34,25,43,110,39,134,129,40,28,7,67,26,63,61,132,16,61,125,102,18,89,4,104,44,71,8,11,17,26,46,23,48,5,7,10,95,158,68,67,123,130,14,48,80,16,8,76,53,16,26,21,16,156,13,15,62,158,33,49,81,142,133,40,32,19,38,88,9,54,27,83,63,47,142,12,72,10,15,50,23,19,97,45,140,70,42,21,7,143,114,44,47,63,114,50,108,9,78,12,149,27,89,45,155,14,4,8,35,15,31,66,5,139,79,73,74,41,111,95,38,102,86,36,58,19,110,11,9,153,22,110,36,103,125,24,75,33,55,43,37,111,42,3,138,11,19,39,18,153,91,12,16,24,16,31,78,21,63,139,31,9,59,10,35,75,25]
completion_time_por_agente [17,19,16,11,43,81,112,151,221,46,33,50,237,14,23,12,236,12,221,45,76,28,179,111,45,36,60,171,56,230,216,66,34,8,107,42,89,110,263,17,73,212,177,21,172,4,201,60,139,9,15,18,29,73,23,95,6,8,10,169,275,100,111,192,252,17,65,131,21,8,123,83,30,38,21,19,244,16,17,107,232,38,62,131,255,220,57,48,29,51,155,12,91,30,130,92,58,273,18,137,10,17,81,31,26,162,87,250,118,48,21,8,237,179,66,53,99,188,73,186,9,122,12,244,27,164,73,262,14,6,9,64,15,39,84,5,230,153,153,111,50,146,136,42,164,150,46,92,26,190,11,11,266,24,192,41,194,235,38,125,41,84,52,57,166,57,3,245,13,21,49,20,252,152,15,17,28,22,34,133,21,115,252,40,11,99,14,57,126,36]
tiempo_ultimo_agente_goal 275
tiempo_en_acabar 275
tiempo_promedio 90.494736
agentes_en_goal 190
bad_good_total_rate_pred [76677,59641,136318,0.4]
push_out_count 36196
RUN 21
valores_ideales [7,11,4,10,42,43,39,37,19,19,6,17,37,13,17,7,41,12,33,25,41,8,46,27,28,15,23,40,25,28,27,22,20,5,33,16,29,15,16,14,13,41,36,16,23,4,34,14,25,8,5,15,22,36,21,18,5,5,10,41,24,32,47,39,22,12,36,20,10,8,38,15,6,16,21,12,12,13,7,34,22,29,41,35,24,37,32,14,13,30,34,7,26,25,29,49,31,38,6,32,10,11,36,21,13,27,9,32,28,42,21,5,23,20,30,37,41,28,40,20,9,40,10,29,17,17,31,37,14,4,4,19,15,25,50,5,19,25,31,38,31,39,47,34,38,14,30,34,19,18,9,7,29,18,44,34,21,17,14,33,27,35,37,21,27,26,3,36,11,15,37,16,17,35,8,12,16,12,21,26,21,9,25,15,7,21,10,29,41,17]
costo_por_agente [17,21,6,10,46,115,59,91,127,27,8,29,69,13,29,9,109,12,115,41,99,14,122,163,32,19,29,140,35,110,135,44,34,7,81,22,127,63,76,14,181,151,162,18,143,4,110,14,147,8,5,15,56,70,21,50,7,7,10,67,178,60,59,123,74,16,108,46,16,8,64,115,6,38,21,14,26,13,11,68,86,41,51,77,122,117,36,22,63,38,174,9,118,43,179,53,47,122,6,66,10,11,40,27,23,127,45,102,134,48,21,9,115,52,68,49,87,94,102,126,15,66,10,53,41,171,51,145,14,6,8,23,23,31,64,5,149,133,95,100,43,153,127,40,88,114,44,112,45,154,57,9,145,22,140,34,99,115,16,109,35,41,75,41,49,48,3,106,13,19,51,16,71,63,12,16,20,16,45,128,33,17,151,33,13,37,10,35,43,29]
completion_time_por_agente [27,31,8,10,58,181,77,139,225,30,11,44,98,14,43,12,193,12,184,64,193,20,197,237,39,27,32,224,42,184,227,82,44,7,126,31,199,101,129,18,290,240,274,18,250,4,196,16,272,11,6,16,86,113,22,84,10,9,10,113,277,87,74,201,138,24,188,75,18,9,84,180,8,57,21,18,44,16,16,114,141,50,76,135,229,214,40,29,114,49,270,9,216,66,256,73,71,187,7,112,10,12,47,35,31,232,73,160,239,53,21,10,193,66,120,75,139,170,153,209,19,106,10,73,66,282,76,260,14,9,11,27,29,34,84,5,273,220,170,170,51,247,208,48,129,222,62,193,67,252,106,13,229,28,225,35,165,206,23,175,48,56,112,64,71,61,4,183,15,29,67,16,120,81,17,21,27,20,67,219,41,20,276,42,14,60,12,41,55,40]
tiempo_ultimo_agente_goal 290
tiempo_en_acabar 290
tiempo_promedio 95.905266
agentes_en_goal 190
bad_good_total_rate_pred [84278,58471,142749,0.4]
push_out_count 37850
RUN 22
valores_ideales [7,11,4,10,42,43,39,37,19,19,6,17,37,13,17,7,41,12,33,25,41,8,46,27,28,15,23,40,25,28,27,22,20,5,33,16,29,15,16,14,13,41,36,16,23,4,34,14,25,8,5,15,22,36,21,18,5,5,10,41,24,32,47,39,22,12,36,20,10,8,38,15,6,16,21,12,12,13,7,34,22,29,41,35,24,37,32,14,13,30,34,7,26,25,29,49,31,38,6,32,10,11,36,21,13,27,9,32,28,42,21,5,23,20,30,37,41,28,40,20,9,40,10,29,17,17,31,37,14,4,4,19,15,25,50,5,19,25,31,38,31,39,47,34,38,14,30,34,19,18,9,7,29,18,44,34,21,17,14,33,27,35,37,21,27,26,3,36,11,15,37,16,17,35,8,12,16,12,21,26,21,9,25,15,7,21,10,29,41,17]
costo_por_agente [7,11,4,10,42,157,83,83,71,21,30,33,145,13,21,9,117,18,109,31,99,10,62,75,30,33,31,110,37,102,145,40,28,9,87,38,45,133,110,16,47,179,112,16,123,4,110,18,69,22,11,23,36,94,23,156,13,5,10,69,142,96,61,147,118,16,62,42,18,8,84,117,6,28,21,20,54,13,9,46,58,61,165,77,150,127,36,20,33,64,152,7,168,45,143,55,41,94,6,122,10,11,92,31,19,123,9,78,170,48,21,5,137,130,106,55,79,90,48,170,11,82,10,63,31,159,145,97,14,6,6,23,17,33,62,5,127,135,137,64,39,119,141,38,106,144,42,78,31,152,15,9,81,124,130,34,147,105,20,141,41,65,49,25,89,42,5,80,11,37,63,16,47,41,10,18,20,14,41,98,21,15,79,25,9,89,10,93,61,21]
completion_time_por_agente [7,12,7,10,47,262,119,138,120,26,55,40,257,14,22,18,193,23,196,41,161,11,85,108,31,55,33,169,44,155,233,54,38,12,161,53,63,261,186,17,57,284,185,19,207,4,178,18,123,37,17,34,49,152,24,269,17,5,10,103,238,163,90,237,207,20,96,63,25,8,123,196,7,35,21,24,105,14,13,63,79,89,268,132,249,229,45,30,57,109,245,9,310,71,223,79,48,144,9,188,10,11,169,38,25,231,12,122,297,70,21,6,216,219,196,84,123,125,73,292,12,137,12,79,38,267,272,140,14,7,8,27,22,39,86,5,219,256,224,99,44,210,246,41,169,198,59,111,45,297,18,11,116,199,217,34,275,187,27,264,63,88,69,33,144,58,5,123,13,50,103,19,78,52,13,18,25,18,62,189,22,19,120,40,11,169,13,185,90,26]
tiempo_ultimo_agente_goal 310
tiempo_en_acabar 310
tiempo_promedio 98.310524
agentes_en_goal 190
bad_good_total_rate_pred [83035,62156,145191,0.4]
push_out_count 39637
RUN 23
valores_ideales [7,11,4,10,42,43,39,37,19,19,6,17,37,13,17,7,41,12,33,25,41,8,46,27,28,15,23,40,25,28,27,22,20,5,33,16,29,15,16,14,13,41,36,16,23,4,34,14,25,8,5,15,22,36,21,18,5,5,10,41,24,32,47,39,22,12,36,20,10,8,38,15,6,16,21,12,12,13,7,34,22,29,41,35,24,37,32,14,13,30,34,7,26,25,29,49,31,38,6,32,10,11,36,21,13,27,9,32,28,42,21,5,23,20,30,37,41,28,40,20,9,40,10,29,17,17,31,37,14,4,4,19,15,25,50,5,19,25,31,38,31,39,47,34,38,14,30,34,19,18,9,7,29,18,44,34,21,17,14,33,27,35,37,21,27,26,3,36,11,15,37,16,17,35,8,12,16,12,21,26,21,9,25,15,7,21,10,29,41,17]
costo_por_agente [9,11,10,10,42,53,121,73,105,61,8,43,129,13,29,11,65,22,167,29,75,8,50,111,30,33,39,54,53,46,183,32,34,7,155,18,43,71,140,14,135,107,154,18,57,4,62,16,151,8,5,15,46,98,21,178,5,7,10,65,178,96,137,111,142,14,150,84,32,8,54,137,6,26,21,12,148,21,7,48,126,35,91,177,142,133,36,22,33,50,164,7,38,53,91,59,41,142,22,68,10,13,176,25,17,117,17,126,36,70,21,5,119,168,166,41,57,108,68,84,11,102,10,35,21,121,63,93,14,8,10,31,17,33,58,5,89,161,33,112,37,113,119,34,140,142,36,118,31,146,19,15,167,52,90,34,203,171,22,97,49,69,47,27,161,34,3,148,11,17,147,18,109,71,8,24,22,16,35,86,23,21,151,45,7,49,16,195,41,21]
completion_time_por_agente [11,13,17,10,44,61,199,108,196,102,11,66,222,14,34,17,100,26,264,36,110,8,64,213,33,59,46,63,71,71,307,39,45,7,306,21,57,136,249,15,212,168,230,28,80,4,97,21,280,11,5,18,68,171,24,290,6,7,10,91,298,157,228,171,277,16,248,117,42,8,82,235,7,34,23,12,290,32,15,67,206,43,129,300,228,225,39,31,47,77,269,7,50,76,142,92,57,241,43,102,10,14,287,27,23,183,25,242,45,111,23,6,221,265,259,43,67,165,109,155,17,161,10,41,26,188,102,160,14,8,11,40,19,40,81,5,142,284,40,182,44,205,165,34,244,221,48,185,41,249,27,21,262,83,144,34,315,301,25,156,65,95,75,30,262,46,3,262,16,22,228,21,210,106,11,33,24,16,60,136,27,29,254,78,8,80,18,334,45,25]
tiempo_ultimo_agente_goal 334
tiempo_en_acabar 334
tiempo_promedio 101.731583
agentes_en_goal 190
bad_good_total_rate_pred [90587,59634,150221,0.4]
push_out_count 41473
RUN 24
valores_ideales [7,11,4,10,42,43,39,37,19,19,6,17,37,13,17,7,41,12,33,25,41,8,46,27,28,15,23,40,25,28,27,22,20,5,33,16,29,15,16,14,13,41,36,16,23,4,34,14,25,8,5,15,22,36,21,18,5,5,10,41,24,32,47,39,22,12,36,20,10,8,38,15,6,16,21,12,12,13,7,34,22,29,41,35,24,37,32,14,13,30,34,7,26,25,29,49,31,38,6,32,10,11,36,21,13,27,9,32,28,42,21,5,23,20,30,37,41,28,40,20,9,40,10,29,17,17,31,37,14,4,4,19,15,25,50,5,19,25,31,38,31,39,47,34,38,14,30,34,19,18,9,7,29,18,44,34,21,17,14,33,27,35,37,21,27,26,3,36,11,15,37,16,17,35,8,12,16,12,21,26,21,9,25,15,7,21,10,29,41,17]
costo_por_agente [7,11,8,10,50,143,163,167,165,39,6,33,169,13,19,17,103,12,127,33,77,22,124,139,32,33,29,76,49,50,185,42,44,11,67,18,113,185,156,18,259,157,176,16,63,4,92,14,83,10,5,15,36,50,23,60,9,17,10,139,82,136,167,133,122,18,90,34,14,8,186,45,6,28,27,16,60,13,11,106,184,35,121,67,188,149,34,14,67,52,76,7,130,43,187,63,47,152,6,50,10,11,76,33,13,101,167,96,32,74,25,5,191,186,66,41,59,98,128,114,9,214,10,55,47,125,75,127,26,4,10,29,15,33,70,7,115,123,73,210,37,129,127,38,86,106,42,90,43,78,71,13,115,32,98,34,153,79,18,197,47,57,47,37,81,32,11,120,19,33,41,16,165,53,16,16,22,28,41,118,21,13,211,47,11,25,12,161,51,23]
completion_time_por_agente [7,16,13,10,63,239,279,276,285,57,11,44,273,14,22,23,169,12,201,44,127,35,178,242,33,50,35,108,64,78,316,44,65,11,109,24,182,308,287,30,352,254,292,20,90,4,159,17,131,13,6,17,54,72,24,91,10,28,10,238,137,222,298,209,188,30,154,43,19,10,329,68,8,33,27,25,97,13,14,177,327,53,198,119,322,269,39,14,125,82,112,9,243,66,353,100,68,270,6,75,10,12,133,58,20,169,300,164,37,135,28,5,287,332,97,56,83,164,238,189,10,303,10,86,61,206,121,210,41,6,10,32,20,40,104,7,220,222,130,358,45,220,185,38,138,217,64,156,65,133,143,19,202,41,141,34,229,135,24,293,72,83,70,52,135,39,16,192,30,42,50,19,234,74,25,20,26,41,66,232,23,16,366,76,18,30,16,263,77,31]
tiempo_ultimo_agente_goal 366
tiempo_en_acabar 366
tiempo_promedio 109.931580
agentes_en_goal 190
bad_good_total_rate_pred [103213,69931,173144,0.4]
push_out_count 43427
RUN 25
valores_ideales [7,11,4,10,42,43,39,37,19,19,6,17,37,13,17,7,41,12,33,25,41,8,46,27,28,15,23,40,25,28,27,22,20,5,33,16,29,15,16,14,13,41,36,16,23,4,34,14,25,8,5,15,22,36,21,18,5,5,10,41,24,32,47,39,22,12,36,20,10,8,38,15,6,16,21,12,12,13,7,34,22,29,41,35,24,37,32,14,13,30,34,7,26,25,29,49,31,38,6,32,10,11,36,21,13,27,9,32,28,42,21,5,23,20,30,37,41,28,40,20,9,40,10,29,17,17,31,37,14,4,4,19,15,25,50,5,19,25,31,38,31,39,47,34,38,14,30,34,19,18,9,7,29,18,44,34,21,17,14,33,27,35,37,21,27,26,3,36,11,15,37,16,17,35,8,12,16,12,21,26,21,9,25,15,7,21,10,29,41,17]
costo_por_agente [7,11,6,10,42,133,183,83,77,19,10,41,91,13,19,9,153,16,133,29,47,14,112,117,28,29,23,150,37,110,165,34,34,7,57,18,39,55,154,14,17,103,124,18,99,4,92,24,75,10,7,15,48,74,25,34,5,5,10,63,162,88,109,121,108,20,86,30,40,10,82,153,6,28,21,12,48,13,11,56,114,47,75,129,160,103,34,24,55,36,98,7,82,43,93,87,37,146,6,144,10,15,62,29,15,185,23,112,124,50,21,5,149,118,120,47,45,160,52,162,11,112,10,71,21,117,107,161,14,6,6,21,17,31,62,7,117,143,63,150,35,81,105,48,132,138,44,116,35,138,11,13,161,22,80,34,165,169,16,85,33,71,51,27,181,36,9,120,13,17,43,16,91,73,16,24,28,22,35,56,21,11,119,43,7,31,12,45,127,19]
completion_time_por_agente [7,11,10,10,45,229,304,126,149,19,15,61,144,14,24,13,252,18,215,33,53,21,156,198,32,41,24,258,60,178,288,45,42,7,97,19,48,102,250,14,21,157,197,19,177,4,153,33,134,15,8,16,76,118,29,51,5,5,10,102,277,128,186,231,187,30,134,48,67,13,119,274,7,31,21,12,83,17,16,99,200,71,116,224,275,175,37,36,103,46,168,7,139,64,137,141,46,241,6,250,10,17,83,34,19,303,36,203,234,71,24,9,284,168,207,55,56,287,70,260,13,182,10,96,24,193,175,269,14,9,9,21,20,38,81,7,193,269,118,231,38,121,161,52,204,273,55,202,51,212,11,16,256,28,122,34,287,296,20,145,50,107,80,32,308,43,12,218,14,18,47,16,149,102,30,30,34,36,47,91,21,13,203,74,9,38,14,72,221,22]
tiempo_ultimo_agente_goal 308
tiempo_en_acabar 308
tiempo_promedio 97.689476
agentes_en_goal 190
bad_good_total_rate_pred [84281,61240,145521,0.4]
push_out_count 45176
RUN 26
valores_ideales [7,11,4,10,42,43,39,37,19,19,6,17,37,13,17,7,41,12,33,25,41,8,46,27,28,15,23,40,25,28,27,22,20,5,33,16,29,15,16,14,13,41,36,16,23,4,34,14,25,8,5,15,22,36,21,18,5,5,10,41,24,32,47,39,22,12,36,20,10,8,38,15,6,16,21,12,12,13,7,34,22,29,41,35,24,37,32,14,13,30,34,7,26,25,29,49,31,38,6,32,10,11,36,21,13,27,9,32,28,42,21,5,23,20,30,37,41,28,40,20,9,40,10,29,17,17,31,37,14,4,4,19,15,25,50,5,19,25,31,38,31,39,47,34,38,14,30,34,19,18,9,7,29,18,44,34,21,17,14,33,27,35,37,21,27,26,3,36,11,15,37,16,17,35,8,12,16,12,21,26,21,9,25,15,7,21,10,29,41,17]
costo_por_agente [11,11,4,10,42,59,97,87,147,43,22,39,165,13,23,9,89,28,81,25,47,18,106,163,32,31,23,226,37,54,171,34,28,9,71,44,63,161,146,24,215,117,182,18,47,4,112,20,67,8,5,19,30,80,21,30,7,7,10,195,164,44,55,217,168,14,212,74,46,8,174,229,6,22,23,20,74,15,9,48,220,43,79,137,64,127,34,34,19,36,176,7,96,29,195,189,35,76,6,72,10,15,104,31,17,83,17,118,112,42,21,27,111,204,144,39,51,66,90,220,9,84,10,181,33,149,53,207,14,8,10,27,15,31,66,7,167,125,119,212,37,155,179,44,120,148,46,46,29,228,115,11,111,100,96,34,191,125,14,63,49,47,57,27,139,36,3,172,13,47,45,18,205,91,12,62,26,70,53,126,31,13,219,29,7,41,10,185,55,35]
completion_time_por_agente [19,13,6,10,45,94,162,143,244,45,40,65,265,14,27,15,144,37,153,30,63,30,172,299,38,50,23,398,59,73,298,53,40,9,120,76,83,281,261,33,355,192,273,20,82,4,183,24,123,12,6,20,44,131,22,43,8,7,10,325,302,63,83,368,335,18,314,124,74,9,272,377,7,30,23,27,118,17,15,65,363,65,125,208,91,207,38,56,33,44,309,7,186,40,323,325,47,114,8,121,10,15,181,46,26,119,27,189,200,50,22,35,215,332,259,44,65,98,144,387,9,151,11,263,44,258,81,348,14,13,13,34,16,36,81,7,280,221,215,364,46,236,264,54,206,238,65,67,37,409,215,16,191,156,155,34,301,236,18,99,68,73,85,30,252,53,3,300,15,78,58,18,359,146,13,94,31,118,74,202,35,16,347,45,9,63,13,295,80,54]
tiempo_ultimo_agente_goal 409
tiempo_en_acabar 409
tiempo_promedio 117.147369
agentes_en_goal 190
bad_good_total_rate_pred [109584,71660,181244,0.4]
push_out_count 47359
RUN 27
valores_ideales [7,11,4,10,42,43,39,37,19,19,6,17,37,13,17,7,41,12,33,25,41,8,46,27,28,15,23,40,25,28,27,22,20,5,33,16,29,15,16,14,13,41,36,16,23,4,34,14,25,8,5,15,22,36,21,18,5,5,10,41,24,32,47,39,22,12,36,20,10,8,38,15,6,16,21,12,12,13,7,34,22,29,41,35,24,37,32,14,13,30,34,7,26,25,29,49,31,38,6,32,10,11,36,21,13,27,9,32,28,42,21,5,23,20,30,37,41,28,40,20,9,40,10,29,17,17,31,37,14,4,4,19,15,25,50,5,19,25,31,38,31,39,47,34,38,14,30,34,19,18,9,7,29,18,44,34,21,17,14,33,27,35,37,21,27,26,3,36,11,15,37,16,17,35,8,12,16,12,21,26,21,9,25,15,7,21,10,29,41,17]
costo_por_agente [7,11,4,10,42,81,87,147,79,25,12,47,79,13,21,7,53,14,115,41,97,16,146,109,36,25,41,90,57,218,189,44,40,7,75,20,73,103,146,20,121,101,194,18,131,4,166,24,77,8,7,17,44,168,21,62,11,7,10,77,204,46,69,157,158,12,144,28,44,8,200,177,8,28,21,12,32,13,9,38,90,41,93,83,168,131,38,36,119,58,78,7,104,61,135,75,59,184,8,148,10,11,156,21,13,157,27,136,94,42,21,5,177,94,42,83,49,188,64,178,25,50,14,101,27,211,77,211,42,6,4,45,17,41,134,5,25,101,37,106,33,81,119,40,78,174,58,176,33,92,65,11,159,116,74,34,161,153,22,177,73,41,65,31,91,46,17,118,13,69,53,20,163,49,8,26,20,16,51,60,21,9,81,47,11,45,12,189,43,41]
completion_time_por_agente [8,16,6,10,49,118,150,244,138,28,22,77,116,14,26,11,67,18,189,69,183,26,198,196,46,38,64,153,100,366,313,70,54,9,126,24,99,204,270,31,188,170,336,21,244,4,317,35,115,10,9,19,62,324,25,95,16,8,13,124,321,51,93,228,282,13,244,38,73,9,363,327,13,41,21,13,49,15,13,57,152,62,163,141,310,237,52,64,221,93,136,8,188,99,242,109,95,311,10,274,10,11,267,28,15,295,39,236,137,42,21,6,312,164,64,135,58,356,106,324,44,74,21,157,35,340,132,338,65,11,4,66,21,66,245,5,27,196,53,174,40,130,163,49,125,312,95,304,47,170,92,15,254,214,104,34,308,299,29,337,121,53,103,49,163,72,17,211,14,120,73,22,248,69,11,45,26,19,71,103,22,9,127,82,15,62,13,331,53,79]
tiempo_ultimo_agente_goal 366
tiempo_en_acabar 366
tiempo_promedio 113.347366
agentes_en_goal 190
bad_good_total_rate_pred [96369,72525,168894,0.4]
push_out_count 49581
RUN 28
valores_ideales [7,11,4,10,42,43,39,37,19,19,6,17,37,13,17,7,41,12,33,25,41,8,46,27,28,15,23,40,25,28,27,22,20,5,33,16,29,15,16,14,13,41,36,16,23,4,34,14,25,8,5,15,22,36,21,18,5,5,10,41,24,32,47,39,22,12,36,20,10,8,38,15,6,16,21,12,12,13,7,34,22,29,41,35,24,37,32,14,13,30,34,7,26,25,29,49,31,38,6,32,10,11,36,21,13,27,9,32,28,42,21,5,23,20,30,37,41,28,40,20,9,40,10,29,17,17,31,37,14,4,4,19,15,25,50,5,19,25,31,38,31,39,47,34,38,14,30,34,19,18,9,7,29,18,44,34,21,17,14,33,27,35,37,21,27,26,3,36,11,15,37,16,17,35,8,12,16,12,21,26,21,9,25,15,7,21,10,29,41,17]
costo_por_agente [7,25,8,10,42,45,63,61,105,19,6,39,159,13,19,11,57,12,91,65,59,14,74,119,48,19,39,76,27,36,129,44,32,9,81,18,99,17,98,14,47,113,102,16,43,4,144,18,53,8,7,15,34,36,29,134,7,5,12,133,86,52,67,115,102,14,92,54,16,8,90,81,14,32,21,24,62,15,13,36,162,37,67,89,84,57,36,18,137,42,106,7,62,55,171,81,59,66,8,56,10,13,44,23,15,129,11,110,60,42,21,11,69,124,54,61,93,104,40,84,17,88,10,147,21,107,51,123,14,6,8,35,67,43,56,13,77,109,51,164,31,119,67,42,60,86,42,84,23,94,27,13,129,66,98,34,61,49,46,53,39,57,55,31,67,28,9,124,15,21,51,16,127,51,8,16,26,26,43,66,21,147,157,33,9,31,10,133,51,29]
completion_time_por_agente [7,34,10,11,45,54,96,72,189,20,8,55,293,17,21,17,75,12,133,104,90,23,112,201,68,31,54,119,33,54,231,59,42,16,142,26,143,26,154,14,64,198,174,19,52,4,261,22,82,8,7,16,42,47,37,223,9,8,16,208,160,67,101,175,185,24,148,84,18,8,166,137,23,41,21,37,93,17,21,40,264,43,120,134,149,84,40,19,224,56,165,8,88,85,262,110,80,91,9,83,10,14,57,26,20,245,11,161,103,44,21,15,116,223,76,96,146,172,46,141,27,144,12,217,24,183,79,234,15,7,8,55,121,64,64,17,112,189,70,276,39,166,91,51,98,148,61,134,32,145,50,16,236,85,176,34,104,74,81,63,52,77,90,38,121,33,14,205,16,24,56,16,208,66,8,22,31,26,70,113,21,275,241,50,12,40,10,223,61,42]
tiempo_ultimo_agente_goal 293
tiempo_en_acabar 293
tiempo_promedio 83.652634
agentes_en_goal 190
bad_good_total_rate_pred [71013,50850,121863,0.4]
push_out_count 50943
RUN 29
valores_ideales [7,11,4,10,42,43,39,37,19,19,6,17,37,13,17,7,41,12,33,25,41,8,46,27,28,15,23,40,25,28,27,22,20,5,33,16,29,15,16,14,13,41,36,16,23,4,34,14,25,8,5,15,22,36,21,18,5,5,10,41,24,32,47,39,22,12,36,20,10,8,38,15,6,16,21,12,12,13,7,34,22,29,41,35,24,37,32,14,13,30,34,7,26,25,29,49,31,38,6,32,10,11,36,21,13,27,9,32,28,42,21,5,23,20,30,37,41,28,40,20,9,40,10,29,17,17,31,37,14,4,4,19,15,25,50,5,19,25,31,38,31,39,47,34,38,14,30,34,19,18,9,7,29,18,44,34,21,17,14,33,27,35,37,21,27,26,3,36,11,15,37,16,17,35,8,12,16,12,21,26,21,9,25,15,7,21,10,29,41,17]
costo_por_agente [7,11,14,10,42,143,81,89,121,23,16,21,87,13,21,11,61,12,81,43,77,20,136,91,32,29,27,144,33,44,125,32,30,11,87,16,59,41,170,14,23,193,158,20,169,4,98,20,103,8,11,17,40,78,23,98,5,5,10,55,154,68,101,111,32,12,56,64,16,8,110,197,6,34,21,24,30,21,7,42,182,57,51,187,156,227,52,40,75,62,150,9,150,39,159,131,43,180,6,140,10,11,108,25,13,45,45,166,162,42,23,5,155,162,36,57,53,60,56,94,9,80,10,69,35,231,49,237,16,4,10,37,15,39,64,5,207,183,163,166,37,71,161,46,108,228,44,198,43,204,9,15,87,20,76,34,201,69,14,105,33,43,47,39,155,34,13,160,19,19,39,16,177,67,10,40,22,72,37,202,21,9,77,21,9,35,10,111,43,25]
completion_time_por_agente [9,13,19,11,45,252,118,134,225,26,28,24,131,14,24,17,87,12,120,71,116,26,227,160,39,42,33,237,42,68,206,42,40,15,149,20,72,75,299,17,29,296,251,22,302,4,155,22,147,13,11,19,55,134,23,199,5,6,11,86,252,105,150,191,42,17,82,105,22,8,194,359,6,45,24,30,45,24,11,63,264,83,75,313,295,400,65,57,157,90,269,12,244,50,239,206,58,292,8,221,10,11,169,33,14,78,71,284,275,42,26,6,308,291,54,82,74,84,77,151,10,135,10,97,45,386,69,409,25,6,12,41,15,52,90,5,358,304,280,275,46,98,277,58,192,394,62,364,63,316,10,26,158,21,112,36,338,114,16,187,47,55,62,57,283,43,15,290,23,20,44,21,257,101,16,55,26,96,55,395,22,14,127,25,9,48,15,204,46,30]
tiempo_ultimo_agente_goal 409
tiempo_en_acabar 409
tiempo_promedio 107.478951
agentes_en_goal 190
bad_good_total_rate_pred [87796,66052,153848,0.4]
push_out_count 52960
RUN 30
valores_ideales [7,11,4,10,42,43,39,37,19,19,6,17,37,13,17,7,41,12,33,25,41,8,46,27,28,15,23,40,25,28,27,22,20,5,33,16,29,15,16,14,13,41,36,16,23,4,34,14,25,8,5,15,22,36,21,18,5,5,10,41,24,32,47,39,22,12,36,20,10,8,38,15,6,16,21,12,12,13,7,34,22,29,41,35,24,37,32,14,13,30,34,7,26,25,29,49,31,38,6,32,10,11,36,21,13,27,9,32,28,42,21,5,23,20,30,37,41,28,40,20,9,40,10,29,17,17,31,37,14,4,4,19,15,25,50,5,19,25,31,38,31,39,47,34,38,14,30,34,19,18,9,7,29,18,44,34,21,17,14,33,27,35,37,21,27,26,3,36,11,15,37,16,17,35,8,12,16,12,21,26,21,9,25,15,7,21,10,29,41,17]
costo_por_agente [11,13,6,10,42,101,137,131,71,23,12,37,95,13,17,15,69,12,67,37,57,24,54,85,32,19,25,122,57,46,33,42,52,7,51,18,37,101,138,14,131,111,124,18,131,4,144,24,111,8,9,17,44,102,23,138,5,5,10,87,144,134,93,57,116,26,72,158,14,10,82,155,20,44,21,26,28,13,11,58,144,35,89,95,114,123,34,42,33,40,108,7,50,57,139,65,43,162,6,148,10,11,90,23,13,137,13,140,94,60,21,9,145,148,88,49,47,64,40,146,15,142,10,145,37,143,63,155,28,8,4,25,25,47,52,27,113,107,99,66,65,75,119,38,106,54,40,110,31,150,17,7,163,36,52,34,165,143,16,167,61,77,49,35,53,34,13,136,13,57,53,16,129,69,8,30,24,100,27,72,21,11,107,45,11,45,10,57,45,19]
completion_time_por_agente [16,13,9,10,45,165,219,218,104,31,17,46,134,15,19,21,102,13,105,45,76,29,78,141,42,27,25,218,94,67,52,67,71,9,79,21,49,191,259,19,197,194,192,21,213,4,263,29,210,11,13,17,72,174,24,250,5,6,10,143,221,232,153,79,175,36,97,240,19,10,126,282,35,70,21,30,59,17,13,85,232,43,151,156,200,208,35,68,60,48,180,9,86,93,230,92,54,240,6,264,10,12,147,27,14,252,21,233,172,96,23,9,276,268,147,62,55,114,47,266,16,265,10,215,48,247,104,245,36,15,4,27,38,72,61,37,217,174,187,93,114,114,162,47,157,109,58,188,36,229,29,14,260,41,69,35,254,236,21,267,97,130,78,52,77,43,17,229,16,88,69,16,213,116,14,57,29,147,36,135,21,11,185,76,15,52,10,101,46,26]
tiempo_ultimo_agente_goal 282
tiempo_en_acabar 282
tiempo_promedio 97.199997
agentes_en_goal 190
bad_good_total_rate_pred [83221,61243,144464,0.4]
push_out_count 54599
RUN 31
valores_ideales [7,11,4,10,42,43,39,37,19,19,6,17,37,13,17,7,41,12,33,25,41,8,46,27,28,15,23,40,25,28,27,22,20,5,33,16,29,15,16,14,13,41,36,16,23,4,34,14,25,8,5,15,22,36,21,18,5,5,10,41,24,32,47,39,22,12,36,20,10,8,38,15,6,16,21,12,12,13,7,34,22,29,41,35,24,37,32,14,13,30,34,7,26,25,29,49,31,38,6,32,10,11,36,21,13,27,9,32,28,42,21,5,23,20,30,37,41,28,40,20,9,40,10,29,17,17,31,37,14,4,4,19,15,25,50,5,19,25,31,38,31,39,47,34,38,14,30,34,19,18,9,7,29,18,44,34,21,17,14,33,27,35,37,21,27,26,3,36,11,15,37,16,17,35,8,12,16,12,21,26,21,9,25,15,7,21,10,29,41,17]
costo_por_agente [11,15,12,10,50,57,119,73,159,51,6,51,67,13,19,9,49,20,83,41,53,12,50,133,36,31,25,98,47,82,167,26,36,7,55,28,45,45,90,14,21,153,176,18,71,4,98,22,149,10,7,17,42,56,35,70,7,5,10,61,94,54,73,195,60,16,176,36,18,8,56,79,26,26,21,32,14,13,9,58,158,41,67,69,126,99,38,18,29,34,112,7,120,61,107,63,79,170,6,32,10,13,192,33,15,167,13,68,74,52,21,55,61,58,172,53,59,70,42,52,19,158,10,79,67,177,135,171,32,6,4,33,17,55,64,7,103,89,43,72,43,73,159,38,60,150,56,68,67,214,13,13,45,130,88,36,169,165,16,71,45,59,59,53,157,60,3,52,13,79,55,16,175,67,16,18,26,28,61,92,21,47,51,29,9,27,10,183,53,73]
completion_time_por_agente [17,18,16,10,63,73,181,116,292,64,11,96,110,14,26,15,66,28,139,59,73,14,62,246,49,51,28,151,68,116,282,35,45,9,93,46,54,69,154,14,39,264,333,19,115,4,147,29,268,14,8,19,69,81,47,116,11,5,10,100,160,82,103,315,95,24,304,53,29,8,79,141,45,37,22,50,15,13,18,80,278,57,96,101,213,166,45,22,53,37,183,9,193,102,178,81,124,300,10,33,10,18,303,50,19,311,13,103,104,64,22,95,113,103,320,74,81,116,48,76,32,288,10,120,112,327,240,287,57,8,4,46,21,85,85,7,190,145,50,107,56,115,270,39,81,267,86,108,98,347,20,20,59,227,144,41,288,267,19,99,75,82,83,94,279,94,3,66,13,152,65,16,300,114,27,25,36,31,91,141,22,79,76,35,11,32,13,304,70,128]
tiempo_ultimo_agente_goal 347
tiempo_en_acabar 347
tiempo_promedio 95.773682
agentes_en_goal 190
bad_good_total_rate_pred [81550,61133,142683,0.4]
push_out_count 56295
RUN 32
valores_ideales [7,11,4,10,42,43,39,37,19,19,6,17,37,13,17,7,41,12,33,25,41,8,46,27,28,15,23,40,25,28,27,22,20,5,33,16,29,15,16,14,13,41,36,16,23,4,34,14,25,8,5,15,22,36,21,18,5,5,10,41,24,32,47,39,22,12,36,20,10,8,38,15,6,16,21,12,12,13,7,34,22,29,41,35,24,37,32,14,13,30,34,7,26,25,29,49,31,38,6,32,10,11,36,21,13,27,9,32,28,42,21,5,23,20,30,37,41,28,40,20,9,40,10,29,17,17,31,37,14,4,4,19,15,25,50,5,19,25,31,38,31,39,47,34,38,14,30,34,19,18,9,7,29,18,44,34,21,17,14,33,27,35,37,21,27,26,3,36,11,15,37,16,17,35,8,12,16,12,21,26,21,9,25,15,7,21,10,29,41,17]
costo_por_agente [7,11,8,10,42,49,141,63,127,23,12,45,195,13,21,11,171,12,111,41,111,16,62,75,32,25,25,182,39,226,167,46,26,7,67,24,53,145,164,24,211,159,184,18,25,4,86,18,79,16,7,17,48,92,27,82,9,13,10,215,180,112,145,127,86,18,74,138,16,8,150,161,6,38,23,28,92,13,19,48,80,35,185,91,196,115,36,16,23,48,138,7,102,65,219,61,47,160,6,94,10,15,158,27,17,181,39,192,126,54,23,5,57,112,176,109,45,118,42,122,13,144,10,123,43,149,129,149,14,6,12,37,21,29,54,7,115,151,53,212,35,71,127,46,80,124,46,66,25,128,15,9,101,36,76,34,177,177,14,201,47,55,57,21,167,40,7,128,13,27,47,16,107,45,10,16,20,22,61,88,25,15,113,37,11,37,18,199,59,53]
completion_time_por_agente [7,11,8,10,46,61,243,109,212,29,23,66,329,14,26,15,283,15,179,51,188,28,78,105,42,34,28,298,48,411,311,61,35,8,96,34,64,280,289,32,358,277,302,19,29,4,129,20,148,24,8,18,74,144,32,139,11,21,11,383,338,188,234,208,154,27,133,243,26,8,249,294,8,52,24,32,187,17,25,73,126,39,354,148,297,192,43,19,41,73,258,9,160,108,359,76,74,269,8,183,10,17,273,35,19,285,65,303,249,69,26,6,83,204,287,185,58,177,47,222,20,291,10,189,70,255,222,205,17,11,13,52,30,37,71,7,201,275,78,335,42,105,197,47,105,253,72,116,39,227,24,13,175,41,115,35,317,305,16,380,68,87,88,24,298,70,9,205,16,31,55,17,176,69,15,17,25,23,88,139,34,23,190,61,12,57,21,322,94,101]
tiempo_ultimo_agente_goal 411
tiempo_en_acabar 411
tiempo_promedio 114.642105
agentes_en_goal 190
bad_good_total_rate_pred [109173,73357,182530,0.4]
push_out_count 58382
RUN 33
valores_ideales [7,11,4,10,42,43,39,37,19,19,6,17,37,13,17,7,41,12,33,25,41,8,46,27,28,15,23,40,25,28,27,22,20,5,33,16,29,15,16,14,13,41,36,16,23,4,34,14,25,8,5,15,22,36,21,18,5,5,10,41,24,32,47,39,22,12,36,20,10,8,38,15,6,16,21,12,12,13,7,34,22,29,41,35,24,37,32,14,13,30,34,7,26,25,29,49,31,38,6,32,10,11,36,21,13,27,9,32,28,42,21,5,23,20,30,37,41,28,40,20,9,40,10,29,17,17,31,37,14,4,4,19,15,25,50,5,19,25,31,38,31,39,47,34,38,14,30,34,19,18,9,7,29,18,44,34,21,17,14,33,27,35,37,21,27,26,3,36,11,15,37,16,17,35,8,12,16,12,21,26,21,9,25,15,7,21,10,29,41,17]
costo_por_agente [7,11,6,10,46,185,183,165,37,19,8,29,151,13,17,11,143,20,167,43,59,12,82,175,30,19,25,92,31,56,115,30,36,7,97,16,35,29,94,14,15,153,174,18,43,4,92,36,61,8,5,15,36,166,27,144,11,11,10,55,94,76,59,83,200,12,188,158,36,8,64,121,6,40,21,14,76,15,7,44,52,49,55,187,44,95,40,26,13,36,202,7,66,51,141,85,41,118,6,64,10,11,166,29,15,131,13,66,64,78,21,23,75,146,74,41,45,80,68,192,9,98,10,47,23,111,121,161,14,8,8,27,21,39,70,17,141,103,55,180,35,145,97,36,80,56,40,90,23,100,13,13,123,106,114,36,181,197,20,137,59,43,55,23,67,44,13,80,17,21,43,16,225,79,14,24,26,92,55,118,21,55,75,25,9,35,12,67,67,23]
completion_time_por_agente [7,12,9,11,53,325,326,289,62,21,10,41,248,14,19,18,234,29,288,53,74,17,105,284,45,26,28,168,33,88,167,39,60,8,170,17,47,50,146,14,17,253,271,19,68,4,146,51,93,8,6,16,43,297,34,234,14,17,12,76,188,136,74,133,311,15,348,266,54,8,91,198,9,49,22,18,116,19,9,78,66,78,78,366,60,147,48,44,15,47,343,9,105,87,251,125,57,209,6,100,10,11,262,39,19,204,21,102,102,128,21,33,134,234,135,50,54,134,92,310,12,155,11,64,26,188,169,274,15,12,12,37,23,51,101,21,262,136,91,339,40,248,140,40,124,88,53,164,32,184,18,16,217,202,163,39,280,356,29,247,90,61,83,30,118,65,19,118,20,29,53,16,328,120,16,28,30,120,87,197,29,96,109,29,14,46,14,128,103,34]
tiempo_ultimo_agente_goal 366
tiempo_en_acabar 366
tiempo_promedio 98.531578
agentes_en_goal 190
bad_good_total_rate_pred [84194,63296,147490,0.4]
push_out_count 60165
RUN 34
valores_ideales [7,11,4,10,42,43,39,37,19,19,6,17,37,13,17,7,41,12,33,25,41,8,46,27,28,15,23,40,25,28,27,22,20,5,33,16,29,15,16,14,13,41,36,16,23,4,34,14,25,8,5,15,22,36,21,18,5,5,10,41,24,32,47,39,22,12,36,20,10,8,38,15,6,16,21,12,12,13,7,34,22,29,41,35,24,37,32,14,13,30,34,7,26,25,29,49,31,38,6,32,10,11,36,21,13,27,9,32,28,42,21,5,23,20,30,37,41,28,40,20,9,40,10,29,17,17,31,37,14,4,4,19,15,25,50,5,19,25,31,38,31,39,47,34,38,14,30,34,19,18,9,7,29,18,44,34,21,17,14,33,27,35,37,21,27,26,3,36,11,15,37,16,17,35,8,12,16,12,21,26,21,9,25,15,7,21,10,29,41,17]
costo_por_agente [7,13,4,10,46,95,151,123,85,33,32,25,115,13,19,13,97,12,77,51,67,10,122,265,38,23,47,238,37,232,203,36,44,9,85,22,43,59,234,20,229,179,138,18,273,4,108,32,55,10,5,17,40,262,21,54,5,9,10,71,96,66,61,83,76,14,156,32,26,8,56,209,6,28,23,14,116,13,15,106,62,49,63,77,38,209,44,28,61,40,160,7,226,31,183,73,45,108,12,170,10,11,92,29,17,141,49,54,180,42,21,9,169,128,48,41,47,96,44,242,53,76,10,263,21,221,33,85,14,6,4,47,17,33,68,7,159,173,241,198,37,103,213,38,70,244,52,48,31,112,9,15,99,172,52,34,93,61,14,209,49,49,63,23,131,46,5,84,15,27,45,16,87,53,10,20,20,144,31,128,21,15,247,37,7,35,10,99,65,17]
completion_time_por_agente [9,14,9,10,51,166,258,191,140,42,56,38,184,15,22,18,139,15,109,59,113,12,204,415,54,37,67,416,46,394,300,47,70,11,156,24,57,102,417,26,354,306,208,20,455,4,193,44,75,15,7,17,61,477,25,103,5,9,11,111,155,91,81,134,107,20,264,39,41,8,83,387,9,29,24,15,207,13,22,179,79,57,91,123,55,365,66,43,104,60,274,7,390,40,315,108,63,194,27,315,10,11,145,36,20,222,79,91,343,42,21,9,328,224,73,53,55,175,56,413,95,118,12,392,26,409,44,132,15,8,4,74,18,45,86,7,273,312,449,366,45,152,327,50,110,436,73,75,50,196,10,19,200,338,68,34,141,113,17,386,73,72,109,24,229,61,5,123,21,33,63,18,144,76,18,29,25,249,36,179,21,22,434,56,8,50,17,186,107,18]
tiempo_ultimo_agente_goal 477
tiempo_en_acabar 477
tiempo_promedio 117.547371
agentes_en_goal 190
bad_good_total_rate_pred [101554,71065,172619,0.4]
push_out_count 62321
RUN 35
valores_ideales [7,11,4,10,42,43,39,37,19,19,6,17,37,13,17,7,41,12,33,25,41,8,46,27,28,15,23,40,25,28,27,22,20,5,33,16,29,15,16,14,13,41,36,16,23,4,34,14,25,8,5,15,22,36,21,18,5,5,10,41,24,32,47,39,22,12,36,20,10,8,38,15,6,16,21,12,12,13,7,34,22,29,41,35,24,37,32,14,13,30,34,7,26,25,29,49,31,38,6,32,10,11,36,21,13,27,9,32,28,42,21,5,23,20,30,37,41,28,40,20,9,40,10,29,17,17,31,37,14,4,4,19,15,25,50,5,19,25,31,38,31,39,47,34,38,14,30,34,19,18,9,7,29,18,44,34,21,17,14,33,27,35,37,21,27,26,3,36,11,15,37,16,17,35,8,12,16,12,21,26,21,9,25,15,7,21,10,29,41,17]
costo_por_agente [7,13,6,10,42,121,209,97,97,21,14,35,85,13,17,15,55,12,89,31,75,10,98,113,30,31,23,166,29,48,73,38,28,7,65,16,49,171,102,18,175,57,180,16,75,4,142,26,79,8,9,15,52,84,31,98,5,5,12,97,224,114,111,145,152,18,62,32,52,8,110,167,12,32,21,12,48,17,7,126,144,39,47,113,150,211,34,54,71,46,152,9,154,47,159,53,45,144,6,56,10,11,190,27,13,139,53,130,110,42,21,5,149,136,90,43,47,70,42,106,11,66,10,39,21,201,111,197,14,4,10,27,23,37,60,7,151,65,49,48,39,83,141,38,56,164,66,104,27,148,11,11,61,58,68,34,183,91,14,105,33,47,65,25,45,42,13,116,11,23,53,16,157,73,14,44,26,154,41,198,21,11,101,59,9,27,12,201,57,23]
completion_time_por_agente [7,13,8,11,45,212,345,151,175,29,28,47,136,14,22,17,86,18,142,45,138,16,160,228,33,36,24,270,36,73,119,58,37,8,109,23,60,275,152,21,265,95,292,16,100,4,259,35,123,11,9,16,80,131,40,181,5,5,12,152,349,160,177,250,258,25,88,44,82,8,192,296,20,40,22,13,81,24,8,259,223,44,63,192,246,297,38,88,122,71,264,9,300,72,274,70,62,266,6,86,10,12,340,37,19,237,87,233,194,48,22,6,282,241,133,52,54,103,58,195,13,106,10,46,24,311,215,349,15,8,14,28,35,56,78,7,261,102,86,67,49,133,247,43,75,307,104,198,40,285,12,18,107,86,98,36,302,184,17,180,38,67,100,31,62,60,15,193,14,30,71,17,251,112,20,74,30,246,56,334,21,18,133,106,9,28,14,361,76,32]
tiempo_ultimo_agente_goal 361
tiempo_en_acabar 361
tiempo_promedio 104.110527
agentes_en_goal 190
bad_good_total_rate_pred [89277,64923,154200,0.4]
push_out_count 64171
RUN 36
valores_ideales [7,11,4,10,42,43,39,37,19,19,6,17,37,13,17,7,41,12,33,25,41,8,46,27,28,15,23,40,25,28,27,22,20,5,33,16,29,15,16,14,13,41,36,16,23,4,34,14,25,8,5,15,22,36,21,18,5,5,10,41,24,32,47,39,22,12,36,20,10,8,38,15,6,16,21,12,12,13,7,34,22,29,41,35,24,37,32,14,13,30,34,7,26,25,29,49,31,38,6,32,10,11,36,21,13,27,9,32,28,42,21,5,23,20,30,37,41,28,40,20,9,40,10,29,17,17,31,37,14,4,4,19,15,25,50,5,19,25,31,38,31,39,47,34,38,14,30,34,19,18,9,7,29,18,44,34,21,17,14,33,27,35,37,21,27,26,3,36,11,15,37,16,17,35,8,12,16,12,21,26,21,9,25,15,7,21,10,29,41,17]
costo_por_agente [7,11,16,10,42,95,195,95,83,23,6,21,137,13,25,13,61,12,113,49,55,14,52,55,42,29,41,132,53,46,57,40,26,7,81,18,45,43,164,14,25,155,204,16,41,4,120,28,63,8,7,25,52,104,21,126,5,5,10,165,162,150,109,75,190,14,62,168,18,8,122,127,6,36,21,12,38,13,9,36,86,39,83,67,154,123,38,22,95,38,122,7,136,45,163,63,43,134,8,98,10,11,148,31,19,61,41,152,160,42,21,9,147,172,60,45,57,64,40,180,11,58,10,39,25,189,159,221,14,6,12,39,15,53,54,7,27,93,83,150,41,77,207,44,92,108,54,72,37,210,33,17,129,70,108,34,191,151,20,103,33,55,73,43,155,32,23,90,17,39,65,16,159,61,16,14,36,14,33,140,21,17,55,69,17,53,10,147,45,19]
completion_time_por_agente [8,12,32,11,52,149,327,162,158,26,12,23,218,14,29,19,86,12,199,81,69,23,59,87,58,35,62,218,72,68,71,51,28,8,113,21,58,80,341,14,30,265,313,18,53,4,178,35,112,12,7,26,74,181,24,254,5,6,10,247,290,282,174,106,322,17,99,293,27,8,208,213,7,47,27,13,68,13,12,46,135,44,137,96,246,191,50,26,154,50,198,9,248,66,286,89,54,224,12,151,10,11,258,36,30,97,75,268,292,46,25,9,252,302,108,46,75,90,50,259,13,81,10,45,32,338,280,314,14,8,17,47,15,95,63,7,27,162,158,240,54,126,307,60,126,209,85,123,57,326,52,28,186,122,185,34,306,277,28,162,49,88,130,67,282,40,46,143,19,59,100,18,291,70,22,22,48,16,37,243,21,26,98,121,25,85,13,262,56,24]
tiempo_ultimo_agente_goal 341
tiempo_en_acabar 341
tiempo_promedio 102.300003
agentes_en_goal 190
bad_good_total_rate_pred [87956,61349,149305,0.4]
push_out_count 66002
RUN 37
valores_ideales [7,11,4,10,42,43,39,37,19,19,6,17,37,13,17,7,41,12,33,25,41,8,46,27,28,15,23,40,25,28,27,22,20,5,33,16,29,15,16,14,13,41,36,16,23,4,34,14,25,8,5,15,22,36,21,18,5,5,10,41,24,32,47,39,22,12,36,20,10,8,38,15,6,16,21,12,12,13,7,34,22,29,41,35,24,37,32,14,13,30,34,7,26,25,29,49,31,38,6,32,10,11,36,21,13,27,9,32,28,42,21,5,23,20,30,37,41,28,40,20,9,40,10,29,17,17,31,37,14,4,4,19,15,25,50,5,19,25,31,38,31,39,47,34,38,14,30,34,19,18,9,7,29,18,44,34,21,17,14,33,27,35,37,21,27,26,3,36,11,15,37,16,17,35,8,12,16,12,21,26,21,9,25,15,7,21,10,29,41,17]
costo_por_agente [13,11,18,10,42,167,75,81,49,31,12,23,75,13,17,9,73,12,123,27,47,14,126,135,38,17,25,74,41,52,165,32,32,7,53,20,69,49,102,14,173,161,116,16,157,4,108,24,81,10,7,15,24,102,21,102,5,7,10,101,112,148,107,69,80,14,94,134,20,8,46,181,6,50,23,24,62,13,11,70,48,41,83,183,168,159,34,24,47,50,112,7,60,49,127,65,53,118,8,62,10,11,150,23,15,147,23,126,166,120,21,31,103,182,66,45,47,58,46,100,13,64,10,141,19,139,107,151,16,10,10,31,15,37,62,5,119,149,93,68,33,125,167,44,66,166,88,124,35,72,11,17,161,70,102,34,95,203,18,81,45,63,51,21,165,28,13,120,15,15,53,16,133,37,10,18,30,74,25,154,21,29,83,33,11,35,12,97,49,21]
completion_time_por_agente [20,12,41,10,48,305,107,123,74,43,14,33,141,14,19,11,90,12,193,29,54,16,212,224,51,17,26,119,50,81,323,45,40,10,82,23,92,90,185,14,305,252,181,18,279,4,198,31,153,13,7,19,27,174,24,202,5,8,10,170,212,247,145,108,125,19,132,250,28,9,63,311,9,81,25,26,107,13,15,130,61,54,146,329,312,285,39,40,92,69,183,9,107,71,224,97,67,215,8,84,10,13,260,28,18,277,40,203,323,196,22,48,201,317,114,47,52,77,52,189,27,93,11,243,19,236,197,248,17,16,12,38,18,51,93,5,222,271,135,110,37,231,254,60,96,327,159,215,56,141,17,27,276,109,188,36,171,296,25,105,66,90,68,23,281,35,15,194,19,16,76,16,225,49,16,20,34,105,29,294,23,49,145,51,19,48,14,155,65,22]
tiempo_ultimo_agente_goal 329
tiempo_en_acabar 329
tiempo_promedio 101.878944
agentes_en_goal 190
bad_good_total_rate_pred [88632,65734,154366,0.4]
push_out_count 67896
RUN 38
valores_ideales [7,11,4,10,42,43,39,37,19,19,6,17,37,13,17,7,41,12,33,25,41,8,46,27,28,15,23,40,25,28,27,22,20,5,33,16,29,15,16,14,13,41,36,16,23,4,34,14,25,8,5,15,22,36,21,18,5,5,10,41,24,32,47,39,22,12,36,20,10,8,38,15,6,16,21,12,12,13,7,34,22,29,41,35,24,37,32,14,13,30,34,7,26,25,29,49,31,38,6,32,10,11,36,21,13,27,9,32,28,42,21,5,23,20,30,37,41,28,40,20,9,40,10,29,17,17,31,37,14,4,4,19,15,25,50,5,19,25,31,38,31,39,47,34,38,14,30,34,19,18,9,7,29,18,44,34,21,17,14,33,27,35,37,21,27,26,3,36,11,15,37,16,17,35,8,12,16,12,21,26,21,9,25,15,7,21,10,29,41,17]
costo_por_agente [7,19,6,10,42,45,87,51,111,33,8,31,117,13,17,19,81,16,97,37,57,12,82,59,36,19,23,144,109,248,235,46,44,7,65,16,109,205,90,14,205,107,152,18,31,4,110,16,57,8,9,15,36,110,23,38,9,7,10,175,76,104,213,211,136,20,118,88,36,8,222,89,6,30,21,34,136,13,9,40,196,37,69,75,158,97,42,38,27,54,118,7,116,51,229,155,35,106,6,78,10,41,88,25,15,155,39,214,68,76,21,5,73,152,128,49,45,72,42,148,11,66,10,245,37,165,73,97,14,4,10,43,23,31,56,7,153,59,79,244,39,79,167,34,130,70,42,126,47,58,15,15,103,26,78,34,131,95,20,211,47,67,49,37,79,36,19,90,19,33,47,16,227,49,18,26,22,22,49,88,29,21,57,31,15,47,12,147,65,23]
completion_time_por_agente [9,25,14,10,45,54,130,77,187,49,11,42,202,14,20,24,125,20,159,44,78,13,108,85,45,25,23,240,190,377,397,62,59,9,100,17,161,351,166,14,371,156,279,19,35,4,177,19,83,8,9,16,56,175,31,46,11,7,11,319,131,174,401,379,229,30,201,149,49,10,342,169,8,41,22,55,239,16,16,54,357,40,98,107,269,152,46,53,50,85,189,7,195,82,345,239,41,169,7,106,10,56,142,31,19,249,67,341,114,115,25,6,108,286,225,63,53,139,53,264,14,101,10,395,54,267,112,170,14,7,10,62,27,38,61,7,228,83,145,410,50,134,253,35,209,150,62,191,72,85,17,23,179,30,114,36,215,188,26,352,65,101,64,38,124,41,22,141,28,41,59,17,362,66,32,29,29,24,73,120,40,37,91,42,24,82,14,216,103,29]
tiempo_ultimo_agente_goal 410
tiempo_en_acabar 410
tiempo_promedio 105.900002
agentes_en_goal 190
bad_good_total_rate_pred [100913,64057,164970,0.4]
push_out_count 69722
RUN 39
valores_ideales [7,11,4,10,42,43,39,37,19,19,6,17,37,13,17,7,41,12,33,25,41,8,46,27,28,15,23,40,25,28,27,22,20,5,33,16,29,15,16,14,13,41,36,16,23,4,34,14,25,8,5,15,22,36,21,18,5,5,10,41,24,32,47,39,22,12,36,20,10,8,38,15,6,16,21,12,12,13,7,34,22,29,41,35,24,37,32,14,13,30,34,7,26,25,29,49,31,38,6,32,10,11,36,21,13,27,9,32,28,42,21,5,23,20,30,37,41,28,40,20,9,40,10,29,17,17,31,37,14,4,4,19,15,25,50,5,19,25,31,38,31,39,47,34,38,14,30,34,19,18,9,7,29,18,44,34,21,17,14,33,27,35,37,21,27,26,3,36,11,15,37,16,17,35,8,12,16,12,21,26,21,9,25,15,7,21,10,29,41,17]
costo_por_agente [7,13,4,10,42,111,159,181,197,25,10,33,157,13,23,15,65,32,45,27,73,18,88,203,36,17,29,94,35,234,93,42,42,9,57,20,61,19,130,22,13,149,130,18,67,4,86,14,163,8,7,15,38,86,21,78,5,5,10,177,130,50,57,169,24,16,106,60,30,8,66,85,30,38,23,20,14,13,9,70,222,31,241,95,84,123,38,26,115,38,136,7,100,41,213,73,53,122,6,80,10,11,106,29,17,129,9,130,60,42,21,31,125,116,54,49,57,124,44,144,15,80,10,243,33,205,159,121,14,6,4,33,15,37,52,11,125,67,91,50,37,125,115,42,94,76,44,182,43,124,11,9,97,102,62,34,161,109,16,103,47,69,81,37,135,48,7,90,15,17,55,16,245,71,8,16,46,92,53,88,21,17,183,37,15,43,12,155,91,27]
completion_time_por_agente [7,14,6,10,45,160,295,290,346,33,20,44,251,14,29,16,94,50,54,31,113,23,129,360,44,21,33,157,36,383,171,65,63,12,78,22,100,27,221,26,17,221,201,22,95,4,162,19,283,11,9,17,47,144,25,88,5,5,11,274,267,79,83,260,26,27,188,102,39,8,101,114,64,61,24,23,21,13,15,115,399,31,384,163,118,189,46,42,184,47,232,9,187,71,354,116,84,195,9,119,10,11,193,39,18,213,12,217,102,45,22,50,234,215,101,68,78,183,55,247,22,135,10,335,41,302,286,195,15,9,4,42,16,52,63,11,239,101,178,69,44,202,195,53,144,137,61,280,60,222,11,9,159,164,98,37,275,198,19,182,67,107,144,55,229,62,10,127,19,18,82,17,403,116,15,19,64,144,80,126,21,26,332,63,18,63,15,269,157,34]
tiempo_ultimo_agente_goal 403
tiempo_en_acabar 403
tiempo_promedio 104.484207
agentes_en_goal 190
bad_good_total_rate_pred [97707,65523,163230,0.4]
push_out_count 71504
