3 1120.000000 100 60 80443 0.000000 999 0 234268 1191094
3 910.000000 100 56 87066 0.000000 999 1 254168 1304654
3 1141.000000 100 62 76772 0.000000 999 2 227756 1229261
3 931.000000 100 56 87716 0.000000 999 3 258853 1300381
3 2363.000000 100 78 55172 0.000000 999 4 162263 823035
3 1380.000000 100 65 74804 0.000000 999 5 218489 1091266
3 848.000000 100 54 90738 0.000000 999 6 269056 1366834
3 1130.000000 100 60 80429 0.000000 999 7 240988 1241369
3 1082.000000 100 58 83713 0.000000 999 8 244735 1238146
3 860.000000 100 55 90269 0.000000 999 9 264761 1312558
3 2180.000000 150 95 115685 0.000000 999 0 343226 1752188
3 1655.000000 150 88 129812 0.000000 999 1 377631 1921352
3 1673.000000 150 87 124011 0.000000 999 2 364760 1929338
3 1468.000000 150 85 131312 0.000000 999 3 389694 2079176
3 1513.000000 150 85 129116 0.000000 999 4 386995 2000759
3 1391.000000 150 83 133963 0.000000 999 5 396619 2039544
3 1537.000000 150 85 128993 0.000000 999 6 383545 2064977
3 1953.000000 150 89 124061 0.000000 999 7 364037 1901363
3 1435.000000 150 85 128546 0.000000 999 8 380397 1986894
3 1436.000000 150 86 128716 0.000000 999 9 381745 2004720
3 4732.000000 200 126 173041 0.000000 999 0 513341 2551904
3 4707.000000 200 131 158039 0.000000 999 1 466134 2286712
3 2068.000000 200 102 196853 0.000000 999 2 583559 3078546
3 4518.000000 200 133 156401 0.000000 999 3 465150 2404117
3 3414.000000 200 121 169895 0.000000 999 4 505648 2626676
3 4642.000000 200 126 171794 0.000000 999 5 507728 2578328
3 2493.000000 200 109 185017 0.000000 999 6 544152 2810371
3 4010.000000 200 113 195582 0.000000 999 7 574903 3030296
3 3555.000000 200 113 186046 0.000000 999 8 547413 2783534
3 5261.000000 200 134 159579 0.000000 999 9 471701 2432528
3 11967.000000 250 189 184107 0.000000 999 0 542515 2820828
3 11127.000000 250 178 222161 0.000000 999 1 658748 3575163
3 7999.000000 250 161 229516 0.000000 999 2 663480 3487494
3 7751.000000 250 156 228446 0.000000 999 3 671827 3560951
3 4011.000000 250 132 244945 0.000000 999 4 707357 3652528
3 7066.000000 250 155 226165 0.000000 999 5 653901 3372483
3 11311.000000 250 172 227273 0.000000 999 6 660813 3383556
3 9475.000000 250 168 217558 0.000000 999 7 633165 3223636
3 5674.000000 250 133 256938 0.000000 999 8 756693 3958811
3 6588.000000 250 144 242419 0.000000 999 9 713479 3705921
3 15343.000000 300 217 245787 0.000000 999 0 714215 3848508
3 10054.000000 300 182 280956 0.000000 999 1 830586 4362093
3 11813.000000 300 192 278220 0.000000 999 2 827508 4422242
3 11342.000000 300 169 329888 0.000000 999 3 963179 5113683
3 10609.000000 300 171 302341 0.000000 999 4 882755 4601923
3 4278.000000 300 133 349078 0.000000 999 5 1031555 5515692
3 8688.000000 300 159 320800 0.000000 999 6 934775 4817643
3 9556.000000 300 163 321142 0.000000 999 7 938474 4901254
3 7455.000000 300 161 315856 0.000000 999 8 920826 4749367
3 7950.000000 300 161 316297 0.000000 999 9 929505 4905346
3 1107.000000 50 46 7437 0.000000 999 0 22163 127828
3 80.000000 10 10 89 0.000000 17 0 238 936
3 78.000000 10 10 92 0.000000 17 1 248 1006
3 76.000000 10 10 81 0.000000 16 2 215 913
3 80.000000 10 10 88 0.000000 17 0 235 929
3 76.000000 10 10 132 0.000000 24 1 368 1715
3 80.000000 10 10 90 0.000000 17 2 242 1038
3 76.000000 10 10 83 0.000000 16 3 221 957
3 78.000000 10 10 90 0.000000 17 4 242 1000
3 80.000000 10 10 91 0.000000 17 5 245 1055
3 82.000000 10 10 94 0.000000 17 6 254 1080
3 80.000000 10 10 91 0.000000 17 7 245 1003
3 82.000000 10 10 100 0.000000 18 8 271 1144
3 78.000000 10 10 90 0.000000 17 9 242 975
3 78.000000 10 10 92 0.000000 17 0 248 1011
3 82.000000 10 10 88 0.000000 17 1 235 938
3 76.000000 10 10 83 0.000000 16 2 221 962
3 74.000000 10 10 150 0.000000 28 3 422 2045
3 78.000000 10 10 90 0.000000 17 4 242 1012
3 84.000000 10 10 115 0.000000 19 5 315 1302
3 82.000000 10 10 88 0.000000 17 6 235 971
3 76.000000 10 10 132 0.000000 24 7 368 1700
3 78.000000 10 10 96 0.000000 17 8 260 1077
3 82.000000 10 10 103 0.000000 20 9 279 1198
3 78.000000 10 10 89 0.000000 17 10 239 972
3 78.000000 10 10 91 0.000000 17 11 245 1000
3 80.000000 10 10 91 0.000000 17 12 245 1024
3 80.000000 10 10 90 0.000000 17 0 242 997
3 76.000000 10 10 81 0.000000 16 1 215 901
3 76.000000 10 10 79 0.000000 16 2 209 937
3 80.000000 10 10 88 0.000000 17 3 236 1000
3 74.000000 10 10 76 0.000000 16 4 200 850
3 80.000000 10 10 91 0.000000 17 5 245 1022
3 82.000000 10 10 101 0.000000 18 6 274 1170
3 76.000000 10 10 82 0.000000 16 7 218 973
3 82.000000 10 10 89 0.000000 17 8 239 1012
3 76.000000 10 10 81 0.000000 16 9 215 967
3 76.000000 10 10 79 0.000000 16 10 209 903
3 76.000000 10 10 79 0.000000 16 11 209 912
3 80.000000 10 10 90 0.000000 17 12 242 1023
3 80.000000 10 10 88 0.000000 17 13 236 967
3 80.000000 10 10 92 0.000000 17 14 248 1011
3 76.000000 10 10 80 0.000000 16 15 212 932
3 82.000000 10 10 90 0.000000 17 16 242 1041
3 80.000000 10 10 88 0.000000 17 17 235 971
3 82.000000 10 10 91 0.000000 17 18 244 1036
3 80.000000 10 10 91 0.000000 17 19 245 1013
3 80.000000 10 10 90 0.000000 17 20 242 1014
3 76.000000 10 10 80 0.000000 16 21 212 914
3 80.000000 10 10 90 0.000000 17 22 241 982
3 80.000000 10 10 88 0.000000 17 23 236 985
3 74.000000 10 10 75 0.000000 16 24 197 846
3 80.000000 10 10 91 0.000000 17 25 245 1007
3 80.000000 10 10 91 0.000000 17 26 245 1019
3 74.000000 10 10 77 0.000000 16 27 203 917
3 76.000000 10 10 118 0.000000 22 28 326 1508
3 76.000000 10 10 79 0.000000 16 29 209 922
3 80.000000 10 10 89 0.000000 17 30 239 1012
3 80.000000 10 10 90 0.000000 17 31 242 1013
3 80.000000 10 10 89 0.000000 17 32 239 989
3 74.000000 10 10 132 0.000000 25 33 368 1718
3 74.000000 10 10 80 0.000000 17 34 212 894
3 92.000000 10 10 114 0.000000 25 35 309 1262
3 80.000000 10 10 91 0.000000 17 36 245 1011
3 82.000000 10 10 109 0.000000 19 37 299 1246
3 78.000000 10 10 115 0.000000 19 38 314 1374
3 74.000000 10 10 82 0.000000 16 39 218 968
3 80.000000 10 10 88 0.000000 17 40 235 942
3 80.000000 10 10 90 0.000000 17 41 242 974
3 78.000000 10 10 91 0.000000 17 0 245 1022
3 76.000000 10 10 82 0.000000 16 1 218 951
3 76.000000 10 10 81 0.000000 16 0 215 964
3 76.000000 10 10 84 0.000000 16 1 224 964
3 76.000000 10 10 80 0.000000 16 2 212 919
3 82.000000 10 10 89 0.000000 17 3 239 1010
3 78.000000 10 10 90 0.000000 17 4 242 1013
3 74.000000 10 10 76 0.000000 16 5 200 841
3 80.000000 10 10 88 0.000000 17 6 236 976
3 74.000000 10 10 76 0.000000 16 7 200 871
3 78.000000 10 10 90 0.000000 17 8 242 982
3 76.000000 10 10 80 0.000000 16 9 212 922
3 74.000000 10 10 80 0.000000 16 10 212 899
3 76.000000 10 10 81 0.000000 16 11 215 946
3 84.000000 10 10 130 0.000000 21 12 356 1518
3 86.000000 10 10 126 0.000000 21 13 346 1485
3 76.000000 10 10 84 0.000000 16 14 224 1010
3 80.000000 10 10 90 0.000000 17 15 241 968
3 80.000000 10 10 90 0.000000 17 16 242 995
3 74.000000 10 10 76 0.000000 16 17 200 864
3 84.000000 10 10 96 0.000000 18 18 260 1091
3 76.000000 10 10 83 0.000000 16 19 221 975
3 76.000000 10 10 81 0.000000 16 20 215 939
3 76.000000 10 10 147 0.000000 27 21 413 1999
3 82.000000 10 10 90 0.000000 18 22 241 1003
3 78.000000 10 10 137 0.000000 23 23 383 1783
3 74.000000 10 10 78 0.000000 16 24 206 892
3 78.000000 10 10 86 0.000000 16 25 230 1009
3 84.000000 10 10 156 0.000000 20 26 429 1870
3 74.000000 10 10 79 0.000000 16 27 209 912
3 80.000000 10 10 93 0.000000 17 28 250 1035
3 82.000000 10 10 103 0.000000 18 0 280 1204
3 78.000000 10 10 153 0.000000 26 1 431 2057
3 78.000000 10 10 91 0.000000 17 2 245 1014
3 80.000000 10 10 88 0.000000 17 3 235 920
3 84.000000 10 10 100 0.000000 19 4 270 1136
3 78.000000 10 10 91 0.000000 17 0 245 1007
3 74.000000 10 10 76 0.000000 16 1 200 843
3 80.000000 10 10 100 0.000000 18 0 270 1102
3 80.000000 10 10 88 0.000000 17 1 236 968
3 80.000000 10 10 91 0.000000 17 0 245 1001
3 76.000000 10 10 80 0.000000 16 1 212 898
3 78.000000 10 10 86 0.000000 16 0 230 985
3 74.000000 10 10 81 0.000000 17 1 215 930
3 82.000000 10 10 94 0.000000 17 0 254 1062
3 80.000000 10 10 92 0.000000 17 1 248 1040
3 80.000000 10 10 89 0.000000 17 2 238 928
3 78.000000 10 10 89 0.000000 17 3 239 997
3 76.000000 10 10 163 0.000000 29 4 461 2226
3 80.000000 10 10 90 0.000000 17 5 242 1009
3 80.000000 10 10 91 0.000000 17 6 244 995
3 88.000000 10 10 118 0.000000 23 7 326 1291
3 80.000000 10 10 89 0.000000 17 0 239 1018
3 80.000000 10 10 88 0.000000 17 1 235 933
3 76.000000 10 10 85 0.000000 16 2 227 991
3 78.000000 10 10 140 0.000000 24 3 392 1817
3 76.000000 10 10 168 0.000000 29 4 476 2190
3 74.000000 10 10 76 0.000000 16 5 200 869
3 80.000000 10 10 90 0.000000 17 6 242 1010
3 84.000000 10 10 117 0.000000 25 7 323 1273
3 80.000000 10 10 95 0.000000 18 0 257 1065
3 80.000000 10 10 88 0.000000 17 1 236 974
3 78.000000 10 10 91 0.000000 17 2 245 1012
3 80.000000 10 10 90 0.000000 17 3 241 972
3 80.000000 10 10 88 0.000000 17 4 235 962
3 74.000000 10 10 80 0.000000 16 5 212 883
3 76.000000 10 10 82 0.000000 16 6 218 945
3 78.000000 10 10 89 0.000000 17 0 239 972
3 78.000000 10 10 86 0.000000 16 1 230 1015
3 80.000000 10 10 89 0.000000 17 2 239 990
3 78.000000 10 10 92 0.000000 17 3 248 1007
3 78.000000 10 10 118 0.000000 21 4 318 1434
3 76.000000 10 10 107 0.000000 20 5 291 1305
3 80.000000 10 10 91 0.000000 17 6 245 1016
3 78.000000 10 10 91 0.000000 17 7 245 999
3 78.000000 10 10 90 0.000000 17 8 242 1005
3 76.000000 10 10 83 0.000000 16 9 221 941
3 78.000000 10 10 89 0.000000 17 10 239 988
3 78.000000 10 10 89 0.000000 17 11 239 1005
3 80.000000 10 10 89 0.000000 17 12 239 992
3 76.000000 10 10 83 0.000000 16 13 221 973
3 80.000000 10 10 89 0.000000 17 14 238 963
3 80.000000 10 10 89 0.000000 17 15 238 951
3 78.000000 10 10 91 0.000000 17 16 245 1018
3 80.000000 10 10 91 0.000000 17 17 245 1032
3 76.000000 10 10 81 0.000000 16 18 215 961
3 80.000000 10 10 89 0.000000 17 19 239 986
3 82.000000 10 10 105 0.000000 19 20 287 1210
3 82.000000 10 10 87 0.000000 17 0 232 924
3 76.000000 10 10 82 0.000000 16 1 218 921
3 80.000000 10 10 89 0.000000 17 2 238 954
3 78.000000 10 10 90 0.000000 17 3 242 976
3 78.000000 10 10 89 0.000000 17 4 239 970
3 80.000000 10 10 103 0.000000 18 5 279 1184
3 86.000000 10 10 114 0.000000 21 6 313 1286
3 76.000000 10 10 82 0.000000 16 7 218 924
3 80.000000 10 10 88 0.000000 17 8 235 929
3 82.000000 10 10 90 0.000000 17 9 242 1038
3 78.000000 10 10 93 0.000000 17 10 251 1020
3 76.000000 10 10 82 0.000000 16 11 218 936
3 80.000000 10 10 90 0.000000 17 12 241 994
3 76.000000 10 10 83 0.000000 16 13 221 951
3 76.000000 10 10 83 0.000000 16 14 221 921
3 80.000000 10 10 91 0.000000 17 15 245 979
3 78.000000 10 10 92 0.000000 17 16 248 1000
3 78.000000 10 10 90 0.000000 17 17 242 993
3 80.000000 10 10 89 0.000000 17 18 238 942
3 78.000000 10 10 160 0.000000 28 19 452 2149
3 84.000000 10 10 109 0.000000 22 20 297 1290
3 74.000000 10 10 76 0.000000 16 21 200 860
3 84.000000 10 10 113 0.000000 19 22 308 1271
3 82.000000 10 10 94 0.000000 18 23 253 1076
3 82.000000 10 10 100 0.000000 18 24 270 1178
3 88.000000 10 10 114 0.000000 21 25 312 1325
3 80.000000 10 10 90 0.000000 17 26 242 1005
3 80.000000 10 10 91 0.000000 17 27 245 1013
3 80.000000 10 10 92 0.000000 17 28 246 1026
3 82.000000 10 10 94 0.000000 17 0 253 1051
3 78.000000 10 10 90 0.000000 17 1 242 973
3 78.000000 10 10 90 0.000000 17 2 242 984
3 76.000000 10 10 143 0.000000 26 3 401 1922
3 50.000000 10 8 2101 0.000000 999 4 5968 33968
3 80.000000 10 10 130 0.000000 19 5 360 1556
3 80.000000 10 10 89 0.000000 17 6 238 946
3 86.000000 10 10 116 0.000000 21 7 318 1358
3 82.000000 10 10 92 0.000000 18 8 247 1068
3 76.000000 10 10 137 0.000000 25 9 383 1825
3 50.000000 10 8 2102 0.000000 999 10 6284 35576
3 78.000000 10 10 89 0.000000 17 11 239 1005
3 78.000000 10 10 92 0.000000 17 0 248 1023
3 82.000000 10 10 88 0.000000 17 1 235 967
3 80.000000 10 10 90 0.000000 17 2 242 996
3 78.000000 10 10 89 0.000000 17 3 239 990
3 94.000000 10 10 126 0.000000 23 0 349 1399
3 80.000000 10 10 91 0.000000 17 1 245 1014
3 78.000000 10 10 91 0.000000 17 2 245 1005
3 78.000000 10 10 92 0.000000 17 0 248 1003
3 100.000000 10 10 162 0.000000 29 1 454 1719
3 82.000000 10 10 88 0.000000 17 2 235 986
3 78.000000 10 10 92 0.000000 17 3 248 1018
3 80.000000 10 10 92 0.000000 17 4 248 1023
3 80.000000 10 10 101 0.000000 19 5 273 1162
3 74.000000 10 10 77 0.000000 16 6 203 895
3 80.000000 10 10 90 0.000000 17 7 241 1000
3 80.000000 10 10 89 0.000000 17 8 239 1022
3 78.000000 10 10 85 0.000000 16 9 227 990
3 78.000000 10 10 92 0.000000 17 10 248 1010
3 80.000000 10 10 89 0.000000 17 11 239 999
3 80.000000 10 10 132 0.000000 19 12 366 1615
3 80.000000 10 10 103 0.000000 19 13 279 1181
3 74.000000 10 10 145 0.000000 27 14 407 1947
3 78.000000 10 10 91 0.000000 17 0 245 1028
3 80.000000 10 10 90 0.000000 17 1 242 1033
3 78.000000 10 10 91 0.000000 17 0 245 993
3 78.000000 10 10 89 0.000000 17 1 239 991
3 78.000000 10 10 90 0.000000 17 0 242 992
3 80.000000 10 10 89 0.000000 17 1 238 971
3 78.000000 10 10 91 0.000000 17 2 245 1006
3 82.000000 10 10 101 0.000000 18 3 274 1096
3 78.000000 10 10 91 0.000000 17 4 245 1019
3 76.000000 10 10 81 0.000000 16 5 215 970
3 80.000000 10 10 96 0.000000 18 6 260 1085
3 82.000000 10 10 131 0.000000 19 7 363 1586
3 82.000000 10 10 95 0.000000 17 8 256 1034
3 80.000000 10 10 90 0.000000 17 9 242 1001
3 78.000000 10 10 89 0.000000 17 10 239 960
3 80.000000 10 10 91 0.000000 17 11 245 1013
3 74.000000 10 10 76 0.000000 16 12 200 860
3 80.000000 10 10 88 0.000000 17 13 236 999
3 80.000000 10 10 91 0.000000 17 14 245 1012
3 78.000000 10 10 90 0.000000 17 15 242 997
3 80.000000 10 10 90 0.000000 17 16 242 1020
3 78.000000 10 10 89 0.000000 17 17 239 983
3 80.000000 10 10 91 0.000000 17 18 245 1010
3 78.000000 10 10 91 0.000000 17 19 245 985
3 82.000000 10 10 90 0.000000 17 20 242 1007
3 80.000000 10 10 90 0.000000 17 21 241 977
3 82.000000 10 10 129 0.000000 19 22 319 1294
3 268.000000 10 10 281 0.000000 40 0 813 3829
3 1171.000000 50 50 1410 0.000000 44 0 4072 19735
3 1674.000000 70 70 2450 0.000000 64 0 7113 33093
3 2476.828426 100 100 3659 0.000000 91 0 10640 49512
3 239.000000 10 10 242 0.000000 37 0 696 3372
3 241.000000 10 10 257 0.000000 37 1 736 3481
3 78.000000 10 10 90 0.000000 17 0 242 1006
3 78.000000 10 10 91 0.000000 17 1 245 1020
3 74.000000 10 10 76 0.000000 16 2 200 857
3 82.000000 10 10 94 0.000000 17 3 253 1034
3 80.000000 10 10 92 0.000000 17 4 248 1020
3 82.000000 10 10 104 0.000000 18 5 284 1206
3 80.000000 10 10 90 0.000000 17 6 242 1011
3 80.000000 10 10 91 0.000000 17 7 245 991
3 82.000000 10 10 88 0.000000 17 8 235 977
3 80.000000 10 10 89 0.000000 17 9 238 959
3 76.000000 10 10 86 0.000000 16 10 230 995
3 80.000000 10 10 95 0.000000 17 0 257 1086
3 78.000000 10 10 89 0.000000 17 1 239 966
3 74.000000 10 10 119 0.000000 23 2 329 1515
3 90.000000 10 10 121 0.000000 22 3 325 1344
3 78.000000 10 10 90 0.000000 17 4 242 967
3 74.000000 10 10 76 0.000000 16 5 200 846
3 76.000000 10 10 114 0.000000 26 6 308 1245
3 74.000000 10 10 76 0.000000 16 7 200 869
3 78.000000 10 10 92 0.000000 17 8 248 1046
3 78.000000 10 10 90 0.000000 17 9 242 1018
3 82.000000 10 10 129 0.000000 19 10 356 1518
3 74.000000 10 10 77 0.000000 16 11 203 883
3 84.000000 10 10 107 0.000000 19 12 293 1229
3 74.000000 10 10 76 0.000000 16 13 200 857
3 76.000000 10 10 81 0.000000 16 14 215 955
3 74.000000 10 10 76 0.000000 16 0 200 861
3 80.000000 10 10 88 0.000000 17 1 236 982
3 76.000000 10 10 80 0.000000 16 2 212 888
3 80.000000 10 10 90 0.000000 17 3 242 1018
3 78.000000 10 10 92 0.000000 17 4 248 1029
3 78.000000 10 10 90 0.000000 17 5 242 988
3 80.000000 10 10 90 0.000000 17 6 242 1025
3 76.000000 10 10 84 0.000000 16 7 224 982
3 80.000000 10 10 88 0.000000 17 8 235 973
3 78.000000 10 10 89 0.000000 17 9 239 977
3 78.000000 10 10 90 0.000000 17 10 242 985
3 78.000000 10 10 92 0.000000 17 11 248 992
3 80.000000 10 10 91 0.000000 17 12 245 1018
3 76.000000 10 10 80 0.000000 16 13 212 918
3 78.000000 10 10 90 0.000000 17 14 242 998
3 80.000000 10 10 102 0.000000 18 15 276 1182
3 80.000000 10 10 89 0.000000 17 16 239 964
3 80.000000 10 10 105 0.000000 18 17 287 1179
3 78.000000 10 10 135 0.000000 23 18 369 1553
3 84.000000 10 10 114 0.000000 25 19 314 1256
3 84.000000 10 10 103 0.000000 18 20 281 1174
3 74.000000 10 10 86 0.000000 16 21 230 978
3 78.000000 10 10 92 0.000000 17 22 248 999
3 80.000000 10 10 91 0.000000 17 23 245 1008
3 78.000000 10 10 91 0.000000 17 24 245 992
3 76.000000 10 10 78 0.000000 16 25 206 920
3 78.000000 10 10 90 0.000000 17 26 242 1000
3 94.828426 10 10 276 0.000000 74 27 799 2889
3 80.000000 10 10 91 0.000000 17 28 245 1043
3 80.000000 10 10 90 0.000000 17 29 242 1008
3 80.000000 10 10 90 0.000000 17 30 240 992
3 80.000000 10 10 90 0.000000 17 31 240 979
3 76.000000 10 10 82 0.000000 16 32 218 941
3 80.000000 10 10 89 0.000000 17 33 239 1017
3 80.000000 10 10 92 0.000000 17 34 248 1046
3 74.000000 10 10 80 0.000000 16 0 212 918
3 80.000000 10 10 91 0.000000 16 1 245 1034
3 82.000000 10 10 102 0.000000 18 2 276 1168
3 80.000000 10 10 90 0.000000 17 3 242 1008
3 78.000000 10 10 92 0.000000 17 4 248 992
3 78.000000 10 10 92 0.000000 17 5 248 991
3 80.000000 10 10 93 0.000000 17 6 251 1066
3 80.000000 10 10 90 0.000000 17 7 241 962
3 80.000000 10 10 89 0.000000 17 8 239 989
3 80.000000 10 10 89 0.000000 17 9 238 950
3 82.000000 10 10 106 0.000000 20 10 289 1199
3 80.000000 10 10 89 0.000000 17 11 238 941
3 76.000000 10 10 125 0.000000 23 12 347 1640
3 74.000000 10 10 81 0.000000 16 13 215 928
3 80.000000 10 10 91 0.000000 17 0 245 1009
3 82.000000 10 10 135 0.000000 19 1 375 1629
3 78.000000 10 10 84 0.000000 16 2 224 970
3 96.000000 10 10 130 0.000000 24 3 361 1473
3 78.000000 10 10 92 0.000000 17 4 248 1021
3 74.000000 10 10 75 0.000000 16 5 197 850
3 80.000000 10 10 90 0.000000 17 6 242 1009
3 82.000000 10 10 122 0.000000 20 7 329 1329
3 80.000000 10 10 89 0.000000 17 8 239 1042
3 78.000000 10 10 94 0.000000 17 9 254 1050
3 82.000000 10 10 91 0.000000 17 10 244 1012
3 78.000000 10 10 148 0.000000 26 11 416 1949
3 88.414213 10 10 890 0.000000 177 12 2589 8941
3 78.000000 10 10 92 0.000000 17 13 248 983
3 94.000000 10 10 135 0.000000 23 14 376 1492
3 86.000000 10 10 136 0.000000 23 15 369 1518
3 82.000000 10 10 91 0.000000 17 16 245 1035
3 76.000000 10 10 81 0.000000 16 17 215 919
3 80.000000 10 10 88 0.000000 17 18 235 938
3 78.000000 10 10 90 0.000000 17 19 242 993
3 76.000000 10 10 83 0.000000 16 20 221 961
3 78.000000 10 10 102 0.000000 18 21 277 1164
3 86.000000 10 10 129 0.000000 21 22 356 1522
3 78.000000 10 10 91 0.000000 17 23 245 989
3 78.000000 10 10 92 0.000000 17 24 248 997
3 80.000000 10 10 89 0.000000 17 25 239 987
3 76.000000 10 10 79 0.000000 16 26 209 922
3 78.000000 10 10 92 0.000000 17 27 248 1019
3 78.000000 10 10 90 0.000000 17 28 242 990
3 78.000000 10 10 92 0.000000 17 29 248 1009
3 76.000000 10 10 82 0.000000 16 30 218 956
3 78.000000 10 10 89 0.000000 17 31 239 971
3 80.000000 10 10 89 0.000000 17 32 238 963
3 76.000000 10 10 159 0.000000 30 33 449 2103
3 78.000000 10 10 91 0.000000 17 34 245 1012
3 76.000000 10 10 84 0.000000 16 35 224 940
3 76.000000 10 10 80 0.000000 16 36 212 921
3 86.414213 10 10 453 0.000000 69 37 1125 4239
3 86.000000 10 10 138 0.000000 22 38 376 1609
3 84.000000 10 10 104 0.000000 19 39 282 1136
3 78.000000 10 10 91 0.000000 17 40 245 1022
3 80.000000 10 10 90 0.000000 17 41 242 1000
3 80.000000 10 10 90 0.000000 17 42 242 999
3 76.000000 10 10 80 0.000000 16 43 212 947
3 74.000000 10 10 186 0.000000 34 44 530 2578
3 78.000000 10 10 91 0.000000 17 45 245 1008
3 76.000000 10 10 81 0.000000 16 46 215 922
3 80.000000 10 10 91 0.000000 17 47 245 1010
3 80.000000 10 10 88 0.000000 17 0 235 956
3 74.000000 10 10 81 0.000000 16 1 215 937
3 76.000000 10 10 87 0.000000 16 2 233 1023
3 82.000000 10 10 91 0.000000 17 3 245 1026
3 84.000000 10 10 98 0.000000 18 4 263 1100
3 86.000000 10 10 131 0.000000 22 0 361 1552
3 80.000000 10 10 89 0.000000 17 1 239 1009
3 78.000000 10 10 91 0.000000 17 2 245 991
3 80.000000 10 10 88 0.000000 17 3 236 988
3 78.000000 10 10 89 0.000000 17 4 239 1018
3 86.000000 10 10 113 0.000000 18 5 311 1293
3 78.000000 10 10 91 0.000000 17 6 245 987
3 74.000000 10 10 76 0.000000 16 7 200 876
3 80.000000 10 10 101 0.000000 18 8 273 1159
3 88.000000 10 10 140 0.000000 22 0 384 1630
3 82.000000 10 10 88 0.000000 17 1 235 950
3 80.000000 10 10 88 0.000000 17 2 235 943
3 80.000000 10 10 90 0.000000 17 3 242 998
3 76.000000 10 10 81 0.000000 16 0 215 929
3 80.000000 10 10 88 0.000000 17 1 236 948
3 86.000000 10 10 120 0.000000 23 2 332 1296
3 80.000000 10 10 89 0.000000 17 0 239 965
3 80.000000 10 10 89 0.000000 17 1 238 946
3 80.000000 10 10 91 0.000000 17 2 245 1000
3 82.000000 10 10 106 0.000000 19 3 290 1179
3 88.000000 10 10 126 0.000000 24 4 350 1395
3 78.000000 10 10 92 0.000000 17 5 248 1046
3 78.000000 10 10 91 0.000000 17 6 245 1003
3 80.000000 10 10 88 0.000000 17 7 235 924
3 86.000000 10 10 105 0.000000 20 8 284 1165
3 76.000000 10 10 80 0.000000 16 9 212 927
3 80.000000 10 10 88 0.000000 17 10 235 940
3 82.000000 10 10 92 0.000000 17 11 247 1029
3 80.000000 10 10 93 0.000000 17 12 251 1052
3 78.000000 10 10 90 0.000000 17 13 242 984
3 74.000000 10 10 81 0.000000 16 14 215 912
3 78.000000 10 10 92 0.000000 17 15 248 985
3 78.000000 10 10 92 0.000000 17 16 248 1008
3 80.000000 10 10 88 0.000000 17 17 235 957
3 80.000000 10 10 89 0.000000 17 18 239 969
3 78.000000 10 10 90 0.000000 17 19 242 1010
3 86.000000 10 10 146 0.000000 24 20 408 1790
3 80.000000 10 10 90 0.000000 17 21 242 993
3 80.000000 10 10 90 0.000000 17 22 242 1026
3 76.000000 10 10 81 0.000000 16 23 215 928
3 78.000000 10 10 93 0.000000 17 24 251 1027
3 78.000000 10 10 87 0.000000 16 25 233 1007
3 76.000000 10 10 83 0.000000 16 0 221 988
3 78.000000 10 10 92 0.000000 17 1 248 1026
3 78.000000 10 10 91 0.000000 17 2 245 1035
3 80.000000 10 10 94 0.000000 17 3 254 1112
3 88.000000 10 10 608 0.000000 71 4 1585 6345
3 78.000000 10 10 89 0.000000 17 5 239 998
3 84.000000 10 10 93 0.000000 17 6 250 1042
3 74.000000 10 10 84 0.000000 17 7 224 978
3 80.000000 10 10 89 0.000000 17 8 238 969
3 78.000000 10 10 92 0.000000 17 9 248 1032
3 78.000000 10 10 96 0.000000 17 10 260 1041
3 80.000000 10 10 89 0.000000 17 11 239 1004
3 80.000000 10 10 92 0.000000 17 12 248 1048
3 80.000000 10 10 90 0.000000 17 13 242 996
3 82.000000 10 10 91 0.000000 17 14 245 1039
3 80.000000 10 10 93 0.000000 17 15 251 1038
3 74.000000 10 10 80 0.000000 16 16 212 921
3 80.000000 10 10 91 0.000000 17 17 245 1024
3 80.000000 10 10 90 0.000000 17 18 242 1009
3 76.000000 10 10 232 0.000000 67 19 515 1871
3 80.000000 10 10 90 0.000000 17 20 242 1000
3 80.000000 10 10 89 0.000000 17 21 239 990
3 80.000000 10 10 91 0.000000 17 22 244 1001
3 80.000000 10 10 89 0.000000 17 23 239 1009
3 1352.000000 60 60 1583 0.000000 47 0 4566 23049
3 2485.000000 100 100 6203 0.000000 231 0 17992 86687
3 302.000000 10 10 311 0.000000 43 0 903 5131
3 302.000000 10 10 318 0.000000 43 1 924 5338
3 287.000000 10 10 289 0.000000 44 0 836 4963
3 285.000000 10 10 286 0.000000 44 1 828 4893
3 287.000000 10 10 291 0.000000 44 2 843 5026
3 285.000000 10 10 285 0.000000 44 3 825 4929
3 285.000000 10 10 286 0.000000 44 4 828 4891
3 285.000000 10 10 286 0.000000 44 5 828 4955
3 848.000000 30 30 1028 0.000000 52 0 2985 16841
3 902.000000 30 30 1199 0.000000 63 1 3497 18995
3 846.000000 30 30 981 0.000000 48 0 2835 16224
3 858.000000 30 30 1047 0.000000 53 1 3000 16713
3 2415.000000 100 100 3156 0.000000 54 0 9083 46257
3 2533.000000 100 100 3666 0.000000 58 1 10611 53662
3 2511.000000 100 100 3747 0.000000 62 2 10852 54006
3 2537.000000 100 100 3575 0.000000 63 3 10298 50618
3 2591.000000 100 100 3876 0.000000 67 0 11129 55624
3 2545.000000 100 100 3638 0.000000 66 1 10520 52863
3 2491.000000 100 100 3424 0.000000 52 2 9788 49448
3 2511.000000 100 100 3482 0.000000 61 3 10057 50511
3 2469.000000 100 100 3518 0.000000 56 4 10170 51312
3 2443.000000 100 100 3265 0.000000 62 5 9457 47509
3 2487.000000 100 100 3356 0.000000 57 6 9693 48237
3 2673.000000 100 100 4227 0.000000 107 7 12205 59294
3 2417.000000 100 100 3247 0.000000 58 8 9307 47095
3 2505.000000 100 100 3485 0.000000 53 9 10023 49803
3 2523.000000 100 100 3652 0.000000 80 0 10576 53017
3 2493.000000 100 100 3447 0.000000 53 1 9944 49482
3 2475.000000 100 100 3408 0.000000 51 2 9809 50030
3 2455.000000 100 100 3398 0.000000 52 3 9733 49113
3 2507.000000 100 100 3527 0.000000 55 4 10150 50279
3 2533.000000 100 100 3730 0.000000 55 5 10796 54216
3 2501.000000 100 100 3532 0.000000 61 6 10222 51890
3 2461.000000 100 100 3319 0.000000 51 7 9550 47871
3 2469.000000 100 100 3378 0.000000 57 8 9801 49581
3 2519.000000 100 100 3433 0.000000 52 9 9904 50002
3 2543.000000 100 100 3672 0.000000 66 0 10618 52930
3 2459.000000 100 100 3371 0.000000 58 1 9752 49693
3 2515.000000 100 100 3616 0.000000 56 2 10464 52171
3 2555.000000 100 100 3771 0.000000 61 3 10909 55463
3 2499.000000 100 100 3446 0.000000 52 4 10004 50251
3 2513.000000 100 100 3525 0.000000 58 5 10159 50937
3 2521.000000 100 100 3535 0.000000 59 6 10210 51100
3 2559.000000 100 100 3847 0.000000 87 7 11125 55165
3 2525.000000 100 100 3530 0.000000 52 8 10251 51524
3 2545.000000 100 100 3661 0.000000 60 9 10550 53490
3 2521.000000 100 100 3593 0.000000 56 0 10419 52245
3 2423.000000 100 100 3274 0.000000 59 1 9419 47553
3 2519.000000 100 100 3515 0.000000 54 2 10167 51191
3 2519.000000 100 100 3557 0.000000 60 3 10263 50885
3 2509.000000 100 100 3564 0.000000 57 4 10307 51450
3 2625.000000 100 100 3998 0.000000 70 5 11549 57341
3 2453.000000 100 100 3278 0.000000 51 6 9482 47828
3 2527.000000 100 100 3592 0.000000 65 7 10431 51934
3 2425.000000 100 100 3256 0.000000 51 8 9406 47482
3 2495.000000 100 100 3582 0.000000 62 9 10295 51890
3 2533.000000 100 100 3609 0.000000 68 10 10358 52263
3 2501.000000 100 100 3555 0.000000 58 11 10280 51208
3 2479.000000 100 100 3474 0.000000 51 12 10072 50103
3 2505.000000 100 100 3476 0.000000 62 13 10046 50801
3 2589.000000 100 100 3880 0.000000 58 14 11247 55939
3 2465.000000 100 100 3433 0.000000 57 15 9845 49785
3 2505.000000 100 100 3522 0.000000 61 16 10185 50939
3 2603.000000 100 100 3867 0.000000 65 17 11227 54773
3 2567.000000 100 100 3794 0.000000 64 18 10977 53310
3 2549.000000 100 100 3585 0.000000 76 19 10395 52106
3 2445.000000 100 100 3349 0.000000 56 20 9660 49162
3 2549.000000 100 100 3781 0.000000 63 21 10852 54003
3 2549.000000 100 100 3665 0.000000 54 22 10547 53073
3 2591.000000 100 100 3911 0.000000 61 23 11183 55119
3 2527.000000 100 100 3670 0.000000 87 24 10659 52634
3 2631.000000 100 100 4055 0.000000 85 25 11788 57895
3 2549.000000 100 100 3966 0.000000 63 26 11440 56477
3 2519.000000 100 100 3551 0.000000 55 27 10251 50723
3 2499.000000 100 100 3503 0.000000 56 28 10103 50968
3 2539.000000 100 100 3655 0.000000 70 29 10531 51965
3 2501.000000 100 100 3560 0.000000 54 30 10305 51667
3 2421.000000 100 100 3237 0.000000 51 31 9353 47370
3 2471.000000 100 100 3298 0.000000 51 32 9468 48044
3 2491.000000 100 100 3470 0.000000 59 33 10071 50783
3 2515.000000 100 100 3709 0.000000 65 34 10643 52439
3 2489.000000 100 100 3505 0.000000 59 35 10118 51008
3 2691.000000 100 100 4343 0.000000 84 36 12596 61758
3 2487.000000 100 100 3417 0.000000 55 37 9891 49958
3 2507.000000 100 100 3596 0.000000 69 38 10345 51432
3 2457.000000 100 100 3374 0.000000 63 39 9779 49218
