RUN 0
valores_ideales [30,38,8,22,10,19,36,10,15,15,35,26,32,15,32,22,31,21,38,25,28,3,33,46,42,9,23,22,8,7,17,18,25,23,16,14,27,33,16,20,31,28,17,30,5,15,23,19,2,35]
costo_por_agente [72,74,8,90,10,31,58,10,15,15,39,26,46,15,96,84,31,99,68,77,94,3,105,46,66,9,23,96,10,7,19,18,25,35,16,16,27,33,16,20,85,28,17,34,101,15,97,19,2,43]
completion_time_por_agente [132,134,14,171,11,47,101,10,15,15,53,26,66,15,187,140,31,179,117,169,136,3,194,53,108,10,24,193,12,7,22,18,25,49,16,17,28,36,17,20,158,29,17,46,201,15,181,21,2,58]
tiempo_ultimo_agente_goal 201
tiempo_en_acabar 201
tiempo_promedio 66.980003
agentes_en_goal 50
bad_good_total_rate_pred [51512,57959,109471,0.5]
push_out_count 347
RUN 1
valores_ideales [30,38,8,22,10,19,36,10,15,15,35,26,32,15,32,22,31,21,38,25,28,3,33,46,42,9,23,22,8,7,17,18,25,23,16,14,27,33,16,20,31,28,17,30,5,15,23,19,2,35]
costo_por_agente [40,46,8,72,10,23,38,10,15,15,67,26,66,15,50,22,31,59,66,49,62,3,33,46,54,9,23,60,8,7,19,18,25,49,16,16,27,47,16,20,33,28,17,46,59,15,47,19,2,51]
completion_time_por_agente [56,54,8,114,10,28,42,10,15,15,118,26,114,15,76,27,31,119,114,88,108,3,33,47,73,11,28,105,10,7,20,18,25,71,19,17,30,65,16,22,42,28,17,75,105,15,92,19,2,78]
tiempo_ultimo_agente_goal 119
tiempo_en_acabar 119
tiempo_promedio 45.619999
agentes_en_goal 50
bad_good_total_rate_pred [38234,36499,74733,0.5]
push_out_count 166
RUN 2
valores_ideales [30,38,8,22,10,19,36,10,15,15,35,26,32,15,32,22,31,21,38,25,28,3,33,46,42,9,23,22,8,7,17,18,25,23,16,14,27,33,16,20,31,28,17,30,5,15,23,19,2,35]
costo_por_agente [64,46,8,44,10,21,44,10,15,15,39,26,46,15,44,34,31,75,60,69,56,3,41,46,64,9,23,78,8,7,19,18,33,79,20,16,29,63,16,20,61,28,17,58,79,15,75,19,2,73]
completion_time_por_agente [108,56,9,94,11,21,67,10,16,15,51,26,76,15,56,49,31,140,108,135,117,3,52,50,93,10,24,148,8,7,20,18,41,145,25,17,34,96,17,21,101,28,17,107,147,15,140,19,2,124]
tiempo_ultimo_agente_goal 148
tiempo_en_acabar 148
tiempo_promedio 54.799999
agentes_en_goal 50
bad_good_total_rate_pred [45146,44431,89577,0.5]
push_out_count 246
RUN 3
valores_ideales [30,38,8,22,10,19,36,10,15,15,35,26,32,15,32,22,31,21,38,25,28,3,33,46,42,9,23,22,8,7,17,18,25,23,16,14,27,33,16,20,31,28,17,30,5,15,23,19,2,35]
costo_por_agente [46,44,8,22,10,63,36,10,15,15,43,26,54,15,36,66,31,73,40,53,66,3,37,46,56,9,23,60,8,7,19,18,27,53,16,16,27,33,16,20,55,28,17,42,39,15,29,19,2,63]
completion_time_por_agente [73,64,10,24,11,96,37,10,15,15,63,26,87,16,45,127,31,125,52,86,115,3,46,49,78,9,23,114,8,7,22,18,32,97,17,17,27,37,16,20,88,30,17,70,68,15,39,21,2,92]
tiempo_ultimo_agente_goal 127
tiempo_en_acabar 127
tiempo_promedio 44.200001
agentes_en_goal 50
bad_good_total_rate_pred [35673,35954,71627,0.5]
push_out_count 139
RUN 4
valores_ideales [30,38,8,22,10,19,36,10,15,15,35,26,32,15,32,22,31,21,38,25,28,3,33,46,42,9,23,22,8,7,17,18,25,23,16,14,27,33,16,20,31,28,17,30,5,15,23,19,2,35]
costo_por_agente [64,60,8,74,10,31,40,10,15,15,47,26,48,15,62,60,31,79,84,59,72,3,43,58,52,9,23,74,8,7,19,18,25,77,16,16,27,47,16,20,69,28,17,62,79,15,61,19,2,39]
completion_time_por_agente [111,98,9,142,10,43,57,10,16,15,74,29,80,15,114,107,31,143,159,123,137,3,57,92,78,9,23,153,8,7,20,18,25,144,16,17,27,65,16,20,120,28,17,112,149,15,99,19,2,60]
tiempo_ultimo_agente_goal 159
tiempo_en_acabar 159
tiempo_promedio 58.840000
agentes_en_goal 50
bad_good_total_rate_pred [49614,47479,97093,0.5]
push_out_count 276
RUN 5
valores_ideales [30,38,8,22,10,19,36,10,15,15,35,26,32,15,32,22,31,21,38,25,28,3,33,46,42,9,23,22,8,7,17,18,25,23,16,14,27,33,16,20,31,28,17,30,5,15,23,19,2,35]
costo_por_agente [60,46,8,46,10,21,38,10,17,15,65,26,48,15,66,80,31,71,54,73,70,3,37,80,74,9,23,82,10,7,19,18,25,35,16,16,27,35,16,20,61,28,17,56,73,15,69,19,2,47]
completion_time_por_agente [98,61,9,58,10,27,43,10,18,15,121,26,84,15,120,144,31,129,81,129,140,3,47,123,123,9,24,141,12,7,20,18,25,53,16,17,28,43,17,20,104,28,17,104,145,16,138,21,2,70]
tiempo_ultimo_agente_goal 145
tiempo_en_acabar 145
tiempo_promedio 55.200001
agentes_en_goal 50
bad_good_total_rate_pred [47210,45160,92370,0.5]
push_out_count 231
RUN 6
valores_ideales [30,38,8,22,10,19,36,10,15,15,35,26,32,15,32,22,31,21,38,25,28,3,33,46,42,9,23,22,8,7,17,18,25,23,16,14,27,33,16,20,31,28,17,30,5,15,23,19,2,35]
costo_por_agente [68,50,10,60,10,19,56,10,15,15,41,26,48,15,68,82,31,75,40,71,74,3,35,50,42,9,23,82,8,7,19,18,27,89,16,16,27,63,16,20,65,28,17,66,73,15,67,19,2,55]
completion_time_por_agente [119,79,12,111,10,23,94,10,15,15,54,26,83,15,133,149,31,141,50,138,140,3,39,59,44,9,24,149,10,7,21,18,30,140,16,19,27,114,17,22,117,28,17,120,140,15,115,21,2,95]
tiempo_ultimo_agente_goal 149
tiempo_en_acabar 149
tiempo_promedio 57.720001
agentes_en_goal 50
bad_good_total_rate_pred [47262,46621,93883,0.5]
push_out_count 238
RUN 7
valores_ideales [30,38,8,22,10,19,36,10,15,15,35,26,32,15,32,22,31,21,38,25,28,3,33,46,42,9,23,22,8,7,17,18,25,23,16,14,27,33,16,20,31,28,17,30,5,15,23,19,2,35]
costo_por_agente [62,54,12,64,10,45,50,10,15,15,35,26,60,15,74,54,31,75,42,49,76,3,67,48,48,9,23,74,8,7,19,18,25,75,16,16,27,43,16,22,55,28,17,54,71,15,65,19,2,73]
completion_time_por_agente [117,87,14,114,11,81,69,10,15,15,45,26,106,15,143,76,31,140,59,90,139,3,119,61,72,9,24,147,10,7,20,18,25,148,16,17,28,69,17,25,95,28,17,89,146,15,103,19,2,114]
tiempo_ultimo_agente_goal 148
tiempo_en_acabar 148
tiempo_promedio 57.320000
agentes_en_goal 50
bad_good_total_rate_pred [48802,45886,94688,0.5]
push_out_count 249
RUN 8
valores_ideales [30,38,8,22,10,19,36,10,15,15,35,26,32,15,32,22,31,21,38,25,28,3,33,46,42,9,23,22,8,7,17,18,25,23,16,14,27,33,16,20,31,28,17,30,5,15,23,19,2,35]
costo_por_agente [54,72,8,58,10,21,44,10,15,15,37,26,54,15,70,60,31,67,42,67,70,3,33,46,54,9,23,72,10,7,19,18,29,25,16,16,33,51,16,20,45,28,17,52,61,15,57,19,2,63]
completion_time_por_agente [100,124,9,113,10,21,67,10,15,15,42,26,81,15,135,105,31,114,57,113,129,3,39,51,87,10,24,121,10,7,20,18,33,32,16,17,43,77,16,20,72,28,17,96,129,16,97,19,2,103]
tiempo_ultimo_agente_goal 135
tiempo_en_acabar 135
tiempo_promedio 51.099998
agentes_en_goal 50
bad_good_total_rate_pred [41651,41743,83394,0.5]
push_out_count 212
RUN 9
valores_ideales [30,38,8,22,10,19,36,10,15,15,35,26,32,15,32,22,31,21,38,25,28,3,33,46,42,9,23,22,8,7,17,18,25,23,16,14,27,33,16,20,31,28,17,30,5,15,23,19,2,35]
costo_por_agente [50,46,12,68,10,45,36,10,15,15,35,26,44,15,48,28,31,31,48,55,64,3,49,48,48,9,23,52,10,7,19,18,25,55,16,16,27,35,16,20,45,28,17,42,47,15,49,19,2,53]
completion_time_por_agente [89,59,16,107,11,77,41,10,15,15,39,27,69,15,76,41,31,40,73,93,106,3,68,63,74,9,24,89,10,7,20,18,25,96,16,17,28,42,16,21,63,28,17,61,85,15,85,19,2,67]
tiempo_ultimo_agente_goal 107
tiempo_en_acabar 107
tiempo_promedio 42.759998
agentes_en_goal 50
bad_good_total_rate_pred [35744,34534,70278,0.5]
push_out_count 131
RUN 10
valores_ideales [30,38,8,22,10,19,36,10,15,15,35,26,32,15,32,22,31,21,38,25,28,3,33,46,42,9,23,22,8,7,17,18,25,23,16,14,27,33,16,20,31,28,17,30,5,15,23,19,2,35]
costo_por_agente [58,38,8,58,10,27,44,10,15,15,59,26,62,15,60,26,31,65,44,61,62,3,33,46,58,9,23,70,16,7,19,18,25,73,16,16,27,53,16,20,37,28,17,50,61,15,67,19,2,53]
completion_time_por_agente [108,42,10,114,10,29,57,10,15,15,87,26,104,15,92,36,31,124,58,109,101,3,33,51,84,10,23,136,31,7,21,18,25,129,16,17,29,92,17,22,50,28,17,89,109,15,117,19,2,85]
tiempo_ultimo_agente_goal 136
tiempo_en_acabar 136
tiempo_promedio 49.759998
agentes_en_goal 50
bad_good_total_rate_pred [42707,38872,81579,0.5]
push_out_count 178
RUN 11
valores_ideales [30,38,8,22,10,19,36,10,15,15,35,26,32,15,32,22,31,21,38,25,28,3,33,46,42,9,23,22,8,7,17,18,25,23,16,14,27,33,16,20,31,28,17,30,5,15,23,19,2,35]
costo_por_agente [62,56,8,88,10,63,46,10,15,15,57,26,68,19,54,82,31,41,42,69,60,3,37,48,42,9,23,62,8,7,19,18,25,47,16,16,27,65,16,20,51,28,17,68,7,15,65,19,2,73]
completion_time_por_agente [102,93,9,143,10,118,74,10,15,15,83,26,127,24,89,138,31,64,51,120,104,3,46,54,43,9,24,121,8,7,21,18,27,74,16,17,31,102,16,22,89,28,17,113,11,15,121,25,2,115]
tiempo_ultimo_agente_goal 143
tiempo_en_acabar 143
tiempo_promedio 52.820000
agentes_en_goal 50
bad_good_total_rate_pred [43712,42693,86405,0.5]
push_out_count 249
RUN 12
valores_ideales [30,38,8,22,10,19,36,10,15,15,35,26,32,15,32,22,31,21,38,25,28,3,33,46,42,9,23,22,8,7,17,18,25,23,16,14,27,33,16,20,31,28,17,30,5,15,23,19,2,35]
costo_por_agente [66,44,8,92,10,23,48,10,15,15,59,26,62,15,84,58,31,85,38,71,90,3,35,46,42,9,25,72,8,7,19,18,25,83,16,16,27,79,16,20,49,28,17,50,67,15,57,19,2,37]
completion_time_por_agente [117,63,9,157,11,30,70,10,15,15,106,26,120,15,150,118,31,156,57,137,155,3,39,53,46,9,26,121,12,7,20,18,25,144,16,19,28,121,16,20,84,28,17,93,144,15,115,19,2,43]
tiempo_ultimo_agente_goal 157
tiempo_en_acabar 157
tiempo_promedio 57.419998
agentes_en_goal 50
bad_good_total_rate_pred [47926,45818,93744,0.5]
push_out_count 266
RUN 13
valores_ideales [30,38,8,22,10,19,36,10,15,15,35,26,32,15,32,22,31,21,38,25,28,3,33,46,42,9,23,22,8,7,17,18,25,23,16,14,27,33,16,20,31,28,17,30,5,15,23,19,2,35]
costo_por_agente [72,46,8,92,10,29,50,10,15,15,45,28,76,15,40,94,31,67,52,83,62,3,37,46,50,9,23,76,8,7,19,18,25,105,16,16,27,37,16,20,41,28,17,58,101,15,45,23,2,101]
completion_time_por_agente [141,66,9,181,10,38,74,10,15,15,76,31,142,15,53,182,31,112,79,169,108,3,40,52,70,9,23,134,8,7,20,18,25,191,16,19,28,47,16,21,58,28,17,95,180,15,80,29,2,178]
tiempo_ultimo_agente_goal 191
tiempo_en_acabar 191
tiempo_promedio 59.720001
agentes_en_goal 50
bad_good_total_rate_pred [46121,49944,96065,0.5]
push_out_count 294
RUN 14
valores_ideales [30,38,8,22,10,19,36,10,15,15,35,26,32,15,32,22,31,21,38,25,28,3,33,46,42,9,23,22,8,7,17,18,25,23,16,14,27,33,16,20,31,28,17,30,5,15,23,19,2,35]
costo_por_agente [52,82,8,100,10,29,50,10,15,15,49,26,48,15,58,64,31,75,62,67,82,3,47,46,76,9,23,86,10,7,19,18,25,51,16,16,27,37,16,20,95,28,17,74,99,15,69,19,2,103]
completion_time_por_agente [99,136,9,171,11,40,77,10,15,15,68,26,79,15,101,113,31,140,110,137,148,3,63,49,129,9,24,170,10,7,21,18,25,83,17,17,27,49,16,22,174,28,17,121,187,15,131,19,2,193]
tiempo_ultimo_agente_goal 193
tiempo_en_acabar 193
tiempo_promedio 63.939999
agentes_en_goal 50
bad_good_total_rate_pred [53506,52513,106019,0.5]
push_out_count 312
RUN 15
valores_ideales [30,38,8,22,10,19,36,10,15,15,35,26,32,15,32,22,31,21,38,25,28,3,33,46,42,9,23,22,8,7,17,18,25,23,16,14,27,33,16,20,31,28,17,30,5,15,23,19,2,35]
costo_por_agente [90,54,10,24,10,111,36,10,15,15,79,26,96,15,78,80,31,91,40,93,100,3,79,48,56,9,23,112,8,7,19,18,25,105,16,16,29,77,16,20,85,28,17,50,79,15,63,19,2,87]
completion_time_por_agente [162,71,13,30,10,190,39,10,15,15,137,26,165,15,134,140,31,183,50,168,174,3,134,53,84,10,24,182,8,7,20,18,25,192,16,19,33,110,16,20,158,28,17,83,173,15,120,19,2,143]
tiempo_ultimo_agente_goal 192
tiempo_en_acabar 192
tiempo_promedio 70.199997
agentes_en_goal 50
bad_good_total_rate_pred [58618,58305,116923,0.5]
push_out_count 342
RUN 16
valores_ideales [30,38,8,22,10,19,36,10,15,15,35,26,32,15,32,22,31,21,38,25,28,3,33,46,42,9,23,22,8,7,17,18,25,23,16,14,27,33,16,20,31,28,17,30,5,15,23,19,2,35]
costo_por_agente [50,48,10,36,10,85,36,10,15,15,75,28,70,15,50,34,31,67,44,57,68,3,37,46,44,9,23,72,10,7,19,18,29,61,16,16,27,35,16,20,59,28,17,64,39,15,53,19,2,51]
completion_time_por_agente [81,79,12,49,10,133,41,10,15,15,131,31,124,16,91,59,31,121,65,94,128,3,56,48,49,10,23,129,13,7,22,18,35,121,16,19,28,43,17,22,99,28,17,108,59,18,106,19,2,84]
tiempo_ultimo_agente_goal 133
tiempo_en_acabar 133
tiempo_promedio 51.099998
agentes_en_goal 50
bad_good_total_rate_pred [42163,41986,84149,0.5]
push_out_count 191
RUN 17
valores_ideales [30,38,8,22,10,19,36,10,15,15,35,26,32,15,32,22,31,21,38,25,28,3,33,46,42,9,23,22,8,7,17,18,25,23,16,14,27,33,16,20,31,28,17,30,5,15,23,19,2,35]
costo_por_agente [66,42,8,76,10,23,40,10,15,15,37,26,52,15,48,74,31,61,48,63,102,3,37,46,42,9,23,74,10,7,19,18,25,43,16,16,29,35,16,20,43,28,17,42,87,15,77,19,2,59]
completion_time_por_agente [107,54,9,150,11,29,53,10,15,15,41,26,82,15,72,136,31,97,75,121,174,3,44,56,48,10,24,137,12,7,22,18,25,70,16,19,37,45,17,20,71,28,17,72,171,15,137,21,2,93]
tiempo_ultimo_agente_goal 174
tiempo_en_acabar 174
tiempo_promedio 51.599998
agentes_en_goal 50
bad_good_total_rate_pred [40471,43009,83480,0.5]
push_out_count 220
RUN 18
valores_ideales [30,38,8,22,10,19,36,10,15,15,35,26,32,15,32,22,31,21,38,25,28,3,33,46,42,9,23,22,8,7,17,18,25,23,16,14,27,33,16,20,31,28,17,30,5,15,23,19,2,35]
costo_por_agente [64,50,8,70,10,31,38,10,15,15,45,26,54,15,40,62,31,81,42,61,54,3,35,46,52,9,23,54,34,7,19,18,27,41,18,16,27,35,16,20,45,28,17,72,57,15,67,19,2,39]
completion_time_por_agente [96,74,9,142,10,40,55,10,15,15,65,26,86,15,58,102,31,137,57,127,94,3,39,46,67,9,24,104,64,7,21,18,31,52,25,19,27,41,17,21,63,28,17,127,117,15,134,19,2,49]
tiempo_ultimo_agente_goal 142
tiempo_en_acabar 142
tiempo_promedio 49.400002
agentes_en_goal 50
bad_good_total_rate_pred [39964,40301,80265,0.5]
push_out_count 192
RUN 19
valores_ideales [30,38,8,22,10,19,36,10,15,15,35,26,32,15,32,22,31,21,38,25,28,3,33,46,42,9,23,22,8,7,17,18,25,23,16,14,27,33,16,20,31,28,17,30,5,15,23,19,2,35]
costo_por_agente [36,98,8,34,10,25,36,10,15,15,53,28,42,15,88,92,31,103,68,107,88,3,59,46,82,9,23,94,10,7,19,18,25,111,16,16,27,101,16,20,115,28,17,68,107,15,77,19,2,73]
completion_time_por_agente [54,175,9,47,11,34,48,10,16,15,68,30,64,15,142,189,31,197,112,194,152,3,84,48,142,9,23,182,12,7,21,18,25,204,16,17,28,179,16,24,219,28,17,117,201,15,163,19,2,129]
tiempo_ultimo_agente_goal 219
tiempo_en_acabar 219
tiempo_promedio 71.620003
agentes_en_goal 50
bad_good_total_rate_pred [58346,61351,119697,0.5]
push_out_count 392
RUN 20
valores_ideales [30,38,8,22,10,19,36,10,15,15,35,26,32,15,32,22,31,21,38,25,28,3,33,46,42,9,23,22,8,7,17,18,25,23,16,14,27,33,16,20,31,28,17,30,5,15,23,19,2,35]
costo_por_agente [56,54,8,58,10,21,50,10,15,15,37,26,50,15,48,34,31,57,50,45,52,3,41,46,42,9,23,62,8,7,19,18,25,27,16,16,27,35,16,20,37,28,17,48,55,15,55,19,2,69]
completion_time_por_agente [97,80,11,103,11,23,65,10,15,15,53,26,80,15,71,45,31,100,69,77,83,3,53,51,50,9,25,98,8,7,21,18,25,40,17,19,28,45,16,24,47,28,17,75,89,15,95,21,2,109]
tiempo_ultimo_agente_goal 109
tiempo_en_acabar 109
tiempo_promedio 42.700001
agentes_en_goal 50
bad_good_total_rate_pred [37502,31918,69420,0.5]
push_out_count 128
RUN 21
valores_ideales [30,38,8,22,10,19,36,10,15,15,35,26,32,15,32,22,31,21,38,25,28,3,33,46,42,9,23,22,8,7,17,18,25,23,16,14,27,33,16,20,31,28,17,30,5,15,23,19,2,35]
costo_por_agente [68,64,10,24,14,21,40,10,15,15,35,26,72,15,52,92,31,85,46,73,42,3,69,46,42,9,23,82,8,7,19,18,25,77,16,16,27,49,16,20,47,28,17,60,83,15,69,19,2,61]
completion_time_por_agente [129,119,15,30,21,25,44,10,15,15,37,26,132,16,80,167,31,158,72,140,76,3,128,52,47,9,24,140,10,7,22,18,25,150,16,17,27,70,16,22,75,28,17,110,150,16,141,21,2,101]
tiempo_ultimo_agente_goal 167
tiempo_en_acabar 167
tiempo_promedio 56.439999
agentes_en_goal 50
bad_good_total_rate_pred [46113,45120,91233,0.5]
push_out_count 249
RUN 22
valores_ideales [30,38,8,22,10,19,36,10,15,15,35,26,32,15,32,22,31,21,38,25,28,3,33,46,42,9,23,22,8,7,17,18,25,23,16,14,27,33,16,20,31,28,17,30,5,15,23,19,2,35]
costo_por_agente [42,48,8,68,10,39,36,10,15,15,35,26,40,15,56,28,31,79,46,57,60,3,33,50,48,9,23,58,8,7,19,18,25,49,16,16,27,33,16,20,39,28,17,52,47,15,47,19,2,39]
completion_time_por_agente [74,84,9,130,11,63,41,10,15,15,39,26,77,15,96,37,31,129,85,110,96,3,35,63,63,9,23,105,8,7,22,18,25,82,17,17,27,39,17,20,59,28,17,83,86,15,86,21,2,49]
tiempo_ultimo_agente_goal 130
tiempo_en_acabar 130
tiempo_promedio 44.779999
agentes_en_goal 50
bad_good_total_rate_pred [36687,34646,71333,0.5]
push_out_count 133
RUN 23
valores_ideales [30,38,8,22,10,19,36,10,15,15,35,26,32,15,32,22,31,21,38,25,28,3,33,46,42,9,23,22,8,7,17,18,25,23,16,14,27,33,16,20,31,28,17,30,5,15,23,19,2,35]
costo_por_agente [66,40,8,54,10,61,42,10,15,15,39,26,68,15,56,46,31,39,40,67,58,3,33,48,44,9,23,72,10,7,19,18,25,65,16,16,27,57,16,20,65,28,17,70,69,19,69,19,2,59]
completion_time_por_agente [122,53,9,73,10,105,61,10,15,15,50,27,126,15,97,58,31,65,54,134,107,3,36,55,54,9,24,131,10,8,21,18,25,128,16,17,27,96,17,22,118,28,17,124,142,24,135,19,2,94]
tiempo_ultimo_agente_goal 142
tiempo_en_acabar 142
tiempo_promedio 53.139999
agentes_en_goal 50
bad_good_total_rate_pred [40690,45688,86378,0.5]
push_out_count 215
RUN 24
valores_ideales [30,38,8,22,10,19,36,10,15,15,35,26,32,15,32,22,31,21,38,25,28,3,33,46,42,9,23,22,8,7,17,18,25,23,16,14,27,33,16,20,31,28,17,30,5,15,23,19,2,35]
costo_por_agente [48,80,10,66,10,33,52,10,15,15,59,26,74,15,38,26,31,77,58,51,84,3,49,46,44,9,23,86,8,7,21,18,25,73,16,16,35,33,16,28,33,28,17,66,85,15,65,19,2,57]
completion_time_por_agente [74,148,13,122,10,50,70,10,15,15,96,28,139,15,43,33,31,136,83,87,144,3,77,55,60,9,26,157,8,7,31,18,25,152,17,19,48,36,16,42,42,29,17,112,150,15,116,19,2,91]
tiempo_ultimo_agente_goal 157
tiempo_en_acabar 157
tiempo_promedio 55.220001
agentes_en_goal 50
bad_good_total_rate_pred [44719,45140,89859,0.5]
push_out_count 215
RUN 25
valores_ideales [30,38,8,22,10,19,36,10,15,15,35,26,32,15,32,22,31,21,38,25,28,3,33,46,42,9,23,22,8,7,17,18,25,23,16,14,27,33,16,20,31,28,17,30,5,15,23,19,2,35]
costo_por_agente [78,62,8,84,12,25,46,10,15,15,61,26,48,15,62,74,31,75,74,73,88,3,47,52,44,9,23,68,8,7,19,18,25,57,16,16,27,41,16,20,55,28,17,68,79,15,75,19,2,61]
completion_time_por_agente [143,110,11,136,12,28,61,10,15,15,103,26,84,15,105,89,31,143,137,132,167,3,53,69,47,9,24,136,10,7,21,18,27,96,16,19,28,46,16,24,90,28,17,118,153,15,139,19,2,101]
tiempo_ultimo_agente_goal 167
tiempo_en_acabar 167
tiempo_promedio 58.480000
agentes_en_goal 50
bad_good_total_rate_pred [47189,48571,95760,0.5]
push_out_count 252
RUN 26
valores_ideales [30,38,8,22,10,19,36,10,15,15,35,26,32,15,32,22,31,21,38,25,28,3,33,46,42,9,23,22,8,7,17,18,25,23,16,14,27,33,16,20,31,28,17,30,5,15,23,19,2,35]
costo_por_agente [62,38,8,64,10,37,44,10,15,15,35,26,60,15,50,60,31,47,46,67,88,3,33,46,42,9,23,68,8,7,19,18,27,53,16,16,29,35,16,26,49,28,17,56,7,15,67,25,2,71]
completion_time_por_agente [121,48,9,114,11,66,65,10,15,15,44,29,103,15,85,94,31,70,67,125,134,3,34,46,43,9,23,137,9,7,21,18,29,100,16,17,33,42,17,33,85,28,17,104,10,15,116,34,2,121]
tiempo_ultimo_agente_goal 137
tiempo_en_acabar 137
tiempo_promedio 48.799999
agentes_en_goal 50
bad_good_total_rate_pred [40452,37643,78095,0.5]
push_out_count 190
RUN 27
valores_ideales [30,38,8,22,10,19,36,10,15,15,35,26,32,15,32,22,31,21,38,25,28,3,33,46,42,9,23,22,8,7,17,18,25,23,16,14,27,33,16,20,31,28,17,30,5,15,23,19,2,35]
costo_por_agente [58,72,10,32,10,33,42,10,15,15,49,26,66,15,48,74,31,81,64,45,56,3,33,66,62,9,23,58,8,7,19,18,25,79,16,16,27,41,16,20,33,28,17,42,53,15,65,19,2,45]
completion_time_por_agente [114,133,12,50,10,48,61,10,15,15,76,26,116,15,73,131,31,136,116,88,96,3,35,96,93,9,24,117,12,7,21,18,25,138,16,17,28,51,17,20,44,28,17,63,135,15,133,19,2,71]
tiempo_ultimo_agente_goal 138
tiempo_en_acabar 138
tiempo_promedio 52.919998
agentes_en_goal 50
bad_good_total_rate_pred [46626,41014,87640,0.5]
push_out_count 218
RUN 28
valores_ideales [30,38,8,22,10,19,36,10,15,15,35,26,32,15,32,22,31,21,38,25,28,3,33,46,42,9,23,22,8,7,17,18,25,23,16,14,27,33,16,20,31,28,17,30,5,15,23,19,2,35]
costo_por_agente [56,50,10,24,10,45,36,10,15,15,57,28,42,15,48,48,31,55,44,45,48,3,45,46,54,9,23,52,8,7,19,18,25,67,16,16,29,33,16,20,31,28,17,44,59,15,37,19,2,61]
completion_time_por_agente [107,65,12,25,10,79,48,10,16,15,88,34,66,15,72,72,31,111,65,79,80,3,66,51,76,9,26,93,9,7,20,18,25,120,16,17,35,33,16,20,34,28,17,75,112,15,59,19,2,111]
tiempo_ultimo_agente_goal 120
tiempo_en_acabar 120
tiempo_promedio 44.639999
agentes_en_goal 50
bad_good_total_rate_pred [38245,34870,73115,0.5]
push_out_count 137
RUN 29
valores_ideales [30,38,8,22,10,19,36,10,15,15,35,26,32,15,32,22,31,21,38,25,28,3,33,46,42,9,23,22,8,7,17,18,25,23,16,14,27,33,16,20,31,28,17,30,5,15,23,19,2,35]
costo_por_agente [68,46,8,52,10,25,42,10,15,15,51,26,54,15,40,76,31,73,64,67,74,3,33,46,54,9,23,68,10,7,19,18,31,39,16,16,27,33,16,20,53,28,17,64,71,15,67,19,2,43]
completion_time_por_agente [106,66,9,103,10,28,58,10,15,15,72,29,87,16,52,133,31,137,105,123,126,3,36,59,79,9,23,129,13,7,21,18,37,60,16,17,28,40,16,20,94,28,17,112,143,15,130,19,2,65]
tiempo_ultimo_agente_goal 143
tiempo_en_acabar 143
tiempo_promedio 51.740002
agentes_en_goal 50
bad_good_total_rate_pred [41163,41912,83075,0.5]
push_out_count 212
RUN 30
valores_ideales [30,38,8,22,10,19,36,10,15,15,35,26,32,15,32,22,31,21,38,25,28,3,33,46,42,9,23,22,8,7,17,18,25,23,16,14,27,33,16,20,31,28,17,30,5,15,23,19,2,35]
costo_por_agente [68,72,8,26,10,33,42,10,15,15,69,26,50,15,70,30,31,47,64,59,80,3,33,46,56,9,23,66,8,7,19,18,25,45,16,16,27,43,16,20,43,28,17,62,55,15,59,19,2,55]
completion_time_por_agente [98,123,9,33,10,50,51,10,15,15,118,26,103,15,133,39,31,84,120,116,144,3,45,52,84,9,24,139,10,7,21,18,25,68,16,17,29,62,16,22,59,28,17,100,111,15,117,19,2,95]
tiempo_ultimo_agente_goal 144
tiempo_en_acabar 144
tiempo_promedio 51.459999
agentes_en_goal 50
bad_good_total_rate_pred [43679,40868,84547,0.5]
push_out_count 204
RUN 31
valores_ideales [30,38,8,22,10,19,36,10,15,15,35,26,32,15,32,22,31,21,38,25,28,3,33,46,42,9,23,22,8,7,17,18,25,23,16,14,27,33,16,20,31,28,17,30,5,15,23,19,2,35]
costo_por_agente [58,50,8,64,10,23,44,10,15,15,49,26,46,15,42,22,31,63,44,67,62,3,41,48,44,9,23,66,8,7,17,18,27,49,16,16,27,45,16,20,55,28,17,58,39,15,63,19,2,49]
completion_time_por_agente [106,76,9,128,11,30,62,10,15,15,81,26,73,15,53,28,31,129,62,122,117,3,61,52,54,9,28,129,10,7,18,18,29,71,16,17,28,66,17,24,96,28,17,108,82,15,121,19,2,73]
tiempo_ultimo_agente_goal 129
tiempo_en_acabar 129
tiempo_promedio 48.340000
agentes_en_goal 50
bad_good_total_rate_pred [40103,39324,79427,0.5]
push_out_count 186
RUN 32
valores_ideales [30,38,8,22,10,19,36,10,15,15,35,26,32,15,32,22,31,21,38,25,28,3,33,46,42,9,23,22,8,7,17,18,25,23,16,14,27,33,16,20,31,28,17,30,5,15,23,19,2,35]
costo_por_agente [68,58,8,76,10,31,38,10,15,15,57,26,40,15,68,64,31,75,62,77,70,3,61,46,42,9,23,68,10,7,19,18,25,73,16,16,27,33,16,20,63,28,17,58,71,15,75,19,2,45]
completion_time_por_agente [127,87,9,123,11,50,44,10,15,15,88,26,64,16,132,112,31,139,113,149,128,3,105,53,43,9,24,124,12,7,20,18,25,98,16,17,28,34,16,20,107,28,17,106,134,16,144,19,2,61]
tiempo_ultimo_agente_goal 149
tiempo_en_acabar 149
tiempo_promedio 55.900002
agentes_en_goal 50
bad_good_total_rate_pred [45481,44909,90390,0.5]
push_out_count 228
RUN 33
valores_ideales [30,38,8,22,10,19,36,10,15,15,35,26,32,15,32,22,31,21,38,25,28,3,33,46,42,9,23,22,8,7,17,18,25,23,16,14,27,33,16,20,31,28,17,30,5,15,23,19,2,35]
costo_por_agente [32,42,8,58,10,35,36,10,15,15,35,26,56,15,62,58,31,31,38,49,42,3,63,46,52,9,23,64,8,7,19,18,29,25,16,14,27,33,16,20,31,28,17,44,51,15,47,19,2,63]
completion_time_por_agente [38,63,9,106,10,47,46,10,15,15,38,26,91,16,98,98,31,51,54,86,62,3,110,50,77,10,24,112,10,7,20,18,33,29,16,14,28,35,16,20,37,28,17,73,98,15,72,21,2,101]
tiempo_ultimo_agente_goal 112
tiempo_en_acabar 112
tiempo_promedio 42.119999
agentes_en_goal 50
bad_good_total_rate_pred [35284,33482,68766,0.5]
push_out_count 135
RUN 34
valores_ideales [30,38,8,22,10,19,36,10,15,15,35,26,32,15,32,22,31,21,38,25,28,3,33,46,42,9,23,22,8,7,17,18,25,23,16,14,27,33,16,20,31,28,17,30,5,15,23,19,2,35]
costo_por_agente [54,64,8,76,10,29,44,10,15,15,51,26,36,15,34,44,31,41,44,81,82,3,33,46,44,9,23,68,8,7,17,18,25,27,16,16,27,35,16,20,59,28,17,58,63,15,77,19,2,41]
completion_time_por_agente [93,95,9,135,11,37,53,10,15,15,82,27,44,15,42,68,31,64,53,151,141,3,36,48,52,9,24,122,10,7,17,18,25,34,17,19,32,36,16,23,98,29,17,103,121,15,153,19,2,52]
tiempo_ultimo_agente_goal 153
tiempo_en_acabar 153
tiempo_promedio 46.959999
agentes_en_goal 50
bad_good_total_rate_pred [36436,39988,76424,0.5]
push_out_count 181
RUN 35
valores_ideales [30,38,8,22,10,19,36,10,15,15,35,26,32,15,32,22,31,21,38,25,28,3,33,46,42,9,23,22,8,7,17,18,25,23,16,14,27,33,16,20,31,28,17,30,5,15,23,19,2,35]
costo_por_agente [64,58,8,78,10,21,54,10,17,15,61,26,72,15,56,32,31,67,62,55,82,3,33,48,54,9,23,66,8,7,19,18,25,23,16,16,27,39,16,20,57,28,17,72,69,15,63,21,2,43]
completion_time_por_agente [116,88,10,141,10,22,81,10,18,15,102,26,122,16,99,46,31,130,106,108,149,3,33,57,83,9,24,131,10,7,22,18,27,24,16,17,27,54,17,22,91,28,17,101,131,15,115,24,2,57]
tiempo_ultimo_agente_goal 149
tiempo_en_acabar 149
tiempo_promedio 52.560001
agentes_en_goal 50
bad_good_total_rate_pred [44612,41518,86130,0.5]
push_out_count 217
RUN 36
valores_ideales [30,38,8,22,10,19,36,10,15,15,35,26,32,15,32,22,31,21,38,25,28,3,33,46,42,9,23,22,8,7,17,18,25,23,16,14,27,33,16,20,31,28,17,30,5,15,23,19,2,35]
costo_por_agente [70,62,8,22,24,39,48,10,15,15,47,26,68,15,76,42,31,71,66,85,78,3,43,46,74,9,23,50,8,7,21,18,31,77,16,16,27,47,16,20,73,28,17,40,61,15,65,19,2,63]
completion_time_por_agente [127,93,8,32,43,71,70,10,15,15,74,26,125,15,138,73,31,130,99,144,144,3,54,49,127,10,24,105,10,7,26,18,37,141,16,17,28,77,17,24,135,28,17,64,126,15,120,19,2,108]
tiempo_ultimo_agente_goal 144
tiempo_en_acabar 144
tiempo_promedio 58.139999
agentes_en_goal 50
bad_good_total_rate_pred [45713,50013,95726,0.5]
push_out_count 266
RUN 37
valores_ideales [30,38,8,22,10,19,36,10,15,15,35,26,32,15,32,22,31,21,38,25,28,3,33,46,42,9,23,22,8,7,17,18,25,23,16,14,27,33,16,20,31,28,17,30,5,15,23,19,2,35]
costo_por_agente [56,58,10,66,10,27,40,10,15,15,43,26,62,15,62,90,31,75,50,77,64,3,53,54,42,9,23,74,10,7,19,18,25,81,16,16,27,49,16,22,109,28,17,46,103,15,45,19,2,85]
completion_time_por_agente [88,101,13,139,10,32,55,10,15,15,57,26,106,15,101,172,31,148,78,143,114,3,86,80,45,10,24,152,12,7,20,18,25,161,17,17,28,71,16,25,180,28,17,81,180,15,82,20,2,166]
tiempo_ultimo_agente_goal 180
tiempo_en_acabar 180
tiempo_promedio 61.139999
agentes_en_goal 50
bad_good_total_rate_pred [50109,50747,100856,0.5]
push_out_count 300
RUN 38
valores_ideales [30,38,8,22,10,19,36,10,15,15,35,26,32,15,32,22,31,21,38,25,28,3,33,46,42,9,23,22,8,7,17,18,25,23,16,14,27,33,16,20,31,28,17,30,5,15,23,19,2,35]
costo_por_agente [64,42,10,62,10,41,64,10,15,15,35,26,56,15,46,48,31,35,90,45,76,3,59,48,56,9,23,74,8,7,19,18,27,43,16,16,27,75,16,20,33,28,17,46,65,15,27,19,2,45]
completion_time_por_agente [120,57,13,124,10,66,102,10,16,15,45,26,95,15,72,63,31,51,148,79,139,3,99,59,97,9,24,135,10,7,21,18,29,70,16,17,27,131,16,22,41,28,17,79,130,15,31,19,2,70]
tiempo_ultimo_agente_goal 148
tiempo_en_acabar 148
tiempo_promedio 50.779999
agentes_en_goal 50
bad_good_total_rate_pred [42404,42094,84498,0.5]
push_out_count 205
RUN 39
valores_ideales [30,38,8,22,10,19,36,10,15,15,35,26,32,15,32,22,31,21,38,25,28,3,33,46,42,9,23,22,8,7,17,18,25,23,16,14,27,33,16,20,31,28,17,30,5,15,23,19,2,35]
costo_por_agente [46,38,8,66,10,25,36,10,15,15,51,26,44,15,50,52,31,57,56,51,54,3,35,46,46,9,23,52,8,7,19,18,25,47,18,14,27,35,16,20,47,28,17,36,51,15,51,19,2,55]
completion_time_por_agente [70,52,8,97,11,33,47,10,16,15,79,26,61,15,85,93,31,92,85,81,101,3,36,60,61,9,25,90,9,7,20,18,25,76,21,14,27,42,16,22,72,28,17,54,89,15,90,19,2,83]
tiempo_ultimo_agente_goal 101
tiempo_en_acabar 101
tiempo_promedio 43.160000
agentes_en_goal 50
bad_good_total_rate_pred [37376,33481,70857,0.5]
push_out_count 143
