RUN 0
valores_ideales [17,18,5,21,47,29,11,11,29,23,14,23,39,23,19,14,40,15,10,21,30,20,40,19,18,33,44,40,24,42,31,18,34,36,16,10,25,28,45,24,5,6,15,23,39,17,41,30,16,8,11,3,25,34,42,18,12,12,16,8,27,20,14,20,26,35,36,30,33,32]
costo_por_agente [17,20,7,21,51,41,11,13,59,23,16,23,41,119,19,18,58,15,24,129,30,84,42,83,110,49,56,62,24,80,95,18,72,96,84,10,29,76,53,34,5,6,15,29,47,97,51,84,36,8,11,3,141,72,52,18,12,12,16,8,67,20,14,22,88,35,138,108,61,124]
completion_time_por_agente [22,21,9,22,62,61,11,14,102,23,21,23,45,218,22,22,91,15,40,247,30,168,56,141,199,82,79,98,25,124,193,18,128,172,156,10,34,127,67,48,5,6,15,36,60,161,66,150,56,8,11,3,247,122,80,20,12,12,16,8,129,23,14,23,147,35,226,165,93,245]
tiempo_ultimo_agente_goal 247
tiempo_en_acabar 247
tiempo_promedio 74.857140
agentes_en_goal 70
bad_good_total_rate_pred [17410,16455,33865,0.5]
push_out_count 464
RUN 1
valores_ideales [17,18,5,21,47,29,11,11,29,23,14,23,39,23,19,14,40,15,10,21,30,20,40,19,18,33,44,40,24,42,31,18,34,36,16,10,25,28,45,24,5,6,15,23,39,17,41,30,16,8,11,3,25,34,42,18,12,12,16,8,27,20,14,20,26,35,36,30,33,32]
costo_por_agente [17,58,5,21,69,33,11,17,133,27,18,23,53,131,19,18,118,15,70,95,30,68,100,119,62,45,64,46,24,64,57,18,138,40,74,10,29,104,73,26,5,6,17,87,77,139,45,142,72,8,11,3,135,106,44,18,12,16,18,8,87,20,16,38,112,37,56,104,73,48]
completion_time_por_agente [17,77,5,21,110,35,11,25,228,32,24,23,79,202,21,22,203,15,135,167,30,108,156,231,108,72,87,63,24,87,82,18,260,57,135,10,29,174,116,33,5,6,18,124,132,240,51,266,135,8,11,3,238,173,57,19,12,21,20,9,162,20,18,55,171,40,81,178,107,72]
tiempo_ultimo_agente_goal 266
tiempo_en_acabar 266
tiempo_promedio 82.628571
agentes_en_goal 70
bad_good_total_rate_pred [19522,16355,35877,0.5]
push_out_count 1003
RUN 2
valores_ideales [17,18,5,21,47,29,11,11,29,23,14,23,39,23,19,14,40,15,10,21,30,20,40,19,18,33,44,40,24,42,31,18,34,36,16,10,25,28,45,24,5,6,15,23,39,17,41,30,16,8,11,3,25,34,42,18,12,12,16,8,27,20,14,20,26,35,36,30,33,32]
costo_por_agente [19,40,7,21,47,33,11,13,83,23,40,23,41,61,19,16,66,17,10,103,30,94,44,91,106,95,76,40,24,72,73,20,94,58,82,12,37,74,53,46,5,6,17,73,77,107,47,96,80,8,11,3,93,56,64,18,12,12,16,8,99,20,14,20,50,35,98,64,105,76]
completion_time_por_agente [20,50,9,21,52,36,11,14,147,24,54,23,46,80,22,20,87,18,10,173,30,179,52,182,199,150,110,48,24,127,126,20,165,81,141,12,46,144,70,77,5,6,18,124,112,167,57,131,137,8,11,3,187,75,99,18,12,12,16,9,164,20,16,20,82,35,176,103,187,154]
tiempo_ultimo_agente_goal 199
tiempo_en_acabar 199
tiempo_promedio 72.342857
agentes_en_goal 70
bad_good_total_rate_pred [17671,15498,33169,0.5]
push_out_count 1456
RUN 3
valores_ideales [17,18,5,21,47,29,11,11,29,23,14,23,39,23,19,14,40,15,10,21,30,20,40,19,18,33,44,40,24,42,31,18,34,36,16,10,25,28,45,24,5,6,15,23,39,17,41,30,16,8,11,3,25,34,42,18,12,12,16,8,27,20,14,20,26,35,36,30,33,32]
costo_por_agente [17,26,9,21,47,31,11,11,39,23,90,23,41,81,19,18,60,17,12,71,30,46,40,71,100,67,54,44,24,58,55,18,38,46,128,10,29,108,49,38,5,6,17,39,45,117,41,72,42,8,11,3,63,72,122,20,12,12,16,8,55,22,14,22,50,35,58,76,109,60]
completion_time_por_agente [18,32,10,21,49,36,11,15,51,23,139,23,46,124,21,23,94,17,13,119,30,69,56,104,170,121,70,56,24,83,81,18,56,69,186,10,30,184,60,44,5,6,20,49,57,194,45,120,59,8,11,3,108,112,200,21,12,12,18,8,85,23,14,23,79,35,84,124,183,85]
tiempo_ultimo_agente_goal 200
tiempo_en_acabar 200
tiempo_promedio 60.128571
agentes_en_goal 70
bad_good_total_rate_pred [13243,10689,23932,0.4]
push_out_count 1756
RUN 4
valores_ideales [17,18,5,21,47,29,11,11,29,23,14,23,39,23,19,14,40,15,10,21,30,20,40,19,18,33,44,40,24,42,31,18,34,36,16,10,25,28,45,24,5,6,15,23,39,17,41,30,16,8,11,3,25,34,42,18,12,12,16,8,27,20,14,20,26,35,36,30,33,32]
costo_por_agente [19,32,7,21,47,33,11,13,53,27,138,23,43,69,23,16,98,15,48,73,30,118,50,63,112,85,58,50,24,128,103,18,90,74,88,10,27,106,45,32,5,6,17,29,43,87,41,100,60,8,11,3,99,44,98,18,12,12,16,8,117,20,14,38,64,35,110,64,87,38]
completion_time_por_agente [19,39,7,21,50,35,11,16,73,32,217,23,53,115,35,19,157,15,76,147,30,217,67,84,199,149,69,73,24,201,178,18,139,114,154,10,28,165,48,42,5,6,19,30,54,154,46,153,118,8,11,3,173,72,139,19,12,12,17,8,215,20,14,68,101,35,183,98,124,53]
tiempo_ultimo_agente_goal 217
tiempo_en_acabar 217
tiempo_promedio 73.414284
agentes_en_goal 70
bad_good_total_rate_pred [17536,13618,31154,0.4]
push_out_count 2185
RUN 5
valores_ideales [17,18,5,21,47,29,11,11,29,23,14,23,39,23,19,14,40,15,10,21,30,20,40,19,18,33,44,40,24,42,31,18,34,36,16,10,25,28,45,24,5,6,15,23,39,17,41,30,16,8,11,3,25,34,42,18,12,12,16,8,27,20,14,20,26,35,36,30,33,32]
costo_por_agente [17,24,7,21,51,35,11,11,141,23,160,23,41,71,19,16,136,17,10,137,30,50,62,159,134,61,106,106,24,166,167,18,132,112,104,10,37,154,51,26,7,6,15,175,103,149,43,140,72,10,11,3,161,150,96,18,12,14,16,8,127,24,14,20,148,35,122,142,71,104]
completion_time_por_agente [17,32,9,21,67,36,11,11,246,25,286,23,47,119,21,17,228,18,10,254,30,90,93,297,253,110,193,166,24,305,323,18,230,200,196,10,44,297,61,30,7,6,15,312,170,248,58,223,119,10,11,3,303,280,160,18,12,16,16,9,243,24,14,21,247,35,209,249,120,181]
tiempo_ultimo_agente_goal 323
tiempo_en_acabar 323
tiempo_promedio 111.528572
agentes_en_goal 70
bad_good_total_rate_pred [27391,24854,52245,0.5]
push_out_count 3003
RUN 6
valores_ideales [17,18,5,21,47,29,11,11,29,23,14,23,39,23,19,14,40,15,10,21,30,20,40,19,18,33,44,40,24,42,31,18,34,36,16,10,25,28,45,24,5,6,15,23,39,17,41,30,16,8,11,3,25,34,42,18,12,12,16,8,27,20,14,20,26,35,36,30,33,32]
costo_por_agente [19,42,7,21,79,49,11,13,81,23,94,23,41,97,21,16,70,15,10,73,30,112,58,49,86,69,86,72,24,108,115,18,56,66,50,10,55,130,51,26,5,6,17,107,63,33,41,104,18,8,11,3,97,70,60,18,12,12,16,8,131,20,14,22,78,35,100,66,73,56]
completion_time_por_agente [20,57,7,21,117,62,11,13,144,23,154,23,56,165,24,18,105,15,10,131,30,225,87,84,126,114,144,110,24,176,195,18,71,110,77,10,79,202,70,27,5,6,18,193,101,47,44,189,21,8,11,3,177,122,86,18,12,12,16,8,238,20,14,34,118,35,146,102,110,89]
tiempo_ultimo_agente_goal 238
tiempo_en_acabar 238
tiempo_promedio 73.685715
agentes_en_goal 70
bad_good_total_rate_pred [19070,14423,33493,0.4]
push_out_count 3433
RUN 7
valores_ideales [17,18,5,21,47,29,11,11,29,23,14,23,39,23,19,14,40,15,10,21,30,20,40,19,18,33,44,40,24,42,31,18,34,36,16,10,25,28,45,24,5,6,15,23,39,17,41,30,16,8,11,3,25,34,42,18,12,12,16,8,27,20,14,20,26,35,36,30,33,32]
costo_por_agente [25,96,9,21,53,37,11,13,45,23,20,23,41,81,33,18,76,15,10,99,30,106,74,115,114,49,90,54,24,98,55,18,98,64,106,10,27,94,45,24,5,6,17,127,67,95,75,90,42,8,11,3,79,96,92,18,12,12,16,8,109,24,16,24,44,35,66,66,107,78]
completion_time_por_agente [29,176,12,21,59,39,11,15,66,23,21,23,44,148,51,19,115,15,10,188,30,195,116,202,197,84,136,84,24,167,70,18,159,92,162,10,27,145,53,27,5,6,18,192,95,178,110,159,70,8,11,3,144,161,134,19,12,13,19,8,187,26,17,27,69,35,97,107,197,125]
tiempo_ultimo_agente_goal 202
tiempo_en_acabar 202
tiempo_promedio 76.214287
agentes_en_goal 70
bad_good_total_rate_pred [19510,15991,35501,0.5]
push_out_count 3881
RUN 8
valores_ideales [17,18,5,21,47,29,11,11,29,23,14,23,39,23,19,14,40,15,10,21,30,20,40,19,18,33,44,40,24,42,31,18,34,36,16,10,25,28,45,24,5,6,15,23,39,17,41,30,16,8,11,3,25,34,42,18,12,12,16,8,27,20,14,20,26,35,36,30,33,32]
costo_por_agente [17,36,7,21,57,43,11,17,111,23,20,23,45,77,27,18,136,15,16,125,30,122,66,149,128,87,64,86,24,134,127,18,158,70,166,10,39,170,53,26,5,6,15,73,61,143,69,170,24,8,11,3,125,96,94,18,12,18,16,8,135,22,14,64,68,35,140,100,103,44]
completion_time_por_agente [17,48,7,21,75,67,11,20,190,23,22,23,62,120,38,21,226,15,22,230,31,245,109,285,232,149,88,143,24,225,207,18,242,102,277,10,60,260,79,31,5,6,15,107,84,272,105,290,30,8,11,3,209,159,161,20,12,24,16,8,253,22,14,119,121,35,258,181,162,73]
tiempo_ultimo_agente_goal 290
tiempo_en_acabar 290
tiempo_promedio 97.971428
agentes_en_goal 70
bad_good_total_rate_pred [25551,21388,46939,0.5]
push_out_count 4532
RUN 9
valores_ideales [17,18,5,21,47,29,11,11,29,23,14,23,39,23,19,14,40,15,10,21,30,20,40,19,18,33,44,40,24,42,31,18,34,36,16,10,25,28,45,24,5,6,15,23,39,17,41,30,16,8,11,3,25,34,42,18,12,12,16,8,27,20,14,20,26,35,36,30,33,32]
costo_por_agente [19,26,5,23,63,137,11,13,51,23,14,23,57,107,21,18,86,15,10,161,30,122,88,147,124,141,52,102,24,76,51,18,188,108,184,10,27,108,83,26,5,6,15,45,109,199,45,168,42,8,11,3,129,100,88,20,12,12,16,8,125,20,14,24,70,35,92,78,147,130]
completion_time_por_agente [22,35,5,23,85,246,11,19,66,23,16,23,79,160,23,19,152,15,13,322,30,222,153,242,216,246,70,161,24,126,80,18,346,200,286,10,29,178,138,27,5,6,18,67,190,304,56,262,57,8,11,3,237,170,146,20,12,12,17,8,219,20,14,30,103,35,158,136,263,208]
tiempo_ultimo_agente_goal 346
tiempo_en_acabar 346
tiempo_promedio 99.342857
agentes_en_goal 70
bad_good_total_rate_pred [27193,22184,49377,0.4]
push_out_count 5211
RUN 10
valores_ideales [17,18,5,21,47,29,11,11,29,23,14,23,39,23,19,14,40,15,10,21,30,20,40,19,18,33,44,40,24,42,31,18,34,36,16,10,25,28,45,24,5,6,15,23,39,17,41,30,16,8,11,3,25,34,42,18,12,12,16,8,27,20,14,20,26,35,36,30,33,32]
costo_por_agente [17,42,7,21,47,49,11,17,71,23,172,23,41,137,43,18,56,15,10,163,30,102,42,149,192,117,152,174,24,58,93,20,174,146,114,10,29,212,57,26,5,6,15,129,45,165,55,126,34,10,11,3,85,178,108,18,12,16,16,8,79,20,14,22,104,35,82,154,109,42]
completion_time_por_agente [18,59,9,22,54,69,11,26,108,23,309,23,43,262,70,20,79,15,10,315,30,169,52,259,322,202,277,312,24,71,124,20,325,252,185,10,31,288,64,31,5,6,15,204,58,282,78,207,51,10,11,3,149,314,183,19,12,20,16,8,124,20,14,23,191,35,133,289,170,52]
tiempo_ultimo_agente_goal 325
tiempo_en_acabar 325
tiempo_promedio 104.214287
agentes_en_goal 70
bad_good_total_rate_pred [26706,22818,49524,0.5]
push_out_count 5980
RUN 11
valores_ideales [17,18,5,21,47,29,11,11,29,23,14,23,39,23,19,14,40,15,10,21,30,20,40,19,18,33,44,40,24,42,31,18,34,36,16,10,25,28,45,24,5,6,15,23,39,17,41,30,16,8,11,3,25,34,42,18,12,12,16,8,27,20,14,20,26,35,36,30,33,32]
costo_por_agente [17,40,7,21,49,65,11,17,127,23,150,23,41,127,43,16,112,17,20,107,30,122,76,135,142,113,150,48,24,142,117,18,176,76,32,10,29,72,51,32,5,6,15,25,65,89,69,78,82,8,11,3,119,100,88,18,12,14,16,8,121,24,14,20,92,37,168,62,107,152]
completion_time_por_agente [18,63,9,21,61,100,11,18,229,23,237,23,47,229,69,19,180,17,36,173,31,229,123,234,269,187,259,63,24,243,197,18,306,115,47,10,32,127,67,42,5,6,18,25,97,176,111,140,166,8,11,3,226,162,155,18,12,17,20,8,235,24,14,20,179,39,304,107,172,291]
tiempo_ultimo_agente_goal 306
tiempo_en_acabar 306
tiempo_promedio 99.642860
agentes_en_goal 70
bad_good_total_rate_pred [25484,21292,46776,0.5]
push_out_count 6738
RUN 12
valores_ideales [17,18,5,21,47,29,11,11,29,23,14,23,39,23,19,14,40,15,10,21,30,20,40,19,18,33,44,40,24,42,31,18,34,36,16,10,25,28,45,24,5,6,15,23,39,17,41,30,16,8,11,3,25,34,42,18,12,12,16,8,27,20,14,20,26,35,36,30,33,32]
costo_por_agente [19,110,7,21,47,31,11,13,145,23,54,23,41,117,19,16,70,17,26,63,30,138,82,67,142,67,60,98,24,120,57,18,104,92,60,10,29,114,45,38,5,6,17,139,49,141,61,52,50,8,11,3,65,76,50,18,12,12,16,8,133,20,14,32,88,41,124,110,119,80]
completion_time_por_agente [20,175,8,21,51,36,11,15,235,23,88,23,44,188,23,19,108,19,50,73,31,246,133,109,248,96,76,151,24,210,93,18,178,144,97,10,29,172,49,52,5,6,20,241,59,222,99,80,82,8,11,3,91,112,73,18,12,12,18,8,252,20,14,54,137,48,221,176,200,143]
tiempo_ultimo_agente_goal 252
tiempo_en_acabar 252
tiempo_promedio 83.442856
agentes_en_goal 70
bad_good_total_rate_pred [21629,17256,38885,0.4]
push_out_count 7270
RUN 13
valores_ideales [17,18,5,21,47,29,11,11,29,23,14,23,39,23,19,14,40,15,10,21,30,20,40,19,18,33,44,40,24,42,31,18,34,36,16,10,25,28,45,24,5,6,15,23,39,17,41,30,16,8,11,3,25,34,42,18,12,12,16,8,27,20,14,20,26,35,36,30,33,32]
costo_por_agente [17,46,7,21,47,57,11,13,179,23,16,23,95,95,23,20,72,15,36,99,30,144,92,111,158,77,134,134,24,72,129,18,94,74,96,10,29,108,53,30,5,6,19,47,147,125,79,96,82,8,11,3,169,148,118,18,12,16,16,8,139,22,14,42,34,35,164,114,63,178]
completion_time_por_agente [19,68,7,21,53,89,11,19,318,23,16,23,139,171,28,20,112,15,78,150,31,283,151,199,286,126,223,230,24,114,249,18,153,120,145,10,30,187,68,32,5,6,19,61,254,225,124,152,169,8,11,3,311,257,186,19,12,16,18,8,251,22,16,65,42,35,277,164,99,325]
tiempo_ultimo_agente_goal 325
tiempo_en_acabar 325
tiempo_promedio 103.128571
agentes_en_goal 70
bad_good_total_rate_pred [26244,21537,47781,0.5]
push_out_count 8029
RUN 14
valores_ideales [17,18,5,21,47,29,11,11,29,23,14,23,39,23,19,14,40,15,10,21,30,20,40,19,18,33,44,40,24,42,31,18,34,36,16,10,25,28,45,24,5,6,15,23,39,17,41,30,16,8,11,3,25,34,42,18,12,12,16,8,27,20,14,20,26,35,36,30,33,32]
costo_por_agente [17,28,7,21,47,33,11,13,55,23,18,23,41,57,23,18,66,15,10,85,30,72,42,85,58,51,50,66,24,78,81,18,84,74,18,10,27,70,45,28,5,6,17,87,63,57,47,78,50,8,11,3,85,38,76,18,12,14,16,8,49,20,16,56,78,45,78,90,37,48]
completion_time_por_agente [18,41,7,22,49,35,11,15,74,23,18,23,43,75,30,21,91,17,11,144,30,131,42,147,116,92,62,89,24,129,116,18,135,122,21,10,27,103,56,32,5,6,19,117,84,66,67,132,67,8,11,3,140,55,111,18,12,14,16,8,75,20,16,77,129,56,115,139,41,74]
tiempo_ultimo_agente_goal 147
tiempo_en_acabar 147
tiempo_promedio 56.728573
agentes_en_goal 70
bad_good_total_rate_pred [11993,9651,21644,0.4]
push_out_count 8318
RUN 15
valores_ideales [17,18,5,21,47,29,11,11,29,23,14,23,39,23,19,14,40,15,10,21,30,20,40,19,18,33,44,40,24,42,31,18,34,36,16,10,25,28,45,24,5,6,15,23,39,17,41,30,16,8,11,3,25,34,42,18,12,12,16,8,27,20,14,20,26,35,36,30,33,32]
costo_por_agente [19,24,5,21,91,33,11,13,35,23,138,23,41,43,19,16,64,15,20,111,30,104,60,119,116,67,118,84,24,88,111,18,124,92,20,14,107,110,111,30,5,6,17,113,47,113,45,84,100,8,11,3,89,120,48,20,12,12,16,8,97,20,14,40,28,35,82,100,125,62]
completion_time_por_agente [20,28,5,21,165,37,11,13,44,24,238,23,43,78,19,17,100,15,38,192,30,185,91,217,204,117,228,139,25,149,192,18,220,154,23,14,192,151,206,37,6,6,20,189,71,204,46,142,199,8,11,3,162,205,69,20,12,12,18,9,183,21,16,68,28,36,134,164,214,90]
tiempo_ultimo_agente_goal 238
tiempo_en_acabar 238
tiempo_promedio 86.985718
agentes_en_goal 70
bad_good_total_rate_pred [20630,19278,39908,0.5]
push_out_count 8932
RUN 16
valores_ideales [17,18,5,21,47,29,11,11,29,23,14,23,39,23,19,14,40,15,10,21,30,20,40,19,18,33,44,40,24,42,31,18,34,36,16,10,25,28,45,24,5,6,15,23,39,17,41,30,16,8,11,3,25,34,42,18,12,12,16,8,27,20,14,20,26,35,36,30,33,32]
costo_por_agente [19,36,7,21,49,57,11,19,73,25,20,23,63,167,21,18,98,15,42,173,30,82,138,159,138,99,68,136,24,84,169,18,116,124,36,10,27,130,55,32,5,6,19,199,79,103,67,146,16,8,11,3,97,54,100,20,12,12,16,8,99,22,14,38,174,35,170,158,121,134]
completion_time_por_agente [20,54,10,21,60,76,11,24,95,26,21,23,105,279,24,22,179,17,81,298,31,153,262,301,254,182,100,237,25,145,316,18,209,219,41,10,30,230,79,42,5,6,22,311,145,176,109,215,16,8,11,3,179,84,161,21,12,12,16,8,149,22,15,61,276,35,283,256,197,227]
tiempo_ultimo_agente_goal 316
tiempo_en_acabar 316
tiempo_promedio 105.300003
agentes_en_goal 70
bad_good_total_rate_pred [28001,23191,51192,0.5]
push_out_count 9673
RUN 17
valores_ideales [17,18,5,21,47,29,11,11,29,23,14,23,39,23,19,14,40,15,10,21,30,20,40,19,18,33,44,40,24,42,31,18,34,36,16,10,25,28,45,24,5,6,15,23,39,17,41,30,16,8,11,3,25,34,42,18,12,12,16,8,27,20,14,20,26,35,36,30,33,32]
costo_por_agente [17,22,7,21,81,77,11,13,33,23,18,23,47,77,25,18,88,15,10,51,30,80,48,105,100,125,62,124,24,72,53,18,100,136,24,10,33,148,49,24,5,6,17,121,57,145,41,82,28,8,11,3,77,132,110,18,12,14,16,8,89,20,16,22,130,35,76,100,103,94]
completion_time_por_agente [17,31,7,21,125,120,11,15,35,23,18,23,60,147,33,19,140,15,11,95,31,165,65,147,178,223,83,201,24,116,82,18,156,239,34,10,37,222,70,26,5,6,19,199,81,245,42,144,44,8,11,3,141,214,176,18,12,16,17,8,157,20,16,22,217,37,117,154,149,149]
tiempo_ultimo_agente_goal 245
tiempo_en_acabar 245
tiempo_promedio 79.142860
agentes_en_goal 70
bad_good_total_rate_pred [20488,15701,36189,0.4]
push_out_count 10149
RUN 18
valores_ideales [17,18,5,21,47,29,11,11,29,23,14,23,39,23,19,14,40,15,10,21,30,20,40,19,18,33,44,40,24,42,31,18,34,36,16,10,25,28,45,24,5,6,15,23,39,17,41,30,16,8,11,3,25,34,42,18,12,12,16,8,27,20,14,20,26,35,36,30,33,32]
costo_por_agente [17,46,7,21,65,33,11,13,89,23,152,23,43,187,27,16,82,15,154,153,30,130,72,121,156,115,148,48,24,124,105,20,140,64,130,10,129,158,51,26,5,6,15,159,123,157,61,134,136,8,11,3,143,188,150,18,12,14,16,8,157,20,14,36,146,35,144,172,143,134]
completion_time_por_agente [18,82,10,21,102,34,11,17,131,23,270,23,48,286,40,17,125,17,302,304,30,262,113,217,301,221,260,63,24,203,149,20,207,95,209,10,191,298,66,27,5,6,18,281,233,246,100,230,235,8,11,3,260,301,236,18,12,16,16,9,264,20,15,61,285,35,267,288,249,227]
tiempo_ultimo_agente_goal 304
tiempo_en_acabar 304
tiempo_promedio 125.742859
agentes_en_goal 70
bad_good_total_rate_pred [33492,26049,59541,0.4]
push_out_count 11067
RUN 19
valores_ideales [17,18,5,21,47,29,11,11,29,23,14,23,39,23,19,14,40,15,10,21,30,20,40,19,18,33,44,40,24,42,31,18,34,36,16,10,25,28,45,24,5,6,15,23,39,17,41,30,16,8,11,3,25,34,42,18,12,12,16,8,27,20,14,20,26,35,36,30,33,32]
costo_por_agente [17,28,7,21,47,35,11,13,125,23,210,23,57,85,19,18,182,15,34,131,30,128,74,73,204,171,80,68,24,184,135,20,98,86,162,10,173,110,53,36,5,6,15,53,139,91,41,128,70,8,11,3,67,54,46,18,12,14,16,8,193,20,14,20,108,35,118,180,47,92]
completion_time_por_agente [18,29,7,21,53,39,11,16,209,23,336,23,85,124,21,21,315,15,62,226,31,220,115,130,332,303,122,123,25,317,238,20,159,152,304,10,312,202,71,47,5,6,15,86,216,163,44,252,141,8,11,3,118,84,61,18,12,24,16,8,316,20,14,20,210,35,199,332,70,138]
tiempo_ultimo_agente_goal 336
tiempo_en_acabar 336
tiempo_promedio 107.599998
agentes_en_goal 70
bad_good_total_rate_pred [26508,22721,49229,0.5]
push_out_count 11863
RUN 20
valores_ideales [17,18,5,21,47,29,11,11,29,23,14,23,39,23,19,14,40,15,10,21,30,20,40,19,18,33,44,40,24,42,31,18,34,36,16,10,25,28,45,24,5,6,15,23,39,17,41,30,16,8,11,3,25,34,42,18,12,12,16,8,27,20,14,20,26,35,36,30,33,32]
costo_por_agente [19,28,7,21,49,31,11,11,29,43,26,23,45,89,27,16,150,15,10,133,30,112,208,185,134,49,56,50,24,74,75,18,58,146,186,10,29,122,45,34,5,6,17,43,57,69,41,156,78,10,11,3,115,178,60,20,12,12,16,8,151,20,14,68,124,37,106,158,65,148]
completion_time_por_agente [21,36,7,21,56,35,11,11,31,56,30,23,59,135,38,21,266,15,11,240,30,213,335,337,235,73,83,77,24,114,120,18,80,281,335,10,29,215,50,48,5,6,21,66,84,98,45,279,126,10,11,3,184,310,83,21,12,12,16,8,267,20,16,117,198,41,182,253,87,253]
tiempo_ultimo_agente_goal 337
tiempo_en_acabar 337
tiempo_promedio 95.199997
agentes_en_goal 70
bad_good_total_rate_pred [22433,18843,41276,0.5]
push_out_count 12533
RUN 21
valores_ideales [17,18,5,21,47,29,11,11,29,23,14,23,39,23,19,14,40,15,10,21,30,20,40,19,18,33,44,40,24,42,31,18,34,36,16,10,25,28,45,24,5,6,15,23,39,17,41,30,16,8,11,3,25,34,42,18,12,12,16,8,27,20,14,20,26,35,36,30,33,32]
costo_por_agente [19,104,7,21,67,59,11,11,113,23,174,23,47,175,25,18,136,17,160,147,30,170,50,119,152,57,92,60,24,130,169,18,108,116,60,10,73,140,51,74,5,6,15,155,107,143,51,96,80,8,11,3,131,138,66,18,12,12,16,8,161,20,14,22,74,35,148,98,143,42]
completion_time_por_agente [19,183,9,21,108,89,11,11,211,23,282,23,62,271,37,19,232,17,282,252,30,301,64,196,266,97,162,96,24,261,300,18,183,184,94,10,101,247,69,121,5,6,18,226,177,255,82,174,158,8,11,3,259,243,100,18,12,12,16,8,297,21,14,28,124,35,256,183,204,68]
tiempo_ultimo_agente_goal 301
tiempo_en_acabar 301
tiempo_promedio 114.385712
agentes_en_goal 70
bad_good_total_rate_pred [31655,25004,56659,0.4]
push_out_count 13357
RUN 22
valores_ideales [17,18,5,21,47,29,11,11,29,23,14,23,39,23,19,14,40,15,10,21,30,20,40,19,18,33,44,40,24,42,31,18,34,36,16,10,25,28,45,24,5,6,15,23,39,17,41,30,16,8,11,3,25,34,42,18,12,12,16,8,27,20,14,20,26,35,36,30,33,32]
costo_por_agente [17,24,7,21,49,35,11,11,45,23,78,23,53,147,25,16,128,15,26,99,30,66,156,105,168,139,82,46,24,116,53,18,114,154,148,10,27,182,153,26,5,6,17,159,121,157,41,158,22,8,11,3,69,140,144,18,12,12,16,8,51,20,14,54,46,35,104,126,145,48]
completion_time_por_agente [18,32,7,21,60,37,11,13,54,23,132,23,64,258,34,17,226,15,38,171,31,119,255,178,272,259,125,55,24,214,71,18,194,278,270,10,27,324,241,29,5,6,18,262,221,316,42,331,30,8,11,3,110,284,243,20,12,12,16,9,75,21,14,97,74,37,181,215,231,64]
tiempo_ultimo_agente_goal 331
tiempo_en_acabar 331
tiempo_promedio 103.085716
agentes_en_goal 70
bad_good_total_rate_pred [29707,23662,53369,0.4]
push_out_count 14081
RUN 23
valores_ideales [17,18,5,21,47,29,11,11,29,23,14,23,39,23,19,14,40,15,10,21,30,20,40,19,18,33,44,40,24,42,31,18,34,36,16,10,25,28,45,24,5,6,15,23,39,17,41,30,16,8,11,3,25,34,42,18,12,12,16,8,27,20,14,20,26,35,36,30,33,32]
costo_por_agente [21,70,7,21,57,103,11,13,145,23,206,23,111,127,31,20,112,15,12,195,30,78,172,137,210,201,58,160,24,62,71,20,172,168,196,12,29,162,57,32,5,6,15,87,143,255,43,74,16,8,11,3,205,200,164,20,12,14,16,8,79,20,14,58,204,35,76,136,173,66]
completion_time_por_agente [22,116,7,21,80,180,12,15,266,23,354,23,176,212,54,23,177,17,13,396,30,138,329,260,400,368,82,280,25,90,104,20,303,289,296,12,31,266,85,42,5,6,15,109,252,391,51,116,22,8,11,3,381,270,251,22,12,14,16,8,128,20,14,91,335,35,132,232,286,102]
tiempo_ultimo_agente_goal 400
tiempo_en_acabar 400
tiempo_promedio 128.214279
agentes_en_goal 70
bad_good_total_rate_pred [34953,28437,63390,0.4]
push_out_count 15072
RUN 24
valores_ideales [17,18,5,21,47,29,11,11,29,23,14,23,39,23,19,14,40,15,10,21,30,20,40,19,18,33,44,40,24,42,31,18,34,36,16,10,25,28,45,24,5,6,15,23,39,17,41,30,16,8,11,3,25,34,42,18,12,12,16,8,27,20,14,20,26,35,36,30,33,32]
costo_por_agente [17,52,5,21,71,41,11,13,39,23,104,23,41,47,19,16,56,15,16,45,30,96,42,119,78,51,88,88,24,90,69,18,100,114,66,10,31,86,51,50,5,6,15,53,39,77,41,100,62,8,11,3,77,44,118,18,12,16,16,8,99,20,14,28,112,37,66,114,111,42]
completion_time_por_agente [17,75,5,21,115,60,11,13,46,25,170,23,47,71,21,18,73,15,20,74,30,162,46,189,125,77,144,136,24,136,112,18,167,203,101,10,33,158,67,80,5,6,15,66,44,158,48,177,104,9,11,3,112,63,180,18,12,16,16,9,158,20,14,32,192,40,85,201,175,59]
tiempo_ultimo_agente_goal 203
tiempo_en_acabar 203
tiempo_promedio 71.228569
agentes_en_goal 70
bad_good_total_rate_pred [15961,13208,29169,0.5]
push_out_count 15509
RUN 25
valores_ideales [17,18,5,21,47,29,11,11,29,23,14,23,39,23,19,14,40,15,10,21,30,20,40,19,18,33,44,40,24,42,31,18,34,36,16,10,25,28,45,24,5,6,15,23,39,17,41,30,16,8,11,3,25,34,42,18,12,12,16,8,27,20,14,20,26,35,36,30,33,32]
costo_por_agente [17,22,7,21,47,33,11,17,37,23,18,23,41,57,19,16,58,15,10,99,30,64,44,99,72,39,58,50,24,64,81,20,46,60,96,10,27,54,45,32,5,6,15,31,47,89,41,106,46,8,11,3,67,50,62,20,12,14,16,8,59,20,14,28,68,37,70,60,47,50]
completion_time_por_agente [17,30,10,22,49,44,11,20,49,23,24,23,55,98,21,17,84,16,10,173,30,106,54,169,119,54,70,68,24,97,127,20,66,92,144,10,28,81,55,40,5,6,15,43,55,157,44,171,75,8,11,3,104,76,92,21,12,14,16,8,100,20,15,39,119,41,114,93,63,55]
tiempo_ultimo_agente_goal 173
tiempo_en_acabar 173
tiempo_promedio 54.928570
agentes_en_goal 70
bad_good_total_rate_pred [10755,9465,20220,0.5]
push_out_count 15776
RUN 26
valores_ideales [17,18,5,21,47,29,11,11,29,23,14,23,39,23,19,14,40,15,10,21,30,20,40,19,18,33,44,40,24,42,31,18,34,36,16,10,25,28,45,24,5,6,15,23,39,17,41,30,16,8,11,3,25,34,42,18,12,12,16,8,27,20,14,20,26,35,36,30,33,32]
costo_por_agente [17,42,7,21,47,71,11,15,95,23,124,23,41,73,19,18,74,15,34,47,30,148,50,121,124,49,60,48,24,60,119,18,84,116,90,10,29,108,45,28,5,6,17,59,75,77,47,116,32,8,11,3,97,106,52,18,12,16,16,8,107,20,14,20,40,35,118,68,41,136]
completion_time_por_agente [17,66,7,21,51,123,11,21,171,23,233,23,55,121,22,19,121,16,60,78,30,268,66,205,253,84,83,73,24,90,224,18,140,211,161,10,30,181,55,35,5,6,18,88,135,156,64,216,52,8,11,3,154,190,72,18,12,19,16,8,224,20,14,27,61,35,207,122,52,240]
tiempo_ultimo_agente_goal 268
tiempo_en_acabar 268
tiempo_promedio 82.185715
agentes_en_goal 70
bad_good_total_rate_pred [19258,18214,37472,0.5]
push_out_count 16315
RUN 27
valores_ideales [17,18,5,21,47,29,11,11,29,23,14,23,39,23,19,14,40,15,10,21,30,20,40,19,18,33,44,40,24,42,31,18,34,36,16,10,25,28,45,24,5,6,15,23,39,17,41,30,16,8,11,3,25,34,42,18,12,12,16,8,27,20,14,20,26,35,36,30,33,32]
costo_por_agente [19,30,9,21,47,39,11,19,71,23,18,23,135,107,25,18,124,15,14,129,30,120,104,127,142,99,110,42,24,98,161,18,122,62,28,10,77,70,47,42,5,6,17,167,73,85,43,152,140,8,11,3,93,80,60,20,12,14,16,8,107,20,14,22,82,35,76,94,91,104]
completion_time_por_agente [20,44,11,21,56,49,11,31,107,23,18,23,226,175,32,22,238,15,14,248,30,206,157,258,264,155,186,50,24,161,275,18,202,114,44,10,127,128,61,66,5,6,19,245,109,155,48,256,242,8,11,3,157,108,84,21,12,14,17,8,198,20,14,23,156,36,136,159,132,161]
tiempo_ultimo_agente_goal 275
tiempo_en_acabar 275
tiempo_promedio 92.614288
agentes_en_goal 70
bad_good_total_rate_pred [22042,19235,41277,0.5]
push_out_count 16937
RUN 28
valores_ideales [17,18,5,21,47,29,11,11,29,23,14,23,39,23,19,14,40,15,10,21,30,20,40,19,18,33,44,40,24,42,31,18,34,36,16,10,25,28,45,24,5,6,15,23,39,17,41,30,16,8,11,3,25,34,42,18,12,12,16,8,27,20,14,20,26,35,36,30,33,32]
costo_por_agente [19,54,7,21,63,33,11,11,53,23,180,23,165,163,19,22,112,17,164,139,30,150,130,155,162,189,98,42,24,112,107,18,106,114,146,10,37,192,103,28,5,6,15,205,189,203,49,176,26,8,11,3,145,160,54,18,12,16,16,8,127,20,14,24,106,35,110,144,121,92]
completion_time_por_agente [22,82,7,21,91,40,11,11,82,23,318,23,304,306,21,24,181,18,273,253,31,279,179,246,298,334,152,61,25,168,201,18,185,193,265,10,46,311,180,32,5,6,15,351,316,317,69,315,35,8,11,3,269,274,76,18,12,19,19,8,209,20,14,25,203,35,195,237,201,167]
tiempo_ultimo_agente_goal 351
tiempo_en_acabar 351
tiempo_promedio 125.385712
agentes_en_goal 70
bad_good_total_rate_pred [33749,26203,59952,0.4]
push_out_count 17863
RUN 29
valores_ideales [17,18,5,21,47,29,11,11,29,23,14,23,39,23,19,14,40,15,10,21,30,20,40,19,18,33,44,40,24,42,31,18,34,36,16,10,25,28,45,24,5,6,15,23,39,17,41,30,16,8,11,3,25,34,42,18,12,12,16,8,27,20,14,20,26,35,36,30,33,32]
costo_por_agente [17,32,7,21,47,33,11,13,103,23,14,23,41,107,19,16,74,15,30,105,30,130,94,117,122,131,102,46,24,108,43,18,114,66,132,10,27,112,45,28,5,6,15,69,89,135,51,98,38,10,11,3,105,94,48,20,12,12,16,8,39,20,14,28,108,35,116,134,53,32]
completion_time_por_agente [18,46,7,21,48,36,11,14,175,23,14,23,41,162,21,18,113,17,51,147,30,240,150,229,242,221,179,59,24,195,56,18,189,105,220,10,29,201,45,30,5,6,15,72,129,208,65,168,61,10,11,3,195,156,65,20,12,12,16,9,53,20,14,37,176,36,208,222,73,37]
tiempo_ultimo_agente_goal 242
tiempo_en_acabar 242
tiempo_promedio 79.885712
agentes_en_goal 70
bad_good_total_rate_pred [17932,15523,33455,0.5]
push_out_count 18412
RUN 30
valores_ideales [17,18,5,21,47,29,11,11,29,23,14,23,39,23,19,14,40,15,10,21,30,20,40,19,18,33,44,40,24,42,31,18,34,36,16,10,25,28,45,24,5,6,15,23,39,17,41,30,16,8,11,3,25,34,42,18,12,12,16,8,27,20,14,20,26,35,36,30,33,32]
costo_por_agente [17,28,7,21,51,145,11,15,45,27,120,23,77,83,23,16,86,15,100,65,30,120,104,117,146,115,156,82,24,100,147,18,140,108,122,10,27,100,131,34,5,6,15,163,79,115,41,150,36,8,11,3,165,136,126,18,12,12,16,8,139,20,14,26,40,35,68,64,119,46]
completion_time_por_agente [21,31,7,22,64,247,11,19,57,31,245,23,120,132,26,17,129,15,205,101,31,201,162,189,275,194,270,128,24,165,265,18,232,163,180,10,27,176,212,52,5,6,18,263,138,221,49,268,69,8,11,3,281,219,190,18,12,12,16,9,261,20,14,32,52,35,99,111,190,72]
tiempo_ultimo_agente_goal 281
tiempo_en_acabar 281
tiempo_promedio 102.842857
agentes_en_goal 70
bad_good_total_rate_pred [26513,21385,47898,0.4]
push_out_count 19113
RUN 31
valores_ideales [17,18,5,21,47,29,11,11,29,23,14,23,39,23,19,14,40,15,10,21,30,20,40,19,18,33,44,40,24,42,31,18,34,36,16,10,25,28,45,24,5,6,15,23,39,17,41,30,16,8,11,3,25,34,42,18,12,12,16,8,27,20,14,20,26,35,36,30,33,32]
costo_por_agente [17,26,5,21,49,35,11,11,83,23,16,23,57,93,21,16,134,15,30,51,30,146,86,123,38,41,46,116,24,136,65,18,72,90,20,10,27,80,53,32,5,6,15,31,115,101,41,68,58,8,11,3,87,138,138,18,12,16,16,8,147,20,14,52,92,35,112,116,93,68]
completion_time_por_agente [17,40,5,21,60,38,11,14,127,23,17,23,87,152,24,18,229,15,58,62,31,269,125,181,70,64,53,176,24,243,97,18,109,140,21,11,28,127,65,39,5,6,18,44,199,144,43,107,92,8,11,3,147,208,223,18,12,18,16,9,256,21,14,89,157,35,202,179,158,102]
tiempo_ultimo_agente_goal 269
tiempo_en_acabar 269
tiempo_promedio 78.228569
agentes_en_goal 70
bad_good_total_rate_pred [17957,14168,32125,0.4]
push_out_count 19618
RUN 32
valores_ideales [17,18,5,21,47,29,11,11,29,23,14,23,39,23,19,14,40,15,10,21,30,20,40,19,18,33,44,40,24,42,31,18,34,36,16,10,25,28,45,24,5,6,15,23,39,17,41,30,16,8,11,3,25,34,42,18,12,12,16,8,27,20,14,20,26,35,36,30,33,32]
costo_por_agente [17,54,7,21,47,51,11,15,91,23,116,23,41,61,19,16,66,17,10,127,30,150,62,139,146,83,116,76,24,112,129,18,82,84,110,12,31,140,55,26,5,6,17,151,63,49,41,146,30,8,11,3,111,132,72,18,12,12,16,8,143,20,14,24,50,35,142,44,95,88]
completion_time_por_agente [19,83,7,21,53,72,11,22,155,23,195,23,49,101,22,17,84,19,13,250,31,280,84,225,254,151,201,120,24,210,257,18,124,168,216,12,36,239,69,29,5,6,18,274,99,81,45,248,46,8,11,3,202,220,115,18,12,14,16,8,254,21,15,30,77,35,266,76,161,168]
tiempo_ultimo_agente_goal 280
tiempo_en_acabar 280
tiempo_promedio 93.414284
agentes_en_goal 70
bad_good_total_rate_pred [22343,21916,44259,0.5]
push_out_count 20295
RUN 33
valores_ideales [17,18,5,21,47,29,11,11,29,23,14,23,39,23,19,14,40,15,10,21,30,20,40,19,18,33,44,40,24,42,31,18,34,36,16,10,25,28,45,24,5,6,15,23,39,17,41,30,16,8,11,3,25,34,42,18,12,12,16,8,27,20,14,20,26,35,36,30,33,32]
costo_por_agente [19,38,5,21,51,31,11,13,53,23,104,23,39,179,19,16,80,15,12,179,30,118,52,169,178,151,62,54,24,48,63,18,180,104,108,10,27,140,49,42,5,6,17,29,79,169,41,174,62,8,11,3,59,50,66,20,12,12,16,8,97,22,14,20,194,35,74,60,175,54]
completion_time_por_agente [21,61,5,21,65,33,11,13,66,23,174,23,40,302,21,18,132,15,16,321,30,192,72,301,316,298,85,73,24,62,94,18,318,157,184,10,27,223,56,67,5,6,18,35,129,277,42,320,98,8,11,3,89,77,107,22,12,12,16,9,162,24,14,23,312,39,115,116,332,85]
tiempo_ultimo_agente_goal 332
tiempo_en_acabar 332
tiempo_promedio 92.942856
agentes_en_goal 70
bad_good_total_rate_pred [22406,20363,42769,0.5]
push_out_count 20934
RUN 34
valores_ideales [17,18,5,21,47,29,11,11,29,23,14,23,39,23,19,14,40,15,10,21,30,20,40,19,18,33,44,40,24,42,31,18,34,36,16,10,25,28,45,24,5,6,15,23,39,17,41,30,16,8,11,3,25,34,42,18,12,12,16,8,27,20,14,20,26,35,36,30,33,32]
costo_por_agente [17,34,7,21,47,31,11,13,33,25,60,23,41,125,19,16,154,17,76,97,30,78,78,71,116,85,54,60,24,70,79,18,134,74,128,10,27,118,45,34,5,6,15,55,69,163,41,64,28,8,11,3,37,150,54,20,12,12,16,8,107,20,14,20,64,43,66,74,37,62]
completion_time_por_agente [18,39,7,21,51,36,11,15,33,25,88,23,41,211,22,16,259,18,130,179,30,148,128,121,195,143,68,86,24,98,147,18,216,118,184,10,29,224,55,43,6,6,15,91,99,236,48,87,44,8,11,3,55,255,69,22,12,14,16,9,188,20,14,21,98,51,97,128,42,100]
tiempo_ultimo_agente_goal 259
tiempo_en_acabar 259
tiempo_promedio 74.185715
agentes_en_goal 70
bad_good_total_rate_pred [17949,13663,31612,0.4]
push_out_count 21386
RUN 35
valores_ideales [17,18,5,21,47,29,11,11,29,23,14,23,39,23,19,14,40,15,10,21,30,20,40,19,18,33,44,40,24,42,31,18,34,36,16,10,25,28,45,24,5,6,15,23,39,17,41,30,16,8,11,3,25,34,42,18,12,12,16,8,27,20,14,20,26,35,36,30,33,32]
costo_por_agente [17,34,7,21,95,39,11,11,119,23,70,23,57,107,19,18,96,15,14,51,30,66,42,107,130,51,64,112,24,72,37,20,56,104,90,10,29,106,71,26,5,6,15,87,45,77,63,74,80,8,11,3,91,42,82,18,12,14,16,8,109,20,14,22,138,35,62,90,121,66]
completion_time_por_agente [18,55,7,21,158,63,11,11,191,23,125,23,86,167,22,19,159,15,14,101,30,123,48,180,223,96,112,188,24,106,58,20,87,173,157,10,32,169,120,31,5,6,15,149,63,115,98,106,131,8,11,3,168,65,126,19,12,17,16,8,203,21,16,25,214,35,122,151,197,121]
tiempo_ultimo_agente_goal 223
tiempo_en_acabar 223
tiempo_promedio 78.885712
agentes_en_goal 70
bad_good_total_rate_pred [20519,17347,37866,0.5]
push_out_count 21863
RUN 36
valores_ideales [17,18,5,21,47,29,11,11,29,23,14,23,39,23,19,14,40,15,10,21,30,20,40,19,18,33,44,40,24,42,31,18,34,36,16,10,25,28,45,24,5,6,15,23,39,17,41,30,16,8,11,3,25,34,42,18,12,12,16,8,27,20,14,20,26,35,36,30,33,32]
costo_por_agente [19,44,7,21,51,75,11,11,35,23,16,23,39,79,19,16,58,15,26,179,30,170,40,71,158,71,114,84,24,180,35,18,98,100,198,10,25,162,49,40,5,6,15,39,47,85,63,114,16,8,11,3,125,56,46,18,12,12,16,8,145,20,14,22,162,35,150,78,125,106]
completion_time_por_agente [21,82,7,21,69,105,11,11,45,23,17,23,41,122,21,17,80,17,39,300,30,277,45,124,293,136,192,125,26,333,44,18,156,185,322,10,25,279,53,51,5,6,18,59,57,113,101,182,21,8,11,3,207,109,62,18,12,12,16,9,281,20,14,25,290,35,255,129,230,173]
tiempo_ultimo_agente_goal 333
tiempo_en_acabar 333
tiempo_promedio 89.671425
agentes_en_goal 70
bad_good_total_rate_pred [20513,18150,38663,0.5]
push_out_count 22529
RUN 37
valores_ideales [17,18,5,21,47,29,11,11,29,23,14,23,39,23,19,14,40,15,10,21,30,20,40,19,18,33,44,40,24,42,31,18,34,36,16,10,25,28,45,24,5,6,15,23,39,17,41,30,16,8,11,3,25,34,42,18,12,12,16,8,27,20,14,20,26,35,36,30,33,32]
costo_por_agente [17,30,7,21,47,65,11,15,33,23,16,23,39,73,23,16,144,15,10,119,30,134,60,161,98,69,88,42,24,66,125,18,174,64,18,10,27,152,59,24,5,6,15,171,63,123,47,160,90,8,11,3,153,54,84,20,12,12,16,8,121,20,16,32,44,35,76,110,161,50]
completion_time_por_agente [17,40,7,21,55,103,11,27,36,23,18,23,42,110,23,19,226,15,10,227,30,241,96,270,158,109,157,56,24,98,219,18,287,113,21,10,27,278,88,27,5,6,15,273,92,194,58,264,168,8,11,3,267,85,131,20,12,13,16,8,194,20,16,39,63,35,121,181,258,69]
tiempo_ultimo_agente_goal 287
tiempo_en_acabar 287
tiempo_promedio 86.071426
agentes_en_goal 70
bad_good_total_rate_pred [19160,18514,37674,0.5]
push_out_count 23105
RUN 38
valores_ideales [17,18,5,21,47,29,11,11,29,23,14,23,39,23,19,14,40,15,10,21,30,20,40,19,18,33,44,40,24,42,31,18,34,36,16,10,25,28,45,24,5,6,15,23,39,17,41,30,16,8,11,3,25,34,42,18,12,12,16,8,27,20,14,20,26,35,36,30,33,32]
costo_por_agente [17,54,7,21,75,33,11,11,87,57,74,23,41,111,19,16,78,15,62,85,30,94,52,141,108,105,60,108,24,92,53,18,92,118,30,10,37,92,47,30,5,6,17,153,117,111,41,112,46,8,11,3,93,64,106,20,12,12,16,8,81,22,14,96,108,35,70,114,93,66]
completion_time_por_agente [18,106,8,21,113,40,11,12,112,85,137,23,45,192,23,20,144,15,126,147,30,176,82,241,146,190,84,170,24,151,89,18,158,224,34,10,43,155,50,34,5,6,20,229,191,207,46,203,80,8,11,3,165,95,187,20,12,16,18,9,130,23,14,183,205,35,127,196,165,105]
tiempo_ultimo_agente_goal 241
tiempo_en_acabar 241
tiempo_promedio 88.871429
agentes_en_goal 70
bad_good_total_rate_pred [24669,19893,44562,0.4]
push_out_count 23684
RUN 39
valores_ideales [17,18,5,21,47,29,11,11,29,23,14,23,39,23,19,14,40,15,10,21,30,20,40,19,18,33,44,40,24,42,31,18,34,36,16,10,25,28,45,24,5,6,15,23,39,17,41,30,16,8,11,3,25,34,42,18,12,12,16,8,27,20,14,20,26,35,36,30,33,32]
costo_por_agente [17,52,7,21,97,33,11,13,35,23,164,23,41,139,23,18,106,19,10,139,30,148,106,91,142,121,110,82,24,80,109,18,122,58,18,10,151,134,113,32,5,6,15,39,83,159,55,158,38,8,11,3,115,166,142,20,12,14,16,8,177,20,14,20,46,35,138,156,121,146]
completion_time_por_agente [19,78,7,21,157,36,11,13,36,23,306,23,44,261,30,19,163,19,12,270,30,287,179,183,292,212,211,144,24,141,226,18,193,88,23,10,213,212,172,41,5,6,15,54,159,270,74,276,58,8,11,3,210,290,236,22,12,16,16,8,276,21,14,22,75,37,233,289,215,264]
tiempo_ultimo_agente_goal 306
tiempo_en_acabar 306
tiempo_promedio 109.171425
agentes_en_goal 70
bad_good_total_rate_pred [27598,24534,52132,0.5]
push_out_count 24525
