RUN 0
valores_ideales [0,0,0,0,0,0,0,0,0,0,0,0,0,0,0,0,0,0,0,0,0,0,0,0,0,0,0,0,0,0,0,0,0,0,0,0,0,0,0,0,0,0,0,0,0,0,0,0,0,0,0,0,0,0,0,0,0,0,0,0]
costo_por_agente [10,711,10,37,22,8,41,24,42,23,8,117,615,10,28,10,44,16,19,16,13,19,18,17,21,27,9,8,9,22,55,16,100,28,9,58,28,29,11,10,41,120,103,82,27,7,220,18,12,85,159,23,19,483,14,20,9,19,16,27]
completion_time_por_agente [11,712,11,39,23,9,42,25,44,24,9,118,616,11,30,11,45,17,20,17,14,20,19,18,22,28,10,9,10,23,56,17,101,29,10,59,29,30,12,11,44,121,104,83,29,8,221,19,13,86,160,24,20,484,15,21,10,20,17,28]
tiempo_ultimo_agente_goal 712
tiempo_en_acabar 712
tiempo_promedio 64.800003
agentes_en_goal 60
push_out_count 0
RUN 1
valores_ideales [0,0,0,0,0,0,0,0,0,0,0,0,0,0,0,0,0,0,0,0,0,0,0,0,0,0,0,0,0,0,0,0,0,0,0,0,0,0,0,0,0,0,0,0,0,0,0,0,0,0,0,0,0,0,0,0,0,0,0,0]
costo_por_agente [10,437,12,33,22,8,39,24,62,27,8,139,509,10,22,8,124,16,19,18,11,19,18,17,17,27,9,10,9,18,53,16,112,28,9,62,28,33,11,10,129,372,81,62,33,7,160,18,14,35,155,19,21,311,14,16,9,19,16,27]
completion_time_por_agente [11,438,13,34,23,9,40,25,63,28,9,140,510,11,23,9,125,17,20,19,12,20,19,18,18,28,10,11,10,19,54,17,113,29,10,63,29,34,12,11,131,373,82,63,34,8,161,19,15,36,156,20,22,312,15,17,10,20,17,28]
tiempo_ultimo_agente_goal 510
tiempo_en_acabar 510
tiempo_promedio 60.716667
agentes_en_goal 60
push_out_count 0
RUN 2
valores_ideales [0,0,0,0,0,0,0,0,0,0,0,0,0,0,0,0,0,0,0,0,0,0,0,0,0,0,0,0,0,0,0,0,0,0,0,0,0,0,0,0,0,0,0,0,0,0,0,0,0,0,0,0,0,0,0,0,0,0,0,0]
costo_por_agente [10,607,12,35,22,8,39,24,30,23,8,59,37,8,24,10,132,16,19,18,13,19,18,17,17,27,9,8,11,18,55,16,70,28,9,102,28,31,11,10,81,116,79,110,25,7,218,22,12,79,279,19,19,51,14,16,9,19,14,27]
completion_time_por_agente [11,608,13,36,23,9,40,25,32,24,9,60,38,9,25,11,133,17,20,19,14,20,19,18,18,28,10,9,12,19,56,17,71,29,10,103,29,32,12,11,82,117,80,111,26,8,219,23,13,80,280,20,20,52,15,17,10,20,15,28]
tiempo_ultimo_agente_goal 608
tiempo_en_acabar 608
tiempo_promedio 48.916668
agentes_en_goal 60
push_out_count 0
RUN 3
valores_ideales [0,0,0,0,0,0,0,0,0,0,0,0,0,0,0,0,0,0,0,0,0,0,0,0,0,0,0,0,0,0,0,0,0,0,0,0,0,0,0,0,0,0,0,0,0,0,0,0,0,0,0,0,0,0,0,0,0,0,0,0]
costo_por_agente [10,663,12,33,22,8,39,24,52,25,8,67,37,8,38,10,438,18,19,18,15,23,18,17,17,25,9,8,9,18,55,18,138,28,9,88,28,29,13,10,35,422,85,104,27,7,208,22,14,37,35,19,19,249,14,20,9,19,14,31]
completion_time_por_agente [11,664,13,34,23,9,40,25,54,26,9,68,38,9,41,11,439,19,20,19,16,24,19,18,18,26,10,9,10,19,56,19,139,29,10,89,29,30,14,11,36,423,87,105,29,8,209,23,15,38,36,20,20,250,15,21,10,20,15,32]
tiempo_ultimo_agente_goal 664
tiempo_en_acabar 664
tiempo_promedio 59.650002
agentes_en_goal 60
push_out_count 0
RUN 4
valores_ideales [0,0,0,0,0,0,0,0,0,0,0,0,0,0,0,0,0,0,0,0,0,0,0,0,0,0,0,0,0,0,0,0,0,0,0,0,0,0,0,0,0,0,0,0,0,0,0,0,0,0,0,0,0,0,0,0,0,0,0,0]
costo_por_agente [10,525,10,225,22,8,39,24,42,23,8,53,39,10,24,10,228,16,19,20,13,19,20,19,17,33,9,8,9,18,63,18,26,28,9,98,28,29,11,10,31,288,121,64,25,7,196,18,12,35,117,19,21,281,14,18,9,19,14,27]
completion_time_por_agente [11,526,11,227,23,9,41,25,44,24,9,54,40,11,26,11,229,17,20,21,14,20,21,20,18,34,10,9,10,19,64,19,27,29,10,99,29,30,12,11,33,289,122,65,28,8,197,19,13,36,118,20,22,283,15,19,10,20,15,28]
tiempo_ultimo_agente_goal 526
tiempo_en_acabar 526
tiempo_promedio 54.066666
agentes_en_goal 60
push_out_count 0
RUN 5
valores_ideales [0,0,0,0,0,0,0,0,0,0,0,0,0,0,0,0,0,0,0,0,0,0,0,0,0,0,0,0,0,0,0,0,0,0,0,0,0,0,0,0,0,0,0,0,0,0,0,0,0,0,0,0,0,0,0,0,0,0,0,0]
costo_por_agente [10,693,12,33,22,8,39,24,46,23,8,93,37,10,22,10,402,18,19,18,11,23,18,17,17,29,9,8,9,18,53,16,68,28,9,64,28,33,11,10,29,248,71,78,47,7,160,18,12,37,123,19,23,503,14,20,9,19,14,31]
completion_time_por_agente [11,694,13,34,23,9,40,25,47,24,9,94,38,11,23,11,403,19,20,19,12,24,19,18,18,30,10,9,10,19,54,17,69,29,10,65,29,34,12,11,30,249,72,79,48,8,161,19,13,38,124,20,24,504,15,21,10,20,15,32]
tiempo_ultimo_agente_goal 694
tiempo_en_acabar 694
tiempo_promedio 59.466667
agentes_en_goal 60
push_out_count 0
RUN 6
valores_ideales [0,0,0,0,0,0,0,0,0,0,0,0,0,0,0,0,0,0,0,0,0,0,0,0,0,0,0,0,0,0,0,0,0,0,0,0,0,0,0,0,0,0,0,0,0,0,0,0,0,0,0,0,0,0,0,0,0,0,0,0]
costo_por_agente [10,581,10,41,22,8,45,24,58,23,8,69,655,10,22,10,342,16,19,20,11,19,18,17,23,31,9,8,11,18,53,16,84,28,9,68,28,29,13,10,37,132,171,54,17,7,188,18,12,35,173,19,19,153,14,16,9,19,16,27]
completion_time_por_agente [11,582,11,42,23,9,46,25,60,24,9,70,657,11,23,11,343,17,20,21,12,20,19,18,24,32,10,9,12,19,54,17,85,29,10,69,29,30,14,11,39,133,172,55,18,8,189,19,13,36,174,20,20,155,15,17,10,20,17,28]
tiempo_ultimo_agente_goal 657
tiempo_en_acabar 657
tiempo_promedio 61.599998
agentes_en_goal 60
push_out_count 0
RUN 7
valores_ideales [0,0,0,0,0,0,0,0,0,0,0,0,0,0,0,0,0,0,0,0,0,0,0,0,0,0,0,0,0,0,0,0,0,0,0,0,0,0,0,0,0,0,0,0,0,0,0,0,0,0,0,0,0,0,0,0,0,0,0,0]
costo_por_agente [10,463,12,183,22,8,723,24,58,23,8,33,719,8,22,10,122,16,19,18,11,19,18,21,17,31,9,8,11,18,53,16,148,28,9,96,28,31,11,10,105,226,93,46,21,7,284,18,12,47,205,19,27,41,14,16,9,19,16,27]
completion_time_por_agente [11,464,13,187,23,9,724,25,59,24,9,34,720,9,23,11,123,17,20,19,12,20,19,22,18,32,10,9,12,19,54,17,151,29,10,97,29,32,12,11,108,227,94,47,22,8,285,19,13,48,206,20,28,44,15,17,10,20,17,28]
tiempo_ultimo_agente_goal 724
tiempo_en_acabar 724
tiempo_promedio 73.583336
agentes_en_goal 60
push_out_count 0
RUN 8
valores_ideales [0,0,0,0,0,0,0,0,0,0,0,0,0,0,0,0,0,0,0,0,0,0,0,0,0,0,0,0,0,0,0,0,0,0,0,0,0,0,0,0,0,0,0,0,0,0,0,0,0,0,0,0,0,0,0,0,0,0,0,0]
costo_por_agente [10,395,10,43,22,8,39,24,68,23,8,199,37,8,22,10,42,16,19,18,11,19,18,17,17,29,9,8,11,18,57,16,70,30,9,54,28,31,11,10,171,234,81,92,21,7,316,20,12,45,147,23,19,325,14,16,9,19,14,27]
completion_time_por_agente [11,396,11,44,23,9,40,25,70,24,9,200,38,9,23,11,43,17,20,19,12,20,19,18,18,30,10,9,12,19,58,17,71,31,10,55,29,32,12,11,172,235,82,93,23,8,317,21,13,46,148,24,20,327,15,17,10,20,15,28]
tiempo_ultimo_agente_goal 396
tiempo_en_acabar 396
tiempo_promedio 52.816666
agentes_en_goal 60
push_out_count 0
RUN 9
valores_ideales [0,0,0,0,0,0,0,0,0,0,0,0,0,0,0,0,0,0,0,0,0,0,0,0,0,0,0,0,0,0,0,0,0,0,0,0,0,0,0,0,0,0,0,0,0,0,0,0,0,0,0,0,0,0,0,0,0,0,0,0]
costo_por_agente [10,523,14,141,22,8,39,24,38,23,8,107,419,10,22,8,182,16,19,18,15,19,18,17,23,27,9,8,9,18,65,16,24,28,9,70,28,29,11,12,55,266,97,84,41,7,50,18,12,35,151,19,19,297,14,16,9,19,14,29]
completion_time_por_agente [11,524,15,142,23,9,40,25,39,24,9,108,421,11,23,9,184,17,20,19,16,20,19,18,24,28,10,9,10,19,66,17,25,29,10,71,29,30,12,13,56,267,98,85,42,8,51,19,13,36,152,20,20,298,15,17,10,20,15,30]
tiempo_ultimo_agente_goal 524
tiempo_en_acabar 524
tiempo_promedio 57.000000
agentes_en_goal 60
push_out_count 0
RUN 10
valores_ideales [0,0,0,0,0,0,0,0,0,0,0,0,0,0,0,0,0,0,0,0,0,0,0,0,0,0,0,0,0,0,0,0,0,0,0,0,0,0,0,0,0,0,0,0,0,0,0,0,0,0,0,0,0,0,0,0,0,0,0,0]
costo_por_agente [10,481,14,31,22,8,39,24,40,23,8,141,37,10,22,10,136,18,19,18,11,19,20,19,19,31,9,8,9,18,55,16,26,30,9,58,28,31,11,10,29,250,39,58,19,7,234,18,12,57,159,19,21,41,14,16,9,23,14,27]
completion_time_por_agente [11,482,15,33,23,9,41,25,41,24,9,142,38,11,23,11,138,19,20,19,12,20,21,20,20,32,10,9,10,19,56,17,27,31,10,59,29,32,12,11,32,251,40,59,23,8,235,19,13,58,160,20,22,43,15,17,10,24,15,28]
tiempo_ultimo_agente_goal 482
tiempo_en_acabar 482
tiempo_promedio 44.716667
agentes_en_goal 60
push_out_count 0
RUN 11
valores_ideales [0,0,0,0,0,0,0,0,0,0,0,0,0,0,0,0,0,0,0,0,0,0,0,0,0,0,0,0,0,0,0,0,0,0,0,0,0,0,0,0,0,0,0,0,0,0,0,0,0,0,0,0,0,0,0,0,0,0,0,0]
costo_por_agente [10,513,14,31,22,8,39,24,38,23,8,89,497,10,22,8,40,16,19,18,19,19,20,17,17,27,9,8,9,20,53,16,152,28,9,58,28,29,11,10,77,194,101,102,17,7,124,20,12,35,209,19,33,105,14,16,9,19,16,31]
completion_time_por_agente [11,514,15,32,23,9,40,25,39,24,9,90,498,11,23,9,41,17,20,19,20,20,21,18,18,28,10,9,10,21,55,17,153,29,10,59,29,30,12,11,78,195,102,103,18,8,125,21,13,36,210,20,35,107,15,17,10,20,17,32]
tiempo_ultimo_agente_goal 514
tiempo_en_acabar 514
tiempo_promedio 53.849998
agentes_en_goal 60
push_out_count 0
RUN 12
valores_ideales [0,0,0,0,0,0,0,0,0,0,0,0,0,0,0,0,0,0,0,0,0,0,0,0,0,0,0,0,0,0,0,0,0,0,0,0,0,0,0,0,0,0,0,0,0,0,0,0,0,0,0,0,0,0,0,0,0,0,0,0]
costo_por_agente [10,435,14,31,22,8,39,24,58,23,8,101,37,10,22,8,192,16,19,20,11,19,18,17,19,31,9,8,9,18,55,16,26,28,9,62,28,29,11,12,33,166,41,124,37,7,194,18,12,79,153,19,27,227,14,16,9,19,16,25]
completion_time_por_agente [11,436,15,32,23,9,40,25,60,24,9,102,38,11,23,9,193,17,20,21,12,20,19,18,20,32,10,9,10,19,57,17,27,29,10,63,29,30,12,13,35,167,44,125,38,8,195,19,13,80,154,20,28,229,15,17,10,20,17,26]
tiempo_ultimo_agente_goal 436
tiempo_en_acabar 436
tiempo_promedio 47.233334
agentes_en_goal 60
push_out_count 0
RUN 13
valores_ideales [0,0,0,0,0,0,0,0,0,0,0,0,0,0,0,0,0,0,0,0,0,0,0,0,0,0,0,0,0,0,0,0,0,0,0,0,0,0,0,0,0,0,0,0,0,0,0,0,0,0,0,0,0,0,0,0,0,0,0,0]
costo_por_agente [10,459,12,31,22,8,39,24,56,23,8,129,37,10,22,10,368,16,19,18,11,19,18,17,17,29,9,8,11,18,57,18,40,28,9,40,28,29,11,10,33,190,105,58,25,7,262,18,12,49,163,19,23,383,14,16,9,19,18,27]
completion_time_por_agente [11,461,13,32,23,9,40,25,57,24,9,130,38,11,23,11,369,17,20,19,12,20,19,18,18,30,10,9,12,19,58,19,41,29,10,41,29,30,12,11,36,191,107,59,28,8,263,19,13,50,164,20,26,384,15,17,10,20,19,28]
tiempo_ultimo_agente_goal 461
tiempo_en_acabar 461
tiempo_promedio 54.433334
agentes_en_goal 60
push_out_count 0
RUN 14
valores_ideales [0,0,0,0,0,0,0,0,0,0,0,0,0,0,0,0,0,0,0,0,0,0,0,0,0,0,0,0,0,0,0,0,0,0,0,0,0,0,0,0,0,0,0,0,0,0,0,0,0,0,0,0,0,0,0,0,0,0,0,0]
costo_por_agente [10,465,10,125,22,8,39,26,36,23,8,55,557,10,36,8,38,16,19,20,11,21,18,17,23,29,9,8,13,18,55,16,80,28,9,66,28,29,13,10,83,428,55,76,35,7,256,18,12,45,191,19,19,49,14,16,9,19,14,33]
completion_time_por_agente [11,466,11,127,23,9,40,27,37,24,9,56,559,11,37,9,39,17,20,21,12,22,19,18,24,30,10,9,14,19,56,17,81,29,10,67,29,30,14,11,84,429,57,77,36,8,257,19,13,46,192,20,20,50,15,17,10,20,15,34]
tiempo_ultimo_agente_goal 559
tiempo_en_acabar 559
tiempo_promedio 58.216667
agentes_en_goal 60
push_out_count 0
RUN 15
valores_ideales [0,0,0,0,0,0,0,0,0,0,0,0,0,0,0,0,0,0,0,0,0,0,0,0,0,0,0,0,0,0,0,0,0,0,0,0,0,0,0,0,0,0,0,0,0,0,0,0,0,0,0,0,0,0,0,0,0,0,0,0]
costo_por_agente [10,487,10,31,22,8,41,24,56,23,8,75,37,10,24,10,78,16,19,18,11,19,20,19,17,29,9,8,13,18,61,16,112,30,9,72,28,35,11,10,29,276,115,56,37,7,98,18,12,39,35,19,19,53,14,16,11,19,14,27]
completion_time_por_agente [11,488,11,32,23,9,43,25,57,24,9,76,38,11,26,11,79,17,20,19,12,20,21,20,18,30,10,9,14,19,62,17,116,31,10,73,29,36,12,11,30,277,116,57,40,8,99,19,13,43,38,20,21,57,15,17,12,20,15,28]
tiempo_ultimo_agente_goal 488
tiempo_en_acabar 488
tiempo_promedio 42.400002
agentes_en_goal 60
push_out_count 0
RUN 16
valores_ideales [0,0,0,0,0,0,0,0,0,0,0,0,0,0,0,0,0,0,0,0,0,0,0,0,0,0,0,0,0,0,0,0,0,0,0,0,0,0,0,0,0,0,0,0,0,0,0,0,0,0,0,0,0,0,0,0,0,0,0,0]
costo_por_agente [10,599,12,37,22,8,39,24,52,23,8,83,41,10,22,10,54,18,19,18,15,19,18,17,19,27,9,10,11,18,55,16,24,28,9,76,28,29,11,10,161,264,39,86,17,7,236,18,12,43,251,19,21,75,14,20,9,19,14,27]
completion_time_por_agente [11,600,13,38,23,9,40,25,53,24,9,84,42,11,23,11,55,19,20,19,16,20,19,18,20,28,10,11,12,19,56,17,25,29,10,77,29,30,12,11,162,265,40,87,18,8,237,19,13,44,252,20,22,76,15,21,10,20,15,28]
tiempo_ultimo_agente_goal 600
tiempo_en_acabar 600
tiempo_promedio 49.500000
agentes_en_goal 60
push_out_count 0
RUN 17
valores_ideales [0,0,0,0,0,0,0,0,0,0,0,0,0,0,0,0,0,0,0,0,0,0,0,0,0,0,0,0,0,0,0,0,0,0,0,0,0,0,0,0,0,0,0,0,0,0,0,0,0,0,0,0,0,0,0,0,0,0,0,0]
costo_por_agente [10,625,10,35,22,8,39,24,68,23,8,177,575,12,22,10,366,16,19,18,13,19,20,17,17,27,9,8,9,18,259,16,78,28,9,54,28,29,11,10,37,420,107,80,37,7,38,22,12,35,131,19,21,235,14,16,19,19,18,27]
completion_time_por_agente [11,626,11,36,23,9,40,25,70,24,9,178,577,13,23,11,367,17,20,19,14,20,21,18,18,28,10,9,10,19,260,17,79,29,10,56,29,30,12,11,40,421,109,81,38,8,39,23,13,37,133,20,22,236,15,17,20,20,19,28]
tiempo_ultimo_agente_goal 626
tiempo_en_acabar 626
tiempo_promedio 69.133331
agentes_en_goal 60
push_out_count 0
RUN 18
valores_ideales [0,0,0,0,0,0,0,0,0,0,0,0,0,0,0,0,0,0,0,0,0,0,0,0,0,0,0,0,0,0,0,0,0,0,0,0,0,0,0,0,0,0,0,0,0,0,0,0,0,0,0,0,0,0,0,0,0,0,0,0]
costo_por_agente [10,333,10,179,22,8,39,24,64,41,8,171,37,10,22,10,60,18,19,18,15,19,18,17,17,25,9,8,11,18,63,18,26,28,9,44,28,39,11,10,45,274,131,110,21,7,144,18,12,33,227,19,23,39,14,20,9,21,14,25]
completion_time_por_agente [11,334,11,180,23,9,41,25,65,42,9,172,38,11,23,11,62,19,20,19,16,20,19,18,18,26,10,9,12,19,64,19,28,29,10,45,29,40,12,11,46,275,132,111,23,8,145,19,13,34,228,20,24,40,15,21,10,22,15,26]
tiempo_ultimo_agente_goal 334
tiempo_en_acabar 334
tiempo_promedio 46.766666
agentes_en_goal 60
push_out_count 0
RUN 19
valores_ideales [0,0,0,0,0,0,0,0,0,0,0,0,0,0,0,0,0,0,0,0,0,0,0,0,0,0,0,0,0,0,0,0,0,0,0,0,0,0,0,0,0,0,0,0,0,0,0,0,0,0,0,0,0,0,0,0,0,0,0,0]
costo_por_agente [10,409,14,333,22,8,39,24,50,23,8,105,41,8,22,8,44,16,21,18,11,19,18,17,19,27,9,8,11,18,53,16,52,28,9,62,28,29,11,10,41,250,69,70,35,7,278,26,14,37,167,19,19,433,14,16,9,19,16,27]
completion_time_por_agente [11,410,15,334,23,9,40,25,51,24,9,106,42,9,23,9,47,17,22,19,12,20,19,18,20,28,10,9,12,19,54,17,53,29,10,63,29,30,12,11,43,251,70,71,37,8,279,27,15,38,168,20,20,434,15,17,10,20,17,28]
tiempo_ultimo_agente_goal 434
tiempo_en_acabar 434
tiempo_promedio 55.133335
agentes_en_goal 60
push_out_count 0
RUN 20
valores_ideales [0,0,0,0,0,0,0,0,0,0,0,0,0,0,0,0,0,0,0,0,0,0,0,0,0,0,0,0,0,0,0,0,0,0,0,0,0,0,0,0,0,0,0,0,0,0,0,0,0,0,0,0,0,0,0,0,0,0,0,0]
costo_por_agente [10,349,14,141,22,8,51,24,42,23,8,39,507,10,24,10,40,16,19,18,11,19,18,17,21,25,9,8,13,18,53,16,88,30,9,78,28,29,11,10,35,334,41,62,23,7,62,18,12,67,325,19,19,283,14,22,9,19,16,29]
completion_time_por_agente [11,351,15,142,23,9,53,25,43,24,9,42,508,11,25,11,43,17,20,19,12,20,19,18,22,26,10,9,14,19,54,17,89,31,10,79,29,30,12,11,37,335,42,64,25,8,63,19,13,69,326,20,20,284,15,23,10,20,17,30]
tiempo_ultimo_agente_goal 508
tiempo_en_acabar 508
tiempo_promedio 56.200001
agentes_en_goal 60
push_out_count 0
RUN 21
valores_ideales [0,0,0,0,0,0,0,0,0,0,0,0,0,0,0,0,0,0,0,0,0,0,0,0,0,0,0,0,0,0,0,0,0,0,0,0,0,0,0,0,0,0,0,0,0,0,0,0,0,0,0,0,0,0,0,0,0,0,0,0]
costo_por_agente [10,363,14,35,22,8,39,24,40,29,8,103,37,10,22,8,116,16,19,18,11,19,18,17,19,29,9,8,11,18,55,16,108,28,9,52,28,31,11,10,29,264,119,122,29,7,232,18,12,37,157,19,21,349,14,16,9,19,16,27]
completion_time_por_agente [11,364,15,36,23,9,41,25,41,31,9,104,38,11,23,9,117,17,20,19,12,20,19,18,20,30,10,9,12,19,56,17,109,29,10,53,29,32,12,11,30,265,120,123,31,8,233,19,13,39,158,20,22,350,15,18,10,20,17,28]
tiempo_ultimo_agente_goal 364
tiempo_en_acabar 364
tiempo_promedio 50.483334
agentes_en_goal 60
push_out_count 0
RUN 22
valores_ideales [0,0,0,0,0,0,0,0,0,0,0,0,0,0,0,0,0,0,0,0,0,0,0,0,0,0,0,0,0,0,0,0,0,0,0,0,0,0,0,0,0,0,0,0,0,0,0,0,0,0,0,0,0,0,0,0,0,0,0,0]
costo_por_agente [10,687,10,35,22,8,39,24,82,23,8,85,37,8,22,8,90,16,19,18,11,19,18,17,19,53,9,8,9,18,53,16,24,28,9,56,28,33,11,10,29,318,147,48,21,7,144,18,12,59,39,19,19,95,14,16,9,19,16,27]
completion_time_por_agente [11,688,11,38,23,9,41,25,83,24,9,86,38,9,23,9,92,17,20,19,12,20,19,18,20,57,10,9,10,19,56,17,26,29,10,57,29,34,12,11,32,319,148,49,25,8,145,19,13,60,43,20,20,96,15,17,10,20,17,28]
tiempo_ultimo_agente_goal 688
tiempo_en_acabar 688
tiempo_promedio 47.566666
agentes_en_goal 60
push_out_count 0
RUN 23
valores_ideales [0,0,0,0,0,0,0,0,0,0,0,0,0,0,0,0,0,0,0,0,0,0,0,0,0,0,0,0,0,0,0,0,0,0,0,0,0,0,0,0,0,0,0,0,0,0,0,0,0,0,0,0,0,0,0,0,0,0,0,0]
costo_por_agente [10,645,12,35,22,8,39,24,70,23,8,89,39,10,22,8,312,18,19,18,11,19,18,21,19,29,9,8,9,18,55,16,88,30,9,152,28,29,15,10,39,304,89,52,49,7,228,18,12,33,91,19,19,229,14,16,9,19,14,25]
completion_time_por_agente [11,646,13,36,23,9,40,25,71,24,9,90,40,11,23,9,314,19,20,19,12,20,19,22,20,30,10,9,10,19,56,17,89,31,10,153,29,30,16,11,40,305,90,53,50,8,229,19,13,34,92,20,20,230,15,17,10,20,15,26]
tiempo_ultimo_agente_goal 646
tiempo_en_acabar 646
tiempo_promedio 56.183334
agentes_en_goal 60
push_out_count 0
RUN 24
valores_ideales [0,0,0,0,0,0,0,0,0,0,0,0,0,0,0,0,0,0,0,0,0,0,0,0,0,0,0,0,0,0,0,0,0,0,0,0,0,0,0,0,0,0,0,0,0,0,0,0,0,0,0,0,0,0,0,0,0,0,0,0]
costo_por_agente [10,487,14,31,24,8,39,24,84,23,8,191,37,10,30,10,216,18,19,18,15,19,18,17,17,31,9,8,9,18,65,16,82,30,9,74,28,43,11,10,29,174,69,78,33,7,132,18,14,33,121,19,21,509,14,16,9,19,16,27]
completion_time_por_agente [11,488,15,32,25,9,40,25,86,24,9,192,38,11,32,11,217,19,20,19,16,20,19,18,18,32,10,9,10,19,67,17,83,31,10,75,29,44,12,11,31,175,71,80,34,8,133,19,15,34,122,20,22,512,15,17,10,20,17,28]
tiempo_ultimo_agente_goal 512
tiempo_en_acabar 512
tiempo_promedio 54.266666
agentes_en_goal 60
push_out_count 0
RUN 25
valores_ideales [0,0,0,0,0,0,0,0,0,0,0,0,0,0,0,0,0,0,0,0,0,0,0,0,0,0,0,0,0,0,0,0,0,0,0,0,0,0,0,0,0,0,0,0,0,0,0,0,0,0,0,0,0,0,0,0,0,0,0,0]
costo_por_agente [10,363,10,37,22,8,39,24,50,23,8,85,39,10,28,12,146,18,19,16,11,19,18,17,17,23,9,8,9,18,59,16,44,28,9,62,28,31,11,10,31,152,85,66,45,7,222,22,14,37,133,25,19,445,14,18,9,19,14,27]
completion_time_por_agente [11,364,11,38,23,9,40,25,52,24,9,86,40,11,29,13,149,19,20,17,12,20,19,18,18,24,10,9,10,19,61,17,45,29,10,63,29,32,12,11,32,153,87,67,46,8,223,23,15,38,134,26,21,447,15,19,10,20,15,28]
tiempo_ultimo_agente_goal 447
tiempo_en_acabar 447
tiempo_promedio 48.083332
agentes_en_goal 60
push_out_count 0
RUN 26
valores_ideales [0,0,0,0,0,0,0,0,0,0,0,0,0,0,0,0,0,0,0,0,0,0,0,0,0,0,0,0,0,0,0,0,0,0,0,0,0,0,0,0,0,0,0,0,0,0,0,0,0,0,0,0,0,0,0,0,0,0,0,0]
costo_por_agente [10,619,14,31,24,8,39,24,38,25,8,183,423,10,22,10,308,18,19,16,11,21,22,17,17,31,9,8,9,18,63,16,34,28,9,68,28,31,11,10,71,344,77,78,19,7,100,24,12,47,283,21,19,465,14,16,9,19,14,29]
completion_time_por_agente [11,620,15,32,25,9,40,25,40,26,9,184,425,11,24,11,310,19,20,17,12,22,23,18,18,32,10,9,10,19,65,17,35,29,10,69,29,32,12,11,73,345,78,79,20,8,101,25,13,48,285,22,21,466,15,17,10,20,15,30]
tiempo_ultimo_agente_goal 620
tiempo_en_acabar 620
tiempo_promedio 67.433334
agentes_en_goal 60
push_out_count 0
RUN 27
valores_ideales [0,0,0,0,0,0,0,0,0,0,0,0,0,0,0,0,0,0,0,0,0,0,0,0,0,0,0,0,0,0,0,0,0,0,0,0,0,0,0,0,0,0,0,0,0,0,0,0,0,0,0,0,0,0,0,0,0,0,0,0]
costo_por_agente [10,401,12,37,22,8,39,24,48,23,8,115,37,10,22,14,194,18,19,18,15,19,20,17,17,27,9,8,11,18,63,16,68,28,9,42,28,29,11,10,29,266,95,60,39,7,68,18,12,45,33,19,23,417,14,16,9,19,14,35]
completion_time_por_agente [11,402,13,39,23,9,41,25,50,24,9,116,38,11,23,15,195,19,20,19,16,20,21,18,18,28,10,9,12,19,64,17,69,29,10,45,29,30,12,11,31,267,96,61,40,8,69,19,13,46,35,20,24,419,15,17,10,20,15,36]
tiempo_ultimo_agente_goal 419
tiempo_en_acabar 419
tiempo_promedio 47.500000
agentes_en_goal 60
push_out_count 0
RUN 28
valores_ideales [0,0,0,0,0,0,0,0,0,0,0,0,0,0,0,0,0,0,0,0,0,0,0,0,0,0,0,0,0,0,0,0,0,0,0,0,0,0,0,0,0,0,0,0,0,0,0,0,0,0,0,0,0,0,0,0,0,0,0,0]
costo_por_agente [10,739,10,167,22,8,39,34,38,33,8,155,647,8,22,10,38,18,19,16,11,19,18,17,17,29,9,10,9,18,55,16,82,28,9,58,28,31,11,10,45,390,117,104,27,7,44,22,12,37,203,21,23,41,14,16,11,19,14,25]
completion_time_por_agente [11,740,11,169,23,9,42,35,39,34,9,156,649,9,23,11,39,19,20,17,12,20,19,18,18,30,10,11,10,19,57,17,83,29,10,59,29,32,12,11,46,392,118,106,29,8,45,23,13,38,205,22,24,43,15,17,12,20,15,26]
tiempo_ultimo_agente_goal 740
tiempo_en_acabar 740
tiempo_promedio 63.133335
agentes_en_goal 60
push_out_count 0
RUN 29
valores_ideales [0,0,0,0,0,0,0,0,0,0,0,0,0,0,0,0,0,0,0,0,0,0,0,0,0,0,0,0,0,0,0,0,0,0,0,0,0,0,0,0,0,0,0,0,0,0,0,0,0,0,0,0,0,0,0,0,0,0,0,0]
costo_por_agente [10,473,10,35,22,8,39,24,50,23,8,149,37,8,22,10,90,16,19,22,15,21,20,17,19,27,9,8,13,20,61,16,36,28,9,88,28,29,11,10,29,274,115,78,33,7,32,18,12,49,91,19,27,413,14,18,13,19,14,31]
completion_time_por_agente [11,474,11,36,23,9,40,25,52,24,9,150,38,9,23,11,91,17,20,23,16,22,21,18,20,28,10,9,14,21,62,17,37,29,10,89,29,30,12,11,30,275,116,79,34,8,33,19,13,50,92,20,28,415,15,19,14,20,15,32]
tiempo_ultimo_agente_goal 474
tiempo_en_acabar 474
tiempo_promedio 48.799999
agentes_en_goal 60
push_out_count 0
RUN 30
valores_ideales [0,0,0,0,0,0,0,0,0,0,0,0,0,0,0,0,0,0,0,0,0,0,0,0,0,0,0,0,0,0,0,0,0,0,0,0,0,0,0,0,0,0,0,0,0,0,0,0,0,0,0,0,0,0,0,0,0,0,0,0]
costo_por_agente [10,459,10,31,24,8,39,24,62,23,8,117,37,10,26,10,348,16,19,18,11,19,18,17,19,29,9,8,11,18,53,16,24,28,9,78,28,29,11,10,31,426,63,110,23,7,56,18,12,37,211,19,23,283,14,18,9,19,16,27]
completion_time_por_agente [11,460,11,32,25,9,40,25,63,24,9,118,38,11,27,11,349,17,20,19,12,20,19,18,20,30,10,9,12,19,54,17,25,29,10,79,29,30,12,11,33,427,64,111,25,8,57,19,13,38,212,20,24,284,15,19,10,20,17,28]
tiempo_ultimo_agente_goal 460
tiempo_en_acabar 460
tiempo_promedio 53.799999
agentes_en_goal 60
push_out_count 0
RUN 31
valores_ideales [0,0,0,0,0,0,0,0,0,0,0,0,0,0,0,0,0,0,0,0,0,0,0,0,0,0,0,0,0,0,0,0,0,0,0,0,0,0,0,0,0,0,0,0,0,0,0,0,0,0,0,0,0,0,0,0,0,0,0,0]
costo_por_agente [10,713,14,35,22,8,39,24,42,23,8,105,39,8,22,8,318,16,19,18,13,21,18,17,19,33,9,10,11,18,53,18,34,28,9,50,28,29,11,10,105,306,91,120,19,7,204,24,14,49,163,19,19,49,14,16,9,19,16,27]
completion_time_por_agente [11,714,15,37,23,9,41,25,43,24,9,106,41,9,23,9,319,17,20,19,14,22,19,18,20,34,10,11,12,19,54,19,35,29,10,51,29,30,12,11,106,307,92,121,20,8,205,25,15,50,164,20,20,51,15,17,10,20,17,28]
tiempo_ultimo_agente_goal 714
tiempo_en_acabar 714
tiempo_promedio 54.733334
agentes_en_goal 60
push_out_count 0
RUN 32
valores_ideales [0,0,0,0,0,0,0,0,0,0,0,0,0,0,0,0,0,0,0,0,0,0,0,0,0,0,0,0,0,0,0,0,0,0,0,0,0,0,0,0,0,0,0,0,0,0,0,0,0,0,0,0,0,0,0,0,0,0,0,0]
costo_por_agente [10,513,10,35,22,8,503,24,54,23,8,131,41,10,30,10,296,18,19,20,11,19,18,17,17,25,9,8,9,18,59,18,24,28,9,96,28,29,11,10,59,364,83,44,39,7,104,22,12,35,165,21,21,421,14,20,9,19,14,25]
completion_time_por_agente [11,514,11,36,23,9,504,25,56,24,9,132,42,11,33,11,297,19,20,21,12,20,19,18,18,26,10,9,10,19,60,19,26,29,10,97,29,30,12,11,60,365,84,45,40,8,105,23,13,36,166,22,23,422,15,21,10,20,15,26]
tiempo_ultimo_agente_goal 514
tiempo_en_acabar 514
tiempo_promedio 63.516666
agentes_en_goal 60
push_out_count 0
RUN 33
valores_ideales [0,0,0,0,0,0,0,0,0,0,0,0,0,0,0,0,0,0,0,0,0,0,0,0,0,0,0,0,0,0,0,0,0,0,0,0,0,0,0,0,0,0,0,0,0,0,0,0,0,0,0,0,0,0,0,0,0,0,0,0]
costo_por_agente [10,359,10,35,22,8,39,24,48,23,8,69,37,10,22,12,130,18,19,18,11,19,18,17,17,29,9,8,9,18,57,16,24,28,9,54,28,33,11,10,29,386,75,120,47,7,176,20,12,33,231,19,25,367,14,16,9,21,14,27]
completion_time_por_agente [11,360,11,36,23,9,40,25,49,24,9,70,38,11,23,13,132,19,20,19,12,20,19,18,18,30,10,9,10,19,58,17,25,29,10,55,29,34,12,11,31,387,76,121,48,8,177,21,13,34,232,20,27,368,15,17,10,22,15,28]
tiempo_ultimo_agente_goal 387
tiempo_en_acabar 387
tiempo_promedio 50.950001
agentes_en_goal 60
push_out_count 0
RUN 34
valores_ideales [0,0,0,0,0,0,0,0,0,0,0,0,0,0,0,0,0,0,0,0,0,0,0,0,0,0,0,0,0,0,0,0,0,0,0,0,0,0,0,0,0,0,0,0,0,0,0,0,0,0,0,0,0,0,0,0,0,0,0,0]
costo_por_agente [10,685,12,33,22,8,39,24,26,23,8,33,37,8,22,8,44,20,19,18,13,19,18,17,17,27,9,8,9,18,55,16,112,28,9,60,28,29,11,10,107,390,65,104,21,7,32,18,12,33,115,19,29,89,14,20,11,19,14,35]
completion_time_por_agente [11,686,13,34,23,9,40,25,27,24,9,34,38,9,23,9,45,21,20,19,14,20,19,18,18,28,10,9,10,19,56,17,113,29,10,61,29,30,12,11,108,391,66,105,22,8,33,19,13,34,116,20,30,90,15,21,12,20,15,36]
tiempo_ultimo_agente_goal 686
tiempo_en_acabar 686
tiempo_promedio 47.099998
agentes_en_goal 60
push_out_count 0
RUN 35
valores_ideales [0,0,0,0,0,0,0,0,0,0,0,0,0,0,0,0,0,0,0,0,0,0,0,0,0,0,0,0,0,0,0,0,0,0,0,0,0,0,0,0,0,0,0,0,0,0,0,0,0,0,0,0,0,0,0,0,0,0,0,0]
costo_por_agente [10,359,10,35,22,8,39,24,52,23,8,101,479,10,22,12,174,18,19,18,11,19,22,17,19,27,9,10,9,18,55,18,24,28,9,64,28,31,11,10,121,272,77,116,31,7,102,22,12,37,191,19,29,415,14,16,19,19,14,25]
completion_time_por_agente [11,360,11,36,23,9,41,25,53,24,9,102,481,11,23,13,176,19,20,19,12,20,23,18,20,28,10,11,10,19,56,19,26,29,10,65,29,32,12,11,122,273,78,117,33,8,103,23,13,38,193,20,30,417,15,17,20,20,15,26]
tiempo_ultimo_agente_goal 481
tiempo_en_acabar 481
tiempo_promedio 58.450001
agentes_en_goal 60
push_out_count 0
RUN 36
valores_ideales [0,0,0,0,0,0,0,0,0,0,0,0,0,0,0,0,0,0,0,0,0,0,0,0,0,0,0,0,0,0,0,0,0,0,0,0,0,0,0,0,0,0,0,0,0,0,0,0,0,0,0,0,0,0,0,0,0,0,0,0]
costo_por_agente [10,591,14,33,22,8,615,24,48,29,8,55,37,10,22,8,52,20,19,18,11,19,18,17,23,27,9,8,13,18,53,16,116,28,9,72,28,29,11,10,113,226,57,94,19,7,166,18,18,35,135,19,19,223,14,16,9,19,14,37]
completion_time_por_agente [11,592,15,34,23,9,616,25,50,30,9,56,38,11,23,9,53,21,20,19,12,20,19,18,24,28,10,9,14,19,54,17,117,29,10,73,29,30,12,11,114,227,58,95,20,8,167,19,19,36,136,20,20,225,15,17,10,20,15,38]
tiempo_ultimo_agente_goal 616
tiempo_en_acabar 616
tiempo_promedio 58.299999
agentes_en_goal 60
push_out_count 0
RUN 37
valores_ideales [0,0,0,0,0,0,0,0,0,0,0,0,0,0,0,0,0,0,0,0,0,0,0,0,0,0,0,0,0,0,0,0,0,0,0,0,0,0,0,0,0,0,0,0,0,0,0,0,0,0,0,0,0,0,0,0,0,0,0,0]
costo_por_agente [10,441,12,35,22,8,41,24,56,23,8,67,575,8,30,10,180,16,19,18,11,19,22,17,17,37,9,8,9,18,223,16,42,28,9,88,28,29,11,10,163,362,163,60,47,7,136,22,12,101,161,19,29,321,14,16,11,19,16,27]
completion_time_por_agente [11,442,13,36,23,9,42,25,58,24,9,68,576,9,32,11,183,17,20,19,12,20,23,18,18,38,10,9,10,19,225,17,43,29,10,89,29,30,12,11,164,363,164,61,49,8,137,23,13,102,162,20,31,322,15,17,12,20,17,28]
tiempo_ultimo_agente_goal 576
tiempo_en_acabar 576
tiempo_promedio 67.116669
agentes_en_goal 60
push_out_count 0
RUN 38
valores_ideales [0,0,0,0,0,0,0,0,0,0,0,0,0,0,0,0,0,0,0,0,0,0,0,0,0,0,0,0,0,0,0,0,0,0,0,0,0,0,0,0,0,0,0,0,0,0,0,0,0,0,0,0,0,0,0,0,0,0,0,0]
costo_por_agente [10,457,12,41,22,8,39,24,50,23,8,193,37,10,22,10,40,16,19,18,17,21,18,17,25,35,9,8,11,18,53,16,24,28,9,58,28,29,11,10,35,318,61,84,47,7,54,24,12,53,83,19,25,487,14,20,9,21,14,29]
completion_time_por_agente [11,458,13,42,23,9,40,25,52,24,9,194,38,11,23,11,41,17,20,19,18,22,19,18,26,36,10,9,12,19,55,17,25,29,10,59,29,30,12,11,36,319,62,85,48,8,56,25,13,54,84,20,26,488,15,21,10,22,15,30]
tiempo_ultimo_agente_goal 488
tiempo_en_acabar 488
tiempo_promedio 49.716667
agentes_en_goal 60
push_out_count 0
RUN 39
valores_ideales [0,0,0,0,0,0,0,0,0,0,0,0,0,0,0,0,0,0,0,0,0,0,0,0,0,0,0,0,0,0,0,0,0,0,0,0,0,0,0,0,0,0,0,0,0,0,0,0,0,0,0,0,0,0,0,0,0,0,0,0]
costo_por_agente [10,431,12,37,22,8,39,24,54,23,8,55,401,12,22,8,170,18,19,20,11,19,18,17,17,31,9,8,9,18,55,16,50,28,9,42,28,29,11,10,77,106,121,64,17,7,256,18,12,41,113,19,21,437,14,16,9,19,14,37]
completion_time_por_agente [11,432,13,38,23,9,40,25,55,24,9,56,402,13,23,9,172,19,20,21,12,20,19,18,18,32,10,9,10,19,56,17,51,29,10,43,29,30,12,11,78,107,122,65,19,8,257,19,13,42,114,20,22,438,15,17,10,20,15,38]
tiempo_ultimo_agente_goal 438
tiempo_en_acabar 438
tiempo_promedio 55.133335
agentes_en_goal 60
push_out_count 0
