RUN 0
valores_ideales [0,0,0,0,0,0,0,0,0,0,0,0,0,0,0,0,0,0,0,0,0,0,0,0,0,0,0,0,0,0,0,0,0,0,0,0,0,0,0,0,0,0,0,0,0,0,0,0,0,0,0,0,0,0,0,0,0,0,0,0,0,0,0,0,0,0,0,0,0,0,0,0,0,0,0,0,0,0,0,0,0,0,0,0,0,0,0,0,0,0,0,0,0,0,0,0,0,0,0,0,0,0,0,0,0,0,0,0,0,0,0,0,0,0,0,0,0,0,0,0,0,0,0,0,0,0,0,0,0,0,0,0,0,0,0,0,0,0,0,0,0,0,0,0,0,0,0,0,0,0,0,0,0,0,0,0,0,0,0,0,0,0,0,0,0,0,0,0,0,0]
costo_por_agente [14,5,31,16,12,7,7,56,278,14,22,35,37,506,24,154,75,73,12,57,50,213,114,118,21,84,19,42,444,619,396,22,21,175,28,11,46,24,67,135,55,29,16,12,13,18,88,14,27,32,117,27,21,65,60,15,94,616,98,87,29,316,44,90,201,5,22,17,402,66,22,275,6,34,311,115,105,25,24,12,7,407,69,66,30,18,31,12,37,309,26,54,237,83,47,18,27,11,29,27,20,46,457,37,433,68,27,63,140,10,66,28,340,56,80,8,49,28,449,38,32,22,292,125,8,8,22,464,46,24,426,6,15,69,39,9,20,4,17,101,25,18,12,43,8,23,209,26,29,26,21,197,16,225,180,8,42,17,25,114,28,219,19,54,29,42,12,58,19,190]
completion_time_por_agente [15,6,32,17,13,8,8,60,283,15,25,41,38,509,25,159,85,75,13,65,55,227,116,124,22,90,20,47,448,621,415,23,22,179,29,12,62,25,76,138,62,30,17,13,14,19,89,16,28,42,120,28,22,84,65,16,95,628,109,97,30,317,56,103,202,6,31,18,404,69,23,276,7,37,312,116,109,26,36,13,8,409,71,70,32,19,32,13,38,311,27,61,238,86,58,19,30,12,35,34,21,56,460,45,434,70,35,68,142,11,70,29,342,61,81,9,61,29,450,45,33,23,295,131,9,9,23,465,53,25,428,7,16,80,41,11,21,5,19,103,31,19,13,47,10,25,211,27,30,27,22,199,17,230,183,9,56,18,26,121,32,221,20,58,31,43,13,71,20,207]
tiempo_ultimo_agente_goal 628
tiempo_en_acabar 628
tiempo_promedio 94.023529
agentes_en_goal 170
push_out_count 0
RUN 1
valores_ideales [0,0,0,0,0,0,0,0,0,0,0,0,0,0,0,0,0,0,0,0,0,0,0,0,0,0,0,0,0,0,0,0,0,0,0,0,0,0,0,0,0,0,0,0,0,0,0,0,0,0,0,0,0,0,0,0,0,0,0,0,0,0,0,0,0,0,0,0,0,0,0,0,0,0,0,0,0,0,0,0,0,0,0,0,0,0,0,0,0,0,0,0,0,0,0,0,0,0,0,0,0,0,0,0,0,0,0,0,0,0,0,0,0,0,0,0,0,0,0,0,0,0,0,0,0,0,0,0,0,0,0,0,0,0,0,0,0,0,0,0,0,0,0,0,0,0,0,0,0,0,0,0,0,0,0,0,0,0,0,0,0,0,0,0,0,0,0,0,0,0]
costo_por_agente [14,7,23,26,12,7,5,52,58,12,20,159,35,96,14,118,41,63,12,87,188,257,170,50,21,36,17,42,272,629,380,26,25,249,20,11,90,22,125,165,73,111,18,8,13,10,24,14,29,30,195,25,23,59,100,13,108,362,38,197,27,180,46,72,465,5,38,19,480,70,20,331,6,28,235,137,57,25,12,10,7,321,77,226,36,24,21,14,37,309,26,34,163,123,37,16,23,11,83,35,18,78,521,39,385,62,59,445,96,12,68,28,160,194,146,6,595,30,285,20,32,24,212,137,8,6,22,292,74,34,92,12,15,97,55,5,22,4,19,57,21,18,12,41,10,11,227,18,23,30,27,79,8,147,84,8,64,15,37,134,28,89,21,46,27,50,24,376,21,68]
completion_time_por_agente [15,8,24,27,13,8,6,54,79,13,23,162,37,98,15,120,49,71,13,90,193,261,172,53,22,42,18,49,279,631,387,27,26,250,21,12,96,24,128,166,78,117,19,9,14,12,28,16,30,38,196,26,24,77,102,14,112,366,49,204,28,183,51,84,469,6,45,21,484,79,21,333,7,32,237,141,64,27,19,11,8,323,80,228,37,25,22,15,38,311,27,43,165,124,45,17,24,12,88,41,19,92,522,42,386,72,74,446,102,13,75,29,162,202,148,7,604,31,287,24,33,25,214,139,9,7,23,293,88,36,99,13,16,106,59,6,23,5,20,62,27,19,13,47,11,12,229,19,24,31,28,87,9,150,94,9,75,16,38,140,34,93,22,48,28,52,25,380,23,78]
tiempo_ultimo_agente_goal 631
tiempo_en_acabar 631
tiempo_promedio 92.952942
agentes_en_goal 170
push_out_count 0
RUN 2
valores_ideales [0,0,0,0,0,0,0,0,0,0,0,0,0,0,0,0,0,0,0,0,0,0,0,0,0,0,0,0,0,0,0,0,0,0,0,0,0,0,0,0,0,0,0,0,0,0,0,0,0,0,0,0,0,0,0,0,0,0,0,0,0,0,0,0,0,0,0,0,0,0,0,0,0,0,0,0,0,0,0,0,0,0,0,0,0,0,0,0,0,0,0,0,0,0,0,0,0,0,0,0,0,0,0,0,0,0,0,0,0,0,0,0,0,0,0,0,0,0,0,0,0,0,0,0,0,0,0,0,0,0,0,0,0,0,0,0,0,0,0,0,0,0,0,0,0,0,0,0,0,0,0,0,0,0,0,0,0,0,0,0,0,0,0,0,0,0,0,0,0,0]
costo_por_agente [18,7,23,16,12,7,7,46,42,10,24,99,35,586,14,126,107,49,12,59,154,37,88,416,21,88,15,86,564,367,710,22,23,341,30,11,72,22,163,267,35,35,16,10,13,16,78,14,29,68,113,25,23,37,88,15,104,44,154,201,29,436,302,36,369,5,56,19,392,102,20,293,6,32,399,145,45,25,6,10,9,443,69,128,30,20,27,12,39,563,26,42,167,123,151,16,27,11,31,39,24,84,299,59,421,66,89,611,146,16,84,28,348,62,112,18,341,28,373,38,36,24,288,153,12,6,14,464,66,34,418,6,15,81,63,5,26,4,15,59,29,28,16,53,6,9,127,20,23,26,25,209,14,117,578,8,52,21,35,112,64,225,11,64,33,52,22,264,23,200]
completion_time_por_agente [19,8,24,18,13,8,8,50,61,12,26,100,36,590,15,132,117,58,13,70,156,47,93,428,22,90,16,94,570,368,712,23,25,343,31,13,77,23,165,268,49,45,17,11,14,17,82,16,30,84,115,26,24,40,95,16,106,65,158,206,30,441,317,42,372,6,72,21,395,107,21,297,7,36,405,147,50,26,8,11,10,445,76,130,31,21,28,13,41,564,27,44,169,127,160,17,28,12,53,45,25,90,300,65,423,76,92,618,150,18,92,29,351,81,116,20,354,29,375,45,38,25,289,157,13,7,15,466,69,35,419,8,16,83,66,6,27,5,16,63,41,29,17,68,7,10,129,22,24,27,26,210,15,124,587,9,69,22,36,118,71,227,12,66,39,53,23,267,24,201]
tiempo_ultimo_agente_goal 712
tiempo_en_acabar 712
tiempo_promedio 110.323532
agentes_en_goal 170
push_out_count 0
RUN 3
valores_ideales [0,0,0,0,0,0,0,0,0,0,0,0,0,0,0,0,0,0,0,0,0,0,0,0,0,0,0,0,0,0,0,0,0,0,0,0,0,0,0,0,0,0,0,0,0,0,0,0,0,0,0,0,0,0,0,0,0,0,0,0,0,0,0,0,0,0,0,0,0,0,0,0,0,0,0,0,0,0,0,0,0,0,0,0,0,0,0,0,0,0,0,0,0,0,0,0,0,0,0,0,0,0,0,0,0,0,0,0,0,0,0,0,0,0,0,0,0,0,0,0,0,0,0,0,0,0,0,0,0,0,0,0,0,0,0,0,0,0,0,0,0,0,0,0,0,0,0,0,0,0,0,0,0,0,0,0,0,0,0,0,0,0,0,0,0,0,0,0,0,0]
costo_por_agente [22,5,23,18,10,7,5,48,44,22,30,233,37,370,22,148,99,55,18,85,164,163,122,400,13,70,21,32,428,461,42,22,21,219,28,15,98,20,111,139,53,31,24,6,13,18,50,14,27,82,177,27,21,37,96,17,106,352,38,137,29,374,80,56,469,5,34,23,68,86,20,443,6,46,319,165,49,25,12,12,11,245,75,166,32,30,23,12,37,297,26,60,291,77,39,26,47,11,65,23,20,66,203,51,275,38,103,493,152,10,86,32,290,304,130,8,537,28,283,24,34,20,280,187,8,4,16,390,56,26,338,6,17,81,53,5,20,4,17,37,41,18,30,37,6,9,167,18,27,22,23,207,10,179,528,6,74,15,27,112,30,301,11,70,27,50,12,348,23,52]
completion_time_por_agente [23,6,24,20,11,8,6,50,53,24,34,235,38,372,23,158,101,65,19,90,169,175,126,404,15,78,22,41,430,463,50,23,22,221,29,16,100,22,117,141,65,39,25,7,14,19,56,16,28,88,179,28,22,45,98,18,112,357,46,140,30,379,82,72,472,6,45,24,73,90,21,445,7,54,320,167,63,26,14,13,12,246,80,167,34,31,24,13,38,298,27,61,294,88,48,27,49,12,78,27,21,75,204,57,277,41,105,497,154,11,88,33,292,313,131,9,541,29,287,26,37,21,283,192,9,5,17,391,61,28,339,7,18,88,55,6,21,5,18,54,48,19,31,45,7,10,168,19,29,23,24,208,11,180,536,7,79,17,28,117,40,303,12,72,30,51,13,355,24,58]
tiempo_ultimo_agente_goal 541
tiempo_en_acabar 541
tiempo_promedio 99.370590
agentes_en_goal 170
push_out_count 0
RUN 4
valores_ideales [0,0,0,0,0,0,0,0,0,0,0,0,0,0,0,0,0,0,0,0,0,0,0,0,0,0,0,0,0,0,0,0,0,0,0,0,0,0,0,0,0,0,0,0,0,0,0,0,0,0,0,0,0,0,0,0,0,0,0,0,0,0,0,0,0,0,0,0,0,0,0,0,0,0,0,0,0,0,0,0,0,0,0,0,0,0,0,0,0,0,0,0,0,0,0,0,0,0,0,0,0,0,0,0,0,0,0,0,0,0,0,0,0,0,0,0,0,0,0,0,0,0,0,0,0,0,0,0,0,0,0,0,0,0,0,0,0,0,0,0,0,0,0,0,0,0,0,0,0,0,0,0,0,0,0,0,0,0,0,0,0,0,0,0,0,0,0,0,0,0]
costo_por_agente [18,11,31,14,18,7,7,50,104,8,50,213,35,156,14,140,99,77,18,69,156,167,78,572,19,94,17,94,242,415,40,22,21,117,34,11,68,20,123,165,77,109,16,6,13,16,86,14,29,36,109,27,21,175,108,15,104,322,116,91,29,366,54,38,273,5,56,21,168,86,20,313,6,32,361,105,125,25,8,14,9,381,39,236,30,18,21,12,39,285,26,36,155,111,39,18,27,17,69,29,18,30,311,41,229,88,79,85,142,10,72,28,32,48,88,6,387,28,331,20,42,22,336,291,86,4,26,244,44,26,358,6,17,131,41,5,20,4,17,117,21,18,12,55,6,9,199,24,23,22,17,63,14,139,464,8,80,21,27,128,42,253,13,36,27,44,14,474,21,314]
completion_time_por_agente [19,13,32,15,19,8,8,55,114,10,64,214,36,159,15,143,107,79,21,91,161,170,83,576,20,101,18,98,257,416,41,23,22,121,35,12,88,21,126,166,84,117,17,7,14,18,88,16,30,44,111,28,22,179,110,16,110,332,120,107,30,370,60,60,274,6,74,23,170,100,21,314,7,35,363,111,127,26,9,15,10,382,50,237,31,19,23,13,40,287,27,49,157,124,60,19,28,18,80,33,19,33,312,49,231,96,85,92,146,11,74,29,33,61,92,7,398,29,333,25,43,23,340,299,89,5,27,245,50,27,359,7,18,134,46,6,21,5,18,121,22,19,13,65,7,10,201,25,24,23,20,73,15,143,465,9,86,22,28,132,59,263,14,37,28,45,15,476,22,329]
tiempo_ultimo_agente_goal 576
tiempo_en_acabar 576
tiempo_promedio 93.864708
agentes_en_goal 170
push_out_count 0
RUN 5
valores_ideales [0,0,0,0,0,0,0,0,0,0,0,0,0,0,0,0,0,0,0,0,0,0,0,0,0,0,0,0,0,0,0,0,0,0,0,0,0,0,0,0,0,0,0,0,0,0,0,0,0,0,0,0,0,0,0,0,0,0,0,0,0,0,0,0,0,0,0,0,0,0,0,0,0,0,0,0,0,0,0,0,0,0,0,0,0,0,0,0,0,0,0,0,0,0,0,0,0,0,0,0,0,0,0,0,0,0,0,0,0,0,0,0,0,0,0,0,0,0,0,0,0,0,0,0,0,0,0,0,0,0,0,0,0,0,0,0,0,0,0,0,0,0,0,0,0,0,0,0,0,0,0,0,0,0,0,0,0,0,0,0,0,0,0,0,0,0,0,0,0,0]
costo_por_agente [18,7,19,16,20,7,7,60,54,16,26,221,35,182,16,96,39,69,16,75,128,35,150,54,21,32,19,54,250,401,46,22,21,101,20,9,38,20,117,187,71,27,20,8,13,14,68,14,27,36,163,27,25,47,92,11,42,314,48,191,29,468,58,44,435,5,68,27,696,82,26,157,6,32,307,171,111,27,10,12,21,515,51,82,30,18,23,12,55,509,26,42,313,93,41,18,25,11,51,31,24,60,299,83,357,80,53,295,104,16,120,28,244,78,156,6,37,28,309,30,34,26,184,203,8,4,22,364,56,30,228,6,17,97,63,5,20,4,17,79,39,20,12,61,6,11,123,20,23,28,25,259,8,141,52,6,64,17,33,110,50,245,11,34,43,38,14,218,19,244]
completion_time_por_agente [19,8,20,17,23,8,8,61,64,18,31,222,36,183,17,101,45,77,18,85,130,51,152,61,22,42,20,61,260,402,51,23,22,107,21,10,48,22,123,190,81,28,21,9,14,15,70,18,28,48,164,28,26,62,98,12,53,315,61,201,30,470,61,53,436,6,70,29,699,88,28,159,7,37,310,173,113,28,11,13,23,518,59,83,31,19,24,13,57,511,27,48,315,97,58,19,26,12,60,36,25,72,300,93,358,92,60,301,111,17,122,29,247,85,157,7,49,29,311,34,35,27,187,204,9,5,24,366,63,32,232,7,18,100,65,6,21,5,18,85,52,21,13,69,7,13,124,21,24,29,27,260,9,142,61,7,75,18,34,112,66,246,12,35,44,40,15,219,20,252]
tiempo_ultimo_agente_goal 699
tiempo_en_acabar 699
tiempo_promedio 89.194115
agentes_en_goal 170
push_out_count 0
RUN 6
valores_ideales [0,0,0,0,0,0,0,0,0,0,0,0,0,0,0,0,0,0,0,0,0,0,0,0,0,0,0,0,0,0,0,0,0,0,0,0,0,0,0,0,0,0,0,0,0,0,0,0,0,0,0,0,0,0,0,0,0,0,0,0,0,0,0,0,0,0,0,0,0,0,0,0,0,0,0,0,0,0,0,0,0,0,0,0,0,0,0,0,0,0,0,0,0,0,0,0,0,0,0,0,0,0,0,0,0,0,0,0,0,0,0,0,0,0,0,0,0,0,0,0,0,0,0,0,0,0,0,0,0,0,0,0,0,0,0,0,0,0,0,0,0,0,0,0,0,0,0,0,0,0,0,0,0,0,0,0,0,0,0,0,0,0,0,0,0,0,0,0,0,0]
costo_por_agente [18,5,21,28,10,7,7,40,348,18,20,137,37,598,18,166,109,77,14,45,54,33,182,668,15,94,23,74,568,429,576,22,21,287,20,11,86,20,291,145,43,33,18,8,13,14,96,24,27,36,127,31,21,69,134,11,92,360,156,89,25,324,64,34,343,5,54,19,154,98,22,189,8,72,277,99,33,25,34,12,13,395,85,176,30,22,27,14,39,201,26,48,159,121,25,24,27,11,41,21,24,74,341,71,185,56,69,313,118,12,84,28,364,88,64,6,521,28,381,26,44,22,192,223,24,4,16,440,86,24,184,6,17,105,57,5,24,4,23,93,43,18,12,55,6,9,235,30,29,28,17,149,14,103,418,8,56,27,27,98,50,273,15,50,31,36,18,380,23,198]
completion_time_por_agente [19,6,22,30,11,8,8,45,359,19,22,139,38,600,21,170,119,87,15,60,66,35,187,677,16,100,24,76,572,430,579,23,22,289,21,13,91,21,295,146,59,36,19,9,14,15,107,26,28,51,129,32,22,83,138,12,95,364,162,93,26,326,68,39,346,6,61,21,155,101,23,190,9,83,278,100,38,26,42,13,15,397,92,178,31,24,28,16,40,205,27,56,160,127,41,27,28,12,50,23,25,77,342,77,186,63,79,317,122,13,85,29,372,94,73,7,548,29,382,32,45,23,195,228,35,5,18,441,89,25,185,7,18,107,61,6,25,5,24,96,67,19,13,73,7,10,238,31,30,29,19,150,15,106,421,9,65,28,28,101,61,275,16,51,32,37,19,393,24,202]
tiempo_ultimo_agente_goal 677
tiempo_en_acabar 677
tiempo_promedio 103.894119
agentes_en_goal 170
push_out_count 0
RUN 7
valores_ideales [0,0,0,0,0,0,0,0,0,0,0,0,0,0,0,0,0,0,0,0,0,0,0,0,0,0,0,0,0,0,0,0,0,0,0,0,0,0,0,0,0,0,0,0,0,0,0,0,0,0,0,0,0,0,0,0,0,0,0,0,0,0,0,0,0,0,0,0,0,0,0,0,0,0,0,0,0,0,0,0,0,0,0,0,0,0,0,0,0,0,0,0,0,0,0,0,0,0,0,0,0,0,0,0,0,0,0,0,0,0,0,0,0,0,0,0,0,0,0,0,0,0,0,0,0,0,0,0,0,0,0,0,0,0,0,0,0,0,0,0,0,0,0,0,0,0,0,0,0,0,0,0,0,0,0,0,0,0,0,0,0,0,0,0,0,0,0,0,0,0]
costo_por_agente [18,5,25,30,10,7,5,64,128,8,34,129,37,498,12,192,99,49,16,67,102,217,76,440,13,46,17,36,378,349,648,26,21,161,24,9,86,20,109,145,75,75,16,10,13,12,36,14,29,48,345,31,23,35,78,11,116,356,136,63,31,390,68,58,429,5,24,15,254,64,20,161,6,64,401,97,83,25,38,20,7,303,37,106,32,22,25,12,33,371,26,54,249,71,39,22,19,11,25,31,20,50,395,41,171,46,33,469,152,12,88,28,180,50,56,6,55,28,219,34,24,20,238,221,10,6,16,472,58,32,90,6,21,55,41,9,20,4,17,69,21,20,12,61,12,9,195,22,29,24,17,59,8,163,214,6,50,15,27,152,32,129,13,32,37,36,18,142,19,226]
completion_time_por_agente [19,6,27,31,11,8,6,67,136,10,39,133,39,501,13,199,107,55,17,71,103,227,82,446,14,63,18,44,383,352,665,27,22,168,25,11,94,21,112,147,88,79,18,11,14,13,42,16,30,50,347,33,24,36,80,13,120,366,144,71,32,393,74,67,430,6,29,17,256,70,21,162,7,70,403,98,85,26,41,22,8,305,41,107,33,23,26,13,34,372,27,63,250,74,50,23,20,12,31,37,21,57,396,46,175,47,42,470,156,13,90,29,183,57,62,7,68,29,221,36,25,21,240,227,11,7,17,474,60,33,93,7,22,66,44,10,21,5,18,71,26,21,13,62,13,10,197,23,30,25,18,66,9,167,218,7,56,16,28,157,35,131,14,33,43,37,19,150,21,235]
tiempo_ultimo_agente_goal 665
tiempo_en_acabar 665
tiempo_promedio 91.347061
agentes_en_goal 170
push_out_count 0
RUN 8
valores_ideales [0,0,0,0,0,0,0,0,0,0,0,0,0,0,0,0,0,0,0,0,0,0,0,0,0,0,0,0,0,0,0,0,0,0,0,0,0,0,0,0,0,0,0,0,0,0,0,0,0,0,0,0,0,0,0,0,0,0,0,0,0,0,0,0,0,0,0,0,0,0,0,0,0,0,0,0,0,0,0,0,0,0,0,0,0,0,0,0,0,0,0,0,0,0,0,0,0,0,0,0,0,0,0,0,0,0,0,0,0,0,0,0,0,0,0,0,0,0,0,0,0,0,0,0,0,0,0,0,0,0,0,0,0,0,0,0,0,0,0,0,0,0,0,0,0,0,0,0,0,0,0,0,0,0,0,0,0,0,0,0,0,0,0,0,0,0,0,0,0,0]
costo_por_agente [18,7,19,40,18,7,7,52,286,8,42,33,35,230,18,146,61,67,12,65,166,199,74,44,13,30,17,52,222,399,560,22,27,55,24,11,82,24,107,89,69,27,16,6,13,14,74,14,27,34,95,35,23,453,86,13,100,248,170,87,27,492,76,30,403,5,20,19,536,76,20,401,8,30,277,89,121,25,38,16,19,363,61,134,30,24,21,14,57,339,26,52,181,139,91,18,23,11,27,27,22,36,285,63,383,52,21,453,152,12,78,30,124,352,70,6,505,32,379,56,50,20,196,217,10,4,26,362,48,30,320,14,15,87,41,5,22,4,17,45,21,20,12,57,6,11,189,18,25,22,19,41,8,157,662,8,70,15,41,92,40,307,13,64,29,56,20,298,19,68]
completion_time_por_agente [19,8,21,41,19,8,8,54,295,10,46,44,36,231,20,147,72,70,13,68,171,212,75,53,15,45,18,58,230,400,563,23,28,69,25,12,89,25,111,92,75,31,18,7,14,15,76,16,28,42,97,37,24,471,91,15,113,251,175,98,28,493,84,31,406,6,29,21,540,79,21,402,9,37,279,90,122,26,51,17,20,364,63,136,32,25,22,15,58,341,27,55,185,146,96,19,25,12,41,32,23,42,287,65,387,54,22,456,158,14,81,31,129,356,71,7,519,33,381,67,51,21,203,225,11,5,27,367,56,32,324,16,16,96,44,6,23,5,19,51,29,21,13,60,8,12,192,19,27,23,20,49,9,163,667,9,75,16,42,99,45,309,14,68,30,57,21,309,21,79]
tiempo_ultimo_agente_goal 667
tiempo_en_acabar 667
tiempo_promedio 100.058823
agentes_en_goal 170
push_out_count 0
RUN 9
valores_ideales [0,0,0,0,0,0,0,0,0,0,0,0,0,0,0,0,0,0,0,0,0,0,0,0,0,0,0,0,0,0,0,0,0,0,0,0,0,0,0,0,0,0,0,0,0,0,0,0,0,0,0,0,0,0,0,0,0,0,0,0,0,0,0,0,0,0,0,0,0,0,0,0,0,0,0,0,0,0,0,0,0,0,0,0,0,0,0,0,0,0,0,0,0,0,0,0,0,0,0,0,0,0,0,0,0,0,0,0,0,0,0,0,0,0,0,0,0,0,0,0,0,0,0,0,0,0,0,0,0,0,0,0,0,0,0,0,0,0,0,0,0,0,0,0,0,0,0,0,0,0,0,0,0,0,0,0,0,0,0,0,0,0,0,0,0,0,0,0,0,0]
costo_por_agente [20,5,19,28,12,7,5,56,402,18,24,81,37,370,22,212,91,69,12,65,146,245,156,470,19,100,19,78,488,477,504,24,21,355,16,13,110,22,115,127,35,31,16,6,15,10,64,14,27,60,217,27,21,35,132,13,110,384,138,483,27,332,60,36,421,5,44,19,624,32,26,115,8,66,281,103,31,25,18,14,7,459,89,112,38,18,21,12,35,281,26,38,171,67,137,24,29,11,25,55,22,64,167,67,259,86,31,567,168,12,94,28,204,88,116,6,395,28,191,28,38,20,180,197,8,4,22,304,66,24,276,6,15,95,47,5,24,4,15,101,45,18,12,47,6,9,143,20,23,26,19,155,8,201,328,6,62,17,27,142,26,293,13,36,31,54,18,376,23,210]
completion_time_por_agente [21,6,21,30,13,8,6,63,410,20,25,84,38,371,23,213,99,74,14,77,147,250,159,478,20,103,20,85,491,480,511,25,22,362,17,14,120,24,117,128,62,32,18,7,16,11,70,16,28,69,219,28,22,38,136,14,111,387,141,491,28,335,65,43,422,6,54,20,625,34,27,117,9,88,283,105,32,26,23,15,8,462,91,115,40,20,22,14,36,283,27,47,173,75,140,25,30,12,56,65,23,69,168,81,261,92,55,570,172,13,95,29,205,96,118,7,404,29,192,33,41,21,181,201,9,5,23,307,75,25,281,7,16,99,48,6,25,5,16,102,56,19,13,60,7,10,146,22,24,27,20,158,9,202,337,7,76,18,28,144,28,294,14,39,33,56,19,385,24,227]
tiempo_ultimo_agente_goal 625
tiempo_en_acabar 625
tiempo_promedio 105.352943
agentes_en_goal 170
push_out_count 0
RUN 10
valores_ideales [0,0,0,0,0,0,0,0,0,0,0,0,0,0,0,0,0,0,0,0,0,0,0,0,0,0,0,0,0,0,0,0,0,0,0,0,0,0,0,0,0,0,0,0,0,0,0,0,0,0,0,0,0,0,0,0,0,0,0,0,0,0,0,0,0,0,0,0,0,0,0,0,0,0,0,0,0,0,0,0,0,0,0,0,0,0,0,0,0,0,0,0,0,0,0,0,0,0,0,0,0,0,0,0,0,0,0,0,0,0,0,0,0,0,0,0,0,0,0,0,0,0,0,0,0,0,0,0,0,0,0,0,0,0,0,0,0,0,0,0,0,0,0,0,0,0,0,0,0,0,0,0,0,0,0,0,0,0,0,0,0,0,0,0,0,0,0,0,0,0]
costo_por_agente [22,9,23,26,14,7,7,56,44,14,30,109,37,580,18,138,107,47,14,67,270,39,134,56,17,46,17,78,260,439,526,22,23,101,20,13,42,24,173,115,53,35,16,6,13,12,40,14,29,26,95,31,21,35,122,15,48,416,154,53,29,256,46,50,253,5,18,17,66,62,22,467,8,54,407,89,41,25,12,10,7,281,67,162,34,22,23,12,35,363,26,38,137,91,79,26,21,13,23,27,20,36,601,59,443,46,83,283,108,18,80,28,236,54,176,6,45,28,315,24,30,28,164,181,10,4,28,358,50,24,212,10,15,121,57,5,24,4,15,71,53,18,22,69,8,15,79,20,25,28,19,247,12,117,314,6,80,15,31,94,38,217,11,30,45,40,18,468,27,218]
completion_time_por_agente [23,10,24,28,15,8,8,58,54,15,37,111,38,581,19,143,109,49,15,71,275,44,136,61,18,51,18,83,262,440,533,23,24,108,21,14,47,25,177,117,60,38,17,7,14,13,50,16,30,30,98,32,22,36,123,16,56,420,158,56,30,264,47,52,258,6,23,18,70,66,23,468,9,57,410,90,46,26,13,11,8,284,69,163,35,23,24,13,37,364,27,42,138,94,82,27,23,14,26,32,21,41,602,66,444,53,84,285,113,19,82,29,240,58,178,7,48,29,319,26,33,29,168,189,11,5,31,360,57,25,213,11,16,124,60,6,27,5,16,73,55,19,23,73,9,16,80,21,26,29,20,250,13,120,319,7,83,16,32,98,43,218,12,31,53,43,19,475,28,224]
tiempo_ultimo_agente_goal 602
tiempo_en_acabar 602
tiempo_promedio 90.323532
agentes_en_goal 170
push_out_count 0
RUN 11
valores_ideales [0,0,0,0,0,0,0,0,0,0,0,0,0,0,0,0,0,0,0,0,0,0,0,0,0,0,0,0,0,0,0,0,0,0,0,0,0,0,0,0,0,0,0,0,0,0,0,0,0,0,0,0,0,0,0,0,0,0,0,0,0,0,0,0,0,0,0,0,0,0,0,0,0,0,0,0,0,0,0,0,0,0,0,0,0,0,0,0,0,0,0,0,0,0,0,0,0,0,0,0,0,0,0,0,0,0,0,0,0,0,0,0,0,0,0,0,0,0,0,0,0,0,0,0,0,0,0,0,0,0,0,0,0,0,0,0,0,0,0,0,0,0,0,0,0,0,0,0,0,0,0,0,0,0,0,0,0,0,0,0,0,0,0,0,0,0,0,0,0,0]
costo_por_agente [24,7,23,18,10,7,5,46,44,10,24,125,35,330,12,134,137,77,16,95,216,127,114,370,21,38,21,120,486,367,678,22,21,357,26,15,90,24,153,157,29,31,20,6,13,16,84,14,27,100,191,25,21,37,42,13,106,352,38,57,25,254,64,44,223,5,94,19,372,58,20,237,6,76,347,135,37,27,36,14,7,265,89,112,32,18,21,12,33,493,26,42,327,115,161,24,25,11,57,29,24,28,95,71,143,52,99,67,104,10,118,28,42,206,150,6,55,28,499,42,34,22,388,175,90,4,14,356,82,26,360,8,15,33,69,5,24,4,17,101,35,18,16,91,6,9,151,22,23,24,19,183,8,131,178,6,104,23,25,94,66,147,11,34,29,38,16,70,23,212]
completion_time_por_agente [25,10,24,20,11,8,6,48,54,12,29,129,36,331,13,136,146,84,17,101,217,131,117,373,22,55,23,121,487,368,680,23,22,360,27,16,105,27,156,160,47,33,21,7,14,17,99,16,28,101,192,26,22,39,63,14,111,359,50,66,26,256,70,56,225,6,104,21,374,62,21,240,7,96,348,136,43,29,38,15,8,267,94,113,33,20,22,13,34,494,27,43,332,120,164,25,26,12,91,31,25,38,103,83,144,67,110,75,108,11,121,29,43,210,151,7,70,29,501,45,35,23,395,179,101,5,15,359,95,27,363,9,16,35,76,6,25,5,18,106,60,19,17,98,7,10,152,23,24,25,20,196,9,133,180,7,108,24,26,105,98,148,12,35,31,39,17,86,24,225]
tiempo_ultimo_agente_goal 680
tiempo_en_acabar 680
tiempo_promedio 94.223526
agentes_en_goal 170
push_out_count 0
RUN 12
valores_ideales [0,0,0,0,0,0,0,0,0,0,0,0,0,0,0,0,0,0,0,0,0,0,0,0,0,0,0,0,0,0,0,0,0,0,0,0,0,0,0,0,0,0,0,0,0,0,0,0,0,0,0,0,0,0,0,0,0,0,0,0,0,0,0,0,0,0,0,0,0,0,0,0,0,0,0,0,0,0,0,0,0,0,0,0,0,0,0,0,0,0,0,0,0,0,0,0,0,0,0,0,0,0,0,0,0,0,0,0,0,0,0,0,0,0,0,0,0,0,0,0,0,0,0,0,0,0,0,0,0,0,0,0,0,0,0,0,0,0,0,0,0,0,0,0,0,0,0,0,0,0,0,0,0,0,0,0,0,0,0,0,0,0,0,0,0,0,0,0,0,0]
costo_por_agente [18,5,19,18,10,7,5,58,310,8,24,187,35,424,20,130,109,41,22,65,148,37,124,94,17,44,19,64,444,407,50,26,25,109,16,9,74,20,145,123,71,27,16,14,13,12,76,14,29,38,81,31,21,83,114,11,106,294,88,365,29,394,58,54,423,5,22,29,448,64,24,453,10,38,375,123,93,25,24,10,11,391,89,110,30,18,23,12,33,505,26,34,139,81,45,18,29,11,29,23,20,26,431,51,453,62,33,55,110,12,76,28,358,446,70,6,591,28,423,38,30,22,98,347,8,10,20,484,56,24,332,6,15,89,51,5,20,4,17,65,23,18,12,43,6,11,101,18,25,24,21,291,8,167,50,8,58,19,29,84,82,293,13,46,27,54,24,254,23,138]
completion_time_por_agente [20,6,21,20,11,8,6,61,312,9,31,189,36,425,22,132,112,47,23,72,150,51,126,96,19,56,21,67,447,408,58,27,27,110,17,11,79,21,146,126,79,28,18,15,14,13,81,16,30,49,84,32,22,91,119,12,109,298,97,369,30,395,62,61,424,6,34,30,453,73,25,454,11,48,376,126,97,26,35,11,13,393,92,111,31,19,24,13,34,506,27,41,146,85,50,19,30,12,40,25,21,39,432,62,455,66,40,63,113,13,79,30,361,453,73,7,601,29,424,43,31,23,100,357,9,11,21,485,67,25,334,7,16,90,53,6,21,5,18,68,27,19,13,55,7,14,102,19,26,25,22,293,9,169,55,9,62,20,30,90,87,295,14,49,28,56,25,260,24,139]
tiempo_ultimo_agente_goal 601
tiempo_en_acabar 601
tiempo_promedio 99.317650
agentes_en_goal 170
push_out_count 0
RUN 13
valores_ideales [0,0,0,0,0,0,0,0,0,0,0,0,0,0,0,0,0,0,0,0,0,0,0,0,0,0,0,0,0,0,0,0,0,0,0,0,0,0,0,0,0,0,0,0,0,0,0,0,0,0,0,0,0,0,0,0,0,0,0,0,0,0,0,0,0,0,0,0,0,0,0,0,0,0,0,0,0,0,0,0,0,0,0,0,0,0,0,0,0,0,0,0,0,0,0,0,0,0,0,0,0,0,0,0,0,0,0,0,0,0,0,0,0,0,0,0,0,0,0,0,0,0,0,0,0,0,0,0,0,0,0,0,0,0,0,0,0,0,0,0,0,0,0,0,0,0,0,0,0,0,0,0,0,0,0,0,0,0,0,0,0,0,0,0,0,0,0,0,0,0]
costo_por_agente [14,5,19,16,12,7,5,46,322,10,46,127,35,334,24,110,75,43,12,63,86,157,120,384,13,68,25,124,390,571,662,22,27,349,28,13,52,24,93,133,49,35,18,8,13,10,80,16,27,40,249,33,21,285,124,15,70,346,46,67,27,236,46,58,479,5,38,21,452,30,20,349,6,48,301,127,87,25,70,12,9,317,77,150,30,20,25,12,35,497,26,30,119,63,137,24,17,15,35,25,16,54,411,83,235,58,77,397,166,10,80,28,128,54,200,8,45,28,225,56,50,20,268,367,8,4,18,468,76,30,36,6,15,69,37,5,24,4,19,85,17,20,12,65,6,9,71,20,23,24,21,187,8,261,390,8,60,15,27,118,52,223,13,44,39,58,18,370,21,50]
completion_time_por_agente [15,6,20,18,13,8,6,48,336,12,53,128,36,337,28,118,83,54,13,69,89,160,129,389,15,72,26,129,399,572,667,23,29,350,29,15,62,29,97,135,53,48,19,10,14,11,83,18,28,51,250,34,22,288,128,16,74,354,54,80,28,238,48,66,480,6,44,23,454,34,21,350,7,59,302,131,92,26,78,13,10,319,81,151,31,21,26,13,37,499,27,39,120,73,148,25,19,16,41,29,17,59,412,89,236,62,82,401,167,11,84,29,131,56,203,9,53,29,226,59,51,21,271,369,9,5,19,470,82,31,38,7,16,78,41,6,25,5,20,89,18,22,13,78,7,10,73,21,24,25,22,193,9,265,403,9,70,16,28,120,70,224,14,48,45,59,19,386,22,64]
tiempo_ultimo_agente_goal 667
tiempo_en_acabar 667
tiempo_promedio 100.717644
agentes_en_goal 170
push_out_count 0
RUN 14
valores_ideales [0,0,0,0,0,0,0,0,0,0,0,0,0,0,0,0,0,0,0,0,0,0,0,0,0,0,0,0,0,0,0,0,0,0,0,0,0,0,0,0,0,0,0,0,0,0,0,0,0,0,0,0,0,0,0,0,0,0,0,0,0,0,0,0,0,0,0,0,0,0,0,0,0,0,0,0,0,0,0,0,0,0,0,0,0,0,0,0,0,0,0,0,0,0,0,0,0,0,0,0,0,0,0,0,0,0,0,0,0,0,0,0,0,0,0,0,0,0,0,0,0,0,0,0,0,0,0,0,0,0,0,0,0,0,0,0,0,0,0,0,0,0,0,0,0,0,0,0,0,0,0,0,0,0,0,0,0,0,0,0,0,0,0,0,0,0,0,0,0,0]
costo_por_agente [20,5,25,14,10,7,5,62,54,12,24,181,35,576,12,130,93,37,22,73,166,263,138,64,17,60,23,104,360,367,40,22,21,237,24,15,46,20,133,187,77,35,16,8,13,14,62,14,27,62,175,27,21,57,48,19,64,276,48,151,25,320,58,40,449,5,54,25,228,68,22,197,12,40,375,105,33,27,14,12,13,355,63,166,30,20,21,12,43,505,26,52,201,117,141,20,23,13,43,21,18,46,541,45,419,102,21,67,148,10,88,28,406,366,102,8,47,28,419,28,36,22,184,225,8,10,16,336,76,24,284,6,17,87,69,5,24,4,15,83,23,20,12,77,6,9,131,18,33,28,25,211,20,257,326,6,58,15,25,110,84,365,13,42,43,38,12,240,19,122]
completion_time_por_agente [21,6,26,15,11,8,6,64,70,13,28,184,36,578,13,133,96,48,23,80,172,264,141,83,18,66,26,110,364,368,47,23,22,239,25,16,54,22,137,188,83,38,17,9,14,15,78,16,28,70,179,28,22,68,59,20,68,279,64,156,26,321,59,47,451,6,61,26,231,83,23,199,13,46,378,109,37,29,17,13,14,356,70,168,31,21,22,13,44,506,27,55,203,120,142,21,25,14,54,26,19,55,543,59,421,104,26,74,152,11,92,29,407,368,105,9,56,29,420,32,37,23,186,230,9,11,17,342,82,25,287,7,18,94,72,6,25,5,16,87,27,21,13,85,7,10,133,19,34,29,26,212,21,260,329,7,69,16,26,115,92,366,14,44,50,39,13,247,20,129]
tiempo_ultimo_agente_goal 578
tiempo_en_acabar 578
tiempo_promedio 96.029411
agentes_en_goal 170
push_out_count 0
RUN 15
valores_ideales [0,0,0,0,0,0,0,0,0,0,0,0,0,0,0,0,0,0,0,0,0,0,0,0,0,0,0,0,0,0,0,0,0,0,0,0,0,0,0,0,0,0,0,0,0,0,0,0,0,0,0,0,0,0,0,0,0,0,0,0,0,0,0,0,0,0,0,0,0,0,0,0,0,0,0,0,0,0,0,0,0,0,0,0,0,0,0,0,0,0,0,0,0,0,0,0,0,0,0,0,0,0,0,0,0,0,0,0,0,0,0,0,0,0,0,0,0,0,0,0,0,0,0,0,0,0,0,0,0,0,0,0,0,0,0,0,0,0,0,0,0,0,0,0,0,0,0,0,0,0,0,0,0,0,0,0,0,0,0,0,0,0,0,0,0,0,0,0,0,0]
costo_por_agente [14,11,21,14,10,7,7,56,214,12,22,139,39,486,24,180,83,63,14,79,174,45,88,352,23,80,27,50,628,421,42,32,31,227,24,9,114,20,55,229,77,29,24,6,13,14,38,14,31,30,273,27,25,35,92,15,80,38,106,249,25,384,52,84,387,5,50,27,350,106,20,267,6,42,325,69,119,25,10,12,15,333,67,178,30,28,21,14,41,381,26,54,89,95,45,16,25,11,67,35,24,60,627,45,131,64,55,295,160,12,54,30,446,52,110,6,429,28,553,22,38,22,256,179,10,4,16,354,56,24,242,6,17,101,39,11,20,4,23,67,33,18,16,67,8,11,203,18,33,28,17,151,8,187,56,8,44,15,27,172,28,97,11,38,165,46,16,102,21,44]
completion_time_por_agente [15,12,22,15,11,8,8,58,216,14,23,141,40,487,25,186,88,68,15,87,175,65,90,365,24,88,30,61,633,423,44,33,32,232,25,11,119,22,62,232,81,31,25,7,14,15,47,16,33,34,276,28,26,36,97,16,86,40,111,260,26,386,56,97,391,6,61,28,353,115,21,268,7,52,328,71,120,26,11,13,17,334,73,179,31,29,22,15,43,382,27,60,92,100,54,17,27,12,76,36,25,78,628,58,132,71,60,311,162,13,64,32,448,65,113,7,436,29,556,23,39,23,259,187,11,5,17,357,72,25,245,7,18,103,42,12,21,5,24,73,46,19,17,71,9,12,205,19,34,29,19,155,9,191,66,9,52,16,28,179,29,112,12,39,177,49,17,110,23,53]
tiempo_ultimo_agente_goal 633
tiempo_en_acabar 633
tiempo_promedio 95.929413
agentes_en_goal 170
push_out_count 0
RUN 16
valores_ideales [0,0,0,0,0,0,0,0,0,0,0,0,0,0,0,0,0,0,0,0,0,0,0,0,0,0,0,0,0,0,0,0,0,0,0,0,0,0,0,0,0,0,0,0,0,0,0,0,0,0,0,0,0,0,0,0,0,0,0,0,0,0,0,0,0,0,0,0,0,0,0,0,0,0,0,0,0,0,0,0,0,0,0,0,0,0,0,0,0,0,0,0,0,0,0,0,0,0,0,0,0,0,0,0,0,0,0,0,0,0,0,0,0,0,0,0,0,0,0,0,0,0,0,0,0,0,0,0,0,0,0,0,0,0,0,0,0,0,0,0,0,0,0,0,0,0,0,0,0,0,0,0,0,0,0,0,0,0,0,0,0,0,0,0,0,0,0,0,0,0]
costo_por_agente [20,7,23,18,10,7,5,50,78,8,44,41,39,222,34,164,103,73,16,75,180,205,56,344,19,126,17,86,236,395,508,24,23,313,24,11,88,20,159,123,77,81,20,8,13,18,22,16,27,46,225,31,21,35,98,13,112,244,62,67,29,410,76,40,377,5,34,17,58,74,20,281,6,84,331,71,87,25,10,12,7,471,51,114,32,22,23,12,33,221,26,44,135,81,43,18,19,11,45,23,16,74,167,35,269,82,61,65,110,10,74,28,34,66,106,10,617,28,569,26,36,20,190,255,8,4,16,256,72,24,380,6,15,35,53,5,20,4,19,55,21,28,12,37,6,13,135,24,25,28,21,59,10,77,128,8,58,15,29,130,26,143,11,72,29,58,18,92,19,106]
completion_time_por_agente [21,8,26,20,11,8,6,55,91,9,45,57,41,224,38,166,112,78,17,78,182,210,61,347,20,128,18,90,238,397,517,25,25,315,25,13,97,24,161,124,84,90,22,9,14,19,25,18,28,57,227,36,22,38,99,15,113,247,77,84,30,414,87,51,378,6,41,18,66,86,21,282,7,99,333,77,92,26,11,13,8,473,70,115,33,23,24,13,34,223,27,55,136,89,65,19,20,12,57,27,18,79,168,47,271,88,70,74,113,11,79,29,37,75,108,11,619,29,571,28,38,21,194,257,9,5,17,257,77,25,383,7,16,43,54,6,21,5,20,62,32,30,13,51,7,16,136,25,26,29,23,62,13,81,131,9,63,16,30,134,37,145,12,83,30,60,19,99,20,108]
tiempo_ultimo_agente_goal 619
tiempo_en_acabar 619
tiempo_promedio 86.441177
agentes_en_goal 170
push_out_count 0
RUN 17
valores_ideales [0,0,0,0,0,0,0,0,0,0,0,0,0,0,0,0,0,0,0,0,0,0,0,0,0,0,0,0,0,0,0,0,0,0,0,0,0,0,0,0,0,0,0,0,0,0,0,0,0,0,0,0,0,0,0,0,0,0,0,0,0,0,0,0,0,0,0,0,0,0,0,0,0,0,0,0,0,0,0,0,0,0,0,0,0,0,0,0,0,0,0,0,0,0,0,0,0,0,0,0,0,0,0,0,0,0,0,0,0,0,0,0,0,0,0,0,0,0,0,0,0,0,0,0,0,0,0,0,0,0,0,0,0,0,0,0,0,0,0,0,0,0,0,0,0,0,0,0,0,0,0,0,0,0,0,0,0,0,0,0,0,0,0,0,0,0,0,0,0,0]
costo_por_agente [18,7,25,20,12,7,7,54,40,10,18,95,37,432,16,184,101,87,18,23,152,43,116,408,13,46,21,68,514,649,490,22,35,237,30,11,100,20,159,73,87,29,16,6,13,20,44,14,27,48,179,31,21,37,36,17,48,238,36,327,29,352,36,44,329,5,46,31,558,80,20,211,6,30,323,127,127,25,8,12,7,223,89,100,32,18,23,20,33,309,26,46,149,115,85,18,27,11,69,49,18,78,341,65,289,96,83,403,118,12,84,28,336,382,164,8,73,32,423,28,44,24,190,167,10,4,38,256,68,30,390,6,15,47,43,5,20,4,17,59,31,26,12,75,6,9,145,20,25,28,21,215,18,169,264,6,76,23,33,126,48,253,15,42,27,46,30,264,21,206]
completion_time_por_agente [19,8,26,21,13,8,8,57,43,11,22,99,38,433,18,190,107,94,19,26,156,48,120,413,15,56,22,75,522,650,496,23,36,239,31,12,106,21,162,78,100,32,17,7,14,21,53,16,28,54,182,32,22,39,45,18,56,242,45,332,30,355,39,50,330,6,50,32,562,92,21,212,7,32,326,129,128,26,9,13,8,227,92,102,33,19,24,22,34,312,27,50,150,117,89,19,30,12,76,54,19,88,343,69,291,98,87,405,123,13,95,29,338,388,166,9,92,33,424,31,46,25,193,171,11,5,39,257,71,31,393,7,16,55,44,6,21,5,18,66,40,27,13,80,7,10,146,21,26,29,22,216,19,172,269,7,85,24,34,131,61,255,16,45,28,47,31,271,23,212]
tiempo_ultimo_agente_goal 650
tiempo_en_acabar 650
tiempo_promedio 99.000000
agentes_en_goal 170
push_out_count 0
RUN 18
valores_ideales [0,0,0,0,0,0,0,0,0,0,0,0,0,0,0,0,0,0,0,0,0,0,0,0,0,0,0,0,0,0,0,0,0,0,0,0,0,0,0,0,0,0,0,0,0,0,0,0,0,0,0,0,0,0,0,0,0,0,0,0,0,0,0,0,0,0,0,0,0,0,0,0,0,0,0,0,0,0,0,0,0,0,0,0,0,0,0,0,0,0,0,0,0,0,0,0,0,0,0,0,0,0,0,0,0,0,0,0,0,0,0,0,0,0,0,0,0,0,0,0,0,0,0,0,0,0,0,0,0,0,0,0,0,0,0,0,0,0,0,0,0,0,0,0,0,0,0,0,0,0,0,0,0,0,0,0,0,0,0,0,0,0,0,0,0,0,0,0,0,0]
costo_por_agente [22,5,27,28,10,7,7,64,206,12,30,129,35,650,20,262,63,59,14,95,124,337,74,52,13,72,21,68,384,579,442,22,21,319,28,9,96,22,261,233,79,29,16,10,13,12,46,14,27,26,181,25,23,51,110,15,80,362,108,65,25,346,46,60,415,5,66,17,398,100,20,105,6,36,473,121,103,25,10,10,9,447,81,106,32,20,19,12,43,375,26,66,155,111,49,16,19,11,37,47,20,74,281,41,421,92,47,377,148,12,100,28,290,246,86,6,45,28,365,42,36,22,202,149,10,6,22,410,78,24,254,6,15,115,45,5,20,6,21,39,19,18,12,29,6,11,173,18,23,30,27,153,8,169,464,8,50,21,27,156,84,175,15,44,29,50,14,394,19,116]
completion_time_por_agente [23,6,28,29,11,8,8,65,218,13,35,130,36,651,21,265,73,73,15,105,125,341,89,72,15,83,22,77,389,580,445,23,22,324,29,11,104,24,270,245,91,31,17,12,14,14,68,16,28,33,184,26,24,59,113,16,91,367,117,84,26,347,56,71,418,6,79,18,399,109,21,108,7,38,474,127,109,26,11,11,10,449,85,109,33,22,20,14,45,376,27,72,162,119,77,17,20,12,51,51,21,94,282,49,422,100,50,383,151,14,108,29,293,250,92,8,49,29,367,58,38,23,206,154,11,7,24,413,91,25,256,7,16,120,48,6,21,7,22,43,20,19,13,33,7,12,178,19,24,31,28,155,9,171,469,9,58,22,28,163,98,176,16,48,30,51,15,401,20,117]
tiempo_ultimo_agente_goal 651
tiempo_en_acabar 651
tiempo_promedio 103.335297
agentes_en_goal 170
push_out_count 0
RUN 19
valores_ideales [0,0,0,0,0,0,0,0,0,0,0,0,0,0,0,0,0,0,0,0,0,0,0,0,0,0,0,0,0,0,0,0,0,0,0,0,0,0,0,0,0,0,0,0,0,0,0,0,0,0,0,0,0,0,0,0,0,0,0,0,0,0,0,0,0,0,0,0,0,0,0,0,0,0,0,0,0,0,0,0,0,0,0,0,0,0,0,0,0,0,0,0,0,0,0,0,0,0,0,0,0,0,0,0,0,0,0,0,0,0,0,0,0,0,0,0,0,0,0,0,0,0,0,0,0,0,0,0,0,0,0,0,0,0,0,0,0,0,0,0,0,0,0,0,0,0,0,0,0,0,0,0,0,0,0,0,0,0,0,0,0,0,0,0,0,0,0,0,0,0]
costo_por_agente [22,11,21,16,12,7,5,48,60,12,20,115,35,408,14,118,61,33,22,47,120,37,76,528,19,46,17,98,600,277,708,22,23,329,24,9,104,22,201,97,25,31,22,12,13,12,76,14,27,44,355,25,25,35,32,15,88,38,34,77,31,372,46,54,249,5,32,15,446,60,20,295,6,68,299,121,27,25,6,18,7,453,89,208,30,22,23,18,39,443,26,36,123,111,99,18,35,19,39,21,18,38,559,85,151,32,85,71,78,12,96,28,286,52,130,6,543,28,251,16,36,22,248,121,10,4,16,528,64,26,518,6,17,75,51,9,20,4,17,43,71,22,12,41,6,9,95,18,23,30,23,315,10,121,192,8,78,15,29,144,26,193,17,38,27,48,16,376,21,106]
completion_time_por_agente [23,13,22,17,13,8,6,49,79,16,23,120,36,409,15,121,66,41,23,56,125,42,81,531,20,52,19,101,602,278,711,23,24,332,25,10,107,23,202,102,31,35,24,13,14,13,79,16,28,53,356,26,26,37,38,16,99,39,39,91,32,374,49,59,251,6,42,16,448,64,21,296,7,77,300,124,30,26,7,19,8,455,95,210,31,23,24,19,40,444,27,39,124,112,105,19,36,20,48,22,19,47,561,98,152,36,88,77,87,13,98,29,291,59,132,7,552,29,252,17,38,24,250,122,11,5,17,530,67,27,529,8,18,85,61,10,21,5,18,47,81,23,13,51,7,10,103,19,24,31,24,316,12,122,198,9,89,16,30,146,32,194,18,39,28,50,17,378,22,107]
tiempo_ultimo_agente_goal 711
tiempo_en_acabar 711
tiempo_promedio 97.258827
agentes_en_goal 170
push_out_count 0
RUN 20
valores_ideales [0,0,0,0,0,0,0,0,0,0,0,0,0,0,0,0,0,0,0,0,0,0,0,0,0,0,0,0,0,0,0,0,0,0,0,0,0,0,0,0,0,0,0,0,0,0,0,0,0,0,0,0,0,0,0,0,0,0,0,0,0,0,0,0,0,0,0,0,0,0,0,0,0,0,0,0,0,0,0,0,0,0,0,0,0,0,0,0,0,0,0,0,0,0,0,0,0,0,0,0,0,0,0,0,0,0,0,0,0,0,0,0,0,0,0,0,0,0,0,0,0,0,0,0,0,0,0,0,0,0,0,0,0,0,0,0,0,0,0,0,0,0,0,0,0,0,0,0,0,0,0,0,0,0,0,0,0,0,0,0,0,0,0,0,0,0,0,0,0,0]
costo_por_agente [18,23,31,28,22,7,5,50,48,10,20,103,35,270,28,112,95,43,16,27,60,395,88,444,19,44,19,80,324,519,46,24,27,351,30,15,80,24,157,185,45,111,22,8,13,18,50,16,27,40,157,25,25,37,106,13,70,230,154,227,37,294,62,74,331,5,62,23,306,68,22,229,6,34,307,103,101,29,12,12,7,227,77,174,30,18,21,12,45,531,26,50,39,165,91,16,19,13,77,25,20,46,475,37,327,76,41,65,100,24,104,28,368,316,146,6,45,28,401,30,26,24,212,235,10,6,14,422,68,30,366,8,17,39,53,5,20,4,19,71,27,18,12,61,6,9,227,20,23,32,17,95,10,139,262,8,58,19,31,116,80,169,15,46,211,38,26,60,19,120]
completion_time_por_agente [19,25,32,29,23,8,6,54,59,12,22,105,36,272,39,117,100,47,17,31,68,400,93,448,20,55,20,85,332,520,61,25,28,355,31,16,90,25,162,187,53,123,25,10,14,20,52,18,28,55,158,26,26,39,107,14,75,232,158,232,38,295,67,81,332,6,71,25,312,77,23,230,7,42,308,106,110,30,14,13,8,229,82,177,31,19,22,13,48,532,27,53,42,171,96,17,20,14,81,30,21,51,476,47,329,80,51,74,103,25,105,29,371,319,148,7,53,29,405,35,28,25,213,237,11,7,15,424,74,31,367,9,18,47,60,6,21,5,20,75,38,19,13,68,7,10,228,21,24,33,18,99,11,144,267,9,63,20,32,119,91,172,16,47,221,40,27,67,20,127]
tiempo_ultimo_agente_goal 532
tiempo_en_acabar 532
tiempo_promedio 93.882355
agentes_en_goal 170
push_out_count 0
RUN 21
valores_ideales [0,0,0,0,0,0,0,0,0,0,0,0,0,0,0,0,0,0,0,0,0,0,0,0,0,0,0,0,0,0,0,0,0,0,0,0,0,0,0,0,0,0,0,0,0,0,0,0,0,0,0,0,0,0,0,0,0,0,0,0,0,0,0,0,0,0,0,0,0,0,0,0,0,0,0,0,0,0,0,0,0,0,0,0,0,0,0,0,0,0,0,0,0,0,0,0,0,0,0,0,0,0,0,0,0,0,0,0,0,0,0,0,0,0,0,0,0,0,0,0,0,0,0,0,0,0,0,0,0,0,0,0,0,0,0,0,0,0,0,0,0,0,0,0,0,0,0,0,0,0,0,0,0,0,0,0,0,0,0,0,0,0,0,0,0,0,0,0,0,0]
costo_por_agente [20,5,23,28,10,7,7,50,216,8,20,157,35,284,22,176,75,43,22,67,62,111,102,348,21,58,19,84,494,445,564,26,21,205,24,9,92,22,189,191,27,35,16,12,13,12,28,14,27,28,167,35,23,45,88,17,80,210,120,65,29,336,54,32,375,5,66,27,438,62,22,225,6,34,329,97,89,25,20,12,7,301,107,182,30,18,21,12,37,461,26,48,147,103,31,18,19,15,75,21,18,42,219,43,277,76,21,439,126,12,104,32,182,104,128,6,61,28,361,32,30,20,248,117,8,4,32,462,64,26,424,10,17,153,59,5,20,4,15,33,19,18,12,61,6,13,175,24,25,26,19,217,12,103,464,8,38,15,27,90,32,157,13,50,39,40,18,108,21,48]
completion_time_por_agente [22,6,24,30,11,8,8,53,229,10,23,158,36,285,23,180,81,51,23,81,73,118,106,359,22,66,20,93,497,447,568,27,22,212,25,10,97,24,193,192,40,52,18,13,14,13,39,16,28,41,171,36,24,66,91,18,84,215,125,73,30,340,58,39,376,6,79,28,444,66,23,228,7,53,330,99,98,26,24,13,8,302,110,184,31,19,22,14,38,463,27,52,149,108,51,19,21,16,78,23,19,47,220,54,278,85,27,445,127,13,111,33,186,109,129,7,79,29,363,34,31,21,251,121,9,5,33,465,72,27,425,11,18,156,63,6,21,5,16,43,20,19,13,85,8,14,177,25,26,27,20,218,13,106,468,9,48,16,28,97,44,159,14,53,54,41,19,114,23,58]
tiempo_ultimo_agente_goal 568
tiempo_en_acabar 568
tiempo_promedio 94.129410
agentes_en_goal 170
push_out_count 0
RUN 22
valores_ideales [0,0,0,0,0,0,0,0,0,0,0,0,0,0,0,0,0,0,0,0,0,0,0,0,0,0,0,0,0,0,0,0,0,0,0,0,0,0,0,0,0,0,0,0,0,0,0,0,0,0,0,0,0,0,0,0,0,0,0,0,0,0,0,0,0,0,0,0,0,0,0,0,0,0,0,0,0,0,0,0,0,0,0,0,0,0,0,0,0,0,0,0,0,0,0,0,0,0,0,0,0,0,0,0,0,0,0,0,0,0,0,0,0,0,0,0,0,0,0,0,0,0,0,0,0,0,0,0,0,0,0,0,0,0,0,0,0,0,0,0,0,0,0,0,0,0,0,0,0,0,0,0,0,0,0,0,0,0,0,0,0,0,0,0,0,0,0,0,0,0]
costo_por_agente [14,5,25,14,10,7,7,54,552,12,28,111,35,272,18,130,105,33,16,29,152,197,96,52,17,60,19,62,640,463,588,22,27,261,24,11,50,22,205,253,33,31,16,6,13,10,114,16,29,74,199,27,23,37,100,13,82,38,36,53,25,324,62,46,481,5,70,19,364,42,20,307,6,34,367,135,139,25,10,12,7,459,57,178,30,18,21,12,59,499,26,34,113,95,115,26,23,11,77,27,18,34,483,77,241,40,83,335,164,20,108,28,268,176,112,6,49,28,471,28,42,24,160,297,8,4,14,330,72,32,176,6,15,103,47,5,20,4,19,95,57,28,12,45,6,15,125,20,25,28,27,231,10,87,464,8,64,21,25,148,64,171,11,46,305,34,12,54,21,62]
completion_time_por_agente [15,6,26,15,11,8,8,59,555,14,38,112,36,274,19,131,114,47,17,38,157,204,102,66,18,66,21,82,641,464,592,23,29,272,25,12,65,25,207,255,42,39,17,8,14,11,116,18,30,76,204,28,24,39,105,14,89,41,40,68,26,326,64,53,483,6,74,20,366,55,21,309,7,39,369,139,144,26,12,13,8,461,62,179,31,19,22,13,62,501,27,40,116,105,118,27,24,12,80,31,19,49,485,82,242,50,87,339,165,21,113,29,270,181,114,7,52,29,472,30,44,25,162,302,9,5,16,333,84,33,177,7,16,106,58,6,21,5,20,97,73,29,13,58,7,16,128,21,26,29,28,232,11,93,467,9,74,22,26,155,81,172,12,48,311,35,13,70,22,74]
tiempo_ultimo_agente_goal 641
tiempo_en_acabar 641
tiempo_promedio 100.582352
agentes_en_goal 170
push_out_count 0
RUN 23
valores_ideales [0,0,0,0,0,0,0,0,0,0,0,0,0,0,0,0,0,0,0,0,0,0,0,0,0,0,0,0,0,0,0,0,0,0,0,0,0,0,0,0,0,0,0,0,0,0,0,0,0,0,0,0,0,0,0,0,0,0,0,0,0,0,0,0,0,0,0,0,0,0,0,0,0,0,0,0,0,0,0,0,0,0,0,0,0,0,0,0,0,0,0,0,0,0,0,0,0,0,0,0,0,0,0,0,0,0,0,0,0,0,0,0,0,0,0,0,0,0,0,0,0,0,0,0,0,0,0,0,0,0,0,0,0,0,0,0,0,0,0,0,0,0,0,0,0,0,0,0,0,0,0,0,0,0,0,0,0,0,0,0,0,0,0,0,0,0,0,0,0,0]
costo_por_agente [20,5,21,18,14,7,7,50,112,8,22,159,35,536,14,124,91,51,14,79,110,95,162,558,21,46,17,70,262,409,52,22,33,53,30,15,38,22,89,205,63,37,18,6,17,8,74,14,27,72,93,29,23,37,120,15,78,290,142,65,27,348,40,44,273,5,46,19,96,42,22,269,6,38,267,143,35,25,32,10,11,261,75,136,30,18,25,16,49,333,26,40,141,147,139,24,21,13,57,25,16,64,355,57,173,46,47,261,138,18,102,28,238,74,78,10,697,28,391,22,34,22,220,155,10,4,14,112,44,24,190,14,15,99,47,5,22,4,15,57,21,22,14,71,6,11,107,18,23,24,19,141,16,223,46,8,60,17,27,128,44,225,11,52,31,48,16,250,21,50]
completion_time_por_agente [21,6,22,20,15,8,8,53,119,9,29,161,36,537,15,129,105,54,15,87,117,102,164,560,22,55,18,79,267,412,66,23,34,75,31,16,46,24,90,206,65,49,19,8,18,9,77,16,29,81,95,30,24,38,122,16,81,293,150,77,28,349,43,51,276,6,53,21,106,63,23,270,7,49,268,145,48,26,38,11,13,263,81,138,31,20,26,17,50,335,27,49,143,153,144,25,22,14,69,29,18,74,356,65,176,52,60,266,140,21,105,29,239,84,83,11,708,29,394,26,36,23,223,159,11,5,15,119,53,25,191,16,16,104,50,6,23,5,16,66,24,24,16,78,8,12,108,20,24,25,20,142,17,226,57,9,71,18,28,129,62,226,12,53,32,49,17,255,24,63]
tiempo_ultimo_agente_goal 708
tiempo_en_acabar 708
tiempo_promedio 86.058823
agentes_en_goal 170
push_out_count 0
RUN 24
valores_ideales [0,0,0,0,0,0,0,0,0,0,0,0,0,0,0,0,0,0,0,0,0,0,0,0,0,0,0,0,0,0,0,0,0,0,0,0,0,0,0,0,0,0,0,0,0,0,0,0,0,0,0,0,0,0,0,0,0,0,0,0,0,0,0,0,0,0,0,0,0,0,0,0,0,0,0,0,0,0,0,0,0,0,0,0,0,0,0,0,0,0,0,0,0,0,0,0,0,0,0,0,0,0,0,0,0,0,0,0,0,0,0,0,0,0,0,0,0,0,0,0,0,0,0,0,0,0,0,0,0,0,0,0,0,0,0,0,0,0,0,0,0,0,0,0,0,0,0,0,0,0,0,0,0,0,0,0,0,0,0,0,0,0,0,0,0,0,0,0,0,0]
costo_por_agente [14,9,21,32,10,7,5,62,430,20,22,237,35,392,14,140,115,53,14,67,162,253,104,42,17,80,19,84,426,475,590,22,21,153,22,9,90,20,135,147,77,27,22,6,13,14,110,14,29,56,225,29,23,39,68,13,98,242,90,131,29,256,38,416,437,5,18,21,614,46,22,203,6,48,331,69,61,25,34,10,9,271,57,122,32,24,23,12,45,481,26,36,135,195,43,18,23,13,25,25,20,30,145,61,309,40,27,63,162,10,106,28,44,346,110,6,55,28,377,46,32,26,256,279,8,4,18,172,52,34,514,10,15,93,61,5,20,4,17,69,31,24,12,29,6,19,65,20,25,22,17,237,14,285,384,10,54,19,29,166,58,325,11,34,27,54,16,312,19,88]
completion_time_por_agente [15,10,22,34,11,8,6,64,432,21,24,239,36,393,15,144,122,55,15,73,165,262,105,51,18,82,20,87,429,477,600,23,23,155,24,10,93,23,136,150,90,29,23,7,14,15,112,16,30,58,226,30,24,41,72,15,101,249,93,137,30,259,39,428,439,6,22,25,618,51,23,207,7,55,333,72,74,26,37,11,10,273,59,123,33,25,24,13,46,482,27,40,136,198,50,19,24,15,31,26,21,35,146,66,311,44,28,68,165,11,108,29,53,350,112,7,58,29,379,55,33,27,257,282,9,5,19,175,57,35,517,11,16,96,62,6,21,5,18,70,41,25,13,33,7,21,68,21,26,23,18,239,15,290,386,11,61,20,30,172,67,326,12,35,28,56,17,320,20,94]
tiempo_ultimo_agente_goal 618
tiempo_en_acabar 618
tiempo_promedio 98.594116
agentes_en_goal 170
push_out_count 0
RUN 25
valores_ideales [0,0,0,0,0,0,0,0,0,0,0,0,0,0,0,0,0,0,0,0,0,0,0,0,0,0,0,0,0,0,0,0,0,0,0,0,0,0,0,0,0,0,0,0,0,0,0,0,0,0,0,0,0,0,0,0,0,0,0,0,0,0,0,0,0,0,0,0,0,0,0,0,0,0,0,0,0,0,0,0,0,0,0,0,0,0,0,0,0,0,0,0,0,0,0,0,0,0,0,0,0,0,0,0,0,0,0,0,0,0,0,0,0,0,0,0,0,0,0,0,0,0,0,0,0,0,0,0,0,0,0,0,0,0,0,0,0,0,0,0,0,0,0,0,0,0,0,0,0,0,0,0,0,0,0,0,0,0,0,0,0,0,0,0,0,0,0,0,0,0]
costo_por_agente [22,5,21,32,10,7,7,62,356,14,32,99,35,144,14,124,45,27,26,69,154,327,72,46,19,48,19,78,226,291,48,22,21,377,24,15,46,20,243,187,73,27,16,8,13,14,68,14,27,42,135,33,25,39,82,15,88,46,190,259,29,336,56,42,323,5,30,27,72,80,24,169,6,48,381,105,29,25,12,12,7,271,55,100,30,22,23,16,33,415,30,52,193,129,89,18,31,11,39,51,20,48,351,51,77,46,25,279,130,10,74,28,254,250,148,8,49,28,341,22,38,22,176,177,10,8,18,376,58,24,36,6,15,75,49,7,20,4,21,61,43,24,28,65,6,11,227,18,23,30,17,79,8,105,482,8,52,17,29,144,60,219,11,34,29,54,18,240,21,58]
completion_time_por_agente [23,6,22,33,11,8,8,67,359,16,33,102,36,145,15,127,51,29,27,75,156,335,74,49,20,53,20,83,235,292,60,23,22,380,25,17,61,22,245,189,82,32,18,9,14,15,72,16,28,48,136,34,26,48,84,16,90,51,197,267,30,341,64,46,325,6,37,28,75,87,26,172,7,54,382,107,33,26,24,13,8,274,57,104,31,24,24,17,34,417,31,53,195,131,96,19,32,12,48,59,21,54,352,54,79,49,30,281,136,11,75,29,255,257,149,9,61,29,344,28,41,23,178,180,11,9,19,380,60,25,49,7,16,86,52,8,21,5,22,65,54,26,29,70,7,12,228,19,24,31,18,81,9,108,490,9,57,18,30,152,67,223,12,35,30,56,19,244,22,66]
tiempo_ultimo_agente_goal 490
tiempo_en_acabar 490
tiempo_promedio 83.482353
agentes_en_goal 170
push_out_count 0
RUN 26
valores_ideales [0,0,0,0,0,0,0,0,0,0,0,0,0,0,0,0,0,0,0,0,0,0,0,0,0,0,0,0,0,0,0,0,0,0,0,0,0,0,0,0,0,0,0,0,0,0,0,0,0,0,0,0,0,0,0,0,0,0,0,0,0,0,0,0,0,0,0,0,0,0,0,0,0,0,0,0,0,0,0,0,0,0,0,0,0,0,0,0,0,0,0,0,0,0,0,0,0,0,0,0,0,0,0,0,0,0,0,0,0,0,0,0,0,0,0,0,0,0,0,0,0,0,0,0,0,0,0,0,0,0,0,0,0,0,0,0,0,0,0,0,0,0,0,0,0,0,0,0,0,0,0,0,0,0,0,0,0,0,0,0,0,0,0,0,0,0,0,0,0,0]
costo_por_agente [20,9,21,18,10,7,5,56,566,12,28,173,35,284,16,138,77,49,16,39,198,137,124,42,13,62,15,50,272,479,448,24,25,169,28,11,86,24,107,117,77,119,16,8,13,10,68,14,29,46,123,25,23,49,112,13,96,208,108,145,27,434,82,66,533,5,32,23,354,58,22,259,6,30,389,73,115,25,8,12,15,463,65,154,30,18,23,14,33,675,26,38,183,97,73,18,31,11,35,25,18,62,301,67,91,46,29,341,96,14,80,28,254,56,100,10,51,34,425,28,36,20,212,215,10,4,14,476,64,26,104,6,17,77,47,5,22,4,15,67,21,18,12,53,6,13,215,28,23,28,17,219,8,179,36,12,64,19,33,112,34,171,11,46,225,38,22,374,25,152]
completion_time_por_agente [22,11,23,20,11,8,6,60,574,13,29,176,36,286,19,142,91,55,17,54,202,139,126,52,14,74,16,64,277,480,459,25,27,171,29,12,96,25,110,118,78,127,17,9,14,11,76,16,30,59,125,26,24,62,115,15,98,210,113,153,28,436,87,79,535,6,41,24,358,66,23,261,7,36,390,77,118,26,9,13,16,466,71,155,31,19,24,15,34,676,27,45,184,100,77,19,32,12,48,30,19,71,302,74,92,53,38,343,99,16,85,29,255,70,101,11,54,35,427,30,37,21,215,220,11,5,15,478,82,27,105,7,18,83,50,6,23,5,16,76,28,19,13,57,7,14,217,29,24,29,18,220,9,183,42,13,68,20,34,117,46,173,12,48,228,39,23,377,26,153]
tiempo_ultimo_agente_goal 676
tiempo_en_acabar 676
tiempo_promedio 95.517647
agentes_en_goal 170
push_out_count 0
RUN 27
valores_ideales [0,0,0,0,0,0,0,0,0,0,0,0,0,0,0,0,0,0,0,0,0,0,0,0,0,0,0,0,0,0,0,0,0,0,0,0,0,0,0,0,0,0,0,0,0,0,0,0,0,0,0,0,0,0,0,0,0,0,0,0,0,0,0,0,0,0,0,0,0,0,0,0,0,0,0,0,0,0,0,0,0,0,0,0,0,0,0,0,0,0,0,0,0,0,0,0,0,0,0,0,0,0,0,0,0,0,0,0,0,0,0,0,0,0,0,0,0,0,0,0,0,0,0,0,0,0,0,0,0,0,0,0,0,0,0,0,0,0,0,0,0,0,0,0,0,0,0,0,0,0,0,0,0,0,0,0,0,0,0,0,0,0,0,0,0,0,0,0,0,0]
costo_por_agente [16,9,27,42,10,7,5,74,206,10,22,175,35,440,16,180,65,91,12,89,162,249,78,408,19,28,17,66,396,429,298,22,29,107,22,13,76,32,321,139,47,29,16,8,13,8,34,14,27,40,213,29,25,35,90,15,102,386,164,65,29,344,68,42,505,5,34,17,76,68,20,347,10,60,199,177,111,25,6,10,9,359,81,168,30,20,23,12,37,563,26,54,329,101,69,18,21,11,49,51,18,30,373,49,239,74,39,407,194,14,84,28,264,44,84,6,41,28,179,26,28,20,184,355,8,6,22,460,58,24,288,6,15,85,49,5,24,4,21,37,27,18,12,35,6,9,149,20,23,28,17,45,12,129,132,8,52,21,29,138,68,89,15,70,35,48,22,464,21,152]
completion_time_por_agente [17,10,28,43,11,8,6,80,216,12,27,178,36,441,17,181,73,95,13,91,174,253,84,410,20,31,18,74,399,432,304,23,30,111,23,15,84,33,325,141,61,31,17,9,14,9,45,16,28,47,215,30,26,36,91,16,103,392,169,73,30,346,73,50,509,6,40,18,78,77,22,348,11,71,201,179,115,27,7,11,10,361,84,170,32,21,24,13,38,564,27,61,331,104,78,19,23,13,55,58,19,37,374,52,240,81,47,412,197,15,90,29,266,55,92,7,45,29,182,32,29,22,188,360,9,7,24,461,71,25,291,7,16,92,50,6,26,5,22,44,36,19,13,37,7,10,152,21,24,29,18,52,13,135,138,9,57,22,30,141,77,91,16,71,36,49,23,473,22,154]
tiempo_ultimo_agente_goal 564
tiempo_en_acabar 564
tiempo_promedio 96.064705
agentes_en_goal 170
push_out_count 0
RUN 28
valores_ideales [0,0,0,0,0,0,0,0,0,0,0,0,0,0,0,0,0,0,0,0,0,0,0,0,0,0,0,0,0,0,0,0,0,0,0,0,0,0,0,0,0,0,0,0,0,0,0,0,0,0,0,0,0,0,0,0,0,0,0,0,0,0,0,0,0,0,0,0,0,0,0,0,0,0,0,0,0,0,0,0,0,0,0,0,0,0,0,0,0,0,0,0,0,0,0,0,0,0,0,0,0,0,0,0,0,0,0,0,0,0,0,0,0,0,0,0,0,0,0,0,0,0,0,0,0,0,0,0,0,0,0,0,0,0,0,0,0,0,0,0,0,0,0,0,0,0,0,0,0,0,0,0,0,0,0,0,0,0,0,0,0,0,0,0,0,0,0,0,0,0]
costo_por_agente [14,7,23,16,10,7,5,62,70,26,30,135,37,328,14,90,95,73,14,51,56,41,128,48,17,86,15,96,520,335,564,22,23,121,20,9,96,20,127,115,75,31,18,10,13,18,90,14,27,32,143,27,21,45,80,13,104,404,120,57,29,342,52,38,319,5,42,25,512,68,20,185,6,50,273,119,97,27,6,12,7,251,107,182,30,18,25,16,41,395,26,28,157,71,103,24,23,11,29,21,16,68,271,59,243,70,19,371,152,12,92,28,312,244,166,6,539,28,363,24,32,22,340,189,8,6,14,322,90,24,214,16,15,81,39,5,20,4,17,43,39,18,16,79,6,11,153,18,23,24,17,229,10,233,264,6,64,19,47,110,30,161,19,32,35,42,22,496,21,62]
completion_time_por_agente [15,8,24,17,11,8,6,66,88,28,38,136,38,330,15,92,99,80,15,64,62,55,130,71,18,92,16,105,522,336,573,23,25,138,21,11,102,21,129,119,94,39,19,12,14,19,108,16,28,50,145,28,22,52,83,14,112,413,132,85,30,343,63,41,321,6,54,26,513,72,21,188,7,74,276,120,107,29,8,13,8,257,113,184,32,19,26,17,42,397,27,39,159,76,107,25,24,12,44,24,17,71,272,66,246,81,20,376,158,13,95,29,313,251,167,7,546,29,365,32,33,23,341,191,9,7,15,323,92,25,217,18,16,86,46,6,21,5,18,54,56,19,17,87,7,13,154,19,24,25,18,231,11,234,266,7,79,20,48,112,43,163,20,33,36,43,23,502,22,85]
tiempo_ultimo_agente_goal 573
tiempo_en_acabar 573
tiempo_promedio 95.841179
agentes_en_goal 170
push_out_count 0
RUN 29
valores_ideales [0,0,0,0,0,0,0,0,0,0,0,0,0,0,0,0,0,0,0,0,0,0,0,0,0,0,0,0,0,0,0,0,0,0,0,0,0,0,0,0,0,0,0,0,0,0,0,0,0,0,0,0,0,0,0,0,0,0,0,0,0,0,0,0,0,0,0,0,0,0,0,0,0,0,0,0,0,0,0,0,0,0,0,0,0,0,0,0,0,0,0,0,0,0,0,0,0,0,0,0,0,0,0,0,0,0,0,0,0,0,0,0,0,0,0,0,0,0,0,0,0,0,0,0,0,0,0,0,0,0,0,0,0,0,0,0,0,0,0,0,0,0,0,0,0,0,0,0,0,0,0,0,0,0,0,0,0,0,0,0,0,0,0,0,0,0,0,0,0,0]
costo_por_agente [24,7,23,32,14,7,7,54,356,8,22,119,35,292,16,154,117,39,16,61,148,41,104,62,21,80,23,58,576,635,310,22,23,201,20,11,50,24,139,107,45,31,20,6,13,18,64,14,27,42,239,25,21,35,82,17,70,40,120,51,27,318,44,34,433,5,34,21,530,30,20,163,6,42,339,93,31,25,12,10,7,255,61,84,34,18,23,12,45,363,26,46,137,95,89,26,53,13,59,53,24,54,301,61,243,70,33,325,80,12,114,28,322,306,108,8,51,30,455,26,26,24,200,307,8,6,24,222,52,28,480,12,17,69,59,5,26,4,17,95,27,20,12,75,6,9,179,18,23,26,21,261,8,121,502,8,64,15,29,142,30,249,11,52,33,48,20,50,27,80]
completion_time_por_agente [25,8,24,33,15,8,8,56,363,10,27,120,36,293,17,155,121,47,17,68,149,49,105,70,22,86,24,65,580,636,312,23,24,205,22,12,64,26,141,110,51,33,21,7,14,19,66,16,28,54,241,26,22,36,85,18,73,41,123,62,28,319,51,37,435,6,45,23,532,31,21,165,7,53,341,95,38,27,13,11,8,256,67,85,36,19,25,13,48,364,27,49,139,98,91,27,55,14,63,56,25,59,303,63,245,73,42,330,82,13,121,29,330,309,110,9,55,31,457,31,27,25,202,310,9,7,25,225,59,29,482,13,18,73,60,6,27,5,18,97,34,21,13,78,7,10,181,19,24,27,23,266,9,122,506,9,73,16,30,147,36,252,12,55,34,49,21,54,28,84]
tiempo_ultimo_agente_goal 636
tiempo_en_acabar 636
tiempo_promedio 92.376472
agentes_en_goal 170
push_out_count 0
RUN 30
valores_ideales [0,0,0,0,0,0,0,0,0,0,0,0,0,0,0,0,0,0,0,0,0,0,0,0,0,0,0,0,0,0,0,0,0,0,0,0,0,0,0,0,0,0,0,0,0,0,0,0,0,0,0,0,0,0,0,0,0,0,0,0,0,0,0,0,0,0,0,0,0,0,0,0,0,0,0,0,0,0,0,0,0,0,0,0,0,0,0,0,0,0,0,0,0,0,0,0,0,0,0,0,0,0,0,0,0,0,0,0,0,0,0,0,0,0,0,0,0,0,0,0,0,0,0,0,0,0,0,0,0,0,0,0,0,0,0,0,0,0,0,0,0,0,0,0,0,0,0,0,0,0,0,0,0,0,0,0,0,0,0,0,0,0,0,0,0,0,0,0,0,0]
costo_por_agente [18,5,21,14,10,7,5,48,390,10,22,125,37,170,14,176,37,37,24,25,280,179,104,448,19,58,17,70,416,375,424,24,25,317,26,25,60,24,137,153,27,27,16,8,13,20,74,18,27,26,89,31,21,35,54,13,56,540,40,45,29,446,36,40,505,5,46,19,596,38,20,311,6,34,339,117,43,27,10,10,7,447,69,114,30,22,23,12,33,383,26,52,165,147,67,26,23,13,65,21,22,34,235,63,205,38,61,71,88,10,72,30,168,84,106,6,463,28,391,26,38,26,98,255,10,6,18,396,64,34,236,6,15,103,43,5,20,4,15,65,43,28,12,69,6,9,135,28,33,26,21,211,16,123,302,8,66,15,37,82,26,247,11,42,55,46,14,386,35,258]
completion_time_por_agente [20,6,22,15,11,8,6,51,395,12,23,126,38,171,15,179,44,40,26,29,286,181,110,455,20,68,18,74,417,376,426,25,27,319,27,26,67,26,139,157,28,30,17,9,14,21,77,20,28,28,90,32,22,37,58,14,60,542,42,47,30,447,37,45,507,6,51,20,600,41,21,313,7,40,341,118,45,28,11,11,8,449,72,115,31,23,24,13,34,384,27,57,168,151,72,27,24,14,68,23,23,38,237,65,207,44,64,76,90,12,74,32,172,91,107,7,475,29,393,31,39,27,100,259,11,7,19,400,77,35,237,7,16,104,49,6,21,5,16,70,53,29,13,74,7,10,138,29,34,27,22,214,17,124,308,9,77,16,38,89,29,248,12,43,65,47,15,389,37,259]
tiempo_ultimo_agente_goal 600
tiempo_en_acabar 600
tiempo_promedio 96.729408
agentes_en_goal 170
push_out_count 0
RUN 31
valores_ideales [0,0,0,0,0,0,0,0,0,0,0,0,0,0,0,0,0,0,0,0,0,0,0,0,0,0,0,0,0,0,0,0,0,0,0,0,0,0,0,0,0,0,0,0,0,0,0,0,0,0,0,0,0,0,0,0,0,0,0,0,0,0,0,0,0,0,0,0,0,0,0,0,0,0,0,0,0,0,0,0,0,0,0,0,0,0,0,0,0,0,0,0,0,0,0,0,0,0,0,0,0,0,0,0,0,0,0,0,0,0,0,0,0,0,0,0,0,0,0,0,0,0,0,0,0,0,0,0,0,0,0,0,0,0,0,0,0,0,0,0,0,0,0,0,0,0,0,0,0,0,0,0,0,0,0,0,0,0,0,0,0,0,0,0,0,0,0,0,0,0]
costo_por_agente [16,9,19,28,10,7,7,62,336,18,26,45,35,428,22,224,115,85,12,83,76,205,104,46,27,98,15,54,274,325,40,22,21,469,24,21,98,22,199,195,29,97,16,6,13,16,80,18,27,68,149,33,21,35,32,15,116,248,142,333,29,178,62,54,327,5,26,19,596,94,22,287,6,82,231,67,39,25,32,10,15,525,87,172,32,28,23,18,35,657,26,40,125,117,113,18,15,13,67,17,18,38,335,47,297,94,21,89,222,18,118,28,230,316,82,6,577,28,247,20,32,22,284,243,12,4,26,384,66,36,106,8,15,129,51,9,20,4,17,79,49,18,16,81,8,13,311,22,23,24,19,63,12,249,640,10,66,17,35,128,104,127,11,54,405,42,20,236,19,116]
completion_time_por_agente [17,11,20,29,11,8,8,65,346,20,29,84,36,429,32,230,120,103,13,91,96,207,106,51,28,105,16,83,285,326,46,23,22,470,25,22,106,24,201,198,38,103,17,7,14,17,85,20,28,90,155,35,22,38,43,17,125,252,158,338,30,180,70,84,328,6,62,20,598,101,23,288,7,112,232,86,51,26,35,11,16,526,91,173,33,29,24,19,36,659,27,48,127,120,119,19,16,14,80,19,19,65,337,84,306,99,27,118,226,20,120,29,234,323,88,7,583,29,249,28,33,23,286,244,13,5,30,387,93,38,110,9,16,137,56,10,21,5,18,88,92,19,17,88,9,14,313,23,24,25,20,89,13,252,644,11,93,18,36,134,111,129,12,60,411,44,21,238,21,127]
tiempo_ultimo_agente_goal 659
tiempo_en_acabar 659
tiempo_promedio 105.941177
agentes_en_goal 170
push_out_count 0
RUN 32
valores_ideales [0,0,0,0,0,0,0,0,0,0,0,0,0,0,0,0,0,0,0,0,0,0,0,0,0,0,0,0,0,0,0,0,0,0,0,0,0,0,0,0,0,0,0,0,0,0,0,0,0,0,0,0,0,0,0,0,0,0,0,0,0,0,0,0,0,0,0,0,0,0,0,0,0,0,0,0,0,0,0,0,0,0,0,0,0,0,0,0,0,0,0,0,0,0,0,0,0,0,0,0,0,0,0,0,0,0,0,0,0,0,0,0,0,0,0,0,0,0,0,0,0,0,0,0,0,0,0,0,0,0,0,0,0,0,0,0,0,0,0,0,0,0,0,0,0,0,0,0,0,0,0,0,0,0,0,0,0,0,0,0,0,0,0,0,0,0,0,0,0,0]
costo_por_agente [24,7,27,28,10,7,5,76,182,8,20,181,35,286,12,114,103,51,24,65,118,199,46,476,13,72,19,60,312,565,40,22,21,257,26,11,66,26,103,207,75,29,16,8,13,14,82,14,27,44,203,27,21,41,116,13,118,38,124,47,29,314,86,78,199,5,30,21,398,70,20,239,12,34,285,97,33,27,34,16,9,303,71,112,32,28,27,12,33,421,26,46,169,209,117,18,23,11,41,27,20,32,381,51,325,88,17,61,136,12,106,28,188,70,104,6,563,28,383,36,34,20,210,173,8,4,18,358,54,24,294,6,17,35,51,5,20,4,21,69,27,18,12,63,6,9,225,18,23,26,19,103,8,89,274,6,72,15,31,70,46,143,13,68,39,56,20,68,25,64]
completion_time_por_agente [26,9,28,30,11,8,6,79,188,9,22,185,36,287,14,124,106,53,25,70,121,202,57,481,15,76,20,65,323,567,46,23,23,260,27,12,76,27,109,208,84,33,17,9,14,15,92,16,28,53,207,28,22,50,121,14,120,44,130,53,30,318,91,80,201,6,37,22,399,78,21,240,13,46,286,99,41,29,48,17,10,304,74,113,33,29,28,13,34,423,27,54,175,213,124,19,24,12,48,31,21,42,382,58,327,90,19,68,137,13,108,29,189,78,106,7,575,29,387,39,37,21,214,174,9,5,19,361,63,25,295,7,18,41,52,6,21,5,22,74,39,19,13,70,7,10,226,20,24,27,20,104,9,91,280,7,75,16,32,72,54,144,14,69,47,59,21,75,26,78]
tiempo_ultimo_agente_goal 575
tiempo_en_acabar 575
tiempo_promedio 88.323532
agentes_en_goal 170
push_out_count 0
RUN 33
valores_ideales [0,0,0,0,0,0,0,0,0,0,0,0,0,0,0,0,0,0,0,0,0,0,0,0,0,0,0,0,0,0,0,0,0,0,0,0,0,0,0,0,0,0,0,0,0,0,0,0,0,0,0,0,0,0,0,0,0,0,0,0,0,0,0,0,0,0,0,0,0,0,0,0,0,0,0,0,0,0,0,0,0,0,0,0,0,0,0,0,0,0,0,0,0,0,0,0,0,0,0,0,0,0,0,0,0,0,0,0,0,0,0,0,0,0,0,0,0,0,0,0,0,0,0,0,0,0,0,0,0,0,0,0,0,0,0,0,0,0,0,0,0,0,0,0,0,0,0,0,0,0,0,0,0,0,0,0,0,0,0,0,0,0,0,0,0,0,0,0,0,0]
costo_por_agente [20,5,21,36,10,9,7,48,40,26,22,117,35,670,12,186,109,51,16,67,210,249,120,576,15,84,29,98,448,383,542,22,21,301,24,9,88,20,175,143,29,31,16,8,13,14,72,14,27,42,137,27,21,41,84,17,78,374,148,73,29,500,48,42,349,5,38,17,468,32,20,263,6,32,227,119,75,25,8,16,11,131,83,148,32,34,25,14,35,277,26,44,105,153,181,18,19,13,33,37,18,72,435,37,241,42,89,61,180,10,68,28,324,240,174,6,643,34,309,32,36,24,176,201,8,4,24,370,54,26,218,6,17,77,73,5,20,4,15,99,73,20,16,45,10,9,213,18,23,22,19,199,14,215,58,8,46,15,29,66,52,245,13,48,29,40,16,60,19,68]
completion_time_por_agente [21,6,22,39,11,10,8,50,46,27,23,118,36,672,13,190,119,58,17,75,213,257,121,583,17,86,30,111,450,386,550,23,22,304,25,10,94,21,178,145,35,34,17,9,14,15,76,16,28,53,140,28,22,44,89,19,82,376,151,80,30,502,59,46,350,6,43,18,474,40,21,264,7,36,228,121,82,27,9,17,13,133,85,150,33,37,26,15,36,279,27,48,106,156,185,19,21,14,47,49,19,76,436,41,243,47,91,68,183,11,76,29,326,245,176,7,648,35,310,35,39,25,178,203,9,5,25,374,58,27,222,7,18,83,76,6,21,5,16,103,83,21,17,55,11,10,214,19,24,24,20,200,15,216,70,9,51,16,30,74,66,247,14,53,30,42,18,68,20,81]
tiempo_ultimo_agente_goal 672
tiempo_en_acabar 672
tiempo_promedio 98.788239
agentes_en_goal 170
push_out_count 0
RUN 34
valores_ideales [0,0,0,0,0,0,0,0,0,0,0,0,0,0,0,0,0,0,0,0,0,0,0,0,0,0,0,0,0,0,0,0,0,0,0,0,0,0,0,0,0,0,0,0,0,0,0,0,0,0,0,0,0,0,0,0,0,0,0,0,0,0,0,0,0,0,0,0,0,0,0,0,0,0,0,0,0,0,0,0,0,0,0,0,0,0,0,0,0,0,0,0,0,0,0,0,0,0,0,0,0,0,0,0,0,0,0,0,0,0,0,0,0,0,0,0,0,0,0,0,0,0,0,0,0,0,0,0,0,0,0,0,0,0,0,0,0,0,0,0,0,0,0,0,0,0,0,0,0,0,0,0,0,0,0,0,0,0,0,0,0,0,0,0,0,0,0,0,0,0]
costo_por_agente [20,11,19,30,10,7,7,52,236,14,24,119,41,540,22,76,35,61,14,85,228,227,112,256,19,36,27,70,310,229,42,26,21,289,18,9,64,20,137,227,71,31,16,10,13,10,38,16,27,86,123,25,21,35,94,17,84,40,152,71,25,364,72,44,395,5,42,17,416,56,28,143,12,30,239,113,131,25,10,16,7,259,63,152,30,18,27,12,39,531,26,36,73,123,31,20,19,11,27,43,20,70,275,53,165,38,57,61,82,10,58,32,40,74,174,6,49,28,261,28,40,24,136,177,8,4,18,324,42,28,392,6,15,81,51,7,20,4,15,59,59,18,12,33,10,9,229,18,23,24,19,233,10,107,450,6,56,21,25,80,68,257,11,52,331,52,12,266,21,116]
completion_time_por_agente [22,14,20,33,11,8,8,54,238,16,27,122,42,541,26,80,36,64,15,89,229,238,115,263,20,42,28,74,315,230,48,27,22,293,19,10,76,21,139,232,79,40,17,11,14,11,47,18,29,88,126,26,22,37,96,18,85,45,159,81,26,367,73,60,396,6,44,19,419,66,29,146,13,33,240,116,134,26,13,17,8,261,68,153,32,19,28,13,40,534,27,44,77,126,36,21,20,12,36,48,21,76,279,57,167,41,61,67,87,11,61,33,43,81,175,7,51,29,264,34,41,25,138,184,9,5,20,326,46,29,394,7,16,88,53,8,21,5,16,64,63,19,13,37,11,10,230,19,24,25,20,235,11,109,453,7,61,22,26,83,80,259,12,55,333,54,13,271,22,122]
tiempo_ultimo_agente_goal 541
tiempo_en_acabar 541
tiempo_promedio 86.123528
agentes_en_goal 170
push_out_count 0
RUN 35
valores_ideales [0,0,0,0,0,0,0,0,0,0,0,0,0,0,0,0,0,0,0,0,0,0,0,0,0,0,0,0,0,0,0,0,0,0,0,0,0,0,0,0,0,0,0,0,0,0,0,0,0,0,0,0,0,0,0,0,0,0,0,0,0,0,0,0,0,0,0,0,0,0,0,0,0,0,0,0,0,0,0,0,0,0,0,0,0,0,0,0,0,0,0,0,0,0,0,0,0,0,0,0,0,0,0,0,0,0,0,0,0,0,0,0,0,0,0,0,0,0,0,0,0,0,0,0,0,0,0,0,0,0,0,0,0,0,0,0,0,0,0,0,0,0,0,0,0,0,0,0,0,0,0,0,0,0,0,0,0,0,0,0,0,0,0,0,0,0,0,0,0,0]
costo_por_agente [18,17,19,24,10,7,5,60,56,8,46,119,35,330,12,132,139,71,24,41,158,103,76,52,19,100,21,74,370,539,542,26,21,121,18,11,92,24,129,101,39,93,22,12,13,12,50,16,27,42,137,29,23,41,36,17,108,478,226,89,27,346,62,70,445,5,36,27,380,82,20,283,6,74,257,65,27,25,14,12,9,445,33,130,32,18,21,12,33,393,26,50,37,127,145,18,25,11,69,31,18,74,451,79,229,46,63,337,166,10,110,28,226,298,118,6,435,28,341,20,46,24,148,197,8,6,14,76,84,28,360,6,15,135,43,5,22,4,15,93,21,18,12,43,6,11,129,18,25,26,25,135,10,155,536,8,76,19,25,106,28,147,15,34,381,38,24,370,19,120]
completion_time_por_agente [19,20,21,26,11,8,6,61,65,9,51,121,36,331,13,138,147,83,25,52,160,108,79,59,20,103,22,82,373,540,549,27,22,124,19,12,97,25,133,103,50,99,23,13,14,13,67,18,28,62,139,30,24,52,45,18,119,485,232,95,28,350,68,85,446,6,66,29,381,88,21,284,7,86,258,78,37,26,17,13,10,446,51,133,33,19,22,13,34,394,27,70,49,131,148,19,26,12,85,34,19,87,453,81,232,59,70,341,169,11,112,29,233,306,122,7,449,29,343,29,48,26,150,200,9,7,15,99,92,29,362,7,16,136,57,6,24,5,16,99,28,19,13,52,7,13,132,19,26,27,27,139,11,157,545,9,79,20,26,112,36,148,16,35,393,40,25,381,20,121]
tiempo_ultimo_agente_goal 549
tiempo_en_acabar 549
tiempo_promedio 99.505882
agentes_en_goal 170
push_out_count 0
RUN 36
valores_ideales [0,0,0,0,0,0,0,0,0,0,0,0,0,0,0,0,0,0,0,0,0,0,0,0,0,0,0,0,0,0,0,0,0,0,0,0,0,0,0,0,0,0,0,0,0,0,0,0,0,0,0,0,0,0,0,0,0,0,0,0,0,0,0,0,0,0,0,0,0,0,0,0,0,0,0,0,0,0,0,0,0,0,0,0,0,0,0,0,0,0,0,0,0,0,0,0,0,0,0,0,0,0,0,0,0,0,0,0,0,0,0,0,0,0,0,0,0,0,0,0,0,0,0,0,0,0,0,0,0,0,0,0,0,0,0,0,0,0,0,0,0,0,0,0,0,0,0,0,0,0,0,0,0,0,0,0,0,0,0,0,0,0,0,0,0,0,0,0,0,0]
costo_por_agente [14,7,23,14,14,7,7,42,36,18,20,205,35,508,26,136,99,35,14,83,64,151,114,490,17,124,25,92,260,537,408,24,27,423,16,9,108,20,177,193,45,31,16,10,19,20,48,14,27,66,117,27,21,193,94,15,104,324,44,577,31,290,88,44,373,5,56,23,358,68,22,211,6,46,259,103,25,25,22,12,9,503,77,130,30,24,29,12,33,277,26,46,199,97,39,16,23,11,65,37,18,66,485,59,395,38,31,85,172,16,96,28,354,64,120,6,599,28,399,38,36,24,164,215,34,4,22,480,54,24,152,6,15,57,59,7,20,4,21,93,33,18,14,79,6,11,209,36,29,28,19,249,10,311,400,8,78,21,25,106,30,133,15,52,27,58,14,64,19,274]
completion_time_por_agente [15,9,24,15,15,8,8,45,46,20,24,208,36,509,32,141,102,42,15,86,73,157,118,498,19,128,27,94,270,539,410,25,28,428,17,10,112,23,183,194,64,36,17,11,20,22,67,16,28,69,120,28,22,203,105,16,107,332,55,581,32,291,94,58,374,6,67,24,359,72,23,212,7,72,261,106,34,27,32,13,10,504,80,131,31,25,30,13,34,279,27,49,200,103,58,17,25,12,75,42,20,76,486,71,396,65,42,99,174,18,98,29,360,79,125,7,606,29,401,43,37,25,167,218,42,5,23,482,67,25,154,7,16,70,67,8,21,5,22,94,44,19,16,84,7,12,211,37,30,29,20,251,11,314,402,9,85,22,26,108,45,135,16,58,30,60,15,69,20,281]
tiempo_ultimo_agente_goal 606
tiempo_en_acabar 606
tiempo_promedio 104.858826
agentes_en_goal 170
push_out_count 0
RUN 37
valores_ideales [0,0,0,0,0,0,0,0,0,0,0,0,0,0,0,0,0,0,0,0,0,0,0,0,0,0,0,0,0,0,0,0,0,0,0,0,0,0,0,0,0,0,0,0,0,0,0,0,0,0,0,0,0,0,0,0,0,0,0,0,0,0,0,0,0,0,0,0,0,0,0,0,0,0,0,0,0,0,0,0,0,0,0,0,0,0,0,0,0,0,0,0,0,0,0,0,0,0,0,0,0,0,0,0,0,0,0,0,0,0,0,0,0,0,0,0,0,0,0,0,0,0,0,0,0,0,0,0,0,0,0,0,0,0,0,0,0,0,0,0,0,0,0,0,0,0,0,0,0,0,0,0,0,0,0,0,0,0,0,0,0,0,0,0,0,0,0,0,0,0]
costo_por_agente [26,19,23,32,10,7,5,76,338,34,28,47,41,274,20,180,49,69,16,55,176,305,160,410,19,84,19,56,422,609,640,22,21,145,18,11,84,20,201,149,65,33,22,6,15,10,76,14,29,30,133,25,23,133,92,13,96,392,36,393,29,292,62,36,395,5,30,27,672,64,20,361,6,58,359,117,119,29,14,12,7,423,75,72,30,18,23,12,33,251,26,50,149,109,143,24,23,11,27,27,20,36,155,59,229,68,25,487,122,14,118,28,214,270,100,6,457,28,285,20,28,20,280,167,8,4,20,506,62,24,138,6,15,79,61,5,20,4,15,47,51,18,12,71,8,15,123,18,23,32,17,211,10,163,464,8,46,33,39,102,36,215,17,46,39,44,22,62,19,98]
completion_time_por_agente [27,20,24,33,11,8,6,80,358,36,40,65,42,275,22,183,64,80,17,64,178,313,161,417,20,88,20,63,430,610,651,23,22,150,19,12,87,22,204,152,79,37,23,7,16,11,79,16,30,42,135,26,24,153,101,14,99,398,54,402,30,293,68,47,397,6,43,28,674,71,21,362,7,78,360,119,120,30,18,13,8,424,76,76,31,19,24,14,34,256,27,55,151,111,146,25,25,12,40,42,21,47,156,67,231,77,36,491,124,15,121,29,216,275,101,7,465,29,287,26,29,21,281,176,9,5,21,507,66,25,139,7,16,82,63,6,21,5,16,62,59,19,14,79,9,16,124,19,24,33,18,214,11,166,469,9,54,34,40,104,48,220,18,54,54,45,23,73,21,101]
tiempo_ultimo_agente_goal 674
tiempo_en_acabar 674
tiempo_promedio 104.552940
agentes_en_goal 170
push_out_count 0
RUN 38
valores_ideales [0,0,0,0,0,0,0,0,0,0,0,0,0,0,0,0,0,0,0,0,0,0,0,0,0,0,0,0,0,0,0,0,0,0,0,0,0,0,0,0,0,0,0,0,0,0,0,0,0,0,0,0,0,0,0,0,0,0,0,0,0,0,0,0,0,0,0,0,0,0,0,0,0,0,0,0,0,0,0,0,0,0,0,0,0,0,0,0,0,0,0,0,0,0,0,0,0,0,0,0,0,0,0,0,0,0,0,0,0,0,0,0,0,0,0,0,0,0,0,0,0,0,0,0,0,0,0,0,0,0,0,0,0,0,0,0,0,0,0,0,0,0,0,0,0,0,0,0,0,0,0,0,0,0,0,0,0,0,0,0,0,0,0,0,0,0,0,0,0,0]
costo_por_agente [16,9,23,16,18,7,7,60,374,14,28,195,35,530,24,144,83,65,16,25,58,239,134,460,21,96,25,76,436,643,554,22,21,117,30,9,80,26,93,191,85,31,16,10,15,20,70,14,29,38,159,39,25,35,138,15,94,408,122,307,29,218,44,44,335,5,28,27,286,62,22,235,6,66,401,77,25,25,10,12,17,353,99,126,38,24,27,12,41,461,26,44,187,101,41,18,23,13,47,51,24,74,133,53,283,74,35,77,106,10,124,28,350,324,130,6,39,34,513,34,40,22,246,225,10,4,20,340,84,28,222,14,15,117,53,5,20,12,23,99,39,18,12,55,6,9,165,18,25,30,17,173,10,181,588,8,76,15,27,122,72,113,11,42,37,36,24,490,19,120]
completion_time_por_agente [17,11,24,17,19,8,8,67,380,16,31,197,36,532,27,147,87,81,17,31,69,245,136,463,22,100,26,81,438,646,558,23,22,122,32,11,91,27,97,193,90,37,18,12,16,21,77,16,30,66,161,40,26,36,141,17,99,409,125,323,30,221,58,52,337,6,57,28,288,78,23,236,7,100,403,83,38,26,12,13,18,357,105,127,39,25,28,14,44,462,27,46,188,104,62,19,25,15,67,63,25,80,135,73,286,81,59,89,110,11,126,29,377,329,133,7,51,35,514,39,41,23,250,226,11,5,21,343,90,29,223,16,16,119,56,6,21,13,24,102,69,19,14,67,7,10,167,19,26,31,18,177,12,182,595,9,89,16,29,127,90,115,12,44,46,37,25,498,20,121]
tiempo_ultimo_agente_goal 646
tiempo_en_acabar 646
tiempo_promedio 104.476471
agentes_en_goal 170
push_out_count 0
RUN 39
valores_ideales [0,0,0,0,0,0,0,0,0,0,0,0,0,0,0,0,0,0,0,0,0,0,0,0,0,0,0,0,0,0,0,0,0,0,0,0,0,0,0,0,0,0,0,0,0,0,0,0,0,0,0,0,0,0,0,0,0,0,0,0,0,0,0,0,0,0,0,0,0,0,0,0,0,0,0,0,0,0,0,0,0,0,0,0,0,0,0,0,0,0,0,0,0,0,0,0,0,0,0,0,0,0,0,0,0,0,0,0,0,0,0,0,0,0,0,0,0,0,0,0,0,0,0,0,0,0,0,0,0,0,0,0,0,0,0,0,0,0,0,0,0,0,0,0,0,0,0,0,0,0,0,0,0,0,0,0,0,0,0,0,0,0,0,0,0,0,0,0,0,0]
costo_por_agente [20,5,23,14,10,7,5,72,128,10,64,249,35,276,20,102,157,63,14,87,234,121,108,268,23,62,15,64,444,375,672,24,21,85,30,9,66,20,81,129,63,29,16,8,15,16,66,14,27,30,183,25,23,365,100,15,114,296,130,341,27,222,50,60,377,5,32,19,350,68,24,219,6,78,293,121,87,25,6,14,9,211,39,148,32,18,21,12,33,207,26,46,251,109,81,16,25,13,23,31,18,72,177,59,133,58,31,309,190,16,98,28,206,188,148,10,491,28,347,38,26,24,206,145,10,4,14,428,60,24,264,6,17,91,53,5,26,4,19,47,29,18,12,71,10,15,117,18,23,28,21,139,8,235,68,6,50,19,37,162,74,135,13,50,27,58,20,276,19,102]
completion_time_por_agente [21,6,24,15,11,8,6,75,131,12,70,250,36,277,21,108,161,84,15,99,235,122,110,278,24,69,17,70,447,378,696,25,22,104,31,10,85,25,87,132,81,39,17,9,16,17,72,16,28,43,184,26,24,380,105,16,120,301,133,351,28,225,59,81,379,6,51,21,351,77,25,220,7,93,296,123,90,26,8,15,10,212,53,149,33,19,22,13,34,210,27,53,254,117,85,17,27,14,37,49,19,78,178,70,134,78,57,314,193,18,100,29,208,192,149,11,514,29,351,50,28,25,208,149,11,5,16,429,72,25,266,7,18,100,58,6,29,5,20,64,54,19,14,79,11,17,118,19,24,29,22,140,9,241,93,7,64,20,38,168,79,138,14,54,28,59,21,284,21,116]
tiempo_ultimo_agente_goal 696
tiempo_en_acabar 696
tiempo_promedio 95.905884
agentes_en_goal 170
push_out_count 0
