RUN 0
valores_ideales [0,0,0,0,0,0,0,0,0,0,0,0,0,0,0,0,0,0,0,0,0,0,0,0,0,0,0,0,0,0,0,0,0,0,0,0,0,0,0,0,0,0,0,0,0,0,0,0,0,0,0,0,0,0,0,0,0,0,0,0,0,0,0,0,0,0,0,0,0,0,0,0,0,0,0,0,0,0,0,0,0,0,0,0,0,0,0,0,0,0,0,0,0,0,0,0,0,0,0,0,0,0,0,0,0,0,0,0,0,0,0,0,0,0,0,0,0,0,0,0]
costo_por_agente [256,38,76,118,8,28,4,10,447,6,116,131,18,88,3,443,69,77,87,69,50,432,272,21,48,24,6,13,28,109,43,37,10,203,5,407,95,10,186,148,388,30,28,11,3,7,50,445,14,3,14,99,36,13,8,62,142,21,341,229,18,25,3,18,8,213,15,22,442,14,6,48,286,18,10,64,211,11,594,25,19,22,61,31,33,46,129,71,101,116,37,254,35,426,426,2,75,13,28,58,10,30,103,22,28,3,44,54,364,393,8,443,33,25,11,18,135,5,31,9]
completion_time_por_agente [257,41,77,119,9,29,5,11,448,7,117,133,19,93,4,451,71,83,90,70,53,435,274,23,51,25,7,14,29,112,44,41,11,205,6,409,96,11,187,149,389,32,37,12,4,8,55,447,15,4,15,100,37,14,9,65,143,22,342,231,20,27,4,19,10,214,16,23,443,15,7,51,292,19,11,65,214,12,595,27,21,23,63,32,34,54,134,72,102,117,42,255,39,427,428,3,76,14,30,63,11,38,106,23,31,4,45,57,365,395,9,444,34,26,12,19,138,6,36,10]
tiempo_ultimo_agente_goal 595
tiempo_en_acabar 595
tiempo_promedio 101.824997
agentes_en_goal 120
push_out_count 0
RUN 1
valores_ideales [0,0,0,0,0,0,0,0,0,0,0,0,0,0,0,0,0,0,0,0,0,0,0,0,0,0,0,0,0,0,0,0,0,0,0,0,0,0,0,0,0,0,0,0,0,0,0,0,0,0,0,0,0,0,0,0,0,0,0,0,0,0,0,0,0,0,0,0,0,0,0,0,0,0,0,0,0,0,0,0,0,0,0,0,0,0,0,0,0,0,0,0,0,0,0,0,0,0,0,0,0,0,0,0,0,0,0,0,0,0,0,0,0,0,0,0,0,0,0,0]
costo_por_agente [192,32,156,156,8,28,4,10,181,6,132,311,16,26,3,47,55,109,89,63,38,412,130,21,98,26,6,11,22,135,61,367,10,365,5,277,71,10,220,96,382,26,46,13,3,5,150,541,14,3,14,121,274,13,10,66,214,23,221,193,18,33,3,18,8,69,17,22,400,14,6,58,42,18,10,48,187,11,140,25,29,22,95,33,33,162,31,75,69,236,37,126,87,58,380,2,67,11,30,62,12,42,249,18,22,3,34,72,382,311,12,475,25,25,11,22,229,5,29,7]
completion_time_por_agente [193,33,157,157,9,29,5,11,183,7,133,312,17,27,4,53,57,110,90,65,39,414,132,23,101,28,7,12,23,136,62,368,11,367,6,282,72,11,222,97,384,27,50,14,4,6,155,543,15,4,15,122,275,14,11,69,217,24,222,195,19,38,4,19,9,72,18,23,401,15,7,62,50,19,11,49,193,12,142,27,37,23,97,34,34,163,38,76,70,237,40,127,88,64,381,3,71,12,31,64,13,43,251,19,26,4,35,74,384,312,13,476,26,26,12,24,230,6,32,8]
tiempo_ultimo_agente_goal 543
tiempo_en_acabar 543
tiempo_promedio 94.375000
agentes_en_goal 120
push_out_count 0
RUN 2
valores_ideales [0,0,0,0,0,0,0,0,0,0,0,0,0,0,0,0,0,0,0,0,0,0,0,0,0,0,0,0,0,0,0,0,0,0,0,0,0,0,0,0,0,0,0,0,0,0,0,0,0,0,0,0,0,0,0,0,0,0,0,0,0,0,0,0,0,0,0,0,0,0,0,0,0,0,0,0,0,0,0,0,0,0,0,0,0,0,0,0,0,0,0,0,0,0,0,0,0,0,0,0,0,0,0,0,0,0,0,0,0,0,0,0,0,0,0,0,0,0,0,0]
costo_por_agente [416,32,200,238,8,28,4,10,335,6,220,75,22,32,3,327,69,249,79,75,24,612,208,21,46,22,6,11,26,325,31,205,10,257,5,29,49,10,164,156,344,32,46,11,3,7,250,159,14,3,14,367,392,13,8,64,434,23,225,39,20,25,3,18,6,51,19,22,50,14,6,94,66,18,10,36,121,11,514,17,23,22,71,31,33,90,29,65,29,252,41,88,41,66,536,2,59,13,36,48,14,58,273,18,22,3,26,24,538,313,8,559,23,25,19,14,231,5,35,9]
completion_time_por_agente [418,33,203,239,9,29,5,11,337,7,222,78,23,35,4,332,72,251,81,77,26,616,209,23,49,23,7,12,27,329,33,206,11,260,6,30,58,11,165,159,345,33,49,12,4,8,251,161,15,4,15,368,394,14,9,68,435,24,226,41,21,26,4,19,8,54,20,23,54,15,7,95,71,19,11,37,123,12,515,18,24,23,73,33,34,92,33,69,31,254,42,89,44,70,537,3,62,14,38,49,15,62,276,19,24,4,27,25,539,314,9,562,24,26,21,15,232,6,37,10]
tiempo_ultimo_agente_goal 616
tiempo_en_acabar 616
tiempo_promedio 101.791664
agentes_en_goal 120
push_out_count 0
RUN 3
valores_ideales [0,0,0,0,0,0,0,0,0,0,0,0,0,0,0,0,0,0,0,0,0,0,0,0,0,0,0,0,0,0,0,0,0,0,0,0,0,0,0,0,0,0,0,0,0,0,0,0,0,0,0,0,0,0,0,0,0,0,0,0,0,0,0,0,0,0,0,0,0,0,0,0,0,0,0,0,0,0,0,0,0,0,0,0,0,0,0,0,0,0,0,0,0,0,0,0,0,0,0,0,0,0,0,0,0,0,0,0,0,0,0,0,0,0,0,0,0,0,0,0]
costo_por_agente [306,30,130,48,8,28,4,10,231,6,250,287,14,172,3,341,49,31,111,119,22,306,278,21,44,22,6,11,20,523,33,403,12,27,5,427,137,10,200,318,488,22,30,13,3,5,74,335,14,3,14,299,414,13,8,78,418,23,407,175,18,25,3,14,12,109,15,26,56,14,6,50,50,18,10,32,125,11,416,21,19,22,83,31,33,90,35,75,75,234,51,76,53,508,386,2,67,11,30,56,10,58,133,20,24,3,30,28,246,247,8,401,41,25,11,12,45,7,25,7]
completion_time_por_agente [309,31,132,49,9,29,5,11,232,7,251,288,16,176,4,347,51,34,112,120,24,307,286,23,48,23,7,12,22,525,34,406,13,29,6,428,139,11,201,319,491,23,32,14,4,6,75,338,15,4,15,301,418,14,9,79,420,24,408,179,19,26,4,15,13,112,16,27,58,15,7,53,55,19,11,33,126,12,417,23,21,23,84,32,34,92,41,77,77,237,52,77,55,510,387,3,69,12,32,57,11,61,136,21,25,4,31,30,248,250,9,402,43,26,12,13,47,8,26,8]
tiempo_ultimo_agente_goal 525
tiempo_en_acabar 525
tiempo_promedio 103.241669
agentes_en_goal 120
push_out_count 0
RUN 4
valores_ideales [0,0,0,0,0,0,0,0,0,0,0,0,0,0,0,0,0,0,0,0,0,0,0,0,0,0,0,0,0,0,0,0,0,0,0,0,0,0,0,0,0,0,0,0,0,0,0,0,0,0,0,0,0,0,0,0,0,0,0,0,0,0,0,0,0,0,0,0,0,0,0,0,0,0,0,0,0,0,0,0,0,0,0,0,0,0,0,0,0,0,0,0,0,0,0,0,0,0,0,0,0,0,0,0,0,0,0,0,0,0,0,0,0,0,0,0,0,0,0,0]
costo_por_agente [168,38,152,66,8,28,4,10,179,6,222,307,14,30,3,45,71,35,87,89,28,52,142,29,42,28,6,13,22,367,43,289,12,27,5,65,111,10,162,252,368,26,38,13,3,3,276,89,14,3,14,417,504,21,8,62,486,23,307,51,16,25,3,16,10,147,17,22,324,14,6,76,54,18,10,56,39,11,312,21,19,22,69,31,33,166,25,67,63,74,35,178,57,56,406,2,69,11,28,60,10,66,245,22,24,3,34,76,340,41,12,427,23,25,11,12,121,5,25,7]
completion_time_por_agente [169,39,153,67,9,29,5,11,181,7,224,308,15,33,4,49,72,38,88,90,29,53,143,30,46,29,7,14,23,369,45,291,13,29,6,66,114,11,164,253,369,27,39,14,4,4,277,93,15,4,15,418,505,22,9,66,488,24,308,53,17,26,4,17,11,148,18,23,327,15,7,80,59,19,11,58,40,12,313,22,21,23,70,32,34,168,27,68,65,76,37,179,58,61,407,3,71,12,29,62,11,68,246,23,26,4,35,78,341,44,13,429,24,26,12,13,122,6,26,8]
tiempo_ultimo_agente_goal 505
tiempo_en_acabar 505
tiempo_promedio 86.375000
agentes_en_goal 120
push_out_count 0
RUN 5
valores_ideales [0,0,0,0,0,0,0,0,0,0,0,0,0,0,0,0,0,0,0,0,0,0,0,0,0,0,0,0,0,0,0,0,0,0,0,0,0,0,0,0,0,0,0,0,0,0,0,0,0,0,0,0,0,0,0,0,0,0,0,0,0,0,0,0,0,0,0,0,0,0,0,0,0,0,0,0,0,0,0,0,0,0,0,0,0,0,0,0,0,0,0,0,0,0,0,0,0,0,0,0,0,0,0,0,0,0,0,0,0,0,0,0,0,0,0,0,0,0,0,0]
costo_por_agente [342,32,124,102,12,28,4,10,353,6,350,145,18,40,3,51,117,27,135,85,48,516,236,29,42,24,6,11,24,119,43,275,12,23,5,39,127,10,188,268,408,42,64,15,3,5,48,419,16,3,14,305,36,13,8,82,406,23,467,159,16,81,3,18,16,75,17,22,54,14,6,48,50,18,10,52,231,11,246,21,27,22,55,31,33,136,37,89,85,88,61,138,73,654,432,2,57,13,28,70,10,54,99,18,36,3,28,66,650,57,8,451,31,25,11,12,197,7,29,9]
completion_time_por_agente [344,33,125,103,13,29,5,11,355,7,351,147,19,43,4,60,118,30,137,89,53,523,238,30,46,25,7,12,25,120,45,277,13,25,6,48,131,11,189,269,412,43,73,16,4,6,53,421,17,4,15,307,38,14,9,83,407,24,469,160,17,85,4,19,17,76,18,23,56,15,7,50,55,19,11,55,233,12,247,22,28,23,64,32,34,138,40,90,89,89,63,139,74,655,433,3,58,14,30,73,11,56,101,19,37,4,29,68,653,62,9,452,32,26,12,13,199,8,36,10]
tiempo_ultimo_agente_goal 655
tiempo_en_acabar 655
tiempo_promedio 97.816666
agentes_en_goal 120
push_out_count 0
RUN 6
valores_ideales [0,0,0,0,0,0,0,0,0,0,0,0,0,0,0,0,0,0,0,0,0,0,0,0,0,0,0,0,0,0,0,0,0,0,0,0,0,0,0,0,0,0,0,0,0,0,0,0,0,0,0,0,0,0,0,0,0,0,0,0,0,0,0,0,0,0,0,0,0,0,0,0,0,0,0,0,0,0,0,0,0,0,0,0,0,0,0,0,0,0,0,0,0,0,0,0,0,0,0,0,0,0,0,0,0,0,0,0,0,0,0,0,0,0,0,0,0,0,0,0]
costo_por_agente [394,32,214,72,8,28,4,10,371,8,158,213,18,32,3,389,73,37,127,83,30,402,254,19,86,22,6,11,24,351,53,397,12,207,5,263,91,10,196,130,494,36,38,11,3,5,222,311,16,3,16,461,36,13,10,78,388,23,273,39,16,85,3,18,12,53,15,22,54,14,6,74,268,18,12,74,191,11,446,29,21,22,63,33,33,138,73,59,53,94,35,222,69,470,400,2,63,11,30,70,10,54,183,20,24,3,26,22,322,57,8,573,23,25,11,12,137,7,41,7]
completion_time_por_agente [396,34,215,73,10,29,5,11,372,9,159,217,19,38,4,391,75,42,129,85,34,406,255,20,89,23,7,12,25,352,55,398,13,209,6,264,93,11,197,131,496,37,47,13,4,6,224,312,17,4,18,463,38,14,11,80,390,24,274,51,17,88,4,19,13,60,16,23,62,15,7,75,271,19,13,78,192,12,447,30,23,23,65,34,34,140,75,60,58,96,37,226,70,472,404,3,64,12,32,73,11,56,184,21,35,4,27,28,323,64,9,576,24,26,12,13,139,8,43,8]
tiempo_ultimo_agente_goal 576
tiempo_en_acabar 576
tiempo_promedio 104.241669
agentes_en_goal 120
push_out_count 0
RUN 7
valores_ideales [0,0,0,0,0,0,0,0,0,0,0,0,0,0,0,0,0,0,0,0,0,0,0,0,0,0,0,0,0,0,0,0,0,0,0,0,0,0,0,0,0,0,0,0,0,0,0,0,0,0,0,0,0,0,0,0,0,0,0,0,0,0,0,0,0,0,0,0,0,0,0,0,0,0,0,0,0,0,0,0,0,0,0,0,0,0,0,0,0,0,0,0,0,0,0,0,0,0,0,0,0,0,0,0,0,0,0,0,0,0,0,0,0,0,0,0,0,0,0,0]
costo_por_agente [370,38,180,200,8,28,4,10,143,12,198,327,14,30,3,47,79,199,99,119,40,310,216,25,68,22,6,19,22,401,31,51,12,313,5,401,145,10,274,184,534,26,30,11,3,5,232,35,16,3,14,215,38,13,10,60,358,21,345,37,16,25,3,18,10,109,15,22,536,14,6,92,372,18,10,52,127,11,412,17,21,22,109,33,35,62,31,69,107,258,51,408,77,712,370,2,65,13,28,80,10,54,137,22,30,3,28,20,586,41,8,329,27,25,11,12,191,5,39,7]
completion_time_por_agente [371,39,181,201,9,29,5,11,145,13,199,332,15,33,4,49,80,200,100,120,41,313,218,26,72,23,7,20,23,402,32,60,13,314,6,403,147,11,275,185,535,27,31,12,4,6,235,39,17,4,15,216,40,14,11,61,359,22,347,43,17,26,4,19,11,110,16,23,538,15,7,93,376,19,11,53,129,12,413,18,24,23,111,34,36,63,39,72,108,259,53,409,80,717,372,3,70,14,29,81,11,56,138,23,35,4,29,23,589,42,9,331,28,26,12,13,193,6,45,8]
tiempo_ultimo_agente_goal 717
tiempo_en_acabar 717
tiempo_promedio 107.441666
agentes_en_goal 120
push_out_count 0
RUN 8
valores_ideales [0,0,0,0,0,0,0,0,0,0,0,0,0,0,0,0,0,0,0,0,0,0,0,0,0,0,0,0,0,0,0,0,0,0,0,0,0,0,0,0,0,0,0,0,0,0,0,0,0,0,0,0,0,0,0,0,0,0,0,0,0,0,0,0,0,0,0,0,0,0,0,0,0,0,0,0,0,0,0,0,0,0,0,0,0,0,0,0,0,0,0,0,0,0,0,0,0,0,0,0,0,0,0,0,0,0,0,0,0,0,0,0,0,0,0,0,0,0,0,0]
costo_por_agente [176,30,68,326,8,28,4,10,207,10,146,157,18,32,3,359,85,33,151,73,32,254,38,23,36,22,6,13,18,237,41,39,10,261,5,41,125,10,250,88,256,32,54,15,3,7,102,71,18,3,14,445,36,13,8,82,356,23,307,139,26,25,3,18,6,125,19,22,50,14,6,46,56,18,10,42,133,11,192,21,21,22,73,31,33,60,85,77,71,94,43,266,37,596,366,2,53,15,32,70,12,34,187,18,24,3,28,50,400,235,12,371,31,25,11,12,103,5,35,7]
completion_time_por_agente [177,31,69,327,9,29,5,11,209,11,147,160,19,35,4,361,86,36,152,76,33,259,44,25,38,23,7,14,19,239,43,43,11,264,6,42,128,11,251,89,261,33,60,16,4,8,108,73,19,4,15,446,37,14,9,83,357,24,308,141,28,26,4,19,7,127,20,23,53,15,7,50,64,19,11,45,136,12,193,23,23,23,76,32,34,65,87,80,74,95,46,267,42,599,367,3,54,16,33,72,13,38,190,19,30,4,29,52,401,237,13,372,32,26,12,14,105,6,44,8]
tiempo_ultimo_agente_goal 599
tiempo_en_acabar 599
tiempo_promedio 84.816666
agentes_en_goal 120
push_out_count 0
RUN 9
valores_ideales [0,0,0,0,0,0,0,0,0,0,0,0,0,0,0,0,0,0,0,0,0,0,0,0,0,0,0,0,0,0,0,0,0,0,0,0,0,0,0,0,0,0,0,0,0,0,0,0,0,0,0,0,0,0,0,0,0,0,0,0,0,0,0,0,0,0,0,0,0,0,0,0,0,0,0,0,0,0,0,0,0,0,0,0,0,0,0,0,0,0,0,0,0,0,0,0,0,0,0,0,0,0,0,0,0,0,0,0,0,0,0,0,0,0,0,0,0,0,0,0]
costo_por_agente [276,40,186,88,10,28,4,10,121,6,186,203,16,36,3,613,73,27,121,73,42,456,128,23,70,26,6,15,22,273,53,47,12,257,5,43,105,10,266,242,460,28,34,11,3,5,66,447,16,3,14,267,550,13,8,68,418,23,313,195,16,25,3,16,10,209,15,22,56,14,6,46,48,18,10,36,135,11,222,21,25,22,81,33,33,80,69,97,63,106,61,158,59,54,488,2,47,13,26,74,10,50,147,20,22,3,26,68,500,169,12,517,27,25,13,12,107,7,33,9]
completion_time_por_agente [277,41,187,90,11,29,5,11,123,7,187,204,17,39,4,617,74,29,122,74,43,458,130,24,73,27,7,16,23,274,55,52,13,259,6,48,109,11,267,243,462,29,36,12,4,6,67,449,17,4,15,268,552,14,9,70,419,24,315,197,17,26,4,17,11,212,16,23,58,15,7,47,52,19,11,42,136,12,223,22,29,23,83,34,34,82,73,98,66,108,62,159,60,58,489,3,48,14,27,75,11,51,151,21,27,4,27,73,501,170,13,519,29,26,14,14,109,8,34,10]
tiempo_ultimo_agente_goal 617
tiempo_en_acabar 617
tiempo_promedio 97.183334
agentes_en_goal 120
push_out_count 0
RUN 10
valores_ideales [0,0,0,0,0,0,0,0,0,0,0,0,0,0,0,0,0,0,0,0,0,0,0,0,0,0,0,0,0,0,0,0,0,0,0,0,0,0,0,0,0,0,0,0,0,0,0,0,0,0,0,0,0,0,0,0,0,0,0,0,0,0,0,0,0,0,0,0,0,0,0,0,0,0,0,0,0,0,0,0,0,0,0,0,0,0,0,0,0,0,0,0,0,0,0,0,0,0,0,0,0,0,0,0,0,0,0,0,0,0,0,0,0,0,0,0,0,0,0,0]
costo_por_agente [278,30,176,384,8,28,4,10,213,6,122,201,22,40,3,45,53,209,145,73,34,62,176,21,64,22,6,13,22,267,31,37,12,361,5,169,123,10,78,248,368,30,66,11,3,5,392,489,14,3,14,435,502,13,8,66,514,21,365,137,18,29,3,16,12,91,15,22,64,14,6,88,46,18,10,78,101,11,366,17,27,22,63,33,33,126,25,77,163,160,39,156,93,62,466,2,41,13,30,50,12,46,165,18,30,3,30,22,528,259,12,365,27,25,11,14,81,5,39,9]
completion_time_por_agente [279,31,178,385,10,29,5,11,214,7,123,205,23,46,4,47,54,210,146,77,37,65,178,22,66,23,7,14,23,270,32,39,13,363,6,177,125,11,80,249,369,31,68,12,4,6,393,492,15,4,15,437,505,14,9,72,516,22,366,139,19,31,4,17,13,92,16,23,71,15,7,89,50,19,11,83,103,12,368,18,29,23,65,34,34,127,29,78,165,162,45,159,96,65,468,3,48,14,31,55,13,48,167,19,35,4,31,23,530,262,13,367,28,26,12,15,84,6,41,10]
tiempo_ultimo_agente_goal 530
tiempo_en_acabar 530
tiempo_promedio 99.150002
agentes_en_goal 120
push_out_count 0
RUN 11
valores_ideales [0,0,0,0,0,0,0,0,0,0,0,0,0,0,0,0,0,0,0,0,0,0,0,0,0,0,0,0,0,0,0,0,0,0,0,0,0,0,0,0,0,0,0,0,0,0,0,0,0,0,0,0,0,0,0,0,0,0,0,0,0,0,0,0,0,0,0,0,0,0,0,0,0,0,0,0,0,0,0,0,0,0,0,0,0,0,0,0,0,0,0,0,0,0,0,0,0,0,0,0,0,0,0,0,0,0,0,0,0,0,0,0,0,0,0,0,0,0,0,0]
costo_por_agente [316,34,114,234,8,28,6,10,461,6,178,187,14,28,3,309,65,25,131,77,38,202,438,21,70,22,6,13,20,369,59,39,12,321,5,133,87,10,118,160,486,26,40,11,3,5,254,401,14,3,14,315,36,13,12,96,352,21,279,161,20,25,3,24,12,103,15,22,368,14,6,52,44,18,10,38,185,11,542,23,19,22,61,33,33,50,47,87,35,92,39,146,39,588,280,2,61,11,38,66,12,36,251,18,22,3,28,22,414,301,8,365,41,25,11,12,137,9,37,7]
completion_time_por_agente [318,35,115,235,10,29,7,11,462,7,179,192,15,31,4,314,66,28,133,78,40,204,440,23,71,23,7,14,21,370,60,43,13,323,6,138,89,11,119,161,490,28,49,12,4,6,257,404,15,4,15,316,37,14,13,97,353,22,280,169,21,26,4,25,13,104,16,23,373,15,7,53,54,19,11,48,188,12,544,24,21,23,63,34,34,52,52,88,44,93,47,148,45,591,282,3,62,12,40,67,13,39,252,19,24,4,29,25,415,302,9,366,42,26,12,13,139,10,41,8]
tiempo_ultimo_agente_goal 591
tiempo_en_acabar 591
tiempo_promedio 101.658333
agentes_en_goal 120
push_out_count 0
RUN 12
valores_ideales [0,0,0,0,0,0,0,0,0,0,0,0,0,0,0,0,0,0,0,0,0,0,0,0,0,0,0,0,0,0,0,0,0,0,0,0,0,0,0,0,0,0,0,0,0,0,0,0,0,0,0,0,0,0,0,0,0,0,0,0,0,0,0,0,0,0,0,0,0,0,0,0,0,0,0,0,0,0,0,0,0,0,0,0,0,0,0,0,0,0,0,0,0,0,0,0,0,0,0,0,0,0,0,0,0,0,0,0,0,0,0,0,0,0,0,0,0,0,0,0]
costo_por_agente [374,32,130,266,14,28,4,10,381,8,206,139,16,140,3,339,47,33,187,69,30,524,50,19,44,24,6,13,24,285,55,45,12,543,5,367,153,10,72,164,422,34,54,11,3,5,176,425,14,3,14,99,568,13,10,54,140,21,245,97,20,37,9,18,10,93,15,22,54,14,6,46,168,18,10,38,113,15,634,23,15,22,101,31,33,112,33,77,115,210,61,420,71,544,360,2,53,13,30,82,10,34,81,30,28,3,28,20,636,243,10,605,27,25,11,12,127,7,41,9]
completion_time_por_agente [375,35,131,267,15,29,5,11,383,9,207,142,17,142,4,340,50,37,188,71,35,527,61,20,52,25,7,14,25,286,56,49,13,545,6,376,155,11,73,165,424,36,58,12,4,6,179,427,15,4,15,100,571,14,11,57,141,22,246,98,21,52,10,19,11,94,16,23,59,15,7,51,176,19,11,47,114,16,635,27,16,23,103,32,34,113,37,79,117,211,62,421,73,550,362,3,57,14,31,84,11,37,82,31,34,4,29,24,637,244,11,606,29,26,12,13,128,8,42,10]
tiempo_ultimo_agente_goal 637
tiempo_en_acabar 637
tiempo_promedio 110.516670
agentes_en_goal 120
push_out_count 0
RUN 13
valores_ideales [0,0,0,0,0,0,0,0,0,0,0,0,0,0,0,0,0,0,0,0,0,0,0,0,0,0,0,0,0,0,0,0,0,0,0,0,0,0,0,0,0,0,0,0,0,0,0,0,0,0,0,0,0,0,0,0,0,0,0,0,0,0,0,0,0,0,0,0,0,0,0,0,0,0,0,0,0,0,0,0,0,0,0,0,0,0,0,0,0,0,0,0,0,0,0,0,0,0,0,0,0,0,0,0,0,0,0,0,0,0,0,0,0,0,0,0,0,0,0,0]
costo_por_agente [468,30,224,224,12,28,4,10,307,6,124,165,16,244,3,51,77,39,91,73,38,312,240,29,88,28,6,13,22,279,39,39,10,51,5,211,73,10,184,146,444,28,46,13,3,5,214,197,14,3,14,367,548,13,22,60,394,23,199,37,16,29,3,22,6,147,17,22,454,14,6,82,220,18,10,76,279,11,208,19,21,22,73,31,37,60,45,57,35,116,49,250,47,568,164,2,65,13,38,76,12,46,225,20,24,3,30,30,506,323,12,357,25,25,11,16,103,7,35,7]
completion_time_por_agente [469,31,227,225,13,29,5,11,310,7,125,167,17,247,4,56,78,40,92,76,40,316,241,30,91,29,7,14,23,280,40,40,11,52,6,212,75,11,186,147,447,29,50,14,4,6,216,199,15,4,15,369,550,14,23,62,395,24,201,38,17,30,4,23,8,148,19,23,455,15,7,85,225,19,11,80,281,12,209,21,23,23,75,32,38,61,49,58,39,117,52,253,49,571,165,3,66,14,39,79,13,50,226,21,25,4,31,33,509,325,13,359,26,26,12,17,104,8,36,8]
tiempo_ultimo_agente_goal 571
tiempo_en_acabar 571
tiempo_promedio 100.824997
agentes_en_goal 120
push_out_count 0
RUN 14
valores_ideales [0,0,0,0,0,0,0,0,0,0,0,0,0,0,0,0,0,0,0,0,0,0,0,0,0,0,0,0,0,0,0,0,0,0,0,0,0,0,0,0,0,0,0,0,0,0,0,0,0,0,0,0,0,0,0,0,0,0,0,0,0,0,0,0,0,0,0,0,0,0,0,0,0,0,0,0,0,0,0,0,0,0,0,0,0,0,0,0,0,0,0,0,0,0,0,0,0,0,0,0,0,0,0,0,0,0,0,0,0,0,0,0,0,0,0,0,0,0,0,0]
costo_por_agente [232,38,88,274,8,28,4,10,273,6,118,229,18,28,3,51,51,43,73,125,32,50,310,35,36,24,6,13,18,75,45,245,10,27,5,457,153,10,158,184,588,26,32,11,3,5,178,319,14,3,14,447,308,13,8,52,300,23,309,51,18,57,3,18,8,135,19,22,426,14,6,52,102,18,10,70,179,11,710,23,15,22,59,31,33,182,93,99,121,38,45,268,81,484,510,2,41,11,28,66,12,38,291,26,26,3,46,24,186,349,12,665,37,25,11,14,203,5,23,9]
completion_time_por_agente [235,39,89,276,9,29,5,11,274,7,119,233,19,32,4,55,53,45,74,129,34,52,314,37,40,25,7,14,19,76,47,250,11,30,6,461,154,11,160,185,589,27,35,12,4,6,182,322,15,4,15,448,311,14,9,53,301,24,311,53,19,58,4,19,9,136,20,23,429,15,7,54,106,19,11,73,182,12,711,24,17,23,61,32,34,185,94,102,124,42,46,272,82,485,512,3,46,12,29,67,13,42,293,27,27,4,47,28,189,351,13,667,38,26,12,15,208,6,28,10]
tiempo_ultimo_agente_goal 711
tiempo_en_acabar 711
tiempo_promedio 105.400002
agentes_en_goal 120
push_out_count 0
RUN 15
valores_ideales [0,0,0,0,0,0,0,0,0,0,0,0,0,0,0,0,0,0,0,0,0,0,0,0,0,0,0,0,0,0,0,0,0,0,0,0,0,0,0,0,0,0,0,0,0,0,0,0,0,0,0,0,0,0,0,0,0,0,0,0,0,0,0,0,0,0,0,0,0,0,0,0,0,0,0,0,0,0,0,0,0,0,0,0,0,0,0,0,0,0,0,0,0,0,0,0,0,0,0,0,0,0,0,0,0,0,0,0,0,0,0,0,0,0,0,0,0,0,0,0]
costo_por_agente [88,28,76,196,8,28,4,10,317,6,106,239,14,36,3,561,65,37,101,47,22,426,56,17,90,22,6,11,30,95,43,45,12,313,5,273,77,10,158,274,312,30,34,11,3,3,60,303,16,3,14,419,464,13,8,54,524,23,293,31,16,61,3,16,6,97,17,22,360,14,6,46,54,18,10,46,161,11,108,21,21,22,67,33,33,178,27,77,77,128,41,286,63,402,404,2,59,11,28,66,12,32,339,26,24,3,32,34,188,39,8,447,23,25,11,14,165,7,23,9]
completion_time_por_agente [89,29,78,197,10,29,5,11,318,7,107,241,15,37,4,565,67,38,102,52,23,429,58,18,93,23,7,12,31,97,46,49,13,316,6,276,79,11,159,275,313,31,37,12,4,4,64,305,17,4,15,420,465,14,9,55,526,24,296,37,17,64,4,18,7,98,19,23,361,15,7,47,58,19,11,47,162,12,109,23,23,23,68,34,34,179,29,78,78,131,42,287,64,403,406,3,61,12,29,68,13,34,340,27,26,4,33,36,190,41,9,448,24,26,12,15,166,8,24,10]
tiempo_ultimo_agente_goal 565
tiempo_en_acabar 565
tiempo_promedio 94.441666
agentes_en_goal 120
push_out_count 0
RUN 16
valores_ideales [0,0,0,0,0,0,0,0,0,0,0,0,0,0,0,0,0,0,0,0,0,0,0,0,0,0,0,0,0,0,0,0,0,0,0,0,0,0,0,0,0,0,0,0,0,0,0,0,0,0,0,0,0,0,0,0,0,0,0,0,0,0,0,0,0,0,0,0,0,0,0,0,0,0,0,0,0,0,0,0,0,0,0,0,0,0,0,0,0,0,0,0,0,0,0,0,0,0,0,0,0,0,0,0,0,0,0,0,0,0,0,0,0,0,0,0,0,0,0,0]
costo_por_agente [264,28,88,230,12,28,4,10,361,6,126,53,22,34,3,413,77,27,127,85,28,58,192,21,48,26,6,13,22,295,45,49,10,239,5,33,145,10,186,252,414,24,36,13,3,5,154,323,14,3,14,201,532,13,8,58,152,23,179,215,16,25,3,24,10,79,15,22,440,14,6,104,52,18,10,46,127,11,106,17,19,22,31,31,33,146,87,67,99,98,65,188,37,52,360,2,77,15,30,66,10,48,275,28,26,3,26,20,620,389,12,249,35,25,11,14,113,7,29,9]
completion_time_por_agente [266,29,89,232,13,29,5,11,362,7,127,55,23,35,4,415,78,30,128,87,31,61,196,22,55,27,7,14,23,298,46,52,11,241,6,35,147,11,188,253,415,25,41,14,4,6,157,325,15,4,15,202,534,14,9,60,154,24,180,216,17,26,4,25,11,81,16,23,441,15,7,106,56,19,11,48,128,12,107,18,20,23,33,32,34,147,90,68,101,99,66,189,40,57,362,3,78,16,31,67,11,50,276,29,28,4,27,22,621,390,13,250,36,26,12,15,114,8,33,10]
tiempo_ultimo_agente_goal 621
tiempo_en_acabar 621
tiempo_promedio 90.541664
agentes_en_goal 120
push_out_count 0
RUN 17
valores_ideales [0,0,0,0,0,0,0,0,0,0,0,0,0,0,0,0,0,0,0,0,0,0,0,0,0,0,0,0,0,0,0,0,0,0,0,0,0,0,0,0,0,0,0,0,0,0,0,0,0,0,0,0,0,0,0,0,0,0,0,0,0,0,0,0,0,0,0,0,0,0,0,0,0,0,0,0,0,0,0,0,0,0,0,0,0,0,0,0,0,0,0,0,0,0,0,0,0,0,0,0,0,0,0,0,0,0,0,0,0,0,0,0,0,0,0,0,0,0,0,0]
costo_por_agente [262,40,66,174,8,28,4,10,101,6,188,97,16,30,3,527,61,39,75,75,28,60,88,19,62,22,6,13,22,483,35,321,12,27,5,143,149,10,198,240,560,32,38,11,3,3,264,385,14,3,14,271,558,13,8,72,322,23,307,129,34,27,3,14,10,121,19,22,48,14,6,44,86,18,12,34,195,11,402,23,17,22,55,31,35,128,27,87,115,392,45,300,33,516,416,2,59,13,30,58,12,78,109,20,20,3,26,70,444,385,12,541,35,25,11,14,91,11,35,9]
completion_time_por_agente [264,41,67,175,9,29,5,11,104,7,191,100,17,42,4,528,64,50,77,77,30,63,89,21,64,23,7,14,23,484,37,322,13,28,6,145,151,11,199,241,563,33,48,12,4,4,265,387,15,4,15,272,560,14,9,73,323,24,309,130,35,28,4,15,11,122,20,23,61,15,7,45,90,19,13,46,199,12,403,24,18,23,66,32,36,134,39,88,116,394,46,302,44,518,417,3,60,14,31,60,13,82,110,21,22,4,27,73,446,386,13,543,37,26,12,15,93,12,37,10]
tiempo_ultimo_agente_goal 563
tiempo_en_acabar 563
tiempo_promedio 104.266670
agentes_en_goal 120
push_out_count 0
RUN 18
valores_ideales [0,0,0,0,0,0,0,0,0,0,0,0,0,0,0,0,0,0,0,0,0,0,0,0,0,0,0,0,0,0,0,0,0,0,0,0,0,0,0,0,0,0,0,0,0,0,0,0,0,0,0,0,0,0,0,0,0,0,0,0,0,0,0,0,0,0,0,0,0,0,0,0,0,0,0,0,0,0,0,0,0,0,0,0,0,0,0,0,0,0,0,0,0,0,0,0,0,0,0,0,0,0,0,0,0,0,0,0,0,0,0,0,0,0,0,0,0,0,0,0]
costo_por_agente [148,40,120,118,8,28,4,10,357,6,92,237,16,30,3,455,79,35,111,87,34,310,216,19,40,22,6,13,18,57,49,37,10,31,5,255,109,10,224,212,490,24,56,11,3,3,246,413,14,3,14,509,40,19,10,74,502,21,397,37,16,75,7,18,8,101,15,22,480,14,6,50,116,18,10,44,119,11,458,27,17,22,83,33,37,116,131,67,79,246,45,194,37,622,524,2,71,13,28,72,12,42,117,18,26,3,28,42,390,175,8,315,37,25,11,12,97,5,31,7]
completion_time_por_agente [151,41,121,119,9,29,5,11,360,7,94,240,17,32,4,460,81,39,114,92,36,311,217,21,43,23,7,14,20,60,52,43,11,34,6,257,112,11,225,213,492,25,58,12,4,4,248,415,15,4,15,510,42,20,11,75,503,22,398,40,18,76,8,19,9,102,16,23,483,15,7,52,120,19,11,46,122,12,459,32,18,23,85,34,38,120,133,69,80,247,46,196,40,625,526,3,73,14,30,73,13,44,118,19,30,4,29,43,392,181,9,316,38,26,12,13,99,6,32,8]
tiempo_ultimo_agente_goal 625
tiempo_en_acabar 625
tiempo_promedio 101.741669
agentes_en_goal 120
push_out_count 0
RUN 19
valores_ideales [0,0,0,0,0,0,0,0,0,0,0,0,0,0,0,0,0,0,0,0,0,0,0,0,0,0,0,0,0,0,0,0,0,0,0,0,0,0,0,0,0,0,0,0,0,0,0,0,0,0,0,0,0,0,0,0,0,0,0,0,0,0,0,0,0,0,0,0,0,0,0,0,0,0,0,0,0,0,0,0,0,0,0,0,0,0,0,0,0,0,0,0,0,0,0,0,0,0,0,0,0,0,0,0,0,0,0,0,0,0,0,0,0,0,0,0,0,0,0,0]
costo_por_agente [368,36,96,226,10,28,4,10,245,6,142,55,14,148,3,507,53,27,105,91,36,52,212,25,38,24,6,11,22,259,37,261,12,191,5,387,119,10,98,172,460,30,40,17,3,5,58,301,16,3,14,119,542,15,8,80,300,27,281,121,18,83,3,16,10,131,19,24,54,14,6,44,88,18,10,30,237,11,320,27,21,22,63,33,35,94,55,61,77,266,43,412,45,60,398,2,63,11,32,68,10,36,167,26,28,3,40,24,326,159,12,483,31,25,11,12,57,5,31,9]
completion_time_por_agente [369,37,98,227,12,29,5,11,246,7,143,60,15,152,4,510,55,29,108,93,37,55,215,26,40,25,7,12,23,261,38,263,13,193,6,388,121,11,99,173,463,31,43,18,4,6,66,303,17,4,15,120,543,16,9,81,301,28,285,122,19,85,4,17,11,133,21,25,56,15,7,46,94,19,11,35,241,12,321,29,22,23,68,34,36,95,57,62,79,267,44,414,46,61,402,3,67,12,34,69,11,38,168,27,31,4,41,28,328,161,13,485,32,26,12,13,58,6,32,10]
tiempo_ultimo_agente_goal 543
tiempo_en_acabar 543
tiempo_promedio 94.258331
agentes_en_goal 120
push_out_count 0
RUN 20
valores_ideales [0,0,0,0,0,0,0,0,0,0,0,0,0,0,0,0,0,0,0,0,0,0,0,0,0,0,0,0,0,0,0,0,0,0,0,0,0,0,0,0,0,0,0,0,0,0,0,0,0,0,0,0,0,0,0,0,0,0,0,0,0,0,0,0,0,0,0,0,0,0,0,0,0,0,0,0,0,0,0,0,0,0,0,0,0,0,0,0,0,0,0,0,0,0,0,0,0,0,0,0,0,0,0,0,0,0,0,0,0,0,0,0,0,0,0,0,0,0,0,0]
costo_por_agente [426,30,100,154,14,28,4,10,201,6,248,75,18,40,3,481,73,299,181,63,44,294,158,21,114,22,6,11,22,403,45,315,10,255,5,167,75,10,164,122,424,28,30,11,3,5,70,123,14,3,16,217,402,13,8,86,410,23,491,45,16,25,3,18,12,151,15,22,56,14,6,46,86,18,10,42,141,11,472,27,19,22,89,33,33,58,37,67,65,256,59,278,85,494,298,2,55,11,28,68,10,62,243,18,28,3,26,26,506,39,12,419,27,25,11,14,73,7,35,9]
completion_time_por_agente [427,31,102,155,15,29,5,11,203,7,249,77,19,44,4,487,74,301,182,64,50,299,162,23,119,23,7,12,23,404,46,316,11,256,6,169,78,11,165,123,425,29,35,12,4,6,73,125,15,4,17,218,404,14,9,90,412,24,493,50,17,26,4,19,13,152,16,23,61,15,7,48,90,19,11,45,144,12,473,29,21,23,92,34,34,62,40,68,67,258,60,281,88,496,300,3,57,12,29,70,11,64,248,19,33,4,27,33,508,41,13,422,28,26,12,15,74,8,37,10]
tiempo_ultimo_agente_goal 508
tiempo_en_acabar 508
tiempo_promedio 101.666664
agentes_en_goal 120
push_out_count 0
RUN 21
valores_ideales [0,0,0,0,0,0,0,0,0,0,0,0,0,0,0,0,0,0,0,0,0,0,0,0,0,0,0,0,0,0,0,0,0,0,0,0,0,0,0,0,0,0,0,0,0,0,0,0,0,0,0,0,0,0,0,0,0,0,0,0,0,0,0,0,0,0,0,0,0,0,0,0,0,0,0,0,0,0,0,0,0,0,0,0,0,0,0,0,0,0,0,0,0,0,0,0,0,0,0,0,0,0,0,0,0,0,0,0,0,0,0,0,0,0,0,0,0,0,0,0]
costo_por_agente [418,32,90,106,10,28,4,10,315,6,196,79,16,50,3,51,91,89,89,77,46,208,218,21,44,22,6,13,24,395,43,373,12,33,5,39,69,10,110,208,418,26,42,11,3,5,60,295,16,3,14,51,676,13,8,62,126,21,207,93,18,27,3,18,10,81,17,22,472,14,6,58,206,18,10,58,155,11,284,29,31,22,91,33,35,170,29,73,77,198,45,150,65,64,392,2,53,11,28,98,14,72,297,20,22,3,28,66,344,157,12,381,35,25,11,16,255,7,31,9]
completion_time_por_agente [420,33,91,108,11,29,5,11,318,7,197,81,17,52,4,55,92,92,90,81,50,212,222,23,49,23,7,14,25,397,44,376,13,35,6,46,71,11,112,209,419,27,49,12,4,6,63,297,17,4,15,55,678,14,9,64,128,22,209,95,19,28,4,19,11,82,18,23,476,15,7,62,211,19,11,62,156,12,286,31,37,23,95,34,36,171,31,75,79,199,47,153,68,67,393,3,54,12,29,100,15,74,298,21,23,4,29,73,347,159,13,382,36,26,12,17,257,8,34,10]
tiempo_ultimo_agente_goal 678
tiempo_en_acabar 678
tiempo_promedio 91.849998
agentes_en_goal 120
push_out_count 0
RUN 22
valores_ideales [0,0,0,0,0,0,0,0,0,0,0,0,0,0,0,0,0,0,0,0,0,0,0,0,0,0,0,0,0,0,0,0,0,0,0,0,0,0,0,0,0,0,0,0,0,0,0,0,0,0,0,0,0,0,0,0,0,0,0,0,0,0,0,0,0,0,0,0,0,0,0,0,0,0,0,0,0,0,0,0,0,0,0,0,0,0,0,0,0,0,0,0,0,0,0,0,0,0,0,0,0,0,0,0,0,0,0,0,0,0,0,0,0,0,0,0,0,0,0,0]
costo_por_agente [208,38,130,180,8,28,4,12,241,6,168,45,14,96,3,371,79,27,99,93,36,356,326,33,86,22,6,17,24,421,49,355,10,25,5,215,129,10,220,300,472,22,44,13,3,7,252,503,16,3,16,255,462,19,8,60,420,21,279,45,16,33,3,18,12,89,17,22,206,14,6,56,366,18,10,68,167,13,332,21,25,22,69,31,33,68,115,69,47,178,51,212,69,368,692,2,61,13,28,64,10,48,183,22,30,3,26,50,344,407,8,569,35,25,11,12,83,5,29,7]
completion_time_por_agente [210,39,131,181,10,29,5,14,242,7,169,53,15,98,4,373,81,37,100,94,38,362,328,35,89,23,7,18,26,422,50,360,11,27,6,221,131,11,222,301,475,23,49,14,4,8,256,507,17,4,17,256,466,20,9,61,422,22,281,56,17,41,4,19,13,90,18,23,209,15,7,58,373,19,11,71,171,14,333,25,29,23,72,32,34,70,117,73,51,179,52,215,71,369,693,3,62,14,29,65,11,50,185,23,38,4,27,61,346,410,9,570,36,26,12,13,84,6,35,8]
tiempo_ultimo_agente_goal 693
tiempo_en_acabar 693
tiempo_promedio 110.708336
agentes_en_goal 120
push_out_count 0
RUN 23
valores_ideales [0,0,0,0,0,0,0,0,0,0,0,0,0,0,0,0,0,0,0,0,0,0,0,0,0,0,0,0,0,0,0,0,0,0,0,0,0,0,0,0,0,0,0,0,0,0,0,0,0,0,0,0,0,0,0,0,0,0,0,0,0,0,0,0,0,0,0,0,0,0,0,0,0,0,0,0,0,0,0,0,0,0,0,0,0,0,0,0,0,0,0,0,0,0,0,0,0,0,0,0,0,0,0,0,0,0,0,0,0,0,0,0,0,0,0,0,0,0,0,0]
costo_por_agente [118,40,214,178,12,28,4,10,521,6,242,91,16,40,3,45,57,35,125,101,46,46,270,21,110,22,6,11,22,145,43,349,10,261,5,231,91,12,130,270,338,26,52,11,3,7,216,259,14,3,14,215,590,13,8,72,546,21,269,239,26,75,3,22,8,101,17,22,324,14,6,44,52,18,10,94,91,11,492,45,21,22,69,33,33,94,77,63,89,152,71,292,65,430,270,2,57,11,40,52,14,46,177,20,30,3,30,34,616,147,10,439,23,25,11,14,105,5,49,7]
completion_time_por_agente [120,41,215,179,13,29,5,11,522,7,243,97,17,43,4,51,64,44,128,104,48,49,272,23,111,23,7,12,23,146,45,350,11,262,6,234,94,13,132,271,342,27,58,12,4,8,220,261,15,4,15,216,602,14,9,76,547,22,270,240,27,86,4,23,10,102,18,23,325,15,7,47,56,19,11,100,94,12,493,48,22,23,72,34,34,99,80,68,91,153,73,293,71,432,272,3,58,12,41,54,15,47,179,21,37,4,31,40,617,150,11,441,24,26,12,15,107,6,60,8]
tiempo_ultimo_agente_goal 617
tiempo_en_acabar 617
tiempo_promedio 103.224998
agentes_en_goal 120
push_out_count 0
RUN 24
valores_ideales [0,0,0,0,0,0,0,0,0,0,0,0,0,0,0,0,0,0,0,0,0,0,0,0,0,0,0,0,0,0,0,0,0,0,0,0,0,0,0,0,0,0,0,0,0,0,0,0,0,0,0,0,0,0,0,0,0,0,0,0,0,0,0,0,0,0,0,0,0,0,0,0,0,0,0,0,0,0,0,0,0,0,0,0,0,0,0,0,0,0,0,0,0,0,0,0,0,0,0,0,0,0,0,0,0,0,0,0,0,0,0,0,0,0,0,0,0,0,0,0]
costo_por_agente [394,34,112,52,8,28,4,10,329,6,166,201,18,34,3,351,91,27,133,71,30,48,144,19,36,24,6,15,30,351,39,219,10,337,5,365,155,10,246,126,476,28,30,11,3,7,134,457,14,3,14,233,44,13,8,50,336,23,277,297,20,29,3,18,10,215,15,22,412,14,6,70,40,18,10,50,225,13,360,21,23,22,85,31,33,126,35,67,121,210,59,288,55,384,170,2,61,11,38,90,10,42,199,20,40,3,28,28,420,415,12,283,25,25,11,14,123,5,41,7]
completion_time_por_agente [396,35,113,54,10,29,5,11,331,7,169,202,19,36,4,352,92,30,134,74,34,54,146,21,39,25,7,16,31,352,41,220,11,339,6,367,157,11,250,127,477,29,31,12,4,8,138,459,15,4,15,234,46,14,9,55,337,24,279,299,21,31,4,19,11,216,16,23,414,15,7,71,46,19,11,57,226,14,361,22,25,23,87,32,34,128,38,69,124,211,60,291,58,385,172,3,64,12,39,91,11,44,202,21,46,4,29,33,422,420,13,285,26,26,12,15,125,6,45,8]
tiempo_ultimo_agente_goal 477
tiempo_en_acabar 477
tiempo_promedio 101.574997
agentes_en_goal 120
push_out_count 0
RUN 25
valores_ideales [0,0,0,0,0,0,0,0,0,0,0,0,0,0,0,0,0,0,0,0,0,0,0,0,0,0,0,0,0,0,0,0,0,0,0,0,0,0,0,0,0,0,0,0,0,0,0,0,0,0,0,0,0,0,0,0,0,0,0,0,0,0,0,0,0,0,0,0,0,0,0,0,0,0,0,0,0,0,0,0,0,0,0,0,0,0,0,0,0,0,0,0,0,0,0,0,0,0,0,0,0,0,0,0,0,0,0,0,0,0,0,0,0,0,0,0,0,0,0,0]
costo_por_agente [354,32,128,342,8,28,4,10,297,16,216,79,14,38,3,445,47,271,125,127,50,54,390,19,92,26,6,17,22,297,39,259,10,27,5,35,109,12,178,242,476,32,36,11,3,5,372,527,14,3,16,383,526,13,8,72,614,21,229,145,16,29,3,14,6,115,15,22,54,14,6,56,56,18,10,38,185,11,252,21,21,22,63,31,37,78,79,115,109,192,49,232,71,616,322,2,65,15,28,72,12,28,115,22,24,3,30,40,592,115,8,277,31,25,11,12,143,5,27,7]
completion_time_por_agente [355,34,129,343,9,29,5,11,299,17,219,84,15,40,4,450,50,272,126,133,55,57,394,20,95,27,7,18,23,298,41,261,11,28,6,38,110,13,179,243,479,33,42,12,4,6,374,529,15,4,17,385,528,15,9,73,617,22,230,152,17,30,4,15,7,116,16,23,56,15,7,57,58,19,11,41,186,12,254,22,22,23,67,32,38,79,81,116,110,194,50,235,72,618,323,3,66,16,29,74,13,30,116,23,25,4,31,42,595,119,9,279,32,26,12,13,144,6,30,8]
tiempo_ultimo_agente_goal 618
tiempo_en_acabar 618
tiempo_promedio 107.208336
agentes_en_goal 120
push_out_count 0
RUN 26
valores_ideales [0,0,0,0,0,0,0,0,0,0,0,0,0,0,0,0,0,0,0,0,0,0,0,0,0,0,0,0,0,0,0,0,0,0,0,0,0,0,0,0,0,0,0,0,0,0,0,0,0,0,0,0,0,0,0,0,0,0,0,0,0,0,0,0,0,0,0,0,0,0,0,0,0,0,0,0,0,0,0,0,0,0,0,0,0,0,0,0,0,0,0,0,0,0,0,0,0,0,0,0,0,0,0,0,0,0,0,0,0,0,0,0,0,0,0,0,0,0,0,0]
costo_por_agente [376,46,122,212,8,28,4,10,453,6,220,223,22,34,3,525,61,31,113,83,40,414,192,23,62,26,6,19,18,315,41,303,12,31,5,137,109,10,216,172,474,22,42,17,3,5,50,371,16,3,16,421,528,13,8,60,222,23,231,193,16,97,3,18,6,49,15,24,52,14,6,82,54,18,12,34,111,11,468,27,21,22,111,33,33,88,99,67,83,160,51,326,41,60,314,2,59,13,54,68,10,36,127,28,28,3,26,34,276,243,8,293,37,25,11,14,105,7,39,9]
completion_time_por_agente [381,47,123,213,9,29,5,11,454,7,221,230,23,40,4,528,63,34,114,85,43,417,193,24,64,27,7,20,19,316,45,305,13,33,6,142,110,11,217,173,475,25,48,18,4,6,60,374,17,4,18,422,533,14,9,62,223,24,232,196,17,99,4,19,7,53,16,25,53,15,7,84,62,19,13,36,113,12,469,29,22,23,113,34,34,89,102,70,86,161,53,329,43,62,315,3,64,14,56,70,11,38,129,29,33,4,27,38,277,244,9,296,38,26,12,15,108,8,40,10]
tiempo_ultimo_agente_goal 533
tiempo_en_acabar 533
tiempo_promedio 98.808334
agentes_en_goal 120
push_out_count 0
RUN 27
valores_ideales [0,0,0,0,0,0,0,0,0,0,0,0,0,0,0,0,0,0,0,0,0,0,0,0,0,0,0,0,0,0,0,0,0,0,0,0,0,0,0,0,0,0,0,0,0,0,0,0,0,0,0,0,0,0,0,0,0,0,0,0,0,0,0,0,0,0,0,0,0,0,0,0,0,0,0,0,0,0,0,0,0,0,0,0,0,0,0,0,0,0,0,0,0,0,0,0,0,0,0,0,0,0,0,0,0,0,0,0,0,0,0,0,0,0,0,0,0,0,0,0]
costo_por_agente [464,34,94,120,8,28,4,10,241,12,208,135,14,178,3,375,75,331,129,85,30,314,34,23,54,22,6,13,18,311,53,43,12,161,5,57,119,10,226,348,588,28,48,15,3,5,218,463,22,3,14,421,558,21,8,70,454,23,289,175,16,29,3,16,10,79,15,22,518,14,6,144,170,18,10,82,191,17,596,19,27,22,63,31,33,136,27,91,91,48,43,424,41,362,306,2,61,11,28,60,12,70,259,18,32,3,26,22,372,161,8,245,29,25,11,12,141,5,31,7]
completion_time_por_agente [465,37,95,121,9,29,5,11,244,13,209,137,15,181,4,376,76,332,131,87,34,318,36,24,55,23,7,14,19,313,56,51,13,164,6,67,122,11,227,349,590,29,53,16,4,6,223,464,23,4,15,423,573,22,10,72,456,24,293,177,17,31,4,18,11,81,16,23,522,15,7,145,172,19,11,87,200,18,597,20,41,23,67,32,34,138,40,93,92,52,49,426,47,364,309,3,64,12,29,65,13,71,261,19,42,4,27,33,373,173,9,247,30,26,12,14,143,6,34,8]
tiempo_ultimo_agente_goal 597
tiempo_en_acabar 597
tiempo_promedio 112.516670
agentes_en_goal 120
push_out_count 0
RUN 28
valores_ideales [0,0,0,0,0,0,0,0,0,0,0,0,0,0,0,0,0,0,0,0,0,0,0,0,0,0,0,0,0,0,0,0,0,0,0,0,0,0,0,0,0,0,0,0,0,0,0,0,0,0,0,0,0,0,0,0,0,0,0,0,0,0,0,0,0,0,0,0,0,0,0,0,0,0,0,0,0,0,0,0,0,0,0,0,0,0,0,0,0,0,0,0,0,0,0,0,0,0,0,0,0,0,0,0,0,0,0,0,0,0,0,0,0,0,0,0,0,0,0,0]
costo_por_agente [925,38,840,923,8,28,4,10,939,6,912,926,16,18,3,17,792,33,849,854,30,809,961,25,881,26,6,15,30,941,45,943,10,951,5,932,898,10,938,916,895,26,16,15,3,3,862,963,18,3,14,937,925,13,10,872,970,23,887,890,32,25,3,20,6,890,15,24,961,14,6,156,924,18,10,896,799,17,952,27,27,22,846,31,35,870,16,906,877,925,880,908,854,950,893,2,814,11,34,871,10,903,898,20,16,3,26,16,900,918,12,906,31,25,13,14,883,7,142,9]
completion_time_por_agente [1000,41,999,999,10,29,5,11,999,7,999,999,17,999,4,999,999,35,999,999,34,999,999,27,999,27,7,16,31,999,46,999,11,999,6,999,999,11,999,999,999,27,999,16,4,4,999,999,19,4,15,999,999,14,11,999,999,24,999,999,34,26,4,21,7,999,17,25,999,15,7,999,999,19,11,999,999,18,999,28,30,23,999,32,36,999,999,999,999,999,999,999,999,999,999,3,999,12,35,999,11,999,999,21,999,4,27,999,999,999,13,999,32,26,14,15,999,8,999,10]
tiempo_ultimo_agente_goal 46
tiempo_en_acabar 1000
tiempo_promedio 508.649994
agentes_en_goal 60
push_out_count 0
RUN 29
valores_ideales [0,0,0,0,0,0,0,0,0,0,0,0,0,0,0,0,0,0,0,0,0,0,0,0,0,0,0,0,0,0,0,0,0,0,0,0,0,0,0,0,0,0,0,0,0,0,0,0,0,0,0,0,0,0,0,0,0,0,0,0,0,0,0,0,0,0,0,0,0,0,0,0,0,0,0,0,0,0,0,0,0,0,0,0,0,0,0,0,0,0,0,0,0,0,0,0,0,0,0,0,0,0,0,0,0,0,0,0,0,0,0,0,0,0,0,0,0,0,0,0]
costo_por_agente [100,40,104,158,10,28,4,10,363,6,210,233,16,30,3,47,79,25,67,77,34,384,262,21,74,22,6,11,28,487,41,365,10,25,5,453,153,12,198,290,430,24,36,15,3,5,54,37,14,3,14,99,320,13,8,66,340,23,429,131,32,89,3,16,6,133,15,22,52,14,6,44,178,18,10,42,37,15,148,19,17,22,59,31,33,70,87,93,145,362,81,192,91,610,232,2,63,11,32,106,14,50,241,22,22,3,28,22,370,113,8,467,25,25,11,14,109,7,29,9]
completion_time_por_agente [102,41,106,161,11,29,5,11,364,7,211,235,17,36,4,49,80,26,68,80,36,387,263,23,77,23,7,12,29,488,43,374,11,27,6,456,155,13,199,291,431,25,40,16,4,6,57,40,15,4,15,102,323,14,9,67,342,24,430,133,33,91,4,17,7,134,16,23,56,15,7,45,182,19,11,46,42,16,149,20,19,23,61,32,34,73,91,97,147,363,82,195,95,614,233,3,65,12,33,107,15,52,244,23,23,4,29,23,373,115,9,468,26,26,12,15,111,8,31,10]
tiempo_ultimo_agente_goal 614
tiempo_en_acabar 614
tiempo_promedio 96.574997
agentes_en_goal 120
push_out_count 0
RUN 30
valores_ideales [0,0,0,0,0,0,0,0,0,0,0,0,0,0,0,0,0,0,0,0,0,0,0,0,0,0,0,0,0,0,0,0,0,0,0,0,0,0,0,0,0,0,0,0,0,0,0,0,0,0,0,0,0,0,0,0,0,0,0,0,0,0,0,0,0,0,0,0,0,0,0,0,0,0,0,0,0,0,0,0,0,0,0,0,0,0,0,0,0,0,0,0,0,0,0,0,0,0,0,0,0,0,0,0,0,0,0,0,0,0,0,0,0,0,0,0,0,0,0,0]
costo_por_agente [358,42,204,344,10,28,4,10,177,6,196,169,18,88,3,531,65,25,63,81,34,356,220,27,44,22,6,13,22,411,45,43,10,49,5,413,89,10,152,272,564,28,46,15,3,7,256,361,14,3,14,223,354,27,8,76,254,23,213,31,22,73,3,18,12,159,17,22,54,14,6,44,392,18,10,36,131,11,510,17,27,22,69,31,33,152,37,73,87,256,39,160,43,62,176,2,57,17,28,76,10,30,77,20,24,3,26,20,590,211,8,273,23,25,11,16,105,5,31,7]
completion_time_por_agente [359,43,205,346,11,29,5,11,181,7,197,172,20,91,4,536,66,27,66,85,36,357,222,28,46,23,7,14,23,413,47,47,11,51,6,416,90,11,153,273,566,30,50,16,4,8,259,363,15,4,15,224,355,28,9,78,255,24,214,33,23,80,4,19,13,160,19,23,57,15,7,46,395,19,11,40,132,12,511,18,31,23,70,32,34,154,42,75,89,258,41,162,44,67,177,3,59,18,30,77,11,32,79,21,25,4,27,22,591,214,9,274,24,26,12,17,109,6,33,8]
tiempo_ultimo_agente_goal 591
tiempo_en_acabar 591
tiempo_promedio 99.324997
agentes_en_goal 120
push_out_count 0
RUN 31
valores_ideales [0,0,0,0,0,0,0,0,0,0,0,0,0,0,0,0,0,0,0,0,0,0,0,0,0,0,0,0,0,0,0,0,0,0,0,0,0,0,0,0,0,0,0,0,0,0,0,0,0,0,0,0,0,0,0,0,0,0,0,0,0,0,0,0,0,0,0,0,0,0,0,0,0,0,0,0,0,0,0,0,0,0,0,0,0,0,0,0,0,0,0,0,0,0,0,0,0,0,0,0,0,0,0,0,0,0,0,0,0,0,0,0,0,0,0,0,0,0,0,0]
costo_por_agente [204,30,232,174,8,28,4,10,405,6,126,139,14,30,3,485,85,47,105,65,36,56,248,21,72,26,6,13,20,109,43,383,10,23,5,43,215,10,164,270,648,26,48,11,3,7,242,435,20,3,14,155,36,13,8,86,390,23,289,173,16,37,3,14,6,141,15,24,58,14,6,60,48,18,12,48,43,11,434,21,25,22,89,31,35,72,61,99,97,186,77,246,83,458,384,2,65,11,26,96,10,62,209,22,44,3,28,26,588,117,12,497,23,25,11,22,143,5,55,9]
completion_time_por_agente [207,32,233,175,9,29,5,11,408,7,127,143,15,36,4,487,88,52,106,69,38,62,252,22,73,27,7,14,21,111,48,389,11,25,6,54,217,11,165,271,650,27,53,12,4,8,249,437,21,4,15,156,38,14,9,89,392,24,290,174,17,46,4,15,7,142,16,25,68,15,7,63,55,19,13,56,46,12,436,22,31,23,92,32,36,75,75,100,100,187,79,247,85,460,385,3,67,12,27,100,11,64,211,23,48,4,29,35,589,123,13,499,24,26,12,23,146,6,57,10]
tiempo_ultimo_agente_goal 650
tiempo_en_acabar 650
tiempo_promedio 99.883331
agentes_en_goal 120
push_out_count 0
RUN 32
valores_ideales [0,0,0,0,0,0,0,0,0,0,0,0,0,0,0,0,0,0,0,0,0,0,0,0,0,0,0,0,0,0,0,0,0,0,0,0,0,0,0,0,0,0,0,0,0,0,0,0,0,0,0,0,0,0,0,0,0,0,0,0,0,0,0,0,0,0,0,0,0,0,0,0,0,0,0,0,0,0,0,0,0,0,0,0,0,0,0,0,0,0,0,0,0,0,0,0,0,0,0,0,0,0,0,0,0,0,0,0,0,0,0,0,0,0,0,0,0,0,0,0]
costo_por_agente [500,30,146,146,14,28,4,10,105,6,132,191,16,188,3,363,67,35,101,75,46,420,38,21,38,26,6,13,24,157,59,37,12,25,5,321,149,10,192,404,302,32,30,11,3,5,64,475,14,3,14,235,36,13,8,70,352,23,261,119,16,67,3,18,18,57,17,22,56,14,6,46,68,18,10,36,235,11,252,37,25,22,31,31,33,134,63,89,75,80,41,290,89,408,358,2,73,21,26,62,10,44,257,20,24,3,38,24,534,265,12,489,35,25,11,16,149,7,41,9]
completion_time_por_agente [503,31,147,147,15,29,5,11,106,7,133,195,17,190,4,364,70,36,102,78,51,422,39,22,40,27,7,14,25,158,62,40,13,27,6,325,152,11,193,405,304,33,33,12,4,6,67,478,15,4,15,237,39,14,9,71,353,24,263,121,17,68,4,19,19,60,18,23,58,15,7,47,70,19,11,37,237,12,253,38,28,23,33,32,34,138,66,93,78,81,44,291,90,409,359,3,75,22,27,63,11,46,258,21,25,4,39,25,536,268,13,492,37,26,12,17,150,8,42,10]
tiempo_ultimo_agente_goal 536
tiempo_en_acabar 536
tiempo_promedio 94.933334
agentes_en_goal 120
push_out_count 0
RUN 33
valores_ideales [0,0,0,0,0,0,0,0,0,0,0,0,0,0,0,0,0,0,0,0,0,0,0,0,0,0,0,0,0,0,0,0,0,0,0,0,0,0,0,0,0,0,0,0,0,0,0,0,0,0,0,0,0,0,0,0,0,0,0,0,0,0,0,0,0,0,0,0,0,0,0,0,0,0,0,0,0,0,0,0,0,0,0,0,0,0,0,0,0,0,0,0,0,0,0,0,0,0,0,0,0,0,0,0,0,0,0,0,0,0,0,0,0,0,0,0,0,0,0,0]
costo_por_agente [316,46,144,208,14,28,4,16,249,6,76,131,16,204,3,461,85,31,83,77,24,46,310,21,32,22,6,13,20,357,49,281,10,29,5,37,95,10,220,240,460,26,44,11,3,5,62,541,14,3,16,321,42,15,12,72,356,21,167,211,16,65,3,18,10,139,17,22,56,14,6,72,362,18,10,90,149,11,280,25,19,22,79,33,33,100,31,81,85,104,77,318,95,64,360,2,57,13,28,96,10,38,161,22,32,3,26,26,684,371,12,351,25,25,11,14,121,7,33,7]
completion_time_por_agente [317,47,145,209,15,29,5,18,251,7,78,134,17,208,4,464,88,35,84,79,27,48,315,22,36,23,7,14,21,358,50,283,11,31,6,41,97,11,222,241,462,27,46,12,4,6,68,543,15,4,18,324,45,16,13,73,357,22,170,212,17,66,4,19,11,142,18,23,57,15,7,73,366,19,11,95,156,12,281,27,20,23,85,34,34,101,34,84,86,105,84,320,97,72,362,3,61,14,29,97,11,40,162,23,38,4,27,30,685,373,13,352,27,26,12,15,123,8,34,8]
tiempo_ultimo_agente_goal 685
tiempo_en_acabar 685
tiempo_promedio 97.583336
agentes_en_goal 120
push_out_count 0
RUN 34
valores_ideales [0,0,0,0,0,0,0,0,0,0,0,0,0,0,0,0,0,0,0,0,0,0,0,0,0,0,0,0,0,0,0,0,0,0,0,0,0,0,0,0,0,0,0,0,0,0,0,0,0,0,0,0,0,0,0,0,0,0,0,0,0,0,0,0,0,0,0,0,0,0,0,0,0,0,0,0,0,0,0,0,0,0,0,0,0,0,0,0,0,0,0,0,0,0,0,0,0,0,0,0,0,0,0,0,0,0,0,0,0,0,0,0,0,0,0,0,0,0,0,0]
costo_por_agente [320,32,92,330,8,28,4,10,159,6,292,121,14,32,3,51,75,175,119,105,30,438,266,21,68,22,6,11,26,259,51,297,10,23,5,343,163,12,190,238,558,32,32,11,3,3,300,531,14,3,14,205,40,13,8,58,324,27,259,181,16,27,3,18,6,103,15,22,50,14,6,44,50,18,12,56,165,11,360,25,21,24,61,33,37,108,33,87,97,212,49,414,43,612,292,2,59,13,38,72,14,48,97,20,24,3,32,22,430,321,12,247,25,25,11,14,103,5,27,7]
completion_time_por_agente [321,33,94,331,9,29,5,11,160,7,293,123,15,33,4,57,76,176,120,106,33,442,268,22,70,23,7,12,28,262,53,298,11,25,6,344,164,13,192,239,559,33,37,12,4,4,301,534,15,4,15,206,42,14,9,60,325,28,261,186,17,28,4,19,8,104,16,23,55,15,7,47,52,19,13,58,166,12,362,26,23,25,63,34,38,111,35,89,99,213,52,415,48,618,293,3,61,14,39,73,15,50,98,21,25,4,33,25,431,323,13,249,26,26,12,15,104,6,28,8]
tiempo_ultimo_agente_goal 618
tiempo_en_acabar 618
tiempo_promedio 100.608330
agentes_en_goal 120
push_out_count 0
RUN 35
valores_ideales [0,0,0,0,0,0,0,0,0,0,0,0,0,0,0,0,0,0,0,0,0,0,0,0,0,0,0,0,0,0,0,0,0,0,0,0,0,0,0,0,0,0,0,0,0,0,0,0,0,0,0,0,0,0,0,0,0,0,0,0,0,0,0,0,0,0,0,0,0,0,0,0,0,0,0,0,0,0,0,0,0,0,0,0,0,0,0,0,0,0,0,0,0,0,0,0,0,0,0,0,0,0,0,0,0,0,0,0,0,0,0,0,0,0,0,0,0,0,0,0]
costo_por_agente [390,34,76,94,8,28,4,10,237,6,306,293,16,30,3,511,65,31,177,75,34,420,254,27,78,24,6,11,20,425,33,273,10,33,5,139,97,10,252,180,388,32,56,15,3,7,342,397,14,3,14,199,340,13,8,60,384,23,471,197,30,69,3,22,10,119,15,22,48,14,6,94,280,18,12,40,177,11,462,25,17,28,73,31,39,126,77,77,63,216,39,80,45,718,278,2,53,11,26,96,10,46,229,18,26,3,42,26,604,209,8,367,27,25,11,12,169,7,25,9]
completion_time_por_agente [392,35,77,97,9,29,5,11,244,7,307,296,17,34,4,514,66,40,178,77,37,423,257,28,79,25,7,12,21,428,34,274,11,35,6,149,99,11,253,181,392,34,59,16,4,8,352,399,15,4,15,200,344,14,9,61,387,24,472,198,31,74,4,24,11,120,16,23,55,15,7,96,287,19,13,41,179,12,463,28,19,29,74,32,40,129,78,78,64,217,40,81,46,719,279,3,57,12,27,98,11,47,234,19,31,4,43,34,606,214,9,369,28,26,12,13,171,8,30,10]
tiempo_ultimo_agente_goal 719
tiempo_en_acabar 719
tiempo_promedio 111.458336
agentes_en_goal 120
push_out_count 0
RUN 36
valores_ideales [0,0,0,0,0,0,0,0,0,0,0,0,0,0,0,0,0,0,0,0,0,0,0,0,0,0,0,0,0,0,0,0,0,0,0,0,0,0,0,0,0,0,0,0,0,0,0,0,0,0,0,0,0,0,0,0,0,0,0,0,0,0,0,0,0,0,0,0,0,0,0,0,0,0,0,0,0,0,0,0,0,0,0,0,0,0,0,0,0,0,0,0,0,0,0,0,0,0,0,0,0,0,0,0,0,0,0,0,0,0,0,0,0,0,0,0,0,0,0,0]
costo_por_agente [396,28,142,52,8,28,4,10,305,6,178,47,16,92,3,741,85,33,99,93,24,370,118,17,50,22,6,13,26,533,27,47,10,189,5,43,143,10,194,186,664,28,30,15,3,7,446,435,24,3,14,407,36,13,8,76,184,23,223,199,18,25,3,18,12,107,15,22,576,14,6,98,50,18,10,38,131,11,326,19,21,24,63,33,39,34,49,65,107,282,63,254,51,534,358,2,73,13,28,56,14,40,263,22,32,3,30,70,478,43,12,277,27,25,11,12,81,5,25,9]
completion_time_por_agente [397,29,143,56,9,29,5,11,307,7,179,49,17,95,4,742,86,36,101,95,26,374,120,18,53,23,7,14,27,536,29,50,11,191,6,45,144,11,195,187,667,29,31,16,4,8,447,438,25,4,15,408,37,14,9,77,185,24,226,200,19,27,4,20,13,110,16,23,579,15,7,100,52,19,11,39,132,12,328,20,22,25,65,34,40,37,54,66,108,284,64,256,55,537,360,3,74,14,29,58,15,41,265,23,34,4,31,73,479,49,14,278,28,26,12,14,82,6,28,10]
tiempo_ultimo_agente_goal 742
tiempo_en_acabar 742
tiempo_promedio 104.758331
agentes_en_goal 120
push_out_count 0
RUN 37
valores_ideales [0,0,0,0,0,0,0,0,0,0,0,0,0,0,0,0,0,0,0,0,0,0,0,0,0,0,0,0,0,0,0,0,0,0,0,0,0,0,0,0,0,0,0,0,0,0,0,0,0,0,0,0,0,0,0,0,0,0,0,0,0,0,0,0,0,0,0,0,0,0,0,0,0,0,0,0,0,0,0,0,0,0,0,0,0,0,0,0,0,0,0,0,0,0,0,0,0,0,0,0,0,0,0,0,0,0,0,0,0,0,0,0,0,0,0,0,0,0,0,0]
costo_por_agente [134,34,190,82,8,28,4,10,145,6,162,139,16,36,3,49,63,175,91,105,26,62,186,25,38,22,6,13,18,153,39,315,12,25,5,367,121,10,232,272,462,28,58,11,3,7,254,517,14,3,14,199,352,13,8,70,528,23,245,295,16,85,3,16,10,85,17,22,52,14,6,62,322,18,12,34,37,11,474,29,21,22,57,33,33,114,27,137,65,280,47,266,51,386,308,2,73,13,28,56,12,56,233,20,28,3,28,28,330,133,12,419,23,25,11,12,81,5,57,7]
completion_time_por_agente [135,35,191,83,9,29,5,11,148,7,164,143,17,40,4,56,64,176,92,108,27,65,188,26,40,23,7,14,19,154,42,317,13,27,6,369,122,11,233,273,465,30,63,12,4,8,259,518,15,4,15,201,356,14,9,73,530,24,247,298,17,88,4,17,11,86,18,23,58,15,7,64,326,19,13,38,43,12,475,30,24,23,60,34,34,116,30,141,67,281,49,268,54,389,310,3,77,14,29,58,13,60,234,21,32,4,29,29,332,134,13,421,25,26,12,13,82,6,58,8]
tiempo_ultimo_agente_goal 530
tiempo_en_acabar 530
tiempo_promedio 96.791664
agentes_en_goal 120
push_out_count 0
RUN 38
valores_ideales [0,0,0,0,0,0,0,0,0,0,0,0,0,0,0,0,0,0,0,0,0,0,0,0,0,0,0,0,0,0,0,0,0,0,0,0,0,0,0,0,0,0,0,0,0,0,0,0,0,0,0,0,0,0,0,0,0,0,0,0,0,0,0,0,0,0,0,0,0,0,0,0,0,0,0,0,0,0,0,0,0,0,0,0,0,0,0,0,0,0,0,0,0,0,0,0,0,0,0,0,0,0,0,0,0,0,0,0,0,0,0,0,0,0,0,0,0,0,0,0]
costo_por_agente [284,42,144,384,8,28,4,16,397,12,206,81,16,114,3,551,83,121,77,85,26,514,30,23,34,22,6,17,24,153,37,55,10,219,5,427,129,10,332,152,372,28,54,15,3,5,128,399,12,3,14,81,40,17,12,70,588,23,261,29,16,25,3,16,12,121,19,22,56,14,6,44,54,18,10,34,153,11,598,21,19,22,61,31,33,76,87,67,229,164,45,140,53,64,234,2,59,11,28,70,12,56,193,20,28,3,30,20,452,361,12,437,29,25,11,12,117,5,25,7]
completion_time_por_agente [287,43,145,385,9,29,5,17,398,13,207,84,17,116,4,554,85,123,78,88,30,515,33,24,35,23,7,18,25,154,38,58,11,221,6,431,131,11,334,153,373,29,55,16,4,6,129,401,13,4,15,83,42,18,13,71,589,24,262,31,17,26,4,17,13,122,21,23,60,15,7,45,59,19,11,36,155,12,599,24,22,23,64,32,34,79,88,68,233,165,46,142,57,69,235,3,62,12,29,72,13,62,194,21,29,4,31,22,453,362,13,439,30,26,12,13,118,6,26,8]
tiempo_ultimo_agente_goal 599
tiempo_en_acabar 599
tiempo_promedio 98.541664
agentes_en_goal 120
push_out_count 0
RUN 39
valores_ideales [0,0,0,0,0,0,0,0,0,0,0,0,0,0,0,0,0,0,0,0,0,0,0,0,0,0,0,0,0,0,0,0,0,0,0,0,0,0,0,0,0,0,0,0,0,0,0,0,0,0,0,0,0,0,0,0,0,0,0,0,0,0,0,0,0,0,0,0,0,0,0,0,0,0,0,0,0,0,0,0,0,0,0,0,0,0,0,0,0,0,0,0,0,0,0,0,0,0,0,0,0,0,0,0,0,0,0,0,0,0,0,0,0,0,0,0,0,0,0,0]
costo_por_agente [452,36,250,204,8,28,4,10,321,14,232,143,14,102,3,45,51,145,77,81,22,304,86,23,40,22,6,13,18,553,33,127,10,27,5,33,111,10,134,296,276,26,38,11,3,5,222,279,14,3,14,219,36,13,8,62,436,25,409,95,20,63,3,18,6,213,19,22,284,14,6,48,134,18,10,42,175,11,320,39,25,22,37,31,33,124,105,83,89,146,51,114,107,62,334,2,67,13,36,84,12,52,209,22,26,3,26,52,468,313,8,569,29,25,11,12,131,7,29,9]
completion_time_por_agente [453,39,252,205,9,29,5,11,323,16,233,145,15,107,4,53,52,146,78,84,25,308,87,24,42,23,7,14,20,554,34,129,11,29,6,41,112,11,136,297,277,27,40,12,4,6,224,281,15,4,15,220,38,14,9,64,437,26,411,98,21,72,4,19,7,214,20,23,288,15,7,51,136,19,11,43,176,12,321,43,35,23,40,32,34,125,109,84,93,147,52,115,108,64,336,3,68,14,39,85,13,54,210,23,33,4,27,61,471,319,9,571,30,26,12,13,133,8,30,10]
tiempo_ultimo_agente_goal 571
tiempo_en_acabar 571
tiempo_promedio 96.300003
agentes_en_goal 120
push_out_count 0
