RUN 0
valores_ideales [0,0,0,0,0,0,0,0,0,0,0,0,0,0,0,0,0,0,0,0,0,0,0,0,0,0,0,0,0,0,0,0,0,0,0,0,0,0,0,0,0,0,0,0,0,0,0,0,0,0]
costo_por_agente [48,64,16,22,12,21,108,10,15,15,37,26,32,15,32,56,31,33,70,57,60,3,83,60,44,9,25,36,8,7,17,18,25,25,16,14,29,91,18,26,33,28,17,30,5,15,25,19,2,39]
completion_time_por_agente [49,65,17,23,13,22,109,11,16,16,39,27,33,16,34,57,32,34,71,58,61,4,85,61,45,10,26,38,9,8,18,19,26,26,17,15,30,92,19,27,35,29,18,34,6,16,28,20,3,40]
tiempo_ultimo_agente_goal 109
tiempo_en_acabar 109
tiempo_promedio 32.139999
agentes_en_goal 50
push_out_count 0
RUN 1
valores_ideales [0,0,0,0,0,0,0,0,0,0,0,0,0,0,0,0,0,0,0,0,0,0,0,0,0,0,0,0,0,0,0,0,0,0,0,0,0,0,0,0,0,0,0,0,0,0,0,0,0,0]
costo_por_agente [52,100,14,22,10,19,74,10,19,15,37,26,38,15,34,68,31,27,50,29,90,3,129,90,44,9,25,32,8,7,17,18,25,27,16,16,29,93,16,26,45,28,17,30,5,15,23,19,2,41]
completion_time_por_agente [53,101,15,23,11,20,75,11,20,16,38,27,39,16,35,69,32,28,51,30,91,4,130,91,45,10,26,33,9,8,18,19,26,28,17,17,30,94,17,27,46,29,18,31,6,16,26,20,3,43]
tiempo_ultimo_agente_goal 130
tiempo_en_acabar 130
tiempo_promedio 33.759998
agentes_en_goal 50
push_out_count 0
RUN 2
valores_ideales [0,0,0,0,0,0,0,0,0,0,0,0,0,0,0,0,0,0,0,0,0,0,0,0,0,0,0,0,0,0,0,0,0,0,0,0,0,0,0,0,0,0,0,0,0,0,0,0,0,0]
costo_por_agente [42,94,14,22,10,19,36,10,15,15,95,26,34,17,34,68,31,47,46,31,80,3,129,78,48,9,25,50,8,7,17,18,25,27,16,16,29,85,18,24,37,30,17,32,5,15,23,19,2,53]
completion_time_por_agente [43,95,15,23,11,20,38,11,16,16,96,27,35,18,35,69,32,48,47,33,81,4,131,79,49,10,26,51,9,8,18,19,26,28,17,17,30,86,19,25,38,31,18,34,6,16,24,20,3,54]
tiempo_ultimo_agente_goal 131
tiempo_en_acabar 131
tiempo_promedio 34.099998
agentes_en_goal 50
push_out_count 0
RUN 3
valores_ideales [0,0,0,0,0,0,0,0,0,0,0,0,0,0,0,0,0,0,0,0,0,0,0,0,0,0,0,0,0,0,0,0,0,0,0,0,0,0,0,0,0,0,0,0,0,0,0,0,0,0]
costo_por_agente [60,84,14,22,10,19,70,10,15,15,35,26,46,17,32,54,31,25,72,57,76,3,99,76,42,9,25,54,8,7,19,18,25,25,16,14,29,65,16,22,35,28,17,32,5,15,27,19,2,49]
completion_time_por_agente [61,85,15,23,11,20,71,11,16,16,37,27,49,18,34,55,32,27,73,61,77,4,100,77,43,10,26,55,9,8,20,19,26,26,17,15,30,66,17,23,38,29,18,37,6,16,33,20,3,50]
tiempo_ultimo_agente_goal 100
tiempo_en_acabar 100
tiempo_promedio 33.200001
agentes_en_goal 50
push_out_count 0
RUN 4
valores_ideales [0,0,0,0,0,0,0,0,0,0,0,0,0,0,0,0,0,0,0,0,0,0,0,0,0,0,0,0,0,0,0,0,0,0,0,0,0,0,0,0,0,0,0,0,0,0,0,0,0,0]
costo_por_agente [62,56,14,22,10,19,110,10,15,15,37,26,34,15,32,64,31,31,68,39,48,3,105,124,42,9,25,40,8,7,19,18,25,27,16,14,29,71,16,22,59,28,17,32,5,15,27,19,2,53]
completion_time_por_agente [65,57,15,23,11,20,111,11,16,16,39,27,37,16,33,65,32,35,69,40,49,4,106,125,44,10,26,45,9,8,20,19,26,28,17,15,30,73,17,23,61,29,18,37,6,16,30,20,3,55]
tiempo_ultimo_agente_goal 125
tiempo_en_acabar 125
tiempo_promedio 34.139999
agentes_en_goal 50
push_out_count 0
RUN 5
valores_ideales [0,0,0,0,0,0,0,0,0,0,0,0,0,0,0,0,0,0,0,0,0,0,0,0,0,0,0,0,0,0,0,0,0,0,0,0,0,0,0,0,0,0,0,0,0,0,0,0,0,0]
costo_por_agente [48,78,12,22,10,19,62,10,15,15,37,26,34,17,34,48,31,25,86,29,94,3,133,54,42,9,23,36,8,7,17,18,25,25,16,14,29,69,16,22,33,28,17,48,5,15,39,19,2,41]
completion_time_por_agente [49,79,13,23,11,20,63,11,16,16,38,27,35,18,35,49,32,26,87,30,95,4,134,55,43,10,24,37,9,8,18,19,26,26,17,15,30,70,17,23,34,29,18,49,6,16,41,20,3,42]
tiempo_ultimo_agente_goal 134
tiempo_en_acabar 134
tiempo_promedio 32.320000
agentes_en_goal 50
push_out_count 0
RUN 6
valores_ideales [0,0,0,0,0,0,0,0,0,0,0,0,0,0,0,0,0,0,0,0,0,0,0,0,0,0,0,0,0,0,0,0,0,0,0,0,0,0,0,0,0,0,0,0,0,0,0,0,0,0]
costo_por_agente [42,124,10,22,10,21,94,10,15,15,87,26,42,15,36,52,31,27,66,35,54,3,97,88,50,9,25,32,8,7,17,18,25,25,16,14,29,73,18,22,33,28,17,44,5,15,25,19,2,51]
completion_time_por_agente [43,125,11,23,11,24,95,11,16,16,88,27,43,16,37,53,32,28,67,36,55,4,99,89,52,10,26,33,9,8,18,19,26,26,17,15,30,74,19,23,34,29,18,45,6,16,26,20,3,52]
tiempo_ultimo_agente_goal 125
tiempo_en_acabar 125
tiempo_promedio 34.060001
agentes_en_goal 50
push_out_count 0
RUN 7
valores_ideales [0,0,0,0,0,0,0,0,0,0,0,0,0,0,0,0,0,0,0,0,0,0,0,0,0,0,0,0,0,0,0,0,0,0,0,0,0,0,0,0,0,0,0,0,0,0,0,0,0,0]
costo_por_agente [44,100,12,22,14,19,40,10,15,15,35,26,34,17,34,26,31,27,56,29,62,3,79,56,46,11,25,36,8,7,17,18,25,25,16,20,29,101,16,22,45,28,17,48,5,15,25,19,2,51]
completion_time_por_agente [47,101,14,23,15,20,44,11,16,16,37,27,38,18,35,27,32,30,57,32,63,4,81,58,50,12,26,40,9,8,18,19,26,26,17,21,30,102,17,23,46,29,18,49,6,16,26,20,3,52]
tiempo_ultimo_agente_goal 102
tiempo_en_acabar 102
tiempo_promedio 31.100000
agentes_en_goal 50
push_out_count 0
RUN 8
valores_ideales [0,0,0,0,0,0,0,0,0,0,0,0,0,0,0,0,0,0,0,0,0,0,0,0,0,0,0,0,0,0,0,0,0,0,0,0,0,0,0,0,0,0,0,0,0,0,0,0,0,0]
costo_por_agente [58,72,14,22,10,21,74,10,15,15,73,26,36,15,40,66,31,23,50,33,48,3,121,82,48,11,25,52,8,7,19,18,25,27,16,16,29,101,16,22,35,28,17,56,5,15,51,19,2,49]
completion_time_por_agente [59,73,15,23,11,22,75,11,16,16,74,27,38,16,45,67,32,25,52,35,49,4,123,83,50,12,26,56,9,8,20,19,26,28,17,17,30,102,17,23,36,29,18,59,6,16,52,20,3,50]
tiempo_ultimo_agente_goal 123
tiempo_en_acabar 123
tiempo_promedio 34.799999
agentes_en_goal 50
push_out_count 0
RUN 9
valores_ideales [0,0,0,0,0,0,0,0,0,0,0,0,0,0,0,0,0,0,0,0,0,0,0,0,0,0,0,0,0,0,0,0,0,0,0,0,0,0,0,0,0,0,0,0,0,0,0,0,0,0]
costo_por_agente [68,92,10,24,10,19,36,10,15,15,35,26,36,15,32,50,31,43,56,31,46,3,157,62,44,13,23,24,8,7,17,18,25,25,16,16,29,85,16,22,37,28,17,40,5,15,23,19,2,45]
completion_time_por_agente [69,93,11,25,11,20,38,11,16,16,37,27,39,16,34,51,32,45,57,34,47,4,158,63,45,14,24,27,9,8,18,19,26,26,17,17,30,86,17,23,38,29,18,43,6,16,26,20,3,46]
tiempo_ultimo_agente_goal 158
tiempo_en_acabar 158
tiempo_promedio 32.099998
agentes_en_goal 50
push_out_count 0
RUN 10
valores_ideales [0,0,0,0,0,0,0,0,0,0,0,0,0,0,0,0,0,0,0,0,0,0,0,0,0,0,0,0,0,0,0,0,0,0,0,0,0,0,0,0,0,0,0,0,0,0,0,0,0,0]
costo_por_agente [70,76,10,22,10,19,72,10,15,15,37,26,38,15,34,56,31,45,84,39,86,3,77,112,48,11,25,54,8,7,17,18,25,27,16,16,29,67,18,24,33,30,17,42,5,15,31,19,2,49]
completion_time_por_agente [71,77,11,23,11,20,73,11,16,16,38,27,41,16,35,57,32,46,85,41,87,4,78,113,49,12,26,55,9,8,18,19,26,28,17,17,30,68,19,25,36,31,18,44,6,16,33,20,3,50]
tiempo_ultimo_agente_goal 113
tiempo_en_acabar 113
tiempo_promedio 34.240002
agentes_en_goal 50
push_out_count 0
RUN 11
valores_ideales [0,0,0,0,0,0,0,0,0,0,0,0,0,0,0,0,0,0,0,0,0,0,0,0,0,0,0,0,0,0,0,0,0,0,0,0,0,0,0,0,0,0,0,0,0,0,0,0,0,0]
costo_por_agente [66,68,14,22,10,21,76,10,15,15,37,26,50,15,36,48,31,47,46,27,48,3,81,80,42,13,25,46,8,7,17,18,25,25,16,14,29,91,16,22,37,28,17,52,5,15,29,19,2,65]
completion_time_por_agente [67,69,15,23,11,22,77,11,16,16,40,27,52,16,39,51,32,48,48,29,51,4,82,81,44,14,26,49,9,8,18,19,26,26,17,15,30,92,17,23,39,29,18,54,6,16,35,20,3,66]
tiempo_ultimo_agente_goal 92
tiempo_en_acabar 92
tiempo_promedio 32.919998
agentes_en_goal 50
push_out_count 0
RUN 12
valores_ideales [0,0,0,0,0,0,0,0,0,0,0,0,0,0,0,0,0,0,0,0,0,0,0,0,0,0,0,0,0,0,0,0,0,0,0,0,0,0,0,0,0,0,0,0,0,0,0,0,0,0]
costo_por_agente [78,112,10,22,10,21,56,10,15,15,75,26,38,15,56,54,31,47,50,35,68,3,93,98,44,9,25,78,8,7,17,18,25,25,16,16,29,77,16,22,45,28,17,56,5,15,25,19,2,59]
completion_time_por_agente [80,113,11,23,11,22,64,11,16,16,76,27,47,16,57,57,32,58,53,44,69,4,94,99,53,10,26,86,9,8,18,19,26,26,17,17,30,81,17,23,53,29,18,63,6,16,26,20,3,60]
tiempo_ultimo_agente_goal 113
tiempo_en_acabar 113
tiempo_promedio 37.200001
agentes_en_goal 50
push_out_count 0
RUN 13
valores_ideales [0,0,0,0,0,0,0,0,0,0,0,0,0,0,0,0,0,0,0,0,0,0,0,0,0,0,0,0,0,0,0,0,0,0,0,0,0,0,0,0,0,0,0,0,0,0,0,0,0,0]
costo_por_agente [64,88,10,22,10,19,44,10,19,15,43,26,40,17,34,28,31,43,56,41,102,3,119,88,54,9,25,44,8,7,17,18,25,25,16,16,29,93,16,22,49,28,17,32,5,15,29,19,2,39]
completion_time_por_agente [65,89,11,23,11,20,48,11,20,16,47,27,43,18,38,30,32,45,57,44,103,4,120,89,55,10,26,47,9,8,18,19,26,26,17,17,30,94,17,23,50,29,18,35,6,16,30,20,3,41]
tiempo_ultimo_agente_goal 120
tiempo_en_acabar 120
tiempo_promedio 34.020000
agentes_en_goal 50
push_out_count 0
RUN 14
valores_ideales [0,0,0,0,0,0,0,0,0,0,0,0,0,0,0,0,0,0,0,0,0,0,0,0,0,0,0,0,0,0,0,0,0,0,0,0,0,0,0,0,0,0,0,0,0,0,0,0,0,0]
costo_por_agente [52,82,14,22,10,19,84,10,17,15,107,26,34,15,34,52,31,33,60,51,42,3,97,70,44,9,25,36,8,7,17,18,25,27,16,14,29,69,18,26,39,30,17,30,5,15,23,19,2,49]
completion_time_por_agente [53,83,15,23,11,20,85,11,18,16,108,27,37,16,37,53,32,34,61,52,43,4,99,71,45,10,26,40,9,8,18,19,26,28,17,15,30,70,19,27,41,31,18,31,6,16,24,20,3,50]
tiempo_ultimo_agente_goal 108
tiempo_en_acabar 108
tiempo_promedio 33.119999
agentes_en_goal 50
push_out_count 0
RUN 15
valores_ideales [0,0,0,0,0,0,0,0,0,0,0,0,0,0,0,0,0,0,0,0,0,0,0,0,0,0,0,0,0,0,0,0,0,0,0,0,0,0,0,0,0,0,0,0,0,0,0,0,0,0]
costo_por_agente [42,130,14,22,10,19,78,10,15,15,37,26,46,15,32,58,31,43,50,31,56,3,143,70,42,9,25,28,8,7,17,18,25,27,16,16,29,79,16,24,41,28,17,40,5,15,23,19,2,55]
completion_time_por_agente [43,131,15,23,11,20,79,11,16,16,39,27,47,16,33,59,32,44,51,32,57,4,144,71,43,10,26,30,9,8,18,19,26,28,17,17,30,80,17,25,42,29,18,42,6,16,24,20,3,56]
tiempo_ultimo_agente_goal 144
tiempo_en_acabar 144
tiempo_promedio 33.599998
agentes_en_goal 50
push_out_count 0
RUN 16
valores_ideales [0,0,0,0,0,0,0,0,0,0,0,0,0,0,0,0,0,0,0,0,0,0,0,0,0,0,0,0,0,0,0,0,0,0,0,0,0,0,0,0,0,0,0,0,0,0,0,0,0,0]
costo_por_agente [52,76,16,22,12,21,44,10,15,15,41,26,40,17,36,68,31,55,50,47,48,3,157,56,102,9,25,50,8,7,17,18,25,25,16,16,29,81,16,22,33,28,17,36,5,15,27,19,2,61]
completion_time_por_agente [53,77,17,23,13,22,50,11,16,16,47,27,43,18,41,69,32,56,52,50,49,4,158,58,103,10,26,52,9,8,18,19,26,26,17,17,30,82,17,23,39,29,18,42,6,16,31,20,3,63]
tiempo_ultimo_agente_goal 158
tiempo_en_acabar 158
tiempo_promedio 35.040001
agentes_en_goal 50
push_out_count 0
RUN 17
valores_ideales [0,0,0,0,0,0,0,0,0,0,0,0,0,0,0,0,0,0,0,0,0,0,0,0,0,0,0,0,0,0,0,0,0,0,0,0,0,0,0,0,0,0,0,0,0,0,0,0,0,0]
costo_por_agente [64,78,10,22,10,19,44,10,15,15,37,26,42,17,32,26,31,25,42,27,72,3,87,72,42,9,25,42,8,7,17,18,25,25,16,16,29,93,16,24,39,28,17,34,5,15,41,23,2,45]
completion_time_por_agente [65,79,11,23,11,20,45,11,16,16,39,27,44,18,33,27,32,27,43,29,73,4,88,73,44,10,26,43,9,8,18,19,26,26,17,17,30,94,17,25,42,29,18,38,6,16,42,24,3,46]
tiempo_ultimo_agente_goal 94
tiempo_en_acabar 94
tiempo_promedio 30.940001
agentes_en_goal 50
push_out_count 0
RUN 18
valores_ideales [0,0,0,0,0,0,0,0,0,0,0,0,0,0,0,0,0,0,0,0,0,0,0,0,0,0,0,0,0,0,0,0,0,0,0,0,0,0,0,0,0,0,0,0,0,0,0,0,0,0]
costo_por_agente [60,88,14,22,10,19,56,10,17,15,43,26,40,17,50,60,31,33,60,37,44,3,99,74,54,9,25,34,8,7,17,18,27,25,16,16,29,85,18,22,33,28,17,32,5,15,25,19,2,43]
completion_time_por_agente [61,89,15,23,11,20,57,11,18,16,45,27,41,18,51,61,32,34,61,39,45,4,101,75,55,10,26,35,9,8,18,19,28,26,17,17,30,86,19,23,36,29,18,34,6,16,26,20,3,44]
tiempo_ultimo_agente_goal 101
tiempo_en_acabar 101
tiempo_promedio 32.259998
agentes_en_goal 50
push_out_count 0
RUN 19
valores_ideales [0,0,0,0,0,0,0,0,0,0,0,0,0,0,0,0,0,0,0,0,0,0,0,0,0,0,0,0,0,0,0,0,0,0,0,0,0,0,0,0,0,0,0,0,0,0,0,0,0,0]
costo_por_agente [50,114,18,22,10,19,38,10,15,15,79,26,38,17,36,68,31,37,60,55,58,3,123,84,44,15,25,24,8,7,17,18,27,27,16,14,29,65,16,22,53,28,19,40,5,15,29,19,2,45]
completion_time_por_agente [52,115,19,23,11,20,42,11,17,16,80,27,39,18,38,70,32,39,61,56,61,4,124,85,46,16,26,25,9,8,18,19,28,28,17,16,30,67,17,23,55,29,20,41,6,16,32,20,3,46]
tiempo_ultimo_agente_goal 124
tiempo_en_acabar 124
tiempo_promedio 34.419998
agentes_en_goal 50
push_out_count 0
RUN 20
valores_ideales [0,0,0,0,0,0,0,0,0,0,0,0,0,0,0,0,0,0,0,0,0,0,0,0,0,0,0,0,0,0,0,0,0,0,0,0,0,0,0,0,0,0,0,0,0,0,0,0,0,0]
costo_por_agente [58,68,10,22,10,19,38,10,15,15,43,26,36,15,36,26,31,39,42,35,84,3,121,78,96,9,25,30,8,7,17,18,25,25,16,20,33,93,16,22,47,28,17,30,5,15,23,19,2,55]
completion_time_por_agente [59,69,11,23,11,20,39,11,16,16,45,27,38,16,39,27,32,43,43,40,85,4,122,79,97,10,26,32,9,8,18,19,26,26,17,21,34,94,17,23,49,29,18,34,6,16,24,20,3,56]
tiempo_ultimo_agente_goal 122
tiempo_en_acabar 122
tiempo_promedio 32.939999
agentes_en_goal 50
push_out_count 0
RUN 21
valores_ideales [0,0,0,0,0,0,0,0,0,0,0,0,0,0,0,0,0,0,0,0,0,0,0,0,0,0,0,0,0,0,0,0,0,0,0,0,0,0,0,0,0,0,0,0,0,0,0,0,0,0]
costo_por_agente [54,112,16,22,12,19,46,10,15,15,95,28,34,17,34,54,31,25,60,33,64,3,89,70,122,9,23,46,8,7,17,18,25,27,16,16,29,79,18,22,47,30,17,40,5,15,25,19,2,45]
completion_time_por_agente [55,113,17,23,13,20,47,11,16,16,96,29,36,18,36,55,32,27,61,34,65,4,91,71,123,10,24,47,9,8,18,19,26,28,17,17,30,80,19,23,48,31,18,42,6,16,26,20,3,46]
tiempo_ultimo_agente_goal 123
tiempo_en_acabar 123
tiempo_promedio 34.799999
agentes_en_goal 50
push_out_count 0
RUN 22
valores_ideales [0,0,0,0,0,0,0,0,0,0,0,0,0,0,0,0,0,0,0,0,0,0,0,0,0,0,0,0,0,0,0,0,0,0,0,0,0,0,0,0,0,0,0,0,0,0,0,0,0,0]
costo_por_agente [56,60,10,22,10,19,36,10,15,15,79,26,38,15,36,40,31,39,48,43,44,3,83,84,42,9,25,28,8,7,17,18,25,25,16,14,29,79,16,24,57,28,17,32,5,15,23,19,2,55]
completion_time_por_agente [57,61,11,23,11,20,38,11,16,16,80,27,41,16,41,43,32,43,49,45,45,4,84,85,46,10,26,34,9,8,18,19,26,26,17,15,30,80,17,25,59,29,18,34,6,16,24,20,3,56]
tiempo_ultimo_agente_goal 85
tiempo_en_acabar 85
tiempo_promedio 31.400000
agentes_en_goal 50
push_out_count 0
RUN 23
valores_ideales [0,0,0,0,0,0,0,0,0,0,0,0,0,0,0,0,0,0,0,0,0,0,0,0,0,0,0,0,0,0,0,0,0,0,0,0,0,0,0,0,0,0,0,0,0,0,0,0,0,0]
costo_por_agente [58,140,14,22,10,21,38,10,15,15,49,26,32,15,34,26,31,39,48,41,74,3,81,60,46,11,25,30,8,7,17,18,25,25,16,14,29,87,16,22,51,28,17,30,5,15,23,19,2,55]
completion_time_por_agente [59,141,15,23,11,22,40,11,16,16,52,27,34,16,36,27,32,40,50,42,75,4,83,61,47,12,26,31,9,8,18,19,26,26,17,15,30,88,17,23,52,29,18,31,6,16,24,20,3,56]
tiempo_ultimo_agente_goal 141
tiempo_en_acabar 141
tiempo_promedio 32.000000
agentes_en_goal 50
push_out_count 0
RUN 24
valores_ideales [0,0,0,0,0,0,0,0,0,0,0,0,0,0,0,0,0,0,0,0,0,0,0,0,0,0,0,0,0,0,0,0,0,0,0,0,0,0,0,0,0,0,0,0,0,0,0,0,0,0]
costo_por_agente [52,76,10,22,10,19,56,10,15,15,55,26,38,15,46,52,31,33,56,31,62,3,131,68,42,9,25,30,8,7,17,18,25,27,16,16,29,77,18,24,31,30,17,44,5,15,27,27,2,57]
completion_time_por_agente [54,77,11,23,11,20,58,11,16,16,58,27,39,16,47,54,32,36,58,34,63,4,132,69,44,10,26,32,9,8,18,19,26,28,17,17,30,78,19,25,34,31,18,48,6,16,32,28,3,58]
tiempo_ultimo_agente_goal 132
tiempo_en_acabar 132
tiempo_promedio 32.919998
agentes_en_goal 50
push_out_count 0
RUN 25
valores_ideales [0,0,0,0,0,0,0,0,0,0,0,0,0,0,0,0,0,0,0,0,0,0,0,0,0,0,0,0,0,0,0,0,0,0,0,0,0,0,0,0,0,0,0,0,0,0,0,0,0,0]
costo_por_agente [48,98,14,22,10,19,96,10,15,15,35,26,34,17,32,52,31,37,46,27,104,3,87,88,42,9,25,48,8,7,17,18,25,25,16,14,29,69,16,22,41,28,17,38,5,15,25,19,2,51]
completion_time_por_agente [49,99,15,23,11,20,97,11,16,16,36,27,35,18,33,53,32,38,47,30,105,4,88,89,43,10,26,49,9,8,18,19,26,26,17,15,30,70,17,23,42,29,18,42,6,16,26,20,3,52]
tiempo_ultimo_agente_goal 105
tiempo_en_acabar 105
tiempo_promedio 33.040001
agentes_en_goal 50
push_out_count 0
RUN 26
valores_ideales [0,0,0,0,0,0,0,0,0,0,0,0,0,0,0,0,0,0,0,0,0,0,0,0,0,0,0,0,0,0,0,0,0,0,0,0,0,0,0,0,0,0,0,0,0,0,0,0,0,0]
costo_por_agente [50,74,10,22,10,19,92,10,15,15,39,26,46,15,36,66,31,29,82,39,64,3,91,80,42,9,25,26,8,7,17,18,25,27,16,16,29,93,18,24,31,28,17,62,5,15,41,19,2,55]
completion_time_por_agente [51,75,11,23,11,20,93,11,16,16,41,27,47,16,38,67,32,31,83,41,65,4,92,81,44,10,26,29,9,8,18,19,26,28,17,17,30,94,19,25,34,29,18,63,6,16,43,20,3,56]
tiempo_ultimo_agente_goal 94
tiempo_en_acabar 94
tiempo_promedio 33.980000
agentes_en_goal 50
push_out_count 0
RUN 27
valores_ideales [0,0,0,0,0,0,0,0,0,0,0,0,0,0,0,0,0,0,0,0,0,0,0,0,0,0,0,0,0,0,0,0,0,0,0,0,0,0,0,0,0,0,0,0,0,0,0,0,0,0]
costo_por_agente [60,78,16,22,12,19,62,10,15,15,87,26,34,17,32,56,31,41,44,27,40,3,101,88,42,11,25,28,8,7,17,18,25,27,16,16,29,103,16,20,37,28,17,38,5,15,23,19,2,51]
completion_time_por_agente [61,79,17,23,13,20,63,11,16,16,88,27,36,18,33,57,32,42,45,28,41,4,102,89,43,12,26,29,9,8,18,19,26,28,17,17,30,104,17,21,38,29,18,40,6,16,24,20,3,52]
tiempo_ultimo_agente_goal 104
tiempo_en_acabar 104
tiempo_promedio 32.619999
agentes_en_goal 50
push_out_count 0
RUN 28
valores_ideales [0,0,0,0,0,0,0,0,0,0,0,0,0,0,0,0,0,0,0,0,0,0,0,0,0,0,0,0,0,0,0,0,0,0,0,0,0,0,0,0,0,0,0,0,0,0,0,0,0,0]
costo_por_agente [58,80,10,22,10,25,80,10,15,15,39,26,36,15,34,44,31,39,48,35,104,3,101,62,44,11,25,28,8,7,17,18,25,27,16,16,29,69,16,24,47,28,17,34,9,15,25,19,2,45]
completion_time_por_agente [59,81,11,23,11,26,81,11,16,16,41,27,37,16,35,45,32,40,49,36,105,4,103,63,46,12,26,31,9,8,18,19,26,28,17,17,30,70,17,25,48,29,18,37,10,16,26,20,3,46]
tiempo_ultimo_agente_goal 105
tiempo_en_acabar 105
tiempo_promedio 32.400002
agentes_en_goal 50
push_out_count 0
RUN 29
valores_ideales [0,0,0,0,0,0,0,0,0,0,0,0,0,0,0,0,0,0,0,0,0,0,0,0,0,0,0,0,0,0,0,0,0,0,0,0,0,0,0,0,0,0,0,0,0,0,0,0,0,0]
costo_por_agente [46,60,10,22,10,23,44,10,15,15,35,26,36,15,32,26,31,31,62,27,46,3,79,80,42,11,23,64,8,7,17,18,25,25,16,16,31,75,16,22,37,28,17,34,5,15,25,19,2,47]
completion_time_por_agente [47,62,11,23,11,24,45,11,16,16,37,27,38,16,34,27,32,35,63,28,47,4,80,81,43,12,24,65,9,8,18,19,26,26,17,17,32,76,17,23,38,29,18,39,6,16,28,20,3,48]
tiempo_ultimo_agente_goal 81
tiempo_en_acabar 81
tiempo_promedio 29.840000
agentes_en_goal 50
push_out_count 0
RUN 30
valores_ideales [0,0,0,0,0,0,0,0,0,0,0,0,0,0,0,0,0,0,0,0,0,0,0,0,0,0,0,0,0,0,0,0,0,0,0,0,0,0,0,0,0,0,0,0,0,0,0,0,0,0]
costo_por_agente [66,72,10,22,10,21,38,10,15,15,105,26,34,17,32,26,31,49,60,49,50,3,123,54,42,9,25,48,8,7,17,18,25,25,16,16,29,103,18,22,47,28,17,38,5,15,25,19,2,49]
completion_time_por_agente [68,73,11,23,11,22,43,11,16,16,107,27,41,18,33,27,32,52,62,56,51,4,124,56,44,10,26,50,9,8,18,19,26,26,17,17,30,104,19,23,55,29,18,48,6,16,28,20,3,51]
tiempo_ultimo_agente_goal 124
tiempo_en_acabar 124
tiempo_promedio 34.080002
agentes_en_goal 50
push_out_count 0
RUN 31
valores_ideales [0,0,0,0,0,0,0,0,0,0,0,0,0,0,0,0,0,0,0,0,0,0,0,0,0,0,0,0,0,0,0,0,0,0,0,0,0,0,0,0,0,0,0,0,0,0,0,0,0,0]
costo_por_agente [52,56,14,22,10,19,50,10,15,15,119,26,32,15,32,54,31,61,46,27,64,3,81,76,96,11,25,56,8,7,17,18,25,25,16,16,29,91,16,24,39,28,17,36,17,15,23,19,2,51]
completion_time_por_agente [56,58,15,23,11,20,57,11,16,16,120,27,34,16,33,57,32,67,47,28,65,4,84,77,98,12,26,59,9,8,18,19,26,26,17,17,30,92,17,25,40,29,18,39,18,16,24,20,3,57]
tiempo_ultimo_agente_goal 120
tiempo_en_acabar 120
tiempo_promedio 34.740002
agentes_en_goal 50
push_out_count 0
RUN 32
valores_ideales [0,0,0,0,0,0,0,0,0,0,0,0,0,0,0,0,0,0,0,0,0,0,0,0,0,0,0,0,0,0,0,0,0,0,0,0,0,0,0,0,0,0,0,0,0,0,0,0,0,0]
costo_por_agente [44,72,12,22,10,21,36,10,15,15,39,26,34,15,32,40,31,47,40,49,72,3,133,90,90,9,25,38,8,7,17,18,27,27,16,16,29,67,18,22,53,30,17,32,5,15,25,19,2,37]
completion_time_por_agente [45,73,13,23,11,22,37,11,17,16,40,27,35,16,33,42,32,48,41,50,73,4,135,91,91,10,26,39,9,8,18,19,28,28,17,17,30,68,19,23,54,31,18,33,6,16,26,20,3,38]
tiempo_ultimo_agente_goal 135
tiempo_en_acabar 135
tiempo_promedio 32.599998
agentes_en_goal 50
push_out_count 0
RUN 33
valores_ideales [0,0,0,0,0,0,0,0,0,0,0,0,0,0,0,0,0,0,0,0,0,0,0,0,0,0,0,0,0,0,0,0,0,0,0,0,0,0,0,0,0,0,0,0,0,0,0,0,0,0]
costo_por_agente [805,951,16,22,12,19,819,10,23,15,947,26,34,15,22,773,31,23,962,25,953,3,958,957,44,9,25,27,8,7,17,18,25,25,16,16,29,972,16,22,33,28,17,26,5,15,21,19,2,23]
completion_time_por_agente [1000,1000,17,23,13,20,999,11,24,16,999,27,37,16,999,999,32,24,999,999,999,4,999,999,48,10,26,999,9,8,18,19,26,26,17,17,30,999,17,23,34,29,18,999,6,16,999,21,3,999]
tiempo_ultimo_agente_goal 48
tiempo_en_acabar 1000
tiempo_promedio 333.420013
agentes_en_goal 34
push_out_count 0
RUN 34
valores_ideales [0,0,0,0,0,0,0,0,0,0,0,0,0,0,0,0,0,0,0,0,0,0,0,0,0,0,0,0,0,0,0,0,0,0,0,0,0,0,0,0,0,0,0,0,0,0,0,0,0,0]
costo_por_agente [56,128,14,22,10,19,42,10,15,15,37,26,40,15,34,62,31,43,62,27,44,3,97,82,48,13,25,56,8,7,17,18,25,27,16,14,29,85,18,22,37,30,17,36,5,15,29,19,2,53]
completion_time_por_agente [57,129,15,23,11,20,47,11,16,16,38,27,46,16,35,63,32,44,63,31,46,4,99,83,51,14,26,57,9,8,18,19,26,28,17,15,30,86,19,23,40,31,18,44,6,16,35,20,3,54]
tiempo_ultimo_agente_goal 129
tiempo_en_acabar 129
tiempo_promedio 33.700001
agentes_en_goal 50
push_out_count 0
RUN 35
valores_ideales [0,0,0,0,0,0,0,0,0,0,0,0,0,0,0,0,0,0,0,0,0,0,0,0,0,0,0,0,0,0,0,0,0,0,0,0,0,0,0,0,0,0,0,0,0,0,0,0,0,0]
costo_por_agente [50,62,10,22,10,23,56,10,15,15,37,26,40,15,32,68,31,47,68,41,62,3,97,90,46,13,25,22,8,7,17,18,25,27,16,14,31,81,18,22,37,30,17,32,5,15,23,19,2,51]
completion_time_por_agente [52,63,11,23,11,24,58,11,16,16,39,27,41,16,33,69,32,48,69,46,63,4,99,91,47,14,26,24,9,8,18,19,26,28,17,15,32,82,19,23,38,31,18,33,6,16,24,20,3,52]
tiempo_ultimo_agente_goal 99
tiempo_en_acabar 99
tiempo_promedio 32.200001
agentes_en_goal 50
push_out_count 0
RUN 36
valores_ideales [0,0,0,0,0,0,0,0,0,0,0,0,0,0,0,0,0,0,0,0,0,0,0,0,0,0,0,0,0,0,0,0,0,0,0,0,0,0,0,0,0,0,0,0,0,0,0,0,0,0]
costo_por_agente [54,96,14,22,10,19,36,10,17,15,41,26,40,17,38,50,31,31,76,27,72,3,121,92,42,9,25,72,8,7,17,18,25,27,16,16,29,89,16,24,43,28,17,32,5,15,23,19,2,45]
completion_time_por_agente [55,97,15,23,11,20,37,11,18,16,42,27,41,18,40,51,32,34,77,28,73,4,122,93,43,10,26,73,9,8,18,19,26,28,17,17,30,90,17,25,44,29,18,33,6,16,24,20,3,46]
tiempo_ultimo_agente_goal 122
tiempo_en_acabar 122
tiempo_promedio 33.599998
agentes_en_goal 50
push_out_count 0
RUN 37
valores_ideales [0,0,0,0,0,0,0,0,0,0,0,0,0,0,0,0,0,0,0,0,0,0,0,0,0,0,0,0,0,0,0,0,0,0,0,0,0,0,0,0,0,0,0,0,0,0,0,0,0,0]
costo_por_agente [50,102,14,22,10,21,70,10,15,15,35,26,36,15,32,58,31,29,46,27,68,3,91,58,88,19,25,36,8,7,17,18,25,27,16,16,29,71,16,22,43,28,17,30,5,15,25,19,2,47]
completion_time_por_agente [51,103,15,23,11,22,71,11,16,16,36,27,37,16,33,59,32,30,48,28,69,4,92,59,89,21,26,37,9,8,18,19,26,28,17,17,30,72,17,23,44,29,18,32,6,16,26,20,3,48]
tiempo_ultimo_agente_goal 103
tiempo_en_acabar 103
tiempo_promedio 32.160000
agentes_en_goal 50
push_out_count 0
RUN 38
valores_ideales [0,0,0,0,0,0,0,0,0,0,0,0,0,0,0,0,0,0,0,0,0,0,0,0,0,0,0,0,0,0,0,0,0,0,0,0,0,0,0,0,0,0,0,0,0,0,0,0,0,0]
costo_por_agente [52,78,10,22,10,19,36,10,15,15,67,26,38,15,38,46,31,35,58,51,62,3,115,74,50,9,25,24,8,7,17,18,25,27,16,14,29,61,18,22,49,30,17,30,5,15,23,19,2,51]
completion_time_por_agente [53,79,11,23,11,20,38,11,16,16,68,27,40,16,42,49,32,36,59,52,63,4,118,75,52,10,26,26,9,8,18,19,26,28,17,15,30,62,19,23,50,31,18,31,6,16,24,20,3,52]
tiempo_ultimo_agente_goal 118
tiempo_en_acabar 118
tiempo_promedio 31.959999
agentes_en_goal 50
push_out_count 0
RUN 39
valores_ideales [0,0,0,0,0,0,0,0,0,0,0,0,0,0,0,0,0,0,0,0,0,0,0,0,0,0,0,0,0,0,0,0,0,0,0,0,0,0,0,0,0,0,0,0,0,0,0,0,0,0]
costo_por_agente [60,58,10,22,10,19,44,10,15,15,37,26,34,17,36,46,31,31,48,27,80,3,95,96,42,11,25,78,8,7,17,18,25,25,16,16,29,79,16,22,41,28,17,30,5,15,23,19,2,37]
completion_time_por_agente [61,59,11,23,11,20,45,11,16,16,39,27,35,18,37,47,32,32,49,28,81,4,96,97,43,12,26,80,9,8,18,19,26,26,17,17,30,80,17,23,42,29,18,31,6,16,24,20,3,38]
tiempo_ultimo_agente_goal 97
tiempo_en_acabar 97
tiempo_promedio 31.459999
agentes_en_goal 50
push_out_count 0
