RUN 0
valores_ideales [0,0,0,0,0,0,0,0,0,0,0,0,0,0,0,0,0,0,0,0,0,0,0,0,0,0,0,0,0,0,0,0,0,0,0,0,0,0,0,0,0,0,0,0,0,0,0,0,0,0,0,0,0,0,0,0,0,0,0,0,0,0,0,0,0,0,0,0,0,0,0,0,0,0,0,0,0,0,0,0,0,0,0,0,0,0,0,0,0,0,0,0,0,0,0,0,0,0,0,0,0,0,0,0,0,0,0,0,0,0,0,0,0,0,0,0,0,0,0,0,0,0,0,0,0,0,0,0,0,0,0,0,0,0,0,0,0,0,0,0,0,0,0,0,0,0,0,0,0,0,0,0,0,0,0,0,0,0,0,0,0,0,0,0,0,0,0,0,0,0,0,0,0,0,0,0,0,0,0,0,0,0,0,0,0,0,0,0,0,0]
costo_por_agente [8,37,194,177,207,24,493,144,17,2,22,27,57,21,163,15,82,112,271,14,230,101,131,21,107,20,7,34,414,80,4,24,288,346,105,11,67,431,289,75,1,95,61,193,25,36,22,25,24,7,130,20,24,3,50,7,257,17,30,323,192,454,428,74,585,21,216,26,84,59,425,86,180,145,85,201,4,118,111,41,16,20,45,81,80,65,21,348,45,3,25,10,42,420,14,9,18,12,2,699,86,128,5,87,33,20,8,228,513,26,37,22,40,267,12,46,32,21,120,9,51,57,315,47,79,66,97,15,17,415,8,50,26,37,15,26,11,331,11,39,91,40,12,23,16,1,19,16,7,12,258,231,23,314,26,5,266,108,62,39,40,30,286,16,129,15,172,550,17,178,15,97,29,27,12,11,255,92,21,55,36,22,656,4,80,24,17,24,17,9]
completion_time_por_agente [9,53,196,184,210,25,510,148,18,3,28,29,81,22,168,16,95,117,278,16,243,106,136,22,111,21,8,35,417,93,5,25,293,351,116,12,75,436,296,80,2,113,65,196,26,37,23,27,25,8,132,21,25,4,51,8,265,18,31,328,195,462,430,82,588,23,223,27,89,78,432,93,185,149,96,218,6,120,112,42,17,21,61,87,112,84,22,353,60,4,27,11,43,425,16,10,19,14,3,703,97,135,6,92,35,21,9,232,518,27,38,24,50,268,13,47,43,22,121,10,71,70,319,55,87,78,106,16,18,430,9,60,27,53,16,27,12,332,12,54,96,50,13,39,17,2,20,17,8,13,261,247,27,316,27,6,267,111,70,40,44,31,294,17,130,16,180,554,18,180,16,106,30,28,13,12,256,96,22,57,46,23,662,5,90,28,18,40,20,10]
tiempo_ultimo_agente_goal 703
tiempo_en_acabar 703
tiempo_promedio 108.331581
agentes_en_goal 190
push_out_count 0
RUN 1
valores_ideales [0,0,0,0,0,0,0,0,0,0,0,0,0,0,0,0,0,0,0,0,0,0,0,0,0,0,0,0,0,0,0,0,0,0,0,0,0,0,0,0,0,0,0,0,0,0,0,0,0,0,0,0,0,0,0,0,0,0,0,0,0,0,0,0,0,0,0,0,0,0,0,0,0,0,0,0,0,0,0,0,0,0,0,0,0,0,0,0,0,0,0,0,0,0,0,0,0,0,0,0,0,0,0,0,0,0,0,0,0,0,0,0,0,0,0,0,0,0,0,0,0,0,0,0,0,0,0,0,0,0,0,0,0,0,0,0,0,0,0,0,0,0,0,0,0,0,0,0,0,0,0,0,0,0,0,0,0,0,0,0,0,0,0,0,0,0,0,0,0,0,0,0,0,0,0,0,0,0,0,0,0,0,0,0,0,0,0,0,0,0]
costo_por_agente [8,349,130,95,307,24,421,96,19,2,18,31,41,17,137,17,88,34,181,8,60,37,153,25,129,20,7,30,474,44,4,26,234,522,155,13,343,481,381,73,1,67,53,207,19,34,18,37,22,7,480,18,24,3,44,7,253,19,24,189,202,528,208,70,491,25,92,22,96,373,231,58,58,227,103,87,10,100,125,35,16,20,35,21,60,293,21,332,45,3,29,10,24,236,18,7,18,12,2,521,46,110,5,65,33,18,8,152,465,26,39,22,32,215,10,40,36,25,74,9,59,51,95,43,25,12,97,17,17,71,6,48,26,37,27,32,9,269,11,301,39,66,14,79,10,1,21,20,7,12,168,61,41,466,28,3,192,438,50,25,38,26,190,16,115,15,278,428,19,480,11,53,25,23,12,9,119,74,25,77,24,16,594,4,56,22,17,24,17,9]
completion_time_por_agente [9,356,133,104,311,25,424,99,20,3,21,35,48,18,142,18,91,38,195,9,66,52,154,26,132,21,8,31,478,51,5,27,237,533,161,14,348,484,382,74,2,76,57,209,20,35,19,55,23,8,485,19,25,4,45,9,258,20,25,192,206,532,211,74,495,26,94,23,100,378,234,63,67,230,109,92,11,102,131,36,17,21,49,29,74,297,22,333,61,4,30,11,25,239,19,8,19,13,3,524,59,120,6,68,35,19,9,157,468,27,40,23,46,216,12,41,58,26,81,10,67,58,97,47,28,16,100,18,18,81,7,55,27,45,28,33,10,271,12,312,49,71,16,82,11,2,22,22,8,13,169,65,44,468,29,4,197,443,59,26,40,27,193,17,122,16,285,433,20,482,12,61,26,24,13,11,123,79,26,79,35,17,599,5,63,29,18,47,18,10]
tiempo_ultimo_agente_goal 599
tiempo_en_acabar 599
tiempo_promedio 102.957893
agentes_en_goal 190
push_out_count 0
RUN 2
valores_ideales [0,0,0,0,0,0,0,0,0,0,0,0,0,0,0,0,0,0,0,0,0,0,0,0,0,0,0,0,0,0,0,0,0,0,0,0,0,0,0,0,0,0,0,0,0,0,0,0,0,0,0,0,0,0,0,0,0,0,0,0,0,0,0,0,0,0,0,0,0,0,0,0,0,0,0,0,0,0,0,0,0,0,0,0,0,0,0,0,0,0,0,0,0,0,0,0,0,0,0,0,0,0,0,0,0,0,0,0,0,0,0,0,0,0,0,0,0,0,0,0,0,0,0,0,0,0,0,0,0,0,0,0,0,0,0,0,0,0,0,0,0,0,0,0,0,0,0,0,0,0,0,0,0,0,0,0,0,0,0,0,0,0,0,0,0,0,0,0,0,0,0,0,0,0,0,0,0,0,0,0,0,0,0,0,0,0,0,0,0,0]
costo_por_agente [6,379,226,85,363,26,495,102,29,2,10,33,25,31,193,13,28,164,267,8,80,23,223,21,315,20,7,26,510,84,4,32,414,366,55,11,511,529,269,95,1,109,103,239,17,34,20,35,16,5,320,24,24,3,32,9,169,13,30,197,212,494,250,116,503,19,146,22,76,45,355,102,176,253,105,43,4,152,137,37,16,26,55,81,642,191,27,462,467,3,25,8,16,190,16,7,14,18,4,685,118,134,5,121,33,16,14,214,695,14,29,18,70,327,16,44,258,25,122,9,57,63,187,39,73,62,83,17,15,401,10,54,28,37,19,30,9,299,21,37,65,82,14,77,12,1,17,22,17,10,308,175,27,180,28,3,200,292,86,25,34,26,346,16,35,15,84,280,27,394,11,113,33,31,12,11,217,94,23,41,34,18,350,4,116,20,19,124,11,9]
completion_time_por_agente [7,394,228,101,380,27,500,113,31,3,11,34,65,32,206,14,50,166,273,10,103,49,226,22,318,21,8,27,519,99,5,33,419,375,80,12,527,534,279,99,2,123,112,260,18,35,22,73,18,6,321,25,25,4,33,10,175,14,31,223,215,507,256,120,504,22,151,23,92,65,359,111,185,260,109,81,6,154,143,38,17,27,69,98,653,198,28,465,478,4,26,9,17,193,17,8,15,19,5,690,125,137,6,125,34,17,15,219,698,15,30,19,84,365,18,45,264,26,128,10,80,87,190,51,81,72,89,18,16,407,11,62,29,64,20,31,10,300,23,86,88,100,16,89,13,2,18,23,18,11,310,196,30,183,29,4,203,294,110,27,42,27,350,17,54,16,98,290,28,396,12,118,35,32,13,12,221,106,24,45,36,21,353,5,127,21,20,153,12,10]
tiempo_ultimo_agente_goal 698
tiempo_en_acabar 698
tiempo_promedio 120.694740
agentes_en_goal 190
push_out_count 0
RUN 3
valores_ideales [0,0,0,0,0,0,0,0,0,0,0,0,0,0,0,0,0,0,0,0,0,0,0,0,0,0,0,0,0,0,0,0,0,0,0,0,0,0,0,0,0,0,0,0,0,0,0,0,0,0,0,0,0,0,0,0,0,0,0,0,0,0,0,0,0,0,0,0,0,0,0,0,0,0,0,0,0,0,0,0,0,0,0,0,0,0,0,0,0,0,0,0,0,0,0,0,0,0,0,0,0,0,0,0,0,0,0,0,0,0,0,0,0,0,0,0,0,0,0,0,0,0,0,0,0,0,0,0,0,0,0,0,0,0,0,0,0,0,0,0,0,0,0,0,0,0,0,0,0,0,0,0,0,0,0,0,0,0,0,0,0,0,0,0,0,0,0,0,0,0,0,0,0,0,0,0,0,0,0,0,0,0,0,0,0,0,0,0,0,0]
costo_por_agente [6,357,236,115,445,24,333,124,19,2,10,29,25,19,135,13,30,94,247,14,124,31,89,21,257,20,7,26,502,86,4,26,350,496,45,11,323,473,315,79,1,87,77,41,17,34,22,27,18,7,210,18,28,3,48,9,255,23,42,313,208,504,200,66,279,19,130,22,46,155,489,96,178,147,53,43,10,104,131,27,16,22,51,71,456,447,23,366,45,3,37,8,22,348,14,9,12,14,8,501,80,110,5,33,39,18,12,120,435,12,33,14,34,239,12,42,260,25,86,11,57,45,283,47,69,66,85,19,15,57,8,50,28,35,19,26,9,191,13,461,65,74,18,73,12,1,19,20,7,14,176,67,43,130,28,5,110,336,64,39,24,26,320,16,37,17,230,708,21,356,7,43,27,23,12,7,233,82,21,33,42,22,194,4,60,24,19,26,9,9]
completion_time_por_agente [7,364,238,125,448,25,337,125,20,3,12,31,30,20,139,14,36,97,252,15,133,37,92,22,260,21,8,27,505,91,5,27,356,501,62,12,331,476,319,87,2,95,89,48,18,35,24,28,20,8,215,19,29,4,50,11,262,24,43,324,211,508,203,73,283,20,132,23,52,162,492,101,182,152,63,53,12,105,134,30,17,23,56,73,465,453,24,368,55,4,38,9,23,350,15,10,13,15,9,508,90,111,6,41,41,19,13,122,436,13,34,15,49,240,14,43,265,26,87,12,66,56,284,58,75,79,87,20,16,69,10,59,29,52,20,27,10,192,14,466,70,80,19,77,13,2,20,21,8,15,177,75,49,132,29,6,111,338,73,42,26,27,332,17,39,18,238,712,23,357,8,49,28,24,13,8,240,88,22,35,47,24,195,5,77,25,20,33,10,10]
tiempo_ultimo_agente_goal 712
tiempo_en_acabar 712
tiempo_promedio 105.526314
agentes_en_goal 190
push_out_count 0
RUN 4
valores_ideales [0,0,0,0,0,0,0,0,0,0,0,0,0,0,0,0,0,0,0,0,0,0,0,0,0,0,0,0,0,0,0,0,0,0,0,0,0,0,0,0,0,0,0,0,0,0,0,0,0,0,0,0,0,0,0,0,0,0,0,0,0,0,0,0,0,0,0,0,0,0,0,0,0,0,0,0,0,0,0,0,0,0,0,0,0,0,0,0,0,0,0,0,0,0,0,0,0,0,0,0,0,0,0,0,0,0,0,0,0,0,0,0,0,0,0,0,0,0,0,0,0,0,0,0,0,0,0,0,0,0,0,0,0,0,0,0,0,0,0,0,0,0,0,0,0,0,0,0,0,0,0,0,0,0,0,0,0,0,0,0,0,0,0,0,0,0,0,0,0,0,0,0,0,0,0,0,0,0,0,0,0,0,0,0,0,0,0,0,0,0]
costo_por_agente [6,37,194,77,203,24,471,114,17,2,14,29,25,19,111,13,98,60,71,10,86,39,205,23,175,20,9,28,580,38,4,24,352,578,119,13,603,311,227,53,1,67,65,187,25,34,18,127,22,7,276,16,26,3,42,11,163,19,38,43,140,326,210,92,317,17,134,24,72,73,451,102,126,251,77,53,4,140,45,49,16,20,81,39,590,45,27,316,375,3,37,8,40,328,16,9,14,12,6,583,68,112,5,91,33,18,8,38,521,20,29,18,178,339,10,54,164,23,98,9,43,51,99,65,47,10,47,27,17,399,16,52,26,125,15,24,11,239,15,53,63,34,14,29,10,1,21,14,7,12,346,69,29,422,26,3,250,210,38,23,54,22,230,16,41,15,350,786,21,352,9,117,35,25,12,7,143,104,25,43,34,26,308,4,220,44,17,52,13,9]
completion_time_por_agente [7,45,202,87,206,26,479,118,18,3,16,30,30,20,119,14,101,64,79,11,90,42,206,24,178,21,10,29,582,43,5,25,354,581,128,14,615,313,235,59,2,70,71,199,26,35,19,132,23,8,278,17,27,4,43,12,165,20,39,47,141,335,217,94,321,18,135,25,82,91,455,108,131,254,81,64,5,143,55,51,17,21,87,49,601,54,28,317,382,4,38,9,42,329,18,10,16,14,7,587,79,114,6,93,35,20,9,40,530,21,30,19,187,341,12,55,165,24,99,10,50,59,104,73,52,12,51,30,18,411,17,57,27,132,16,26,12,242,16,64,67,44,16,38,11,2,22,15,8,13,349,80,36,424,27,4,252,214,48,25,60,24,233,17,50,16,353,791,22,353,10,123,38,26,13,8,145,111,26,44,38,28,314,5,227,51,18,54,16,10]
tiempo_ultimo_agente_goal 791
tiempo_en_acabar 791
tiempo_promedio 106.205261
agentes_en_goal 190
push_out_count 0
RUN 5
valores_ideales [0,0,0,0,0,0,0,0,0,0,0,0,0,0,0,0,0,0,0,0,0,0,0,0,0,0,0,0,0,0,0,0,0,0,0,0,0,0,0,0,0,0,0,0,0,0,0,0,0,0,0,0,0,0,0,0,0,0,0,0,0,0,0,0,0,0,0,0,0,0,0,0,0,0,0,0,0,0,0,0,0,0,0,0,0,0,0,0,0,0,0,0,0,0,0,0,0,0,0,0,0,0,0,0,0,0,0,0,0,0,0,0,0,0,0,0,0,0,0,0,0,0,0,0,0,0,0,0,0,0,0,0,0,0,0,0,0,0,0,0,0,0,0,0,0,0,0,0,0,0,0,0,0,0,0,0,0,0,0,0,0,0,0,0,0,0,0,0,0,0,0,0,0,0,0,0,0,0,0,0,0,0,0,0,0,0,0,0,0,0]
costo_por_agente [6,45,146,91,277,24,437,114,19,2,10,39,43,23,153,9,100,144,193,6,76,67,189,17,113,20,7,30,330,88,4,24,326,296,259,11,527,203,257,87,1,77,59,149,19,34,22,47,20,7,288,26,24,3,44,9,149,13,34,331,260,468,286,68,165,19,106,24,68,49,377,74,272,209,77,121,8,186,125,47,16,22,63,75,588,347,21,412,515,3,29,10,46,280,16,7,16,18,4,369,42,120,5,103,33,16,10,180,501,22,33,16,280,43,10,40,32,27,108,13,47,55,267,55,81,38,107,29,15,301,10,62,26,97,15,24,9,287,11,41,61,46,18,93,10,1,19,12,11,12,210,73,31,390,28,3,146,236,66,23,34,24,40,16,111,15,248,440,25,502,9,109,27,31,12,7,129,92,19,73,28,20,450,6,70,26,17,34,7,9]
completion_time_por_agente [7,58,151,100,278,25,451,120,21,3,11,40,72,24,167,10,106,147,201,8,87,72,190,18,115,21,8,31,334,95,5,25,331,303,270,12,544,208,259,94,2,90,75,155,20,35,23,68,22,8,290,27,25,4,46,11,166,14,35,347,262,472,291,79,168,21,107,25,73,61,385,82,280,223,84,134,9,187,126,50,17,23,71,80,597,355,22,414,520,4,30,11,50,285,17,8,17,19,5,374,50,122,6,107,35,17,11,183,511,23,34,17,293,50,11,41,37,28,110,15,65,74,272,64,86,59,112,38,17,304,11,69,27,102,16,25,10,289,12,49,78,56,19,95,11,2,20,14,12,13,212,79,32,394,29,4,148,238,81,24,38,27,45,17,122,16,253,443,26,504,10,113,28,32,13,8,131,102,20,81,38,21,452,7,90,37,18,52,8,10]
tiempo_ultimo_agente_goal 597
tiempo_en_acabar 597
tiempo_promedio 106.568420
agentes_en_goal 190
push_out_count 0
RUN 6
valores_ideales [0,0,0,0,0,0,0,0,0,0,0,0,0,0,0,0,0,0,0,0,0,0,0,0,0,0,0,0,0,0,0,0,0,0,0,0,0,0,0,0,0,0,0,0,0,0,0,0,0,0,0,0,0,0,0,0,0,0,0,0,0,0,0,0,0,0,0,0,0,0,0,0,0,0,0,0,0,0,0,0,0,0,0,0,0,0,0,0,0,0,0,0,0,0,0,0,0,0,0,0,0,0,0,0,0,0,0,0,0,0,0,0,0,0,0,0,0,0,0,0,0,0,0,0,0,0,0,0,0,0,0,0,0,0,0,0,0,0,0,0,0,0,0,0,0,0,0,0,0,0,0,0,0,0,0,0,0,0,0,0,0,0,0,0,0,0,0,0,0,0,0,0,0,0,0,0,0,0,0,0,0,0,0,0,0,0,0,0,0,0]
costo_por_agente [6,421,214,133,333,26,483,86,19,2,10,35,37,21,39,15,70,138,277,14,270,69,151,21,285,20,7,30,522,150,4,24,346,588,57,11,69,525,285,97,1,83,83,37,17,34,22,35,26,7,432,18,26,3,48,9,217,11,28,31,262,450,300,92,327,21,156,22,46,53,645,122,50,125,75,39,8,202,103,27,16,22,59,35,48,247,21,344,501,3,29,12,28,150,20,7,18,14,2,475,92,106,5,95,33,18,8,266,405,22,41,16,40,183,10,44,188,25,106,15,53,39,367,49,81,20,89,19,21,53,12,90,26,29,17,24,9,441,13,271,45,68,14,91,10,1,27,12,9,12,254,69,45,276,26,7,250,158,50,43,30,28,190,16,31,15,168,462,23,340,7,231,33,23,12,11,157,94,21,55,36,44,422,4,46,38,17,32,15,9]
completion_time_por_agente [7,438,217,140,335,27,484,92,20,3,11,37,56,22,59,16,99,150,292,15,280,78,153,22,289,21,8,31,527,154,5,25,351,589,69,12,77,529,290,103,2,102,100,56,18,35,23,48,27,8,434,19,27,4,50,11,222,12,29,41,263,464,302,94,330,23,157,24,52,64,650,129,62,127,82,58,9,203,109,28,17,23,65,48,59,250,22,348,507,4,30,13,29,152,21,8,19,15,3,477,99,117,6,99,34,19,9,272,408,23,42,17,49,185,12,45,200,26,111,16,68,50,371,55,90,35,94,20,22,70,13,106,27,40,18,25,10,442,14,287,57,78,16,99,11,2,29,14,10,13,256,87,48,279,27,8,254,161,58,44,34,29,195,17,33,16,177,466,24,342,8,234,34,24,13,12,158,100,22,65,42,84,425,5,56,44,18,47,16,10]
tiempo_ultimo_agente_goal 650
tiempo_en_acabar 650
tiempo_promedio 108.884209
agentes_en_goal 190
push_out_count 0
RUN 7
valores_ideales [0,0,0,0,0,0,0,0,0,0,0,0,0,0,0,0,0,0,0,0,0,0,0,0,0,0,0,0,0,0,0,0,0,0,0,0,0,0,0,0,0,0,0,0,0,0,0,0,0,0,0,0,0,0,0,0,0,0,0,0,0,0,0,0,0,0,0,0,0,0,0,0,0,0,0,0,0,0,0,0,0,0,0,0,0,0,0,0,0,0,0,0,0,0,0,0,0,0,0,0,0,0,0,0,0,0,0,0,0,0,0,0,0,0,0,0,0,0,0,0,0,0,0,0,0,0,0,0,0,0,0,0,0,0,0,0,0,0,0,0,0,0,0,0,0,0,0,0,0,0,0,0,0,0,0,0,0,0,0,0,0,0,0,0,0,0,0,0,0,0,0,0,0,0,0,0,0,0,0,0,0,0,0,0,0,0,0,0,0,0]
costo_por_agente [6,93,128,85,243,26,41,180,17,2,62,25,37,19,37,13,76,198,201,6,200,81,169,29,247,24,7,30,656,112,4,24,322,452,167,11,107,597,311,127,1,111,41,45,17,34,22,33,22,7,346,16,28,3,56,13,249,21,38,153,206,622,294,82,319,21,118,26,144,237,525,82,58,225,91,57,8,174,107,73,16,20,23,21,648,233,21,532,647,3,33,8,16,334,28,7,14,12,6,655,88,146,5,91,31,18,14,160,483,22,31,16,108,305,12,50,198,25,118,9,107,95,297,61,71,64,99,21,17,133,10,104,26,139,15,24,11,427,15,473,77,74,12,121,12,1,19,12,7,10,280,145,51,264,28,5,232,254,46,27,22,26,280,28,169,15,276,632,23,378,7,113,35,27,12,7,213,130,19,51,50,20,616,4,114,36,17,62,7,9]
completion_time_por_agente [7,117,132,99,250,27,61,188,18,3,73,28,79,21,58,14,107,202,210,8,210,96,171,30,250,25,8,31,660,119,5,25,327,457,188,12,123,604,319,134,2,133,69,62,18,35,23,57,23,8,348,17,29,4,57,15,255,22,41,174,207,634,299,93,321,22,120,27,158,263,527,95,79,233,100,78,9,183,113,78,17,21,27,22,663,240,22,536,663,4,34,9,17,337,29,8,15,14,7,659,100,150,6,97,32,19,15,166,488,27,32,17,121,308,14,51,201,26,122,10,122,100,299,78,79,84,110,22,18,144,11,118,28,143,18,25,12,428,16,497,87,93,13,126,14,2,20,13,8,11,285,150,53,265,29,6,233,257,71,29,26,27,290,29,174,16,281,641,24,380,8,124,36,28,13,8,219,138,20,55,90,26,623,5,132,47,18,90,8,10]
tiempo_ultimo_agente_goal 663
tiempo_en_acabar 663
tiempo_promedio 124.084213
agentes_en_goal 190
push_out_count 0
RUN 8
valores_ideales [0,0,0,0,0,0,0,0,0,0,0,0,0,0,0,0,0,0,0,0,0,0,0,0,0,0,0,0,0,0,0,0,0,0,0,0,0,0,0,0,0,0,0,0,0,0,0,0,0,0,0,0,0,0,0,0,0,0,0,0,0,0,0,0,0,0,0,0,0,0,0,0,0,0,0,0,0,0,0,0,0,0,0,0,0,0,0,0,0,0,0,0,0,0,0,0,0,0,0,0,0,0,0,0,0,0,0,0,0,0,0,0,0,0,0,0,0,0,0,0,0,0,0,0,0,0,0,0,0,0,0,0,0,0,0,0,0,0,0,0,0,0,0,0,0,0,0,0,0,0,0,0,0,0,0,0,0,0,0,0,0,0,0,0,0,0,0,0,0,0,0,0,0,0,0,0,0,0,0,0,0,0,0,0,0,0,0,0,0,0]
costo_por_agente [6,447,144,73,351,28,261,116,17,2,10,39,37,19,137,13,116,166,315,10,220,85,127,19,197,20,7,30,684,106,4,30,222,520,157,11,255,479,431,89,1,125,75,169,19,34,20,31,20,5,360,18,24,3,46,9,181,11,42,245,140,364,330,114,341,17,124,24,114,451,631,154,228,185,91,113,4,138,175,35,14,20,69,19,530,343,27,336,759,3,29,10,16,182,14,7,12,12,2,479,78,124,5,117,33,16,12,248,637,12,33,16,246,193,14,40,246,27,136,11,103,95,217,81,105,42,125,29,15,553,12,86,26,31,13,26,9,327,15,39,87,104,20,95,10,1,19,16,7,12,156,193,35,554,30,3,196,174,74,33,38,32,46,24,31,15,190,274,27,266,13,105,33,27,12,7,263,64,23,55,34,18,354,4,244,22,17,84,15,9]
completion_time_por_agente [7,463,153,95,357,29,277,119,18,3,11,40,79,20,151,14,137,172,322,11,237,97,131,20,202,21,8,31,688,113,5,32,227,529,168,12,264,486,435,109,2,137,111,176,20,35,21,32,21,6,361,19,25,4,50,12,187,12,44,249,143,377,336,120,345,19,137,25,117,465,639,158,235,190,114,130,6,149,178,36,15,21,84,20,546,355,29,338,773,4,30,11,17,185,16,8,13,13,3,480,96,129,6,125,35,17,13,256,642,13,34,17,256,194,15,41,256,28,140,12,119,115,221,100,115,73,134,30,16,557,13,121,27,75,15,28,10,331,16,90,95,125,21,128,11,2,20,17,8,13,158,210,37,558,31,4,198,175,97,34,40,33,94,25,44,16,199,280,28,270,14,114,34,28,13,8,267,77,24,60,39,19,360,5,257,29,18,107,16,10]
tiempo_ultimo_agente_goal 773
tiempo_en_acabar 773
tiempo_promedio 124.726318
agentes_en_goal 190
push_out_count 0
RUN 9
valores_ideales [0,0,0,0,0,0,0,0,0,0,0,0,0,0,0,0,0,0,0,0,0,0,0,0,0,0,0,0,0,0,0,0,0,0,0,0,0,0,0,0,0,0,0,0,0,0,0,0,0,0,0,0,0,0,0,0,0,0,0,0,0,0,0,0,0,0,0,0,0,0,0,0,0,0,0,0,0,0,0,0,0,0,0,0,0,0,0,0,0,0,0,0,0,0,0,0,0,0,0,0,0,0,0,0,0,0,0,0,0,0,0,0,0,0,0,0,0,0,0,0,0,0,0,0,0,0,0,0,0,0,0,0,0,0,0,0,0,0,0,0,0,0,0,0,0,0,0,0,0,0,0,0,0,0,0,0,0,0,0,0,0,0,0,0,0,0,0,0,0,0,0,0,0,0,0,0,0,0,0,0,0,0,0,0,0,0,0,0,0,0]
costo_por_agente [12,944,459,43,917,26,971,555,19,2,10,23,427,23,456,13,32,900,924,12,646,280,897,23,885,20,7,32,723,598,4,24,378,664,776,11,671,871,919,53,1,33,256,746,25,34,18,29,20,7,787,16,24,3,60,5,944,13,68,33,870,50,644,751,943,17,879,22,525,785,812,562,496,406,604,761,8,894,881,47,18,20,39,52,892,627,21,938,51,3,31,8,16,843,18,9,14,12,2,847,786,905,5,855,31,22,8,337,981,12,45,14,34,43,20,48,32,27,825,13,49,660,741,552,859,48,902,19,17,53,6,47,28,483,13,22,11,617,15,63,279,52,12,31,10,1,19,12,15,14,809,533,59,937,26,11,930,938,289,37,26,28,910,20,31,15,909,775,23,980,7,761,37,31,12,7,678,673,19,41,26,16,924,10,729,18,17,448,15,11]
completion_time_por_agente [13,1000,999,63,999,27,999,999,21,3,11,24,999,24,999,14,37,999,999,14,999,999,999,24,999,21,8,33,999,999,5,26,999,999,999,12,999,999,999,999,2,39,999,999,26,35,19,35,21,9,999,17,25,4,64,7,999,14,71,42,999,79,999,999,999,18,999,23,999,999,999,999,999,999,999,999,9,999,999,48,19,21,60,999,999,999,22,999,71,4,32,9,17,999,19,10,15,14,3,999,999,999,6,999,33,23,10,999,999,13,46,15,999,62,22,50,38,28,999,14,999,999,999,999,999,999,999,20,18,72,7,999,29,999,14,24,12,999,16,79,999,69,13,53,11,2,20,14,16,15,999,999,62,999,27,12,999,999,999,39,32,29,999,21,35,16,999,999,24,999,8,999,39,33,13,8,999,999,20,44,39,17,999,11,999,22,18,999,17,12]
tiempo_ultimo_agente_goal 79
tiempo_en_acabar 1000
tiempo_promedio 440.447357
agentes_en_goal 109
push_out_count 0
RUN 10
valores_ideales [0,0,0,0,0,0,0,0,0,0,0,0,0,0,0,0,0,0,0,0,0,0,0,0,0,0,0,0,0,0,0,0,0,0,0,0,0,0,0,0,0,0,0,0,0,0,0,0,0,0,0,0,0,0,0,0,0,0,0,0,0,0,0,0,0,0,0,0,0,0,0,0,0,0,0,0,0,0,0,0,0,0,0,0,0,0,0,0,0,0,0,0,0,0,0,0,0,0,0,0,0,0,0,0,0,0,0,0,0,0,0,0,0,0,0,0,0,0,0,0,0,0,0,0,0,0,0,0,0,0,0,0,0,0,0,0,0,0,0,0,0,0,0,0,0,0,0,0,0,0,0,0,0,0,0,0,0,0,0,0,0,0,0,0,0,0,0,0,0,0,0,0,0,0,0,0,0,0,0,0,0,0,0,0,0,0,0,0,0,0]
costo_por_agente [6,393,202,249,273,26,535,102,33,2,10,31,29,19,97,13,86,40,167,6,76,67,97,17,133,20,7,32,686,116,4,26,348,562,201,11,197,355,169,73,1,71,61,39,17,36,18,31,16,5,278,16,24,3,40,11,65,13,38,267,168,68,192,64,491,21,108,22,74,181,579,32,64,157,75,41,8,196,83,51,16,20,27,23,64,227,23,324,501,3,29,8,18,346,16,7,14,12,6,547,86,42,5,79,31,18,8,234,607,14,31,24,46,229,12,46,438,35,110,11,47,49,117,43,41,10,75,29,17,367,10,62,26,33,25,26,11,497,15,45,41,50,16,27,10,1,23,20,9,12,292,151,49,298,38,3,336,496,50,27,26,26,42,16,133,17,256,472,31,528,13,35,41,27,12,15,259,84,33,61,48,98,362,4,230,22,19,60,15,9]
completion_time_por_agente [7,407,210,259,275,27,551,104,34,3,11,33,48,20,102,14,89,45,180,8,90,70,101,18,138,21,8,33,687,120,5,27,350,565,210,12,209,361,173,84,2,83,68,42,18,37,19,38,18,6,281,17,25,4,41,13,74,14,40,276,172,88,195,77,505,22,116,23,77,196,586,39,77,161,88,49,9,206,90,54,17,21,32,27,76,237,25,326,508,4,30,9,19,349,17,8,15,13,7,550,98,53,6,85,33,19,9,242,608,15,32,25,60,231,13,47,450,36,114,12,64,63,119,54,48,11,79,31,18,370,11,71,27,40,26,27,12,499,16,57,54,68,17,32,11,2,24,21,10,13,294,155,51,300,39,4,339,500,63,28,29,27,53,17,135,18,268,478,32,529,14,46,43,30,13,16,261,87,34,69,63,107,363,5,239,25,20,69,18,10]
tiempo_ultimo_agente_goal 687
tiempo_en_acabar 687
tiempo_promedio 110.099998
agentes_en_goal 190
push_out_count 0
RUN 11
valores_ideales [0,0,0,0,0,0,0,0,0,0,0,0,0,0,0,0,0,0,0,0,0,0,0,0,0,0,0,0,0,0,0,0,0,0,0,0,0,0,0,0,0,0,0,0,0,0,0,0,0,0,0,0,0,0,0,0,0,0,0,0,0,0,0,0,0,0,0,0,0,0,0,0,0,0,0,0,0,0,0,0,0,0,0,0,0,0,0,0,0,0,0,0,0,0,0,0,0,0,0,0,0,0,0,0,0,0,0,0,0,0,0,0,0,0,0,0,0,0,0,0,0,0,0,0,0,0,0,0,0,0,0,0,0,0,0,0,0,0,0,0,0,0,0,0,0,0,0,0,0,0,0,0,0,0,0,0,0,0,0,0,0,0,0,0,0,0,0,0,0,0,0,0,0,0,0,0,0,0,0,0,0,0,0,0,0,0,0,0,0,0]
costo_por_agente [6,39,162,257,349,24,345,112,21,2,10,31,43,19,189,13,84,156,265,12,408,93,157,23,301,20,7,22,678,98,4,28,352,420,129,13,83,457,269,133,1,141,75,49,17,38,18,29,22,5,168,22,24,3,44,7,265,15,42,353,142,320,258,108,197,27,146,22,114,51,489,44,176,169,119,89,4,242,149,83,14,18,37,41,58,307,23,392,267,3,33,8,26,362,18,7,18,12,4,491,164,194,5,143,31,22,8,264,505,26,31,18,156,43,12,42,40,29,70,11,63,45,415,69,107,118,135,17,17,309,12,82,26,41,29,22,11,419,11,641,91,80,18,29,10,1,19,16,9,12,148,199,45,242,26,5,402,210,54,31,34,20,180,28,33,15,210,476,21,202,7,115,27,21,12,7,321,86,23,47,18,22,506,4,62,24,17,24,13,9]
completion_time_por_agente [7,73,168,260,352,26,351,121,22,3,11,33,81,21,195,14,121,163,272,13,420,102,159,24,306,21,8,23,682,109,5,29,356,426,142,14,98,466,270,149,2,154,101,84,18,39,19,37,23,6,175,23,25,4,45,9,269,16,45,360,149,326,269,112,199,30,158,23,115,86,494,75,185,177,140,137,6,245,153,93,15,19,75,76,97,316,24,393,310,4,34,10,28,365,19,8,19,14,5,498,172,207,6,150,33,23,10,269,514,30,32,19,174,58,13,43,84,30,90,12,83,69,419,84,136,146,147,18,18,318,13,100,27,71,31,24,12,421,12,647,106,96,19,72,11,2,20,17,10,13,161,210,49,245,27,6,403,212,93,35,38,23,182,29,37,16,216,482,22,203,8,119,28,22,13,8,323,95,24,52,19,24,510,5,76,33,18,33,16,10]
tiempo_ultimo_agente_goal 682
tiempo_en_acabar 682
tiempo_promedio 117.510529
agentes_en_goal 190
push_out_count 0
RUN 12
valores_ideales [0,0,0,0,0,0,0,0,0,0,0,0,0,0,0,0,0,0,0,0,0,0,0,0,0,0,0,0,0,0,0,0,0,0,0,0,0,0,0,0,0,0,0,0,0,0,0,0,0,0,0,0,0,0,0,0,0,0,0,0,0,0,0,0,0,0,0,0,0,0,0,0,0,0,0,0,0,0,0,0,0,0,0,0,0,0,0,0,0,0,0,0,0,0,0,0,0,0,0,0,0,0,0,0,0,0,0,0,0,0,0,0,0,0,0,0,0,0,0,0,0,0,0,0,0,0,0,0,0,0,0,0,0,0,0,0,0,0,0,0,0,0,0,0,0,0,0,0,0,0,0,0,0,0,0,0,0,0,0,0,0,0,0,0,0,0,0,0,0,0,0,0,0,0,0,0,0,0,0,0,0,0,0,0,0,0,0,0,0,0]
costo_por_agente [6,45,150,281,303,28,421,138,19,2,10,33,19,17,41,19,86,128,185,14,314,55,109,21,333,20,7,24,412,60,4,28,114,442,131,11,373,447,259,47,1,31,63,149,17,34,18,27,22,7,246,32,24,3,58,7,235,21,36,181,304,644,348,110,487,17,156,22,80,71,493,76,272,347,39,209,8,158,105,25,16,18,25,23,56,45,21,456,51,3,27,8,36,284,16,9,14,12,6,443,92,114,5,41,39,16,14,166,495,16,41,16,36,39,10,38,38,27,102,15,69,53,83,37,43,10,81,31,21,237,10,76,26,51,19,26,9,363,11,345,61,40,18,49,10,1,17,24,7,16,286,75,33,348,26,5,226,100,58,27,38,26,254,16,207,17,310,490,23,358,19,105,37,23,12,7,223,64,21,49,38,16,218,4,112,16,17,48,13,9]
completion_time_por_agente [7,51,154,287,304,29,428,143,20,3,11,34,22,18,47,20,91,130,192,15,325,58,111,22,335,21,8,25,414,65,5,29,121,445,144,12,393,449,260,50,2,37,74,151,18,35,19,28,23,8,249,33,26,4,59,9,240,22,38,185,308,650,356,111,489,19,158,23,82,82,501,84,278,354,46,213,9,162,106,26,17,19,29,24,71,51,23,458,57,4,28,9,37,286,17,10,15,14,7,447,97,115,6,49,40,17,15,171,504,17,42,17,40,46,12,39,44,28,104,16,76,58,86,46,53,12,92,32,22,245,11,84,27,63,20,27,10,365,12,352,65,46,19,55,11,2,18,28,8,17,289,82,35,350,27,6,227,104,74,28,42,27,257,17,211,18,314,495,24,360,21,109,38,24,13,8,226,73,22,53,41,17,223,5,120,17,18,57,17,10]
tiempo_ultimo_agente_goal 650
tiempo_en_acabar 650
tiempo_promedio 103.778946
agentes_en_goal 190
push_out_count 0
RUN 13
valores_ideales [0,0,0,0,0,0,0,0,0,0,0,0,0,0,0,0,0,0,0,0,0,0,0,0,0,0,0,0,0,0,0,0,0,0,0,0,0,0,0,0,0,0,0,0,0,0,0,0,0,0,0,0,0,0,0,0,0,0,0,0,0,0,0,0,0,0,0,0,0,0,0,0,0,0,0,0,0,0,0,0,0,0,0,0,0,0,0,0,0,0,0,0,0,0,0,0,0,0,0,0,0,0,0,0,0,0,0,0,0,0,0,0,0,0,0,0,0,0,0,0,0,0,0,0,0,0,0,0,0,0,0,0,0,0,0,0,0,0,0,0,0,0,0,0,0,0,0,0,0,0,0,0,0,0,0,0,0,0,0,0,0,0,0,0,0,0,0,0,0,0,0,0,0,0,0,0,0,0,0,0,0,0,0,0,0,0,0,0,0,0]
costo_por_agente [6,431,190,55,247,24,431,154,17,2,10,51,21,19,43,15,26,82,181,16,54,37,173,19,239,20,7,28,530,94,4,28,100,496,35,11,75,491,341,81,1,29,49,159,15,34,22,31,20,5,342,16,24,3,36,7,251,21,24,235,234,546,452,64,409,23,126,22,42,59,351,78,56,261,101,287,4,140,101,21,16,24,61,61,62,71,21,222,47,3,31,10,32,214,24,7,16,14,2,505,92,108,5,39,41,16,8,314,549,22,55,14,38,217,14,40,316,23,112,9,39,79,309,39,41,16,85,47,17,61,8,78,26,39,27,22,11,119,17,335,73,100,22,79,10,1,19,18,13,16,312,61,27,160,34,3,152,160,66,27,56,26,404,16,31,17,142,492,19,472,11,113,27,27,12,7,93,104,19,41,38,18,402,10,72,44,19,62,13,9]
completion_time_por_agente [7,437,191,62,250,25,439,156,18,3,11,52,31,20,58,16,32,92,191,17,63,49,175,20,243,21,8,29,535,99,5,29,103,501,43,12,83,497,346,86,2,44,56,161,16,35,23,44,22,6,346,17,25,4,39,8,264,22,25,244,237,549,465,68,412,24,129,23,51,78,355,82,72,264,102,292,5,141,103,22,17,25,68,69,78,86,22,223,63,4,32,11,33,217,25,8,17,15,3,507,98,118,6,47,42,17,9,316,551,23,56,15,52,218,15,41,324,24,114,10,44,86,311,49,57,25,88,49,18,81,9,82,27,53,28,23,12,122,18,339,80,106,23,84,11,2,20,19,14,17,313,69,31,164,35,4,155,163,75,29,64,27,418,17,46,18,145,497,21,473,12,119,28,28,13,8,98,111,20,46,46,19,408,12,80,49,20,68,14,10]
tiempo_ultimo_agente_goal 551
tiempo_en_acabar 551
tiempo_promedio 102.215790
agentes_en_goal 190
push_out_count 0
RUN 14
valores_ideales [0,0,0,0,0,0,0,0,0,0,0,0,0,0,0,0,0,0,0,0,0,0,0,0,0,0,0,0,0,0,0,0,0,0,0,0,0,0,0,0,0,0,0,0,0,0,0,0,0,0,0,0,0,0,0,0,0,0,0,0,0,0,0,0,0,0,0,0,0,0,0,0,0,0,0,0,0,0,0,0,0,0,0,0,0,0,0,0,0,0,0,0,0,0,0,0,0,0,0,0,0,0,0,0,0,0,0,0,0,0,0,0,0,0,0,0,0,0,0,0,0,0,0,0,0,0,0,0,0,0,0,0,0,0,0,0,0,0,0,0,0,0,0,0,0,0,0,0,0,0,0,0,0,0,0,0,0,0,0,0,0,0,0,0,0,0,0,0,0,0,0,0,0,0,0,0,0,0,0,0,0,0,0,0,0,0,0,0,0,0]
costo_por_agente [6,53,270,177,259,28,429,102,23,2,46,37,59,19,101,13,62,30,343,10,114,81,111,19,67,20,7,30,534,90,4,30,346,422,103,15,87,653,335,53,1,43,79,217,21,34,20,95,18,5,230,18,24,3,82,5,285,27,50,173,330,642,384,96,425,17,62,24,92,189,483,106,276,137,91,257,6,112,131,29,16,20,81,69,544,53,21,58,631,3,25,8,58,262,20,9,18,14,6,479,84,42,5,73,33,18,20,136,567,20,35,14,34,39,12,42,250,27,96,11,45,63,207,79,51,10,75,57,15,555,6,84,26,31,21,24,11,321,13,39,85,64,20,29,10,1,19,26,7,16,244,77,37,386,26,3,208,274,84,33,42,24,254,16,133,19,68,596,21,540,11,97,27,23,12,11,119,88,23,43,28,30,428,4,184,18,17,24,11,9]
completion_time_por_agente [7,69,276,187,262,29,435,107,24,3,68,40,78,20,105,14,71,51,347,11,129,85,113,20,72,21,8,31,539,93,5,32,353,428,120,16,101,657,343,65,2,55,85,233,22,35,21,106,19,6,236,19,26,4,87,8,298,28,51,181,331,644,387,100,427,19,66,25,99,194,486,112,283,140,101,271,9,113,132,31,17,21,86,78,552,72,22,71,644,4,27,9,66,264,22,10,19,15,7,482,93,54,6,80,34,19,21,143,572,21,36,15,46,52,14,43,254,28,101,12,61,79,213,82,58,11,78,66,16,567,7,86,27,37,22,25,12,322,14,59,100,81,22,43,11,2,20,31,8,17,248,88,39,387,27,4,212,277,96,34,57,26,259,17,135,20,79,601,22,541,12,103,28,24,13,14,123,93,24,45,30,32,429,5,200,26,18,37,12,10]
tiempo_ultimo_agente_goal 657
tiempo_en_acabar 657
tiempo_promedio 114.121056
agentes_en_goal 190
push_out_count 0
RUN 15
valores_ideales [0,0,0,0,0,0,0,0,0,0,0,0,0,0,0,0,0,0,0,0,0,0,0,0,0,0,0,0,0,0,0,0,0,0,0,0,0,0,0,0,0,0,0,0,0,0,0,0,0,0,0,0,0,0,0,0,0,0,0,0,0,0,0,0,0,0,0,0,0,0,0,0,0,0,0,0,0,0,0,0,0,0,0,0,0,0,0,0,0,0,0,0,0,0,0,0,0,0,0,0,0,0,0,0,0,0,0,0,0,0,0,0,0,0,0,0,0,0,0,0,0,0,0,0,0,0,0,0,0,0,0,0,0,0,0,0,0,0,0,0,0,0,0,0,0,0,0,0,0,0,0,0,0,0,0,0,0,0,0,0,0,0,0,0,0,0,0,0,0,0,0,0,0,0,0,0,0,0,0,0,0,0,0,0,0,0,0,0,0,0]
costo_por_agente [6,347,212,223,243,24,503,106,17,2,10,27,21,19,171,15,24,78,215,16,122,63,125,19,245,20,7,28,692,90,4,28,192,482,241,13,243,473,381,85,1,81,65,39,19,34,22,31,16,5,262,16,24,3,42,7,209,15,28,43,126,44,334,62,135,19,166,22,44,63,457,66,306,259,93,71,10,200,125,55,16,20,25,21,66,51,25,428,567,3,33,10,22,310,22,9,18,12,4,541,92,102,5,101,31,22,8,194,537,12,33,20,38,283,10,42,96,27,156,13,75,41,153,31,91,78,83,31,25,49,10,48,26,33,17,26,13,51,13,311,37,76,16,103,16,1,19,14,7,12,208,225,53,100,30,13,284,142,40,41,22,26,178,16,29,15,324,394,23,544,9,133,61,25,12,7,281,52,29,87,26,28,364,4,134,26,19,20,11,9]
completion_time_por_agente [7,353,215,227,247,25,511,117,18,3,11,28,24,20,173,16,30,91,225,18,135,69,126,20,248,21,8,29,693,97,5,29,193,485,245,14,248,474,401,99,2,101,80,41,20,35,23,41,18,6,264,17,25,4,44,9,223,16,29,48,132,51,338,73,139,21,171,24,54,80,460,73,308,265,109,89,12,202,128,58,17,21,32,25,88,64,26,429,576,4,34,11,26,311,24,10,20,14,5,543,107,110,6,106,33,23,9,206,543,13,34,21,46,290,12,44,109,28,160,14,90,49,155,41,95,83,98,33,27,53,11,60,27,40,18,27,14,66,14,324,42,101,17,112,18,2,20,16,8,13,210,228,61,108,31,14,287,144,47,47,23,28,179,17,35,16,331,398,24,546,10,143,62,26,13,8,283,66,30,96,28,36,369,5,141,32,20,22,12,10]
tiempo_ultimo_agente_goal 693
tiempo_en_acabar 693
tiempo_promedio 104.657898
agentes_en_goal 190
push_out_count 0
RUN 16
valores_ideales [0,0,0,0,0,0,0,0,0,0,0,0,0,0,0,0,0,0,0,0,0,0,0,0,0,0,0,0,0,0,0,0,0,0,0,0,0,0,0,0,0,0,0,0,0,0,0,0,0,0,0,0,0,0,0,0,0,0,0,0,0,0,0,0,0,0,0,0,0,0,0,0,0,0,0,0,0,0,0,0,0,0,0,0,0,0,0,0,0,0,0,0,0,0,0,0,0,0,0,0,0,0,0,0,0,0,0,0,0,0,0,0,0,0,0,0,0,0,0,0,0,0,0,0,0,0,0,0,0,0,0,0,0,0,0,0,0,0,0,0,0,0,0,0,0,0,0,0,0,0,0,0,0,0,0,0,0,0,0,0,0,0,0,0,0,0,0,0,0,0,0,0,0,0,0,0,0,0,0,0,0,0,0,0,0,0,0,0,0,0]
costo_por_agente [6,407,426,69,271,24,655,148,23,2,12,33,23,17,53,13,68,62,171,12,242,119,211,23,251,20,7,26,414,70,4,24,166,364,243,11,67,777,407,69,1,83,61,33,19,34,18,35,18,5,300,16,24,3,44,13,353,19,34,209,184,40,368,56,197,21,100,24,36,47,615,102,54,211,65,37,4,168,95,27,16,22,23,19,78,315,21,310,41,3,33,10,40,150,22,7,22,12,6,535,84,120,5,81,31,20,8,108,409,20,29,14,120,325,10,76,226,27,92,9,49,73,137,35,45,38,81,17,17,47,8,58,26,27,31,24,11,183,11,499,93,56,18,73,10,1,19,22,9,14,322,343,23,112,26,3,294,120,78,31,48,30,390,16,107,15,436,500,21,306,7,183,41,23,12,7,259,102,19,61,32,28,520,4,170,24,17,80,13,9]
completion_time_por_agente [7,423,428,80,279,25,660,153,24,3,13,36,28,18,80,14,84,73,176,14,249,122,212,24,252,21,8,27,415,81,5,25,173,370,256,12,88,781,409,72,2,90,77,42,20,35,20,40,19,6,303,17,25,4,45,15,355,20,35,215,187,53,374,62,200,25,101,25,48,63,621,108,63,214,77,47,6,169,101,30,17,23,32,23,98,322,22,311,59,4,34,11,43,152,23,8,23,13,7,538,88,126,6,87,32,21,9,114,414,21,30,15,122,326,11,77,231,28,97,10,61,85,138,45,65,47,87,18,18,56,9,76,27,35,32,25,12,185,12,505,107,74,19,80,11,2,20,26,10,15,324,350,25,116,27,4,297,123,82,32,56,31,394,17,110,16,443,504,22,308,8,186,42,24,13,8,261,105,20,66,35,31,529,5,178,27,18,87,16,11]
tiempo_ultimo_agente_goal 781
tiempo_en_acabar 781
tiempo_promedio 108.736839
agentes_en_goal 190
push_out_count 0
RUN 17
valores_ideales [0,0,0,0,0,0,0,0,0,0,0,0,0,0,0,0,0,0,0,0,0,0,0,0,0,0,0,0,0,0,0,0,0,0,0,0,0,0,0,0,0,0,0,0,0,0,0,0,0,0,0,0,0,0,0,0,0,0,0,0,0,0,0,0,0,0,0,0,0,0,0,0,0,0,0,0,0,0,0,0,0,0,0,0,0,0,0,0,0,0,0,0,0,0,0,0,0,0,0,0,0,0,0,0,0,0,0,0,0,0,0,0,0,0,0,0,0,0,0,0,0,0,0,0,0,0,0,0,0,0,0,0,0,0,0,0,0,0,0,0,0,0,0,0,0,0,0,0,0,0,0,0,0,0,0,0,0,0,0,0,0,0,0,0,0,0,0,0,0,0,0,0,0,0,0,0,0,0,0,0,0,0,0,0,0,0,0,0,0,0]
costo_por_agente [8,321,106,171,79,30,285,150,19,2,12,25,27,23,47,13,34,110,191,6,64,81,157,19,123,20,7,30,546,48,4,30,338,436,263,11,243,497,355,67,1,83,61,157,25,34,20,29,16,7,338,18,26,3,46,7,149,19,26,31,206,72,134,62,173,25,106,26,82,51,577,104,172,351,99,35,4,120,105,37,18,20,75,33,508,49,23,234,403,3,29,8,22,238,16,7,18,18,2,479,42,116,5,83,31,16,8,256,591,20,33,14,230,351,10,42,198,23,90,9,55,45,395,47,85,20,83,29,21,599,8,60,26,29,19,22,9,345,15,43,71,56,12,59,10,1,19,14,9,14,144,221,47,154,26,3,326,214,42,33,36,26,178,20,229,15,50,496,21,394,11,111,27,31,12,9,429,70,19,57,52,16,404,4,66,18,17,16,9,9]
completion_time_por_agente [9,325,109,178,84,31,290,153,20,3,15,27,40,24,63,14,41,112,195,8,71,86,162,20,126,21,8,31,549,61,5,31,339,439,270,12,249,499,356,73,2,95,73,158,26,35,21,30,17,8,341,19,27,4,48,10,153,20,27,36,208,87,136,72,174,26,111,28,83,68,580,111,179,356,100,40,5,125,111,38,19,21,78,38,520,58,25,236,409,4,30,9,26,240,17,8,19,19,3,481,59,118,6,89,33,17,9,264,594,21,34,15,240,355,11,43,209,24,94,10,59,57,396,53,89,24,86,31,22,603,9,65,27,33,20,23,10,347,16,55,74,72,13,66,11,2,20,16,10,15,146,227,49,156,27,4,328,215,51,35,42,27,192,21,234,16,57,500,22,400,12,119,29,32,13,11,431,75,20,66,66,19,408,5,77,20,18,18,10,10]
tiempo_ultimo_agente_goal 603
tiempo_en_acabar 603
tiempo_promedio 105.126312
agentes_en_goal 190
push_out_count 0
RUN 18
valores_ideales [0,0,0,0,0,0,0,0,0,0,0,0,0,0,0,0,0,0,0,0,0,0,0,0,0,0,0,0,0,0,0,0,0,0,0,0,0,0,0,0,0,0,0,0,0,0,0,0,0,0,0,0,0,0,0,0,0,0,0,0,0,0,0,0,0,0,0,0,0,0,0,0,0,0,0,0,0,0,0,0,0,0,0,0,0,0,0,0,0,0,0,0,0,0,0,0,0,0,0,0,0,0,0,0,0,0,0,0,0,0,0,0,0,0,0,0,0,0,0,0,0,0,0,0,0,0,0,0,0,0,0,0,0,0,0,0,0,0,0,0,0,0,0,0,0,0,0,0,0,0,0,0,0,0,0,0,0,0,0,0,0,0,0,0,0,0,0,0,0,0,0,0,0,0,0,0,0,0,0,0,0,0,0,0,0,0,0,0,0,0]
costo_por_agente [6,37,140,91,191,24,53,96,19,2,10,37,49,19,163,13,106,118,207,16,78,73,171,23,157,20,7,26,502,102,4,34,466,326,131,11,63,421,559,69,1,83,49,47,19,36,18,29,22,5,282,16,24,3,44,11,179,19,36,35,206,740,240,92,215,27,136,28,72,269,495,94,226,251,71,93,8,192,145,37,16,22,21,63,626,255,25,424,495,3,29,14,18,100,12,7,16,14,4,517,110,150,5,99,33,18,10,364,673,18,35,16,206,281,10,44,32,27,108,9,95,57,123,61,85,10,81,41,15,277,10,56,28,33,15,26,11,115,17,47,35,98,12,91,10,1,23,14,23,12,332,239,59,516,28,15,100,254,44,27,26,22,50,16,135,15,312,376,39,470,7,125,29,21,12,7,85,76,23,69,40,20,294,6,172,26,17,46,7,9]
completion_time_por_agente [7,47,145,104,195,25,71,103,20,3,11,39,64,20,175,14,116,121,216,18,89,82,172,24,161,21,8,27,506,111,5,35,473,329,140,12,75,427,563,77,2,111,62,65,20,37,20,31,23,6,285,17,25,4,45,13,189,20,38,57,221,761,246,98,219,28,138,29,81,274,500,100,236,255,78,103,9,195,152,48,17,23,27,71,636,268,27,426,498,4,31,15,21,107,14,8,17,16,5,520,125,159,6,108,35,19,12,374,678,20,36,17,212,284,11,45,38,28,110,10,106,71,125,69,95,11,92,46,16,287,11,67,29,55,17,27,12,118,18,67,55,115,14,104,11,2,24,16,24,13,334,242,63,517,29,17,105,256,59,28,30,23,70,17,143,16,322,384,40,471,8,129,30,22,13,8,94,91,24,79,47,23,296,7,186,29,18,52,9,10]
tiempo_ultimo_agente_goal 761
tiempo_en_acabar 761
tiempo_promedio 109.621056
agentes_en_goal 190
push_out_count 0
RUN 19
valores_ideales [0,0,0,0,0,0,0,0,0,0,0,0,0,0,0,0,0,0,0,0,0,0,0,0,0,0,0,0,0,0,0,0,0,0,0,0,0,0,0,0,0,0,0,0,0,0,0,0,0,0,0,0,0,0,0,0,0,0,0,0,0,0,0,0,0,0,0,0,0,0,0,0,0,0,0,0,0,0,0,0,0,0,0,0,0,0,0,0,0,0,0,0,0,0,0,0,0,0,0,0,0,0,0,0,0,0,0,0,0,0,0,0,0,0,0,0,0,0,0,0,0,0,0,0,0,0,0,0,0,0,0,0,0,0,0,0,0,0,0,0,0,0,0,0,0,0,0,0,0,0,0,0,0,0,0,0,0,0,0,0,0,0,0,0,0,0,0,0,0,0,0,0,0,0,0,0,0,0,0,0,0,0,0,0,0,0,0,0,0,0]
costo_por_agente [6,245,130,99,225,30,363,130,23,2,60,55,79,27,165,13,114,216,173,16,192,93,203,15,159,20,7,38,704,102,4,24,400,542,251,11,327,409,425,127,1,93,99,153,17,34,18,135,20,7,294,18,24,3,50,7,285,33,26,207,220,508,424,90,509,19,134,22,90,117,511,108,56,285,103,141,6,160,161,57,16,20,111,27,444,411,21,308,329,3,31,8,30,182,20,7,18,14,6,545,44,174,5,89,39,18,8,184,509,18,31,16,170,41,10,38,134,29,136,9,87,87,175,71,85,70,125,19,17,631,10,82,30,81,23,26,11,383,13,139,91,56,22,101,10,1,19,14,9,12,220,185,39,348,30,3,202,406,98,31,52,36,188,16,43,17,306,718,23,166,9,49,33,21,12,7,197,134,27,45,34,104,392,6,110,14,17,64,13,9]
completion_time_por_agente [7,261,135,128,233,32,370,135,24,3,76,56,93,28,173,14,149,222,185,19,210,113,205,16,162,21,8,39,711,120,5,25,407,546,264,12,346,410,427,139,2,135,125,155,18,35,19,147,21,9,298,20,25,4,53,8,294,35,27,217,227,518,429,106,515,22,138,23,97,135,522,113,77,290,120,165,8,162,164,61,17,21,117,77,460,421,23,310,337,4,32,9,33,192,21,8,19,16,7,548,83,182,6,101,40,19,9,189,512,19,33,18,184,86,12,39,164,30,141,10,99,100,177,92,103,99,132,21,20,641,11,96,31,101,25,27,12,385,14,155,109,79,23,121,11,2,20,16,10,13,221,198,44,349,31,4,205,410,117,37,64,37,192,17,86,18,311,725,24,175,10,88,34,22,13,8,200,140,28,52,48,129,409,7,130,16,18,81,16,10]
tiempo_ultimo_agente_goal 725
tiempo_en_acabar 725
tiempo_promedio 126.768417
agentes_en_goal 190
push_out_count 0
RUN 20
valores_ideales [0,0,0,0,0,0,0,0,0,0,0,0,0,0,0,0,0,0,0,0,0,0,0,0,0,0,0,0,0,0,0,0,0,0,0,0,0,0,0,0,0,0,0,0,0,0,0,0,0,0,0,0,0,0,0,0,0,0,0,0,0,0,0,0,0,0,0,0,0,0,0,0,0,0,0,0,0,0,0,0,0,0,0,0,0,0,0,0,0,0,0,0,0,0,0,0,0,0,0,0,0,0,0,0,0,0,0,0,0,0,0,0,0,0,0,0,0,0,0,0,0,0,0,0,0,0,0,0,0,0,0,0,0,0,0,0,0,0,0,0,0,0,0,0,0,0,0,0,0,0,0,0,0,0,0,0,0,0,0,0,0,0,0,0,0,0,0,0,0,0,0,0,0,0,0,0,0,0,0,0,0,0,0,0,0,0,0,0,0,0]
costo_por_agente [6,898,477,445,879,24,820,712,25,2,10,31,565,19,243,15,839,798,878,14,604,11,879,17,837,22,7,24,965,415,4,28,620,516,534,11,929,803,908,834,1,851,166,610,17,36,20,707,24,5,767,20,28,3,46,9,916,23,34,440,814,877,455,609,890,27,807,24,319,692,646,571,502,400,418,623,8,865,843,21,16,22,336,263,858,503,21,896,660,3,27,8,18,820,14,7,14,20,4,923,711,879,5,731,31,16,8,361,912,14,29,22,18,900,14,38,770,23,806,9,726,354,786,620,795,10,812,31,17,914,8,264,28,15,15,26,11,813,15,858,188,731,20,11,10,1,21,20,11,10,827,349,39,848,32,5,867,859,341,23,26,26,11,16,900,21,886,955,17,937,11,541,33,21,12,7,777,589,21,99,30,16,917,4,746,16,17,206,9,9]
completion_time_por_agente [7,1000,1000,1000,1000,26,999,999,26,3,11,33,999,20,999,16,999,999,999,15,999,999,999,18,999,23,8,25,999,999,5,29,999,999,999,12,999,999,999,999,2,999,999,999,18,37,21,999,25,6,999,21,29,4,48,11,999,24,36,999,999,999,999,999,999,28,999,25,999,999,999,999,999,999,999,999,9,999,999,24,17,23,999,999,999,999,23,999,999,4,28,9,19,999,15,8,15,21,5,999,999,999,6,999,32,17,9,999,999,15,30,23,999,999,15,39,999,24,999,10,999,999,999,999,999,999,999,33,19,999,9,999,29,999,16,27,12,999,16,999,999,999,21,999,11,2,22,21,12,11,999,999,42,999,33,6,999,999,999,24,33,28,999,17,999,22,999,999,19,999,12,999,34,22,13,8,999,999,22,107,33,17,999,5,999,18,18,999,11,10]
tiempo_ultimo_agente_goal 107
tiempo_en_acabar 1000
tiempo_promedio 514.605286
agentes_en_goal 94
push_out_count 0
RUN 21
valores_ideales [0,0,0,0,0,0,0,0,0,0,0,0,0,0,0,0,0,0,0,0,0,0,0,0,0,0,0,0,0,0,0,0,0,0,0,0,0,0,0,0,0,0,0,0,0,0,0,0,0,0,0,0,0,0,0,0,0,0,0,0,0,0,0,0,0,0,0,0,0,0,0,0,0,0,0,0,0,0,0,0,0,0,0,0,0,0,0,0,0,0,0,0,0,0,0,0,0,0,0,0,0,0,0,0,0,0,0,0,0,0,0,0,0,0,0,0,0,0,0,0,0,0,0,0,0,0,0,0,0,0,0,0,0,0,0,0,0,0,0,0,0,0,0,0,0,0,0,0,0,0,0,0,0,0,0,0,0,0,0,0,0,0,0,0,0,0,0,0,0,0,0,0,0,0,0,0,0,0,0,0,0,0,0,0,0,0,0,0,0,0]
costo_por_agente [10,213,134,37,247,28,533,90,17,2,14,25,29,19,39,13,36,84,187,8,88,67,95,15,191,20,7,32,528,98,4,24,244,498,81,11,359,407,255,87,1,39,49,101,17,34,18,195,16,7,338,26,24,3,44,7,137,19,34,33,198,546,332,82,491,21,148,28,52,49,449,88,60,67,101,117,14,108,121,39,16,22,51,21,74,243,21,376,83,3,35,8,18,244,16,9,18,16,2,255,88,122,5,63,37,18,8,242,411,16,29,14,42,193,12,52,346,25,72,13,49,49,247,53,29,10,49,21,15,331,12,66,28,67,19,24,11,223,19,43,35,44,16,23,14,1,17,14,7,14,524,293,43,448,26,5,170,158,46,31,48,20,42,16,89,15,74,584,19,108,11,79,33,21,12,7,283,146,19,73,34,16,438,4,64,20,19,70,9,9]
completion_time_por_agente [11,224,137,40,259,30,539,97,18,3,15,27,35,21,43,14,40,88,193,9,99,72,96,16,195,21,8,33,533,105,5,25,252,507,97,12,370,410,256,90,2,46,54,105,18,35,19,200,18,10,340,27,25,4,48,8,140,20,35,37,202,551,339,85,501,22,154,30,58,54,455,91,68,72,104,121,15,112,122,40,17,23,65,22,88,250,22,377,98,4,36,9,20,249,17,10,19,17,3,260,92,129,6,70,39,19,9,243,415,18,31,15,55,194,14,53,356,26,82,14,64,52,250,68,40,11,56,22,16,336,13,77,30,74,20,25,12,225,20,51,41,56,18,28,16,2,18,16,8,15,527,300,48,450,27,6,173,161,58,33,54,22,48,17,92,16,84,588,21,109,12,85,34,22,13,8,287,147,20,75,35,18,440,5,70,21,20,75,11,10]
tiempo_ultimo_agente_goal 588
tiempo_en_acabar 588
tiempo_promedio 99.157898
agentes_en_goal 190
push_out_count 0
RUN 22
valores_ideales [0,0,0,0,0,0,0,0,0,0,0,0,0,0,0,0,0,0,0,0,0,0,0,0,0,0,0,0,0,0,0,0,0,0,0,0,0,0,0,0,0,0,0,0,0,0,0,0,0,0,0,0,0,0,0,0,0,0,0,0,0,0,0,0,0,0,0,0,0,0,0,0,0,0,0,0,0,0,0,0,0,0,0,0,0,0,0,0,0,0,0,0,0,0,0,0,0,0,0,0,0,0,0,0,0,0,0,0,0,0,0,0,0,0,0,0,0,0,0,0,0,0,0,0,0,0,0,0,0,0,0,0,0,0,0,0,0,0,0,0,0,0,0,0,0,0,0,0,0,0,0,0,0,0,0,0,0,0,0,0,0,0,0,0,0,0,0,0,0,0,0,0,0,0,0,0,0,0,0,0,0,0,0,0,0,0,0,0,0,0]
costo_por_agente [6,43,250,71,351,28,415,108,17,2,14,29,75,17,133,13,26,88,273,8,222,59,191,23,251,20,7,32,456,150,4,30,296,460,79,11,83,451,273,101,1,39,53,137,19,42,18,25,24,5,220,26,24,3,38,9,217,13,38,41,238,372,224,116,161,25,128,22,88,99,471,56,54,169,95,313,10,60,45,37,16,22,33,23,458,273,25,288,47,3,37,10,30,300,12,7,12,14,4,465,72,100,5,105,35,16,8,166,439,14,31,20,44,267,10,46,388,25,112,9,77,87,289,81,57,24,53,27,15,355,12,78,28,29,19,28,9,373,13,161,59,48,18,41,10,1,25,16,7,12,424,191,47,342,30,3,146,120,36,33,16,26,54,16,197,17,50,354,25,430,11,153,27,21,12,19,121,102,23,41,38,16,614,4,192,18,19,40,13,9]
completion_time_por_agente [7,52,254,82,354,29,420,114,18,3,15,30,79,18,136,14,32,90,287,9,232,64,192,24,258,21,8,34,459,153,5,31,302,467,87,12,89,455,275,108,2,50,59,160,20,43,19,26,26,6,223,28,26,4,42,12,221,14,39,59,241,373,229,118,165,26,131,23,91,109,475,74,65,172,101,321,11,71,57,39,17,24,43,28,463,283,26,289,69,4,38,11,38,303,13,8,13,15,5,469,85,102,6,108,37,17,9,174,443,15,32,21,65,269,12,47,398,26,113,10,81,90,292,87,65,27,62,29,16,360,13,82,29,33,24,29,10,374,14,168,70,58,19,50,11,2,26,18,8,13,425,197,52,343,31,4,150,122,50,34,17,27,83,17,201,18,61,361,26,431,12,157,28,23,13,20,123,105,24,43,46,17,616,5,196,19,20,61,14,10]
tiempo_ultimo_agente_goal 616
tiempo_en_acabar 616
tiempo_promedio 104.210526
agentes_en_goal 190
push_out_count 0
RUN 23
valores_ideales [0,0,0,0,0,0,0,0,0,0,0,0,0,0,0,0,0,0,0,0,0,0,0,0,0,0,0,0,0,0,0,0,0,0,0,0,0,0,0,0,0,0,0,0,0,0,0,0,0,0,0,0,0,0,0,0,0,0,0,0,0,0,0,0,0,0,0,0,0,0,0,0,0,0,0,0,0,0,0,0,0,0,0,0,0,0,0,0,0,0,0,0,0,0,0,0,0,0,0,0,0,0,0,0,0,0,0,0,0,0,0,0,0,0,0,0,0,0,0,0,0,0,0,0,0,0,0,0,0,0,0,0,0,0,0,0,0,0,0,0,0,0,0,0,0,0,0,0,0,0,0,0,0,0,0,0,0,0,0,0,0,0,0,0,0,0,0,0,0,0,0,0,0,0,0,0,0,0,0,0,0,0,0,0,0,0,0,0,0,0]
costo_por_agente [6,39,116,73,233,24,375,136,19,2,10,39,81,43,45,13,36,142,199,22,70,25,237,23,243,20,7,32,454,40,4,28,346,560,273,11,401,491,189,109,1,77,65,75,21,34,18,31,16,7,182,16,24,3,62,7,283,19,34,253,182,342,374,102,155,17,124,22,110,51,635,80,234,229,55,53,4,150,153,35,16,18,49,81,64,49,25,336,61,3,31,8,26,224,22,7,18,14,2,509,90,130,5,89,33,16,8,166,503,16,35,16,32,291,12,40,324,29,104,9,79,43,279,73,59,88,101,33,21,389,10,68,26,33,19,22,11,291,19,507,47,96,18,75,10,1,21,18,11,12,148,59,65,194,28,5,388,244,50,35,34,30,212,16,123,19,226,570,25,264,11,133,25,29,12,7,149,104,25,39,38,16,452,4,58,22,17,52,13,13]
completion_time_por_agente [7,42,121,87,236,25,379,138,20,3,12,41,97,45,68,14,44,149,205,23,80,32,239,24,245,21,8,33,458,61,5,29,352,563,279,12,407,495,192,132,2,84,73,82,22,35,19,38,17,8,184,17,25,4,63,9,298,20,35,261,185,346,377,114,157,18,126,23,114,70,641,105,243,232,64,74,5,151,159,37,17,19,55,91,75,62,27,338,79,4,32,9,28,228,23,8,20,15,3,512,107,137,6,108,35,17,9,169,505,19,36,17,49,292,14,41,330,30,117,10,94,52,280,82,73,105,108,36,22,390,11,74,27,49,20,23,12,293,20,515,58,106,19,100,11,2,22,19,12,13,152,68,68,197,29,7,391,245,60,37,40,31,217,17,126,20,228,575,27,265,13,137,26,30,13,8,152,110,26,44,44,18,457,5,78,23,18,65,14,14]
tiempo_ultimo_agente_goal 641
tiempo_en_acabar 641
tiempo_promedio 107.347366
agentes_en_goal 190
push_out_count 0
RUN 24
valores_ideales [0,0,0,0,0,0,0,0,0,0,0,0,0,0,0,0,0,0,0,0,0,0,0,0,0,0,0,0,0,0,0,0,0,0,0,0,0,0,0,0,0,0,0,0,0,0,0,0,0,0,0,0,0,0,0,0,0,0,0,0,0,0,0,0,0,0,0,0,0,0,0,0,0,0,0,0,0,0,0,0,0,0,0,0,0,0,0,0,0,0,0,0,0,0,0,0,0,0,0,0,0,0,0,0,0,0,0,0,0,0,0,0,0,0,0,0,0,0,0,0,0,0,0,0,0,0,0,0,0,0,0,0,0,0,0,0,0,0,0,0,0,0,0,0,0,0,0,0,0,0,0,0,0,0,0,0,0,0,0,0,0,0,0,0,0,0,0,0,0,0,0,0,0,0,0,0,0,0,0,0,0,0,0,0,0,0,0,0,0,0]
costo_por_agente [8,405,124,79,155,26,61,102,25,2,10,41,23,19,65,13,32,94,139,12,138,69,39,25,121,20,7,24,596,136,4,24,298,442,39,11,71,591,341,81,1,101,51,153,23,36,26,39,22,5,258,40,24,3,46,7,181,15,42,149,294,48,308,82,625,19,94,22,30,297,467,66,294,249,103,39,6,122,119,35,16,18,27,71,72,305,21,510,53,3,27,8,16,264,18,7,18,14,2,601,110,88,5,71,35,16,8,174,597,12,37,16,326,119,16,52,264,25,94,9,75,45,197,39,35,10,95,15,17,345,6,60,28,33,21,20,9,261,13,41,59,48,18,93,18,1,25,24,9,16,360,235,45,538,32,3,122,438,60,51,32,28,304,22,123,15,314,530,19,612,9,67,25,39,12,17,95,108,21,47,40,22,588,4,50,28,17,78,13,9]
completion_time_por_agente [9,420,127,95,162,28,67,105,26,3,11,43,31,20,76,14,39,100,147,13,146,73,43,26,127,21,8,25,599,140,5,25,305,449,46,12,87,596,342,87,2,105,57,159,24,37,28,50,24,6,260,42,25,4,47,9,191,16,45,158,297,58,314,86,629,20,99,23,42,308,471,74,298,251,106,44,8,124,124,39,17,19,36,80,82,314,22,511,76,4,29,9,18,267,19,8,19,15,3,605,117,92,6,79,37,17,9,177,601,13,38,17,339,127,18,53,270,27,98,10,82,56,199,50,43,11,101,16,18,355,7,73,30,35,22,21,10,262,14,47,66,55,20,96,20,2,26,28,10,17,362,245,48,540,33,4,127,441,63,53,37,29,315,23,125,16,319,538,20,615,10,76,26,40,13,19,99,115,22,50,43,25,593,5,62,32,18,83,16,10]
tiempo_ultimo_agente_goal 629
tiempo_en_acabar 629
tiempo_promedio 109.484207
agentes_en_goal 190
push_out_count 0
RUN 25
valores_ideales [0,0,0,0,0,0,0,0,0,0,0,0,0,0,0,0,0,0,0,0,0,0,0,0,0,0,0,0,0,0,0,0,0,0,0,0,0,0,0,0,0,0,0,0,0,0,0,0,0,0,0,0,0,0,0,0,0,0,0,0,0,0,0,0,0,0,0,0,0,0,0,0,0,0,0,0,0,0,0,0,0,0,0,0,0,0,0,0,0,0,0,0,0,0,0,0,0,0,0,0,0,0,0,0,0,0,0,0,0,0,0,0,0,0,0,0,0,0,0,0,0,0,0,0,0,0,0,0,0,0,0,0,0,0,0,0,0,0,0,0,0,0,0,0,0,0,0,0,0,0,0,0,0,0,0,0,0,0,0,0,0,0,0,0,0,0,0,0,0,0,0,0,0,0,0,0,0,0,0,0,0,0,0,0,0,0,0,0,0,0]
costo_por_agente [6,47,188,265,149,24,533,106,19,2,12,39,65,17,45,13,36,66,231,6,92,89,125,15,199,20,7,28,650,66,4,30,212,372,73,11,211,515,297,43,1,39,55,221,15,34,18,27,22,7,224,24,24,3,44,9,295,31,36,31,270,40,350,76,299,25,40,22,84,51,535,72,112,147,87,227,8,54,95,39,16,20,37,23,520,55,21,290,469,3,27,12,44,294,16,7,20,18,4,437,110,162,5,121,35,16,8,176,371,12,29,24,48,331,10,38,500,23,84,9,57,41,269,49,61,10,111,27,15,47,8,82,26,115,23,24,11,399,15,249,57,48,14,97,10,1,19,12,7,12,208,59,37,466,30,3,248,228,74,31,20,28,188,16,149,15,326,488,21,432,11,151,35,25,12,7,135,84,23,55,24,16,552,4,176,40,17,62,13,9]
completion_time_por_agente [7,55,190,272,153,26,537,112,20,3,13,41,71,18,52,14,45,72,235,8,100,93,126,16,202,21,8,29,652,75,5,31,214,375,86,12,216,517,303,52,2,47,63,223,16,35,19,28,23,8,226,25,25,4,45,11,300,33,38,36,273,45,352,77,307,26,43,23,91,61,542,78,118,150,91,230,9,57,107,42,17,21,47,28,530,65,22,292,475,4,28,13,45,298,18,8,22,19,5,440,117,167,6,127,36,17,9,179,375,14,31,25,55,335,11,39,507,24,93,10,63,47,275,52,72,11,116,28,16,55,9,89,27,119,26,25,12,401,16,259,66,57,15,103,11,2,20,14,9,13,210,67,42,468,32,4,252,234,84,37,24,29,194,17,152,16,330,489,22,436,12,159,37,26,13,8,142,88,24,59,28,17,556,5,188,46,18,68,14,10]
tiempo_ultimo_agente_goal 652
tiempo_en_acabar 652
tiempo_promedio 106.657898
agentes_en_goal 190
push_out_count 0
RUN 26
valores_ideales [0,0,0,0,0,0,0,0,0,0,0,0,0,0,0,0,0,0,0,0,0,0,0,0,0,0,0,0,0,0,0,0,0,0,0,0,0,0,0,0,0,0,0,0,0,0,0,0,0,0,0,0,0,0,0,0,0,0,0,0,0,0,0,0,0,0,0,0,0,0,0,0,0,0,0,0,0,0,0,0,0,0,0,0,0,0,0,0,0,0,0,0,0,0,0,0,0,0,0,0,0,0,0,0,0,0,0,0,0,0,0,0,0,0,0,0,0,0,0,0,0,0,0,0,0,0,0,0,0,0,0,0,0,0,0,0,0,0,0,0,0,0,0,0,0,0,0,0,0,0,0,0,0,0,0,0,0,0,0,0,0,0,0,0,0,0,0,0,0,0,0,0,0,0,0,0,0,0,0,0,0,0,0,0,0,0,0,0,0,0]
costo_por_agente [6,645,202,51,311,24,341,158,23,2,10,37,19,21,167,13,82,112,235,12,72,73,169,15,211,22,7,22,538,86,4,28,242,244,149,11,77,671,317,71,1,99,61,145,17,34,22,31,20,5,288,24,24,3,40,13,301,15,32,31,304,50,152,52,167,21,76,26,78,51,557,78,50,411,161,39,4,96,123,55,16,18,45,65,92,365,23,330,43,3,35,8,22,168,14,7,16,14,4,545,80,120,5,87,33,16,10,352,387,18,41,16,52,383,12,44,114,33,92,19,71,55,223,41,63,46,87,15,17,59,6,66,26,47,29,24,11,357,13,249,75,78,18,75,10,1,21,16,13,10,118,61,43,492,36,5,264,240,54,31,44,30,216,16,143,15,80,500,17,314,7,91,31,25,12,17,159,108,23,77,30,20,228,6,204,22,19,36,15,9]
completion_time_por_agente [7,651,205,62,315,25,342,160,24,3,11,39,29,22,170,14,92,134,244,13,84,78,170,16,215,23,8,23,540,90,5,29,245,246,157,12,90,675,319,83,2,104,73,151,18,35,23,34,22,6,290,26,25,4,41,14,303,16,33,49,306,68,156,62,169,22,80,27,82,62,558,81,66,415,163,51,5,108,136,60,17,20,57,76,108,373,24,334,62,4,36,9,23,170,16,8,17,15,5,551,87,127,6,90,35,17,11,355,390,19,42,17,66,384,13,45,117,34,102,21,88,73,224,49,75,65,88,16,18,78,7,82,27,63,33,26,12,359,14,261,87,94,21,83,11,2,22,18,14,11,119,74,46,494,37,6,268,248,66,32,52,31,221,17,145,16,91,505,18,316,8,99,33,26,13,20,161,116,24,88,39,21,233,7,215,29,20,46,17,10]
tiempo_ultimo_agente_goal 675
tiempo_en_acabar 675
tiempo_promedio 102.984207
agentes_en_goal 190
push_out_count 0
RUN 27
valores_ideales [0,0,0,0,0,0,0,0,0,0,0,0,0,0,0,0,0,0,0,0,0,0,0,0,0,0,0,0,0,0,0,0,0,0,0,0,0,0,0,0,0,0,0,0,0,0,0,0,0,0,0,0,0,0,0,0,0,0,0,0,0,0,0,0,0,0,0,0,0,0,0,0,0,0,0,0,0,0,0,0,0,0,0,0,0,0,0,0,0,0,0,0,0,0,0,0,0,0,0,0,0,0,0,0,0,0,0,0,0,0,0,0,0,0,0,0,0,0,0,0,0,0,0,0,0,0,0,0,0,0,0,0,0,0,0,0,0,0,0,0,0,0,0,0,0,0,0,0,0,0,0,0,0,0,0,0,0,0,0,0,0,0,0,0,0,0,0,0,0,0,0,0,0,0,0,0,0,0,0,0,0,0,0,0,0,0,0,0,0,0]
costo_por_agente [6,369,372,55,231,24,269,192,25,2,12,47,23,17,193,13,46,146,201,14,196,95,157,19,243,20,7,28,542,56,4,26,250,400,47,11,397,589,73,125,1,69,89,215,19,34,20,27,20,5,380,24,28,3,42,9,173,21,28,39,228,52,252,138,431,17,134,24,116,49,577,110,206,161,99,123,4,114,165,51,16,18,29,21,88,331,23,390,67,3,27,8,32,254,18,7,12,12,6,585,102,170,5,125,35,16,8,234,643,14,37,14,50,269,12,38,258,31,104,9,55,57,283,65,65,94,91,41,17,413,10,120,28,123,17,24,9,289,13,707,99,84,18,91,10,1,19,12,7,14,298,185,47,490,26,3,250,482,126,31,60,32,136,16,37,15,198,444,25,430,11,35,25,23,12,7,215,122,25,61,38,24,266,4,204,24,19,100,9,9]
completion_time_por_agente [7,394,381,69,236,25,286,199,26,3,13,48,39,18,229,14,89,148,218,15,210,122,160,20,248,21,8,29,547,73,5,27,253,406,59,12,412,595,93,146,2,101,136,219,20,35,21,28,22,6,382,25,30,4,44,10,180,22,29,58,233,70,258,142,440,19,143,25,135,65,582,132,237,166,135,137,6,134,168,54,17,19,51,23,112,341,24,391,90,4,28,9,34,256,19,8,13,13,7,590,119,174,6,143,36,17,9,238,644,15,38,15,63,270,14,39,278,32,123,10,72,81,287,79,81,108,107,43,18,419,11,142,29,138,18,26,10,290,14,716,122,106,19,100,11,2,20,13,8,15,300,188,50,495,27,4,253,487,136,33,65,34,153,17,50,16,208,447,26,431,13,60,27,24,13,8,217,135,26,63,44,25,270,5,219,26,20,125,11,11]
tiempo_ultimo_agente_goal 716
tiempo_en_acabar 716
tiempo_promedio 119.773682
agentes_en_goal 190
push_out_count 0
RUN 28
valores_ideales [0,0,0,0,0,0,0,0,0,0,0,0,0,0,0,0,0,0,0,0,0,0,0,0,0,0,0,0,0,0,0,0,0,0,0,0,0,0,0,0,0,0,0,0,0,0,0,0,0,0,0,0,0,0,0,0,0,0,0,0,0,0,0,0,0,0,0,0,0,0,0,0,0,0,0,0,0,0,0,0,0,0,0,0,0,0,0,0,0,0,0,0,0,0,0,0,0,0,0,0,0,0,0,0,0,0,0,0,0,0,0,0,0,0,0,0,0,0,0,0,0,0,0,0,0,0,0,0,0,0,0,0,0,0,0,0,0,0,0,0,0,0,0,0,0,0,0,0,0,0,0,0,0,0,0,0,0,0,0,0,0,0,0,0,0,0,0,0,0,0,0,0,0,0,0,0,0,0,0,0,0,0,0,0,0,0,0,0,0,0]
costo_por_agente [6,103,176,121,243,24,417,134,21,2,20,31,21,17,75,15,92,122,293,6,138,79,155,17,203,20,7,26,390,102,4,24,414,500,65,11,151,357,285,65,1,89,71,185,25,34,18,25,22,5,282,24,24,3,42,5,185,21,34,159,242,54,394,98,479,21,120,22,78,55,335,74,56,121,35,37,10,140,111,51,16,20,21,21,50,53,25,332,293,3,25,8,34,436,12,7,22,12,4,575,88,100,5,107,35,16,8,102,597,14,33,18,36,263,14,40,446,29,104,11,61,71,329,49,49,52,69,35,17,479,18,50,28,29,21,30,11,175,11,247,71,88,14,103,10,1,19,14,9,12,140,63,59,282,26,7,252,198,62,43,42,32,192,16,185,15,282,258,37,428,9,29,27,23,12,7,201,58,21,55,32,18,384,4,174,36,17,88,11,9]
completion_time_por_agente [7,109,178,128,244,25,422,136,22,3,25,32,36,18,84,16,102,132,303,8,145,84,157,18,212,21,8,27,393,105,5,26,417,508,70,12,162,362,287,88,2,102,79,196,26,35,19,34,23,6,284,26,25,4,44,7,194,24,35,161,244,63,397,103,482,23,128,23,83,74,343,77,61,124,50,54,12,147,116,58,17,21,42,37,60,64,27,333,303,4,26,10,35,437,13,8,23,13,5,578,92,110,6,116,36,17,9,105,599,15,34,19,48,274,15,41,463,30,109,12,69,77,330,59,59,64,74,42,18,490,19,61,30,52,22,31,12,176,12,262,74,99,17,110,11,2,20,17,10,13,141,66,64,283,27,8,255,200,67,44,48,33,201,17,196,16,297,259,38,429,10,49,28,25,13,8,205,64,22,59,48,35,403,5,178,47,18,99,12,10]
tiempo_ultimo_agente_goal 599
tiempo_en_acabar 599
tiempo_promedio 103.631577
agentes_en_goal 190
push_out_count 0
RUN 29
valores_ideales [0,0,0,0,0,0,0,0,0,0,0,0,0,0,0,0,0,0,0,0,0,0,0,0,0,0,0,0,0,0,0,0,0,0,0,0,0,0,0,0,0,0,0,0,0,0,0,0,0,0,0,0,0,0,0,0,0,0,0,0,0,0,0,0,0,0,0,0,0,0,0,0,0,0,0,0,0,0,0,0,0,0,0,0,0,0,0,0,0,0,0,0,0,0,0,0,0,0,0,0,0,0,0,0,0,0,0,0,0,0,0,0,0,0,0,0,0,0,0,0,0,0,0,0,0,0,0,0,0,0,0,0,0,0,0,0,0,0,0,0,0,0,0,0,0,0,0,0,0,0,0,0,0,0,0,0,0,0,0,0,0,0,0,0,0,0,0,0,0,0,0,0,0,0,0,0,0,0,0,0,0,0,0,0,0,0,0,0,0,0]
costo_por_agente [6,95,220,155,175,24,297,234,17,2,10,25,55,23,67,15,48,140,211,12,84,75,101,15,151,20,7,30,340,108,4,24,408,498,251,11,457,459,313,47,1,35,57,181,27,34,18,27,18,5,386,16,24,3,48,5,229,25,32,171,178,532,694,78,527,19,168,26,100,59,395,82,58,169,31,35,4,50,123,35,16,22,27,21,738,213,23,286,59,3,27,8,18,482,20,7,18,12,8,345,82,128,5,69,33,16,10,38,517,16,37,18,228,39,16,42,246,27,108,11,53,57,325,47,71,12,77,31,15,219,16,66,26,41,23,22,9,253,17,401,35,46,18,67,14,1,19,16,7,12,202,199,41,400,30,3,150,368,46,47,60,28,440,16,153,15,52,490,23,604,11,121,37,27,12,7,147,122,19,39,20,18,294,4,80,24,17,24,15,9]
completion_time_por_agente [7,102,224,164,176,25,303,242,18,3,11,26,68,24,87,16,61,142,219,13,91,77,102,16,159,21,8,31,344,112,5,26,416,503,262,12,460,464,327,57,2,45,68,183,28,35,20,33,19,6,391,17,25,4,49,7,231,26,33,185,181,537,697,82,531,20,170,27,104,75,401,89,67,174,34,39,5,58,129,37,17,23,34,26,751,227,24,287,81,4,28,9,19,487,21,8,19,13,9,349,89,133,6,77,34,17,11,47,522,17,38,19,241,50,17,43,262,28,111,12,64,67,329,68,76,16,85,34,16,226,17,74,27,60,28,23,10,254,18,413,50,51,20,75,15,2,20,17,8,13,203,203,43,405,31,4,153,369,58,48,64,29,443,17,154,16,63,496,24,606,12,124,38,28,13,8,151,124,20,42,21,19,298,5,89,25,18,37,17,10]
tiempo_ultimo_agente_goal 751
tiempo_en_acabar 751
tiempo_promedio 111.589470
agentes_en_goal 190
push_out_count 0
RUN 30
valores_ideales [0,0,0,0,0,0,0,0,0,0,0,0,0,0,0,0,0,0,0,0,0,0,0,0,0,0,0,0,0,0,0,0,0,0,0,0,0,0,0,0,0,0,0,0,0,0,0,0,0,0,0,0,0,0,0,0,0,0,0,0,0,0,0,0,0,0,0,0,0,0,0,0,0,0,0,0,0,0,0,0,0,0,0,0,0,0,0,0,0,0,0,0,0,0,0,0,0,0,0,0,0,0,0,0,0,0,0,0,0,0,0,0,0,0,0,0,0,0,0,0,0,0,0,0,0,0,0,0,0,0,0,0,0,0,0,0,0,0,0,0,0,0,0,0,0,0,0,0,0,0,0,0,0,0,0,0,0,0,0,0,0,0,0,0,0,0,0,0,0,0,0,0,0,0,0,0,0,0,0,0,0,0,0,0,0,0,0,0,0,0]
costo_por_agente [8,37,388,71,265,24,359,120,19,2,10,31,41,17,165,17,28,38,213,12,190,107,105,15,215,20,7,28,698,142,4,24,342,530,65,13,283,515,413,55,1,35,61,31,19,34,22,27,16,5,308,22,26,3,34,5,195,23,40,45,62,406,450,66,159,19,76,22,30,359,337,82,220,207,81,71,4,106,137,25,16,22,73,47,60,271,21,346,731,3,23,8,22,188,16,9,24,14,2,671,82,122,5,89,35,16,8,226,431,22,29,14,40,235,10,40,458,29,86,9,65,43,295,49,53,12,51,19,21,365,18,60,26,39,27,22,15,339,13,39,79,76,18,77,10,1,19,12,9,20,248,69,41,464,34,3,222,342,56,35,20,20,282,16,115,17,288,356,19,598,7,89,33,27,12,7,157,94,19,53,36,18,340,4,210,22,19,32,15,11]
completion_time_por_agente [9,40,394,87,267,25,365,121,20,3,11,32,58,18,170,18,29,42,216,14,196,111,107,16,219,21,8,29,701,145,5,25,348,536,78,14,299,519,415,71,2,40,77,33,20,35,23,28,18,6,310,23,27,4,36,7,202,24,43,53,67,420,455,75,161,21,85,23,38,362,344,88,229,209,90,77,5,108,143,27,17,23,74,51,74,274,22,347,735,4,24,9,24,190,17,10,26,15,3,677,91,126,6,93,36,17,9,229,440,24,30,15,50,239,11,42,463,30,96,10,75,49,298,54,63,15,58,20,22,370,19,71,27,43,28,23,16,340,14,45,88,86,19,80,11,2,20,13,10,21,249,78,43,467,35,4,225,343,76,37,23,22,283,17,116,18,307,362,20,600,8,95,34,29,13,8,160,99,20,57,44,22,342,5,219,23,20,40,16,12]
tiempo_ultimo_agente_goal 735
tiempo_en_acabar 735
tiempo_promedio 111.073685
agentes_en_goal 190
push_out_count 0
RUN 31
valores_ideales [0,0,0,0,0,0,0,0,0,0,0,0,0,0,0,0,0,0,0,0,0,0,0,0,0,0,0,0,0,0,0,0,0,0,0,0,0,0,0,0,0,0,0,0,0,0,0,0,0,0,0,0,0,0,0,0,0,0,0,0,0,0,0,0,0,0,0,0,0,0,0,0,0,0,0,0,0,0,0,0,0,0,0,0,0,0,0,0,0,0,0,0,0,0,0,0,0,0,0,0,0,0,0,0,0,0,0,0,0,0,0,0,0,0,0,0,0,0,0,0,0,0,0,0,0,0,0,0,0,0,0,0,0,0,0,0,0,0,0,0,0,0,0,0,0,0,0,0,0,0,0,0,0,0,0,0,0,0,0,0,0,0,0,0,0,0,0,0,0,0,0,0,0,0,0,0,0,0,0,0,0,0,0,0,0,0,0,0,0,0]
costo_por_agente [6,521,200,149,297,26,479,40,17,2,10,35,117,19,51,13,86,100,63,10,80,51,193,23,143,20,7,30,498,42,4,24,278,442,75,11,513,599,343,87,1,67,61,217,27,34,20,29,22,5,130,22,24,3,42,7,107,15,32,223,264,336,486,82,479,21,100,24,52,233,553,86,204,193,115,43,6,98,127,37,16,20,21,19,410,301,21,368,47,3,27,8,16,358,14,9,14,14,4,749,90,160,5,33,43,18,8,320,515,20,41,14,32,427,10,44,336,23,134,9,55,43,75,39,69,40,85,15,21,277,12,54,26,31,17,22,9,327,11,219,65,92,14,89,10,1,29,12,7,14,388,395,45,368,26,3,214,192,60,27,46,30,414,16,145,15,108,692,25,416,11,37,39,23,12,7,91,60,21,57,30,16,512,4,268,22,17,18,13,9]
completion_time_por_agente [7,538,208,163,301,27,484,49,18,3,11,36,129,20,64,14,98,103,72,11,91,62,201,24,145,21,8,31,503,50,5,25,283,446,85,12,523,603,346,97,2,84,70,220,28,35,21,30,23,6,133,23,25,4,45,9,110,16,33,234,265,343,493,86,486,22,103,26,55,242,557,93,208,203,123,54,8,110,131,40,17,21,25,20,418,319,22,369,60,4,28,9,18,364,15,10,15,15,5,755,94,173,6,59,44,19,9,338,520,21,42,15,56,428,11,45,349,24,137,10,61,55,80,54,80,49,95,16,22,280,13,69,27,37,18,23,10,328,12,236,69,96,15,91,11,2,31,13,8,15,390,400,48,370,27,4,215,195,69,28,50,31,416,17,152,16,113,696,26,419,12,55,40,24,13,8,96,76,22,62,37,17,514,5,275,24,18,22,14,10]
tiempo_ultimo_agente_goal 755
tiempo_en_acabar 755
tiempo_promedio 118.773682
agentes_en_goal 190
push_out_count 0
RUN 32
valores_ideales [0,0,0,0,0,0,0,0,0,0,0,0,0,0,0,0,0,0,0,0,0,0,0,0,0,0,0,0,0,0,0,0,0,0,0,0,0,0,0,0,0,0,0,0,0,0,0,0,0,0,0,0,0,0,0,0,0,0,0,0,0,0,0,0,0,0,0,0,0,0,0,0,0,0,0,0,0,0,0,0,0,0,0,0,0,0,0,0,0,0,0,0,0,0,0,0,0,0,0,0,0,0,0,0,0,0,0,0,0,0,0,0,0,0,0,0,0,0,0,0,0,0,0,0,0,0,0,0,0,0,0,0,0,0,0,0,0,0,0,0,0,0,0,0,0,0,0,0,0,0,0,0,0,0,0,0,0,0,0,0,0,0,0,0,0,0,0,0,0,0,0,0,0,0,0,0,0,0,0,0,0,0,0,0,0,0,0,0,0,0]
costo_por_agente [6,487,220,51,223,26,51,94,17,2,62,49,115,19,133,15,44,102,137,10,88,73,117,17,121,22,7,24,432,62,4,30,308,278,95,11,77,593,463,85,1,35,51,39,17,34,18,31,16,5,280,20,24,3,46,7,243,19,40,333,206,46,292,80,299,17,118,22,96,73,303,96,58,173,171,65,12,154,127,27,16,20,63,99,552,261,21,424,55,3,29,8,18,326,16,7,20,14,6,543,88,116,5,83,31,16,8,234,727,16,33,16,174,351,10,40,288,29,128,9,61,73,279,31,75,10,69,19,15,445,10,58,28,181,25,24,13,259,15,47,65,96,14,37,10,1,21,18,9,12,234,107,35,138,34,5,188,396,70,33,46,24,40,16,137,19,56,400,25,570,7,123,27,37,12,11,173,54,19,61,32,20,382,4,146,20,19,54,9,9]
completion_time_por_agente [7,492,224,65,231,28,56,97,18,3,70,54,130,20,142,16,53,106,149,11,92,76,119,18,123,23,8,25,436,71,5,31,309,284,110,12,92,596,466,96,2,41,59,40,18,35,19,33,17,6,282,21,25,4,48,9,246,20,42,341,210,55,298,86,305,19,123,23,101,88,308,100,66,176,176,80,13,157,139,29,17,21,66,102,559,265,22,426,63,4,30,10,19,331,17,8,22,15,7,548,93,123,6,88,34,17,9,244,729,18,34,17,181,352,11,41,296,30,134,10,71,76,281,34,80,11,76,20,16,453,11,66,30,189,26,25,14,261,16,57,73,104,15,56,11,2,22,19,10,13,239,117,37,139,35,6,193,402,78,34,48,25,49,17,139,20,64,405,26,573,8,126,28,38,13,12,176,61,20,67,37,23,387,5,150,24,20,63,10,10]
tiempo_ultimo_agente_goal 729
tiempo_en_acabar 729
tiempo_promedio 104.763161
agentes_en_goal 190
push_out_count 0
RUN 33
valores_ideales [0,0,0,0,0,0,0,0,0,0,0,0,0,0,0,0,0,0,0,0,0,0,0,0,0,0,0,0,0,0,0,0,0,0,0,0,0,0,0,0,0,0,0,0,0,0,0,0,0,0,0,0,0,0,0,0,0,0,0,0,0,0,0,0,0,0,0,0,0,0,0,0,0,0,0,0,0,0,0,0,0,0,0,0,0,0,0,0,0,0,0,0,0,0,0,0,0,0,0,0,0,0,0,0,0,0,0,0,0,0,0,0,0,0,0,0,0,0,0,0,0,0,0,0,0,0,0,0,0,0,0,0,0,0,0,0,0,0,0,0,0,0,0,0,0,0,0,0,0,0,0,0,0,0,0,0,0,0,0,0,0,0,0,0,0,0,0,0,0,0,0,0,0,0,0,0,0,0,0,0,0,0,0,0,0,0,0,0,0,0]
costo_por_agente [6,389,176,197,329,24,295,160,23,2,14,43,91,19,57,13,30,40,269,10,68,63,119,17,183,20,7,36,518,122,4,34,338,404,111,13,63,539,153,89,1,51,57,35,19,38,20,29,24,7,160,16,24,3,60,5,183,21,42,217,146,48,280,78,189,21,154,22,104,127,441,158,296,247,83,107,6,114,91,63,16,18,47,21,60,49,21,324,63,3,35,8,22,332,14,7,16,12,2,479,124,96,5,93,31,22,8,246,591,22,31,20,188,39,12,44,144,27,102,9,73,83,121,37,69,74,81,15,19,47,6,42,30,29,13,26,9,167,17,325,39,84,18,83,10,1,19,14,15,12,468,255,49,428,26,17,330,230,58,25,26,26,248,16,179,15,240,584,23,548,11,123,41,21,12,7,389,70,21,91,70,18,478,4,178,34,17,54,9,9]
completion_time_por_agente [7,400,177,204,331,25,297,164,25,3,15,44,101,20,78,14,39,47,281,11,80,76,121,18,190,21,8,37,519,128,5,35,350,408,117,14,77,543,158,98,2,79,71,46,20,39,21,38,25,8,165,17,26,4,61,7,189,22,43,222,148,59,284,85,194,22,159,23,107,133,445,164,302,248,89,117,8,117,100,76,17,19,66,26,67,62,22,335,90,4,36,9,23,338,16,8,17,14,3,480,130,101,6,102,34,23,9,254,595,23,32,21,199,54,15,45,149,28,107,10,83,89,125,41,79,84,86,16,21,59,7,48,31,37,14,27,10,170,18,332,49,95,19,91,11,2,20,15,16,13,471,259,52,432,27,18,338,234,77,26,31,28,251,17,181,16,247,587,24,552,12,130,42,22,13,8,390,76,22,98,77,20,481,5,184,40,18,72,11,10]
tiempo_ultimo_agente_goal 595
tiempo_en_acabar 595
tiempo_promedio 106.142105
agentes_en_goal 190
push_out_count 0
RUN 34
valores_ideales [0,0,0,0,0,0,0,0,0,0,0,0,0,0,0,0,0,0,0,0,0,0,0,0,0,0,0,0,0,0,0,0,0,0,0,0,0,0,0,0,0,0,0,0,0,0,0,0,0,0,0,0,0,0,0,0,0,0,0,0,0,0,0,0,0,0,0,0,0,0,0,0,0,0,0,0,0,0,0,0,0,0,0,0,0,0,0,0,0,0,0,0,0,0,0,0,0,0,0,0,0,0,0,0,0,0,0,0,0,0,0,0,0,0,0,0,0,0,0,0,0,0,0,0,0,0,0,0,0,0,0,0,0,0,0,0,0,0,0,0,0,0,0,0,0,0,0,0,0,0,0,0,0,0,0,0,0,0,0,0,0,0,0,0,0,0,0,0,0,0,0,0,0,0,0,0,0,0,0,0,0,0,0,0,0,0,0,0,0,0]
costo_por_agente [6,37,180,45,363,26,433,122,21,2,66,33,65,19,127,13,106,62,155,12,222,25,161,19,241,22,7,34,516,110,4,26,266,514,101,11,557,441,343,75,1,31,63,35,19,38,20,25,22,7,214,16,24,3,46,9,263,25,30,163,190,42,522,114,459,25,122,22,84,117,491,124,208,119,87,193,10,140,101,35,16,18,33,23,588,245,21,48,499,3,33,8,30,432,20,7,28,12,6,479,70,38,5,85,31,16,8,188,697,16,37,20,34,183,12,44,38,33,94,13,67,53,125,89,81,12,103,55,17,317,24,54,26,95,23,24,9,303,13,63,81,54,20,85,10,1,23,18,9,12,228,239,35,306,38,3,254,300,80,25,26,22,44,16,31,19,240,330,19,374,7,121,27,25,12,11,151,70,23,41,42,18,568,4,270,48,17,92,11,9]
completion_time_por_agente [7,42,188,55,369,28,440,123,22,3,72,36,82,20,135,14,112,83,160,13,238,29,163,20,244,23,8,35,520,115,5,27,272,519,124,12,574,447,346,82,2,36,79,40,20,39,21,26,24,8,215,17,26,4,47,11,273,27,33,170,192,47,526,118,462,26,125,23,88,143,496,127,212,125,96,211,12,142,105,36,17,19,43,25,606,250,22,62,518,4,34,9,36,434,22,8,29,13,7,484,81,45,6,90,33,17,9,192,700,17,38,23,45,184,13,45,50,34,103,14,80,77,126,97,85,15,106,59,18,332,26,65,27,109,25,25,10,304,14,87,96,81,21,86,11,2,24,19,10,13,231,248,37,307,39,4,256,302,86,26,28,24,53,17,34,20,251,334,20,375,8,124,28,26,13,12,152,77,24,46,45,19,572,5,281,54,18,101,12,10]
tiempo_ultimo_agente_goal 700
tiempo_en_acabar 700
tiempo_promedio 110.457893
agentes_en_goal 190
push_out_count 0
RUN 35
valores_ideales [0,0,0,0,0,0,0,0,0,0,0,0,0,0,0,0,0,0,0,0,0,0,0,0,0,0,0,0,0,0,0,0,0,0,0,0,0,0,0,0,0,0,0,0,0,0,0,0,0,0,0,0,0,0,0,0,0,0,0,0,0,0,0,0,0,0,0,0,0,0,0,0,0,0,0,0,0,0,0,0,0,0,0,0,0,0,0,0,0,0,0,0,0,0,0,0,0,0,0,0,0,0,0,0,0,0,0,0,0,0,0,0,0,0,0,0,0,0,0,0,0,0,0,0,0,0,0,0,0,0,0,0,0,0,0,0,0,0,0,0,0,0,0,0,0,0,0,0,0,0,0,0,0,0,0,0,0,0,0,0,0,0,0,0,0,0,0,0,0,0,0,0,0,0,0,0,0,0,0,0,0,0,0,0,0,0,0,0,0,0]
costo_por_agente [8,39,224,95,195,24,39,114,29,2,10,39,29,17,111,13,30,68,73,8,104,85,151,21,149,22,9,24,452,86,4,32,342,340,73,17,475,633,321,63,1,41,49,183,25,38,18,163,16,7,234,16,24,3,38,9,47,31,32,293,294,714,194,82,317,21,42,28,68,53,403,88,44,221,83,161,6,78,105,57,16,20,41,31,62,47,25,38,55,3,29,8,30,214,18,7,14,16,2,493,68,154,5,87,37,16,14,28,475,16,31,18,146,219,18,54,102,27,100,7,85,55,145,49,67,10,89,15,15,161,18,60,26,33,17,24,11,399,21,39,57,90,26,59,14,1,21,18,13,10,298,243,51,252,32,17,118,242,52,29,24,28,40,16,31,15,254,496,21,504,9,35,31,21,12,11,271,86,25,55,30,20,360,8,128,28,19,66,13,9]
completion_time_por_agente [9,52,226,107,197,26,57,118,30,3,11,42,50,18,116,14,39,77,82,9,112,91,152,22,151,23,10,25,454,90,5,33,344,341,88,18,483,635,324,70,2,49,57,185,26,39,20,172,18,8,236,17,25,4,39,11,61,32,34,301,297,720,198,89,320,23,50,30,72,72,405,99,52,223,87,169,8,87,110,61,17,21,51,44,75,55,26,40,69,4,30,9,32,217,20,8,15,18,3,496,77,157,6,93,39,18,15,30,477,18,32,19,150,220,20,56,112,28,103,8,88,64,148,56,73,12,97,17,16,165,19,83,27,44,18,25,12,400,22,48,65,96,27,73,15,2,22,20,14,11,302,245,53,254,33,18,119,246,64,32,28,29,46,17,40,16,259,502,22,506,10,39,32,23,13,12,274,93,26,59,42,21,365,10,141,31,20,77,14,10]
tiempo_ultimo_agente_goal 720
tiempo_en_acabar 720
tiempo_promedio 95.326317
agentes_en_goal 190
push_out_count 0
RUN 36
valores_ideales [0,0,0,0,0,0,0,0,0,0,0,0,0,0,0,0,0,0,0,0,0,0,0,0,0,0,0,0,0,0,0,0,0,0,0,0,0,0,0,0,0,0,0,0,0,0,0,0,0,0,0,0,0,0,0,0,0,0,0,0,0,0,0,0,0,0,0,0,0,0,0,0,0,0,0,0,0,0,0,0,0,0,0,0,0,0,0,0,0,0,0,0,0,0,0,0,0,0,0,0,0,0,0,0,0,0,0,0,0,0,0,0,0,0,0,0,0,0,0,0,0,0,0,0,0,0,0,0,0,0,0,0,0,0,0,0,0,0,0,0,0,0,0,0,0,0,0,0,0,0,0,0,0,0,0,0,0,0,0,0,0,0,0,0,0,0,0,0,0,0,0,0,0,0,0,0,0,0,0,0,0,0,0,0,0,0,0,0,0,0]
costo_por_agente [6,365,174,175,151,28,555,126,17,2,10,47,29,21,47,13,36,48,361,14,212,93,173,21,175,20,7,34,428,90,4,24,300,354,203,11,65,319,271,91,1,57,93,167,19,36,18,155,20,5,228,16,24,3,40,5,239,19,28,213,148,530,342,122,309,17,94,26,110,57,573,126,304,307,83,107,8,254,121,25,16,22,29,109,482,493,21,430,65,3,33,8,30,418,12,9,12,14,2,437,108,142,5,119,33,16,10,174,489,20,29,16,140,37,12,38,344,25,122,11,89,81,307,73,87,80,45,43,15,469,10,58,26,85,17,26,9,275,13,217,55,42,16,87,18,1,25,16,7,12,406,173,33,494,30,5,220,232,64,31,24,32,38,16,31,23,338,552,17,582,7,109,33,29,12,11,129,90,25,41,24,20,438,6,300,54,17,44,17,9]
completion_time_por_agente [7,372,177,181,154,29,557,130,18,3,11,49,69,22,85,14,63,63,365,15,221,103,174,22,178,21,8,35,432,103,5,25,302,359,214,12,80,322,277,100,2,84,108,182,20,37,19,179,21,6,230,17,26,4,44,7,247,20,29,216,152,539,346,130,317,18,98,28,121,85,574,135,316,310,93,147,10,264,126,26,17,23,68,120,491,511,23,470,93,4,34,9,32,422,13,10,13,16,3,442,121,146,6,123,35,17,12,180,494,21,30,17,160,68,14,39,367,26,127,12,100,92,311,80,96,93,51,45,16,476,11,79,29,107,18,27,10,276,14,229,76,62,17,91,20,2,26,17,8,13,408,177,39,496,31,6,223,234,85,33,28,34,59,17,39,24,351,556,18,584,8,122,34,30,13,12,131,99,26,44,26,21,439,7,302,63,18,73,18,10]
tiempo_ultimo_agente_goal 584
tiempo_en_acabar 584
tiempo_promedio 120.889473
agentes_en_goal 190
push_out_count 0
RUN 37
valores_ideales [0,0,0,0,0,0,0,0,0,0,0,0,0,0,0,0,0,0,0,0,0,0,0,0,0,0,0,0,0,0,0,0,0,0,0,0,0,0,0,0,0,0,0,0,0,0,0,0,0,0,0,0,0,0,0,0,0,0,0,0,0,0,0,0,0,0,0,0,0,0,0,0,0,0,0,0,0,0,0,0,0,0,0,0,0,0,0,0,0,0,0,0,0,0,0,0,0,0,0,0,0,0,0,0,0,0,0,0,0,0,0,0,0,0,0,0,0,0,0,0,0,0,0,0,0,0,0,0,0,0,0,0,0,0,0,0,0,0,0,0,0,0,0,0,0,0,0,0,0,0,0,0,0,0,0,0,0,0,0,0,0,0,0,0,0,0,0,0,0,0,0,0,0,0,0,0,0,0,0,0,0,0,0,0,0,0,0,0,0,0]
costo_por_agente [6,547,112,115,163,26,321,100,25,2,10,31,25,23,39,13,42,92,273,10,94,107,111,19,87,20,7,28,480,86,4,24,82,474,131,11,75,215,209,45,1,67,53,35,19,38,24,25,18,7,408,32,24,3,42,11,215,23,30,187,208,56,278,84,247,19,48,24,128,341,651,40,204,175,71,95,8,104,79,29,16,20,35,19,92,51,23,444,505,3,27,8,28,434,12,7,16,12,4,477,44,136,5,89,37,16,8,184,591,14,45,18,138,349,12,42,136,23,74,13,77,45,175,49,53,12,67,15,17,67,8,44,26,33,29,26,9,183,13,137,51,88,14,69,10,1,21,12,15,12,194,65,55,346,32,21,484,316,60,35,42,20,358,16,201,17,228,882,21,550,7,111,39,25,12,7,205,56,19,61,44,20,596,4,70,24,21,56,13,9]
completion_time_por_agente [7,557,116,126,165,27,327,101,26,3,11,33,35,24,43,14,49,93,287,11,104,111,112,20,90,21,8,29,491,90,5,25,96,481,142,12,83,221,212,53,2,75,60,38,20,39,25,26,20,8,410,33,25,4,43,12,226,24,31,195,210,69,282,89,253,20,57,25,129,346,662,48,208,178,81,97,9,105,90,31,17,21,41,20,104,66,24,446,512,4,28,9,31,440,13,8,17,13,5,484,53,148,6,94,39,17,9,188,593,18,46,20,147,353,14,43,140,24,81,15,83,48,177,60,63,13,73,16,18,87,9,45,27,36,32,27,10,184,14,144,53,93,15,77,11,2,22,13,16,13,196,70,61,349,33,22,489,318,63,36,46,22,361,17,204,18,235,886,22,553,8,115,40,26,13,8,207,62,20,64,50,21,602,5,92,28,22,65,16,10]
tiempo_ultimo_agente_goal 886
tiempo_en_acabar 886
tiempo_promedio 105.647369
agentes_en_goal 190
push_out_count 0
RUN 38
valores_ideales [0,0,0,0,0,0,0,0,0,0,0,0,0,0,0,0,0,0,0,0,0,0,0,0,0,0,0,0,0,0,0,0,0,0,0,0,0,0,0,0,0,0,0,0,0,0,0,0,0,0,0,0,0,0,0,0,0,0,0,0,0,0,0,0,0,0,0,0,0,0,0,0,0,0,0,0,0,0,0,0,0,0,0,0,0,0,0,0,0,0,0,0,0,0,0,0,0,0,0,0,0,0,0,0,0,0,0,0,0,0,0,0,0,0,0,0,0,0,0,0,0,0,0,0,0,0,0,0,0,0,0,0,0,0,0,0,0,0,0,0,0,0,0,0,0,0,0,0,0,0,0,0,0,0,0,0,0,0,0,0,0,0,0,0,0,0,0,0,0,0,0,0,0,0,0,0,0,0,0,0,0,0,0,0,0,0,0,0,0,0]
costo_por_agente [6,193,230,169,139,24,275,132,21,2,10,27,19,23,39,13,78,88,57,10,74,31,127,21,125,20,7,28,536,96,4,26,116,406,177,11,53,421,221,79,1,39,49,29,19,36,22,33,24,7,188,32,26,3,54,11,215,15,28,197,102,590,356,64,295,19,94,24,38,167,591,78,294,211,67,127,4,130,55,51,16,22,27,29,58,413,23,308,253,3,27,10,18,470,14,7,20,16,4,355,46,98,5,59,35,16,8,204,621,22,39,16,44,217,20,40,128,25,88,9,37,43,243,33,79,16,69,25,19,457,12,70,30,29,21,26,9,129,13,67,49,78,16,63,10,1,17,14,19,12,234,383,39,662,28,3,212,170,36,29,38,24,50,16,147,19,244,278,29,468,13,35,29,29,12,11,267,44,23,41,32,24,186,10,72,22,17,102,13,9]
completion_time_por_agente [7,203,231,171,142,25,279,136,23,3,11,28,21,24,48,14,84,89,76,13,79,39,129,22,130,21,8,29,542,98,5,27,118,409,180,12,67,426,224,85,2,44,53,31,20,37,23,34,25,8,190,33,27,4,56,12,217,16,29,200,105,598,360,65,304,20,96,25,50,174,593,81,299,215,77,133,5,136,67,54,17,23,32,32,69,423,24,311,258,4,28,11,21,477,15,8,21,18,5,361,52,99,6,67,37,17,9,211,623,23,40,17,60,220,22,41,130,26,90,10,46,56,244,34,82,21,79,26,20,464,13,78,31,31,22,28,10,132,14,81,62,91,17,70,11,2,18,15,21,13,236,388,40,663,29,4,216,172,38,30,41,26,61,17,148,20,255,281,30,470,15,39,32,31,13,12,270,59,24,42,39,31,191,12,77,25,18,104,15,10]
tiempo_ultimo_agente_goal 663
tiempo_en_acabar 663
tiempo_promedio 99.000000
agentes_en_goal 190
push_out_count 0
RUN 39
valores_ideales [0,0,0,0,0,0,0,0,0,0,0,0,0,0,0,0,0,0,0,0,0,0,0,0,0,0,0,0,0,0,0,0,0,0,0,0,0,0,0,0,0,0,0,0,0,0,0,0,0,0,0,0,0,0,0,0,0,0,0,0,0,0,0,0,0,0,0,0,0,0,0,0,0,0,0,0,0,0,0,0,0,0,0,0,0,0,0,0,0,0,0,0,0,0,0,0,0,0,0,0,0,0,0,0,0,0,0,0,0,0,0,0,0,0,0,0,0,0,0,0,0,0,0,0,0,0,0,0,0,0,0,0,0,0,0,0,0,0,0,0,0,0,0,0,0,0,0,0,0,0,0,0,0,0,0,0,0,0,0,0,0,0,0,0,0,0,0,0,0,0,0,0,0,0,0,0,0,0,0,0,0,0,0,0,0,0,0,0,0,0]
costo_por_agente [6,393,202,49,277,24,41,92,19,2,10,27,21,19,37,13,24,114,241,12,324,129,57,15,157,20,7,24,422,110,4,32,400,446,43,11,71,459,317,87,1,33,43,273,19,34,20,53,20,9,148,18,26,3,42,7,167,17,28,161,308,400,338,68,547,21,50,24,62,269,441,76,196,205,41,43,10,172,103,27,16,20,29,51,488,341,21,260,607,3,27,10,30,250,20,7,14,12,4,393,82,42,5,65,33,16,8,126,573,16,35,14,56,263,14,44,300,27,144,13,85,47,211,71,71,12,71,21,17,605,10,80,28,31,15,24,9,281,15,37,71,68,16,43,10,1,17,18,7,14,290,321,41,474,30,5,150,246,56,31,28,26,164,16,29,15,246,204,19,454,17,45,41,27,12,7,199,116,27,47,42,24,394,4,76,20,17,30,9,9]
completion_time_por_agente [7,403,208,57,284,25,46,93,20,3,11,29,25,20,44,14,25,118,247,13,337,132,66,16,162,21,8,25,427,115,5,34,406,450,53,12,85,465,318,91,2,42,50,290,20,35,21,79,21,11,155,19,27,4,43,9,170,18,30,164,310,404,341,74,553,22,65,25,70,277,446,81,202,207,47,57,12,175,105,29,17,21,39,68,499,364,22,262,615,4,28,11,31,254,21,8,15,14,5,397,87,48,6,70,34,17,9,132,579,18,36,15,81,265,15,45,308,28,153,14,91,59,212,77,76,13,74,23,19,609,11,85,29,37,16,25,10,283,16,41,79,79,17,58,11,2,18,19,8,15,294,325,43,475,31,6,151,247,68,33,34,28,169,17,30,16,249,207,21,456,18,53,44,28,13,8,205,124,28,52,48,26,397,5,88,26,18,39,10,10]
tiempo_ultimo_agente_goal 615
tiempo_en_acabar 615
tiempo_promedio 108.099998
agentes_en_goal 190
push_out_count 0
