RUN 0
valores_ideales [0,0,0,0,0,0,0,0,0,0,0,0,0,0,0,0,0,0,0,0,0,0,0,0,0,0,0,0,0,0,0,0,0,0,0,0,0,0,0,0,0,0,0,0,0,0,0,0,0,0]
costo_por_agente [74,130,8,22,10,23,164,10,15,15,37,26,34,15,32,68,31,25,64,27,100,3,181,106,124,9,25,50,8,7,17,18,25,31,16,16,31,169,16,22,43,28,17,64,5,15,37,19,2,55]
completion_time_por_agente [75,131,9,23,11,24,165,11,16,16,40,27,35,16,33,69,32,26,65,28,102,4,182,107,125,10,26,51,9,8,18,19,26,32,17,17,32,170,17,23,44,29,18,65,6,16,38,20,3,56]
tiempo_ultimo_agente_goal 182
tiempo_en_acabar 182
tiempo_promedio 42.840000
agentes_en_goal 50
push_out_count 0
RUN 1
valores_ideales [0,0,0,0,0,0,0,0,0,0,0,0,0,0,0,0,0,0,0,0,0,0,0,0,0,0,0,0,0,0,0,0,0,0,0,0,0,0,0,0,0,0,0,0,0,0,0,0,0,0]
costo_por_agente [86,184,8,22,10,19,36,10,15,15,55,26,40,17,36,70,31,51,86,31,102,3,213,114,48,9,25,34,8,7,17,18,25,27,16,20,29,139,16,22,35,28,17,50,5,15,31,19,2,53]
completion_time_por_agente [87,185,9,23,11,20,38,11,16,16,56,27,41,18,38,71,32,53,87,33,104,4,216,115,49,10,26,36,9,8,18,19,26,28,17,21,30,140,17,23,39,29,18,51,6,16,33,20,3,54]
tiempo_ultimo_agente_goal 216
tiempo_en_acabar 216
tiempo_promedio 41.139999
agentes_en_goal 50
push_out_count 0
RUN 2
valores_ideales [0,0,0,0,0,0,0,0,0,0,0,0,0,0,0,0,0,0,0,0,0,0,0,0,0,0,0,0,0,0,0,0,0,0,0,0,0,0,0,0,0,0,0,0,0,0,0,0,0,0]
costo_por_agente [74,218,8,22,10,21,104,10,21,15,37,26,40,15,36,56,31,33,58,57,92,3,213,186,44,9,25,24,8,7,17,18,25,27,16,16,29,147,18,22,35,30,17,48,5,15,41,19,2,51]
completion_time_por_agente [75,219,9,23,11,22,107,11,22,16,42,27,42,16,41,57,32,34,59,58,94,4,215,187,46,10,26,28,9,8,18,19,26,28,17,17,30,148,19,23,40,31,18,49,6,16,44,20,3,52]
tiempo_ultimo_agente_goal 219
tiempo_en_acabar 219
tiempo_promedio 43.480000
agentes_en_goal 50
push_out_count 0
RUN 3
valores_ideales [0,0,0,0,0,0,0,0,0,0,0,0,0,0,0,0,0,0,0,0,0,0,0,0,0,0,0,0,0,0,0,0,0,0,0,0,0,0,0,0,0,0,0,0,0,0,0,0,0,0]
costo_por_agente [64,126,8,22,10,23,166,10,15,15,93,26,38,17,36,66,31,35,98,67,110,3,41,124,46,9,25,24,8,7,17,18,25,27,16,16,31,123,18,22,43,30,17,66,5,15,29,19,2,79]
completion_time_por_agente [65,127,9,23,11,25,167,11,16,16,94,27,39,18,38,67,32,36,99,70,112,4,42,125,47,10,26,26,9,8,18,19,26,28,17,17,32,124,19,23,44,31,18,67,6,16,30,20,3,80]
tiempo_ultimo_agente_goal 167
tiempo_en_acabar 167
tiempo_promedio 40.740002
agentes_en_goal 50
push_out_count 0
RUN 4
valores_ideales [0,0,0,0,0,0,0,0,0,0,0,0,0,0,0,0,0,0,0,0,0,0,0,0,0,0,0,0,0,0,0,0,0,0,0,0,0,0,0,0,0,0,0,0,0,0,0,0,0,0]
costo_por_agente [56,132,10,22,12,21,36,10,15,15,47,26,38,15,32,66,31,37,128,27,110,3,275,130,44,11,25,36,8,7,17,18,25,25,16,16,29,145,16,22,45,28,17,44,5,15,23,19,2,49]
completion_time_por_agente [57,133,12,23,13,22,38,11,16,16,48,27,39,16,33,67,32,39,129,28,112,4,276,131,45,12,26,37,9,8,18,19,26,26,17,17,30,146,17,23,46,29,18,45,6,16,26,20,3,50]
tiempo_ultimo_agente_goal 276
tiempo_en_acabar 276
tiempo_promedio 41.139999
agentes_en_goal 50
push_out_count 0
RUN 5
valores_ideales [0,0,0,0,0,0,0,0,0,0,0,0,0,0,0,0,0,0,0,0,0,0,0,0,0,0,0,0,0,0,0,0,0,0,0,0,0,0,0,0,0,0,0,0,0,0,0,0,0,0]
costo_por_agente [82,174,8,22,10,21,96,10,17,15,129,26,38,15,34,68,31,39,56,27,100,3,183,96,48,9,25,52,8,7,17,18,25,27,16,14,29,99,18,22,39,30,17,36,5,17,25,19,2,53]
completion_time_por_agente [83,175,9,23,11,22,97,11,18,16,130,27,42,16,36,69,32,40,57,30,102,4,184,97,49,10,26,53,9,8,18,19,26,28,17,15,30,100,19,23,40,31,18,40,6,18,27,20,3,54]
tiempo_ultimo_agente_goal 184
tiempo_en_acabar 184
tiempo_promedio 40.759998
agentes_en_goal 50
push_out_count 0
RUN 6
valores_ideales [0,0,0,0,0,0,0,0,0,0,0,0,0,0,0,0,0,0,0,0,0,0,0,0,0,0,0,0,0,0,0,0,0,0,0,0,0,0,0,0,0,0,0,0,0,0,0,0,0,0]
costo_por_agente [48,170,8,22,10,19,36,10,19,15,37,26,34,17,34,62,31,33,82,49,164,3,193,138,54,9,25,46,8,7,17,18,25,25,16,16,29,111,16,22,33,28,17,38,5,15,29,19,2,53]
completion_time_por_agente [49,171,9,23,11,20,39,11,20,16,38,27,37,18,35,63,32,34,83,53,166,4,195,139,55,10,26,47,9,8,18,19,26,26,17,17,30,112,17,23,35,29,18,39,6,16,32,20,3,54]
tiempo_ultimo_agente_goal 195
tiempo_en_acabar 195
tiempo_promedio 40.099998
agentes_en_goal 50
push_out_count 0
RUN 7
valores_ideales [0,0,0,0,0,0,0,0,0,0,0,0,0,0,0,0,0,0,0,0,0,0,0,0,0,0,0,0,0,0,0,0,0,0,0,0,0,0,0,0,0,0,0,0,0,0,0,0,0,0]
costo_por_agente [84,110,8,22,10,21,122,10,15,15,39,26,66,15,44,48,31,33,98,55,94,3,197,140,194,9,25,48,8,7,17,18,25,27,18,14,29,105,18,20,33,30,17,52,5,15,31,19,2,61]
completion_time_por_agente [85,111,9,23,11,22,123,11,16,16,44,27,67,16,45,49,32,34,99,61,96,4,198,141,197,10,26,53,9,8,18,19,26,28,19,15,30,106,19,21,36,31,18,53,6,16,35,20,3,62]
tiempo_ultimo_agente_goal 198
tiempo_en_acabar 198
tiempo_promedio 44.480000
agentes_en_goal 50
push_out_count 0
RUN 8
valores_ideales [0,0,0,0,0,0,0,0,0,0,0,0,0,0,0,0,0,0,0,0,0,0,0,0,0,0,0,0,0,0,0,0,0,0,0,0,0,0,0,0,0,0,0,0,0,0,0,0,0,0]
costo_por_agente [50,196,8,22,10,21,128,10,15,15,37,26,36,15,32,80,31,25,104,81,98,3,113,106,42,9,25,34,8,7,17,18,25,27,16,14,29,125,16,22,37,28,17,42,5,15,39,19,2,75]
completion_time_por_agente [51,197,9,23,11,22,129,11,16,16,39,27,37,16,33,81,32,27,105,82,99,4,114,107,43,10,26,35,9,8,18,19,26,28,17,15,30,126,17,23,38,29,18,43,6,16,41,20,3,76]
tiempo_ultimo_agente_goal 197
tiempo_en_acabar 197
tiempo_promedio 40.560001
agentes_en_goal 50
push_out_count 0
RUN 9
valores_ideales [0,0,0,0,0,0,0,0,0,0,0,0,0,0,0,0,0,0,0,0,0,0,0,0,0,0,0,0,0,0,0,0,0,0,0,0,0,0,0,0,0,0,0,0,0,0,0,0,0,0]
costo_por_agente [58,110,8,22,10,19,96,10,15,15,133,26,38,15,34,68,31,27,50,27,122,3,221,122,44,9,23,34,8,7,17,18,25,27,16,16,29,149,18,22,63,30,17,34,5,15,41,19,2,57]
completion_time_por_agente [59,111,9,23,11,20,97,11,16,16,134,27,40,16,40,69,32,31,51,33,124,4,222,123,48,10,24,36,9,8,18,19,26,28,17,17,30,150,19,23,65,31,18,40,6,16,46,20,3,58]
tiempo_ultimo_agente_goal 222
tiempo_en_acabar 222
tiempo_promedio 42.080002
agentes_en_goal 50
push_out_count 0
RUN 10
valores_ideales [0,0,0,0,0,0,0,0,0,0,0,0,0,0,0,0,0,0,0,0,0,0,0,0,0,0,0,0,0,0,0,0,0,0,0,0,0,0,0,0,0,0,0,0,0,0,0,0,0,0]
costo_por_agente [50,120,8,22,10,19,92,10,19,15,35,26,34,15,32,60,31,27,64,33,220,3,257,210,48,9,25,50,8,7,17,18,25,25,16,16,31,149,16,24,31,28,17,70,5,15,35,23,2,69]
completion_time_por_agente [51,121,9,23,11,20,93,11,21,16,37,27,35,16,34,61,32,28,65,34,222,4,259,211,49,10,26,51,9,8,18,19,26,26,17,17,32,150,17,25,34,29,18,71,6,16,36,24,3,70]
tiempo_ultimo_agente_goal 259
tiempo_en_acabar 259
tiempo_promedio 44.959999
agentes_en_goal 50
push_out_count 0
RUN 11
valores_ideales [0,0,0,0,0,0,0,0,0,0,0,0,0,0,0,0,0,0,0,0,0,0,0,0,0,0,0,0,0,0,0,0,0,0,0,0,0,0,0,0,0,0,0,0,0,0,0,0,0,0]
costo_por_agente [66,154,8,22,10,23,94,10,23,15,215,26,40,15,32,44,31,25,100,27,88,3,167,88,44,9,25,40,8,7,17,18,25,27,16,14,29,123,18,22,43,30,17,76,5,15,39,19,2,67]
completion_time_por_agente [67,155,9,23,11,24,95,11,24,16,216,27,41,16,33,46,32,27,101,29,90,4,168,89,45,10,26,41,9,8,18,19,26,28,17,15,30,124,19,23,44,31,18,77,6,16,40,20,3,68]
tiempo_ultimo_agente_goal 216
tiempo_en_acabar 216
tiempo_promedio 42.700001
agentes_en_goal 50
push_out_count 0
RUN 12
valores_ideales [0,0,0,0,0,0,0,0,0,0,0,0,0,0,0,0,0,0,0,0,0,0,0,0,0,0,0,0,0,0,0,0,0,0,0,0,0,0,0,0,0,0,0,0,0,0,0,0,0,0]
costo_por_agente [60,156,8,22,10,21,36,10,17,15,123,26,42,15,38,100,31,43,128,33,192,3,161,80,122,9,23,24,8,7,17,18,27,27,16,14,33,107,18,22,33,30,17,40,5,15,33,21,2,51]
completion_time_por_agente [61,157,9,23,11,22,38,11,18,16,124,27,43,16,41,101,32,44,129,36,193,4,162,81,123,10,24,25,9,8,18,19,28,28,17,15,34,108,19,23,34,31,18,42,6,16,36,22,3,52]
tiempo_ultimo_agente_goal 193
tiempo_en_acabar 193
tiempo_promedio 43.340000
agentes_en_goal 50
push_out_count 0
RUN 13
valores_ideales [0,0,0,0,0,0,0,0,0,0,0,0,0,0,0,0,0,0,0,0,0,0,0,0,0,0,0,0,0,0,0,0,0,0,0,0,0,0,0,0,0,0,0,0,0,0,0,0,0,0]
costo_por_agente [54,120,8,22,10,21,72,10,15,15,125,26,32,15,34,66,31,37,92,89,102,3,137,144,48,9,25,30,8,7,17,18,25,27,16,16,31,171,18,22,39,30,17,44,5,15,27,23,2,49]
completion_time_por_agente [55,121,9,23,11,22,73,11,16,16,126,27,34,16,36,67,32,38,93,90,104,4,138,145,49,10,26,31,9,8,18,19,26,28,17,17,32,172,19,23,40,31,18,46,6,16,28,24,3,50]
tiempo_ultimo_agente_goal 172
tiempo_en_acabar 172
tiempo_promedio 41.459999
agentes_en_goal 50
push_out_count 0
RUN 14
valores_ideales [0,0,0,0,0,0,0,0,0,0,0,0,0,0,0,0,0,0,0,0,0,0,0,0,0,0,0,0,0,0,0,0,0,0,0,0,0,0,0,0,0,0,0,0,0,0,0,0,0,0]
costo_por_agente [76,132,8,22,10,19,138,10,15,15,37,26,62,15,32,72,31,25,52,29,92,3,215,138,56,9,25,40,8,7,17,18,25,25,16,16,29,129,16,22,63,28,17,50,5,15,35,23,2,89]
completion_time_por_agente [77,133,9,23,11,20,139,11,16,16,39,27,63,16,33,73,32,26,53,30,94,4,216,139,57,10,26,41,9,8,18,19,26,26,17,17,30,130,17,23,65,29,18,51,6,16,36,24,3,90]
tiempo_ultimo_agente_goal 216
tiempo_en_acabar 216
tiempo_promedio 42.240002
agentes_en_goal 50
push_out_count 0
RUN 15
valores_ideales [0,0,0,0,0,0,0,0,0,0,0,0,0,0,0,0,0,0,0,0,0,0,0,0,0,0,0,0,0,0,0,0,0,0,0,0,0,0,0,0,0,0,0,0,0,0,0,0,0,0]
costo_por_agente [66,80,8,22,10,19,40,10,15,15,37,28,50,15,42,60,31,33,112,27,152,3,273,142,50,9,23,38,8,7,17,18,25,27,16,20,29,123,16,22,51,28,17,60,5,15,37,21,2,69]
completion_time_por_agente [67,81,9,23,11,20,42,11,16,16,40,29,51,16,45,61,32,36,113,31,153,4,275,143,52,10,24,39,9,8,18,19,26,28,17,21,30,124,17,23,52,29,18,62,6,16,40,22,3,70]
tiempo_ultimo_agente_goal 275
tiempo_en_acabar 275
tiempo_promedio 42.160000
agentes_en_goal 50
push_out_count 0
RUN 16
valores_ideales [0,0,0,0,0,0,0,0,0,0,0,0,0,0,0,0,0,0,0,0,0,0,0,0,0,0,0,0,0,0,0,0,0,0,0,0,0,0,0,0,0,0,0,0,0,0,0,0,0,0]
costo_por_agente [64,176,8,22,10,19,46,10,21,15,127,26,44,15,34,52,31,41,70,33,188,3,155,102,48,9,25,30,8,7,17,18,25,29,16,14,29,97,18,22,77,30,19,60,5,15,55,19,2,57]
completion_time_por_agente [65,177,9,23,11,20,57,11,22,16,128,27,55,16,37,57,32,45,71,37,190,4,156,103,56,10,26,39,9,8,18,19,26,30,17,16,30,98,19,23,78,31,20,65,6,16,58,20,3,60]
tiempo_ultimo_agente_goal 190
tiempo_en_acabar 190
tiempo_promedio 43.400002
agentes_en_goal 50
push_out_count 0
RUN 17
valores_ideales [0,0,0,0,0,0,0,0,0,0,0,0,0,0,0,0,0,0,0,0,0,0,0,0,0,0,0,0,0,0,0,0,0,0,0,0,0,0,0,0,0,0,0,0,0,0,0,0,0,0]
costo_por_agente [72,192,8,22,10,21,36,10,15,15,173,26,40,15,32,78,31,27,78,33,122,3,277,76,46,9,23,42,8,7,17,18,25,25,16,14,29,165,16,22,47,28,17,80,9,15,37,19,2,57]
completion_time_por_agente [73,193,9,23,11,22,40,11,16,16,175,27,42,16,33,79,32,32,79,37,124,4,278,77,49,10,24,43,9,8,18,19,26,26,17,15,30,166,17,23,48,29,18,81,10,16,43,20,3,58]
tiempo_ultimo_agente_goal 278
tiempo_en_acabar 278
tiempo_promedio 45.500000
agentes_en_goal 50
push_out_count 0
RUN 18
valores_ideales [0,0,0,0,0,0,0,0,0,0,0,0,0,0,0,0,0,0,0,0,0,0,0,0,0,0,0,0,0,0,0,0,0,0,0,0,0,0,0,0,0,0,0,0,0,0,0,0,0,0]
costo_por_agente [74,222,14,22,10,23,36,10,17,15,49,26,34,15,34,80,31,35,58,29,136,3,43,92,48,9,25,24,8,7,17,18,25,25,16,16,29,121,18,22,49,28,17,38,5,15,23,19,2,57]
completion_time_por_agente [75,223,15,23,11,24,37,11,18,16,50,27,35,16,36,81,32,37,59,30,139,4,45,93,49,10,26,25,9,8,18,19,26,26,17,17,30,122,19,23,50,29,18,39,6,16,24,20,3,58]
tiempo_ultimo_agente_goal 223
tiempo_en_acabar 223
tiempo_promedio 36.880001
agentes_en_goal 50
push_out_count 0
RUN 19
valores_ideales [0,0,0,0,0,0,0,0,0,0,0,0,0,0,0,0,0,0,0,0,0,0,0,0,0,0,0,0,0,0,0,0,0,0,0,0,0,0,0,0,0,0,0,0,0,0,0,0,0,0]
costo_por_agente [66,188,8,22,10,19,98,10,15,15,35,26,42,15,32,80,31,29,80,79,94,3,163,110,46,11,25,26,8,7,17,18,25,25,16,16,29,113,16,22,35,28,17,44,5,15,31,21,2,59]
completion_time_por_agente [67,189,9,23,11,20,99,11,16,16,37,27,43,16,34,81,32,30,81,80,96,4,164,111,47,12,26,27,9,8,18,19,26,26,17,17,30,114,17,23,36,29,18,45,6,16,32,22,3,60]
tiempo_ultimo_agente_goal 189
tiempo_en_acabar 189
tiempo_promedio 40.000000
agentes_en_goal 50
push_out_count 0
RUN 20
valores_ideales [0,0,0,0,0,0,0,0,0,0,0,0,0,0,0,0,0,0,0,0,0,0,0,0,0,0,0,0,0,0,0,0,0,0,0,0,0,0,0,0,0,0,0,0,0,0,0,0,0,0]
costo_por_agente [64,234,12,22,10,19,38,10,15,15,37,26,46,15,34,64,31,31,56,67,172,3,183,142,42,9,25,36,8,7,17,18,25,25,16,14,29,213,16,24,47,28,17,56,5,15,29,19,2,51]
completion_time_por_agente [65,235,13,23,11,20,43,11,16,16,40,27,49,16,37,65,32,36,57,68,173,4,184,143,45,10,26,39,9,8,18,19,26,26,17,15,30,214,17,25,50,29,18,60,6,16,35,20,3,52]
tiempo_ultimo_agente_goal 235
tiempo_en_acabar 235
tiempo_promedio 44.340000
agentes_en_goal 50
push_out_count 0
RUN 21
valores_ideales [0,0,0,0,0,0,0,0,0,0,0,0,0,0,0,0,0,0,0,0,0,0,0,0,0,0,0,0,0,0,0,0,0,0,0,0,0,0,0,0,0,0,0,0,0,0,0,0,0,0]
costo_por_agente [44,128,8,22,10,25,40,10,19,15,79,26,42,15,40,46,31,29,58,63,144,3,97,80,176,9,25,24,8,7,17,18,25,25,16,14,29,123,16,22,57,28,19,38,5,15,29,21,2,79]
completion_time_por_agente [46,129,9,23,11,26,42,11,20,16,80,27,43,16,44,47,32,31,59,64,146,4,98,81,177,10,26,25,9,8,18,19,26,26,17,16,30,124,17,23,58,29,20,41,6,16,31,22,3,80]
tiempo_ultimo_agente_goal 177
tiempo_en_acabar 177
tiempo_promedio 39.639999
agentes_en_goal 50
push_out_count 0
RUN 22
valores_ideales [0,0,0,0,0,0,0,0,0,0,0,0,0,0,0,0,0,0,0,0,0,0,0,0,0,0,0,0,0,0,0,0,0,0,0,0,0,0,0,0,0,0,0,0,0,0,0,0,0,0]
costo_por_agente [78,148,8,22,10,21,102,10,15,15,35,26,32,15,32,98,31,27,82,73,88,3,241,104,50,9,25,44,8,7,17,18,25,25,16,18,29,139,16,22,47,28,17,44,5,15,43,21,2,55]
completion_time_por_agente [79,149,9,23,11,22,107,11,16,16,37,27,34,16,34,99,32,31,83,75,90,4,242,105,52,10,26,46,9,8,18,19,26,26,17,19,30,140,17,23,49,29,18,46,6,16,44,22,3,56]
tiempo_ultimo_agente_goal 242
tiempo_en_acabar 242
tiempo_promedio 42.540001
agentes_en_goal 50
push_out_count 0
RUN 23
valores_ideales [0,0,0,0,0,0,0,0,0,0,0,0,0,0,0,0,0,0,0,0,0,0,0,0,0,0,0,0,0,0,0,0,0,0,0,0,0,0,0,0,0,0,0,0,0,0,0,0,0,0]
costo_por_agente [68,134,8,22,10,21,98,10,15,15,39,28,36,15,32,90,31,23,86,29,158,3,197,152,46,9,23,56,8,7,17,18,25,27,16,16,29,153,18,22,59,30,17,46,5,15,45,19,2,55]
completion_time_por_agente [69,135,9,23,11,22,99,11,16,16,42,29,37,16,33,91,32,25,87,31,159,4,199,153,47,10,24,57,9,8,18,19,26,28,17,17,30,154,19,23,60,31,18,47,6,16,46,20,3,56]
tiempo_ultimo_agente_goal 199
tiempo_en_acabar 199
tiempo_promedio 43.160000
agentes_en_goal 50
push_out_count 0
RUN 24
valores_ideales [0,0,0,0,0,0,0,0,0,0,0,0,0,0,0,0,0,0,0,0,0,0,0,0,0,0,0,0,0,0,0,0,0,0,0,0,0,0,0,0,0,0,0,0,0,0,0,0,0,0]
costo_por_agente [76,248,8,22,10,21,162,10,15,15,199,26,32,15,32,82,31,43,86,65,132,3,201,102,48,9,25,34,8,7,17,18,25,25,16,16,29,99,16,22,49,28,17,38,5,15,27,19,2,65]
completion_time_por_agente [77,249,9,23,11,22,163,11,16,16,200,27,34,16,33,83,32,44,87,66,134,4,202,103,50,10,26,35,9,8,18,19,26,26,17,17,30,100,17,23,50,29,18,40,6,16,28,20,3,66]
tiempo_ultimo_agente_goal 249
tiempo_en_acabar 249
tiempo_promedio 47.380001
agentes_en_goal 50
push_out_count 0
RUN 25
valores_ideales [0,0,0,0,0,0,0,0,0,0,0,0,0,0,0,0,0,0,0,0,0,0,0,0,0,0,0,0,0,0,0,0,0,0,0,0,0,0,0,0,0,0,0,0,0,0,0,0,0,0]
costo_por_agente [56,114,8,22,10,25,38,10,19,15,119,26,42,15,32,82,31,35,128,27,130,3,149,78,118,9,25,38,8,7,17,18,25,25,16,18,29,103,16,22,33,28,17,48,5,15,29,19,2,51]
completion_time_por_agente [57,115,9,23,11,26,40,11,20,16,122,27,44,16,33,83,32,36,129,30,132,4,151,79,119,10,26,39,9,8,18,19,26,26,17,19,30,104,17,23,36,29,18,50,6,16,33,20,3,52]
tiempo_ultimo_agente_goal 151
tiempo_en_acabar 151
tiempo_promedio 40.380001
agentes_en_goal 50
push_out_count 0
RUN 26
valores_ideales [0,0,0,0,0,0,0,0,0,0,0,0,0,0,0,0,0,0,0,0,0,0,0,0,0,0,0,0,0,0,0,0,0,0,0,0,0,0,0,0,0,0,0,0,0,0,0,0,0,0]
costo_por_agente [52,180,8,22,10,21,124,10,15,15,37,26,32,15,32,84,31,41,78,27,52,3,221,152,54,13,25,30,8,7,17,18,25,25,16,20,29,145,16,22,39,28,17,44,5,15,27,19,2,65]
completion_time_por_agente [53,181,9,23,11,22,125,11,16,16,39,27,34,16,33,85,32,43,79,28,54,4,223,153,56,14,26,32,9,8,18,19,26,26,17,21,30,146,17,23,40,29,18,46,6,16,28,20,3,66]
tiempo_ultimo_agente_goal 223
tiempo_en_acabar 223
tiempo_promedio 41.540001
agentes_en_goal 50
push_out_count 0
RUN 27
valores_ideales [0,0,0,0,0,0,0,0,0,0,0,0,0,0,0,0,0,0,0,0,0,0,0,0,0,0,0,0,0,0,0,0,0,0,0,0,0,0,0,0,0,0,0,0,0,0,0,0,0,0]
costo_por_agente [68,142,8,22,12,21,76,10,15,15,139,28,38,15,38,142,31,23,66,51,96,3,121,162,44,17,27,42,8,7,17,18,25,25,16,16,29,107,16,22,41,28,17,54,5,15,27,19,2,47]
completion_time_por_agente [69,143,9,23,13,22,77,11,16,16,140,29,39,16,39,143,32,24,67,52,97,4,123,163,45,18,28,43,9,8,18,19,26,26,17,17,30,108,17,23,42,29,18,55,6,16,28,20,3,48]
tiempo_ultimo_agente_goal 163
tiempo_en_acabar 163
tiempo_promedio 41.680000
agentes_en_goal 50
push_out_count 0
RUN 28
valores_ideales [0,0,0,0,0,0,0,0,0,0,0,0,0,0,0,0,0,0,0,0,0,0,0,0,0,0,0,0,0,0,0,0,0,0,0,0,0,0,0,0,0,0,0,0,0,0,0,0,0,0]
costo_por_agente [50,248,10,22,12,21,36,10,15,15,173,28,34,15,32,36,31,43,102,27,102,3,111,126,42,9,23,36,8,7,17,18,25,27,16,16,29,121,16,24,43,28,17,40,5,15,23,19,2,71]
completion_time_por_agente [51,249,12,23,13,22,38,11,16,16,174,29,35,16,33,38,32,45,103,28,103,4,112,127,43,10,24,37,9,8,18,19,26,28,17,17,30,122,17,25,44,29,18,41,6,16,24,20,3,72]
tiempo_ultimo_agente_goal 249
tiempo_en_acabar 249
tiempo_promedio 41.060001
agentes_en_goal 50
push_out_count 0
RUN 29
valores_ideales [0,0,0,0,0,0,0,0,0,0,0,0,0,0,0,0,0,0,0,0,0,0,0,0,0,0,0,0,0,0,0,0,0,0,0,0,0,0,0,0,0,0,0,0,0,0,0,0,0,0]
costo_por_agente [70,114,10,22,12,23,42,10,15,15,41,26,34,15,34,44,31,31,72,27,122,3,139,120,50,11,25,76,8,7,17,18,25,25,16,16,29,155,16,22,55,28,17,50,7,15,25,19,2,77]
completion_time_por_agente [71,115,12,23,13,24,44,11,16,16,42,27,35,16,35,45,32,32,73,29,124,4,140,121,52,12,26,77,9,8,18,19,26,26,17,17,30,156,17,23,56,29,18,51,8,16,26,20,3,78]
tiempo_ultimo_agente_goal 156
tiempo_en_acabar 156
tiempo_promedio 38.759998
agentes_en_goal 50
push_out_count 0
RUN 30
valores_ideales [0,0,0,0,0,0,0,0,0,0,0,0,0,0,0,0,0,0,0,0,0,0,0,0,0,0,0,0,0,0,0,0,0,0,0,0,0,0,0,0,0,0,0,0,0,0,0,0,0,0]
costo_por_agente [50,102,8,22,10,31,74,10,19,15,117,26,42,15,38,68,31,43,142,27,72,3,129,80,178,9,25,32,8,7,17,18,25,27,16,16,29,109,16,24,41,28,17,54,5,15,33,19,2,43]
completion_time_por_agente [51,103,9,23,11,32,75,11,20,16,118,27,43,16,41,69,32,44,143,29,73,4,131,81,179,10,26,34,9,8,18,19,26,28,17,17,30,110,17,25,43,29,18,55,6,16,35,20,3,44]
tiempo_ultimo_agente_goal 179
tiempo_en_acabar 179
tiempo_promedio 40.880001
agentes_en_goal 50
push_out_count 0
RUN 31
valores_ideales [0,0,0,0,0,0,0,0,0,0,0,0,0,0,0,0,0,0,0,0,0,0,0,0,0,0,0,0,0,0,0,0,0,0,0,0,0,0,0,0,0,0,0,0,0,0,0,0,0,0]
costo_por_agente [92,94,8,22,10,21,146,10,19,15,121,26,36,15,34,50,31,23,60,27,116,3,209,100,204,9,25,36,8,7,17,18,25,25,16,18,29,91,16,22,37,28,17,72,5,15,29,27,2,65]
completion_time_por_agente [93,95,9,23,11,23,147,11,20,16,122,27,39,16,38,51,32,25,61,29,118,4,210,101,206,10,26,37,9,8,18,19,26,26,17,19,30,92,17,23,38,29,18,73,6,16,34,28,3,66]
tiempo_ultimo_agente_goal 210
tiempo_en_acabar 210
tiempo_promedio 44.299999
agentes_en_goal 50
push_out_count 0
RUN 32
valores_ideales [0,0,0,0,0,0,0,0,0,0,0,0,0,0,0,0,0,0,0,0,0,0,0,0,0,0,0,0,0,0,0,0,0,0,0,0,0,0,0,0,0,0,0,0,0,0,0,0,0,0]
costo_por_agente [78,184,8,22,10,19,148,10,15,15,223,26,36,15,32,74,31,25,68,27,128,3,247,146,48,9,25,48,8,7,17,18,25,27,16,14,29,185,16,22,45,28,17,32,5,15,31,19,2,53]
completion_time_por_agente [79,185,9,23,11,20,149,11,16,16,224,27,37,16,33,75,32,27,69,29,130,4,248,147,49,10,26,49,9,8,18,19,26,28,17,15,30,186,17,23,46,29,18,33,6,16,34,20,3,54]
tiempo_ultimo_agente_goal 248
tiempo_en_acabar 248
tiempo_promedio 48.119999
agentes_en_goal 50
push_out_count 0
RUN 33
valores_ideales [0,0,0,0,0,0,0,0,0,0,0,0,0,0,0,0,0,0,0,0,0,0,0,0,0,0,0,0,0,0,0,0,0,0,0,0,0,0,0,0,0,0,0,0,0,0,0,0,0,0]
costo_por_agente [82,202,14,22,10,19,42,10,15,15,109,26,34,15,32,34,31,47,50,27,98,3,137,126,58,9,25,40,8,7,17,18,25,25,16,16,29,153,16,22,41,28,17,34,5,15,23,19,2,49]
completion_time_por_agente [83,203,15,23,11,20,45,11,16,16,110,27,36,16,33,36,32,48,51,28,100,4,138,128,60,10,26,42,9,8,18,19,26,26,17,17,30,154,17,23,44,29,18,38,6,16,24,20,3,50]
tiempo_ultimo_agente_goal 203
tiempo_en_acabar 203
tiempo_promedio 39.599998
agentes_en_goal 50
push_out_count 0
RUN 34
valores_ideales [0,0,0,0,0,0,0,0,0,0,0,0,0,0,0,0,0,0,0,0,0,0,0,0,0,0,0,0,0,0,0,0,0,0,0,0,0,0,0,0,0,0,0,0,0,0,0,0,0,0]
costo_por_agente [88,158,8,22,10,21,38,10,15,15,37,26,44,15,36,90,31,31,136,55,164,3,153,118,50,9,25,40,8,7,17,18,25,27,16,16,29,129,16,22,47,28,17,54,5,15,41,21,2,63]
completion_time_por_agente [89,159,9,23,11,22,43,11,17,16,38,27,47,16,37,91,32,34,137,60,166,4,155,119,51,10,26,42,9,8,18,19,26,28,17,17,30,130,17,23,48,29,18,55,6,16,44,22,3,64]
tiempo_ultimo_agente_goal 166
tiempo_en_acabar 166
tiempo_promedio 42.779999
agentes_en_goal 50
push_out_count 0
RUN 35
valores_ideales [0,0,0,0,0,0,0,0,0,0,0,0,0,0,0,0,0,0,0,0,0,0,0,0,0,0,0,0,0,0,0,0,0,0,0,0,0,0,0,0,0,0,0,0,0,0,0,0,0,0]
costo_por_agente [52,216,8,22,10,19,38,10,15,15,35,26,42,15,36,92,31,29,48,57,68,3,43,162,48,9,25,64,8,7,17,18,25,27,16,16,29,93,16,22,49,28,17,36,5,15,31,19,2,53]
completion_time_por_agente [54,217,9,23,11,20,40,11,16,16,36,27,43,16,38,93,32,31,49,59,70,4,44,163,49,10,26,65,9,8,18,19,26,28,17,17,30,94,17,23,50,29,18,38,6,16,33,20,3,54]
tiempo_ultimo_agente_goal 217
tiempo_en_acabar 217
tiempo_promedio 36.900002
agentes_en_goal 50
push_out_count 0
RUN 36
valores_ideales [0,0,0,0,0,0,0,0,0,0,0,0,0,0,0,0,0,0,0,0,0,0,0,0,0,0,0,0,0,0,0,0,0,0,0,0,0,0,0,0,0,0,0,0,0,0,0,0,0,0]
costo_por_agente [76,176,8,22,10,19,84,10,17,15,163,26,34,15,32,68,31,23,58,27,110,3,163,124,44,9,25,44,8,7,17,18,25,27,16,16,29,115,16,22,33,28,17,42,5,15,39,21,2,49]
completion_time_por_agente [77,177,9,23,11,20,85,11,18,16,164,27,37,16,34,69,32,24,59,29,112,4,164,125,46,10,26,45,9,8,18,19,26,28,17,17,30,116,17,23,34,29,18,43,6,16,41,22,3,50]
tiempo_ultimo_agente_goal 177
tiempo_en_acabar 177
tiempo_promedio 41.200001
agentes_en_goal 50
push_out_count 0
RUN 37
valores_ideales [0,0,0,0,0,0,0,0,0,0,0,0,0,0,0,0,0,0,0,0,0,0,0,0,0,0,0,0,0,0,0,0,0,0,0,0,0,0,0,0,0,0,0,0,0,0,0,0,0,0]
costo_por_agente [88,174,8,22,10,21,36,10,15,15,37,26,44,15,34,96,31,37,66,53,214,3,215,112,44,13,23,52,8,7,17,18,25,25,16,20,29,183,16,22,51,28,17,32,5,15,33,19,2,53]
completion_time_por_agente [89,175,9,23,11,22,37,11,16,16,38,27,45,16,35,97,32,38,67,54,216,4,216,113,45,14,25,53,9,8,18,19,26,26,17,21,30,184,17,23,52,29,18,33,6,16,35,20,3,54]
tiempo_ultimo_agente_goal 216
tiempo_en_acabar 216
tiempo_promedio 44.160000
agentes_en_goal 50
push_out_count 0
RUN 38
valores_ideales [0,0,0,0,0,0,0,0,0,0,0,0,0,0,0,0,0,0,0,0,0,0,0,0,0,0,0,0,0,0,0,0,0,0,0,0,0,0,0,0,0,0,0,0,0,0,0,0,0,0]
costo_por_agente [56,160,10,22,12,19,110,10,15,15,97,26,32,17,40,60,31,25,108,27,168,3,203,74,44,17,25,32,8,7,17,18,25,27,16,16,29,77,16,22,41,28,17,44,5,15,27,19,2,79]
completion_time_por_agente [57,161,12,23,13,20,111,11,16,16,98,27,35,18,46,61,32,27,109,29,171,4,204,75,47,18,26,35,9,8,18,19,26,28,17,17,30,78,17,23,42,29,18,45,6,16,35,20,3,80]
tiempo_ultimo_agente_goal 204
tiempo_en_acabar 204
tiempo_promedio 41.720001
agentes_en_goal 50
push_out_count 0
RUN 39
valores_ideales [0,0,0,0,0,0,0,0,0,0,0,0,0,0,0,0,0,0,0,0,0,0,0,0,0,0,0,0,0,0,0,0,0,0,0,0,0,0,0,0,0,0,0,0,0,0,0,0,0,0]
costo_por_agente [80,84,8,22,10,21,36,10,15,15,73,26,44,17,32,54,31,37,86,61,72,3,221,80,48,9,25,34,8,7,17,18,25,27,16,16,29,115,16,22,45,28,17,46,5,15,45,19,2,67]
completion_time_por_agente [81,85,9,23,11,22,42,11,16,16,74,27,51,18,33,56,32,38,87,62,73,4,223,81,51,10,26,37,9,8,18,19,26,28,17,17,30,116,17,23,53,29,18,53,6,16,47,20,3,68]
tiempo_ultimo_agente_goal 223
tiempo_en_acabar 223
tiempo_promedio 38.799999
agentes_en_goal 50
push_out_count 0
