RUN 0
valores_ideales [30,38,8,22,10,19,36,10,15,15,35,26,32,15,32,22,31,21,38,25,28,3,33,46,42,9,23,22,8,7,17,18,25,23,16,14,27,33,16,20,31,28,17,30,5,15,23,19,2,35]
costo_por_agente [52,52,10,70,10,67,54,10,15,15,63,28,78,19,78,56,31,71,44,75,46,3,33,50,42,9,23,70,8,7,21,18,25,25,16,16,27,33,16,20,87,28,17,40,67,15,49,19,2,39]
completion_time_por_agente [98,77,12,136,10,124,82,10,15,15,116,28,130,20,144,101,31,144,62,139,69,3,34,61,43,9,26,140,9,9,25,18,25,38,16,17,28,33,16,20,154,28,17,66,132,15,87,19,2,49]
tiempo_ultimo_agente_goal 154
tiempo_en_acabar 154
tiempo_promedio 54.040001
agentes_en_goal 50
bad_good_total_rate_pred [19157,20928,40085,0.5]
push_out_count 248
RUN 1
valores_ideales [30,38,8,22,10,19,36,10,15,15,35,26,32,15,32,22,31,21,38,25,28,3,33,46,42,9,23,22,8,7,17,18,25,23,16,14,27,33,16,20,31,28,17,30,5,15,23,19,2,35]
costo_por_agente [80,64,12,82,12,79,38,10,15,15,37,26,68,17,60,70,31,85,72,83,64,3,33,46,48,9,23,62,8,7,19,18,25,43,16,16,29,33,16,20,35,28,17,64,61,15,51,21,2,59]
completion_time_por_agente [154,106,16,152,17,151,44,12,15,15,49,26,140,25,117,133,31,162,117,160,114,3,33,47,58,9,24,127,12,7,20,18,25,63,16,17,36,34,16,21,45,28,17,103,135,15,101,25,2,89]
tiempo_ultimo_agente_goal 162
tiempo_en_acabar 162
tiempo_promedio 58.040001
agentes_en_goal 50
bad_good_total_rate_pred [19495,23784,43279,0.5]
push_out_count 257
RUN 2
valores_ideales [30,38,8,22,10,19,36,10,15,15,35,26,32,15,32,22,31,21,38,25,28,3,33,46,42,9,23,22,8,7,17,18,25,23,16,14,27,33,16,20,31,28,17,30,5,15,23,19,2,35]
costo_por_agente [64,62,8,70,10,53,56,10,15,15,91,26,58,15,64,42,31,81,76,83,96,3,33,48,46,9,23,96,10,7,19,18,25,37,16,16,27,33,16,20,41,28,17,84,83,15,83,25,2,51]
completion_time_por_agente [109,107,9,111,10,96,80,10,15,15,177,26,103,15,100,69,31,173,137,170,179,3,34,58,57,10,24,169,12,7,20,18,25,67,16,21,31,34,16,21,81,28,17,150,129,15,165,35,2,86]
tiempo_ultimo_agente_goal 179
tiempo_en_acabar 179
tiempo_promedio 61.860001
agentes_en_goal 50
bad_good_total_rate_pred [23641,23093,46734,0.5]
push_out_count 285
RUN 3
valores_ideales [30,38,8,22,10,19,36,10,15,15,35,26,32,15,32,22,31,21,38,25,28,3,33,46,42,9,23,22,8,7,17,18,25,23,16,14,27,33,16,20,31,28,17,30,5,15,23,19,2,35]
costo_por_agente [32,84,8,96,10,71,80,10,15,15,37,26,92,15,88,92,31,87,114,93,54,3,33,46,42,9,23,44,8,7,19,18,25,99,16,16,27,33,16,24,65,28,17,60,69,15,67,23,2,99]
completion_time_por_agente [39,160,9,173,10,138,148,10,15,15,48,28,158,16,158,163,31,177,199,172,81,3,33,47,45,9,26,92,8,7,21,18,25,185,16,17,29,33,16,29,111,28,17,102,140,15,135,30,2,174]
tiempo_ultimo_agente_goal 199
tiempo_en_acabar 199
tiempo_promedio 67.220001
agentes_en_goal 50
bad_good_total_rate_pred [26062,27121,53183,0.5]
push_out_count 363
RUN 4
valores_ideales [30,38,8,22,10,19,36,10,15,15,35,26,32,15,32,22,31,21,38,25,28,3,33,46,42,9,23,22,8,7,17,18,25,23,16,14,27,33,16,20,31,28,17,30,5,15,23,19,2,35]
costo_por_agente [92,94,8,34,10,41,58,10,15,15,67,26,90,15,100,62,31,97,80,87,96,3,33,46,42,9,23,88,8,9,19,18,25,23,16,14,33,33,16,20,93,28,17,52,77,15,75,23,2,41]
completion_time_por_agente [164,164,10,59,10,71,91,10,15,15,100,26,146,15,175,110,32,181,147,150,189,3,33,53,51,9,24,167,12,9,21,18,25,26,16,17,44,40,20,24,133,28,17,83,154,15,152,30,2,52]
tiempo_ultimo_agente_goal 189
tiempo_en_acabar 189
tiempo_promedio 63.160000
agentes_en_goal 50
bad_good_total_rate_pred [24150,23112,47262,0.5]
push_out_count 300
RUN 5
valores_ideales [30,38,8,22,10,19,36,10,15,15,35,26,32,15,32,22,31,21,38,25,28,3,33,46,42,9,23,22,8,7,17,18,25,23,16,14,27,33,16,20,31,28,17,30,5,15,23,19,2,35]
costo_por_agente [76,40,12,82,10,43,54,10,15,15,39,26,70,15,56,28,31,79,56,79,74,3,33,46,42,9,23,76,8,7,17,18,25,57,16,16,27,33,16,26,61,28,17,70,11,15,47,19,2,39]
completion_time_por_agente [133,50,14,134,11,82,88,10,15,15,45,26,136,15,102,42,31,146,80,134,142,3,33,47,44,9,24,144,12,7,18,18,25,107,16,19,29,33,16,35,104,28,17,124,15,15,77,19,2,54]
tiempo_ultimo_agente_goal 146
tiempo_en_acabar 146
tiempo_promedio 50.900002
agentes_en_goal 50
bad_good_total_rate_pred [17673,20144,37817,0.5]
push_out_count 215
RUN 6
valores_ideales [30,38,8,22,10,19,36,10,15,15,35,26,32,15,32,22,31,21,38,25,28,3,33,46,42,9,23,22,8,7,17,18,25,23,16,14,27,33,16,20,31,28,17,30,5,15,23,19,2,35]
costo_por_agente [38,68,10,90,10,27,72,10,15,15,39,26,62,15,58,62,31,83,60,35,66,3,33,46,42,9,23,76,8,13,19,18,25,39,16,16,27,35,16,20,69,28,17,38,77,15,69,19,2,37]
completion_time_por_agente [52,98,11,158,11,44,124,10,15,15,47,26,118,15,110,117,31,145,103,47,118,3,33,49,58,10,24,134,12,21,20,18,25,51,16,17,29,45,16,21,138,28,17,59,146,15,131,19,2,45]
tiempo_ultimo_agente_goal 158
tiempo_en_acabar 158
tiempo_promedio 52.340000
agentes_en_goal 50
bad_good_total_rate_pred [18962,20216,39178,0.5]
push_out_count 234
RUN 7
valores_ideales [30,38,8,22,10,19,36,10,15,15,35,26,32,15,32,22,31,21,38,25,28,3,33,46,42,9,23,22,8,7,17,18,25,23,16,14,27,33,16,20,31,28,17,30,5,15,23,19,2,35]
costo_por_agente [46,58,8,74,10,33,62,10,15,15,39,26,66,15,54,74,31,79,50,63,58,3,33,48,42,9,23,50,10,7,21,18,25,37,16,16,27,33,16,20,63,28,17,64,13,15,59,19,2,57]
completion_time_por_agente [76,103,9,130,10,46,99,10,15,15,46,26,114,15,92,118,31,124,78,123,107,3,33,53,42,9,24,82,12,9,26,18,25,53,16,17,28,33,16,21,112,28,17,110,22,15,115,19,2,91]
tiempo_ultimo_agente_goal 130
tiempo_en_acabar 130
tiempo_promedio 48.759998
agentes_en_goal 50
bad_good_total_rate_pred [18626,18114,36740,0.5]
push_out_count 172
RUN 8
valores_ideales [30,38,8,22,10,19,36,10,15,15,35,26,32,15,32,22,31,21,38,25,28,3,33,46,42,9,23,22,8,7,17,18,25,23,16,14,27,33,16,20,31,28,17,30,5,15,23,19,2,35]
costo_por_agente [64,54,8,36,10,31,58,10,15,15,45,26,48,15,96,56,31,79,82,71,96,3,41,46,44,9,23,80,8,7,19,18,25,77,16,14,27,33,18,20,79,28,17,64,83,15,65,19,2,49]
completion_time_por_agente [115,99,9,54,11,57,107,10,15,15,61,26,76,15,182,86,31,146,151,134,181,3,52,52,58,12,24,154,9,8,20,18,25,135,16,14,28,33,20,21,139,28,17,111,169,15,122,19,2,82]
tiempo_ultimo_agente_goal 182
tiempo_en_acabar 182
tiempo_promedio 59.740002
agentes_en_goal 50
bad_good_total_rate_pred [23223,22571,45794,0.5]
push_out_count 282
RUN 9
valores_ideales [30,38,8,22,10,19,36,10,15,15,35,26,32,15,32,22,31,21,38,25,28,3,33,46,42,9,23,22,8,7,17,18,25,23,16,14,27,33,16,20,31,28,17,30,5,15,23,19,2,35]
costo_por_agente [84,94,10,80,10,21,66,10,15,15,63,26,78,15,34,64,31,79,86,75,64,3,33,46,46,9,23,60,10,9,19,18,25,39,16,16,27,33,16,20,53,28,17,72,81,15,43,25,2,55]
completion_time_por_agente [144,161,12,162,10,28,136,10,15,16,109,26,145,15,43,105,31,149,161,137,108,3,33,49,57,9,24,121,12,9,21,18,25,69,20,19,28,33,17,24,93,28,17,132,148,15,89,33,2,88]
tiempo_ultimo_agente_goal 162
tiempo_en_acabar 162
tiempo_promedio 59.180000
agentes_en_goal 50
bad_good_total_rate_pred [21458,23586,45044,0.5]
push_out_count 295
RUN 10
valores_ideales [30,38,8,22,10,19,36,10,15,15,35,26,32,15,32,22,31,21,38,25,28,3,33,46,42,9,23,22,8,7,17,18,25,23,16,14,27,33,16,20,31,28,17,30,5,15,23,19,2,35]
costo_por_agente [68,60,8,38,10,47,36,10,15,15,47,26,46,15,54,78,31,49,54,83,68,3,33,46,70,9,23,66,8,7,19,18,25,99,16,16,27,33,16,20,71,28,17,62,75,15,83,19,2,79]
completion_time_por_agente [106,102,9,49,10,81,43,10,15,15,56,26,72,15,83,147,31,98,87,165,118,3,33,48,110,9,24,121,12,7,21,18,25,176,17,17,28,39,16,24,136,28,17,102,122,15,160,20,2,134]
tiempo_ultimo_agente_goal 176
tiempo_en_acabar 176
tiempo_promedio 56.439999
agentes_en_goal 50
bad_good_total_rate_pred [21896,21032,42928,0.5]
push_out_count 244
RUN 11
valores_ideales [30,38,8,22,10,19,36,10,15,15,35,26,32,15,32,22,31,21,38,25,28,3,33,46,42,9,23,22,8,7,17,18,25,23,16,14,27,33,16,20,31,28,17,30,5,15,23,19,2,35]
costo_por_agente [46,68,8,30,10,37,46,10,15,15,35,26,44,15,52,38,31,51,46,51,56,3,33,46,44,9,23,56,10,9,21,18,25,35,16,16,31,33,16,20,37,28,17,52,9,15,59,19,2,45]
completion_time_por_agente [87,114,9,42,10,65,65,10,15,15,44,26,66,15,75,55,31,98,63,88,87,3,33,50,56,9,24,102,12,9,25,18,25,46,16,19,39,33,16,20,51,28,17,90,12,15,107,19,2,70]
tiempo_ultimo_agente_goal 114
tiempo_en_acabar 114
tiempo_promedio 40.919998
agentes_en_goal 50
bad_good_total_rate_pred [14308,15061,29369,0.5]
push_out_count 131
RUN 12
valores_ideales [30,38,8,22,10,19,36,10,15,15,35,26,32,15,32,22,31,21,38,25,28,3,33,46,42,9,23,22,8,7,17,18,25,23,16,14,27,33,16,20,31,28,17,30,5,15,23,19,2,35]
costo_por_agente [50,50,10,66,10,87,58,10,15,15,95,26,78,15,110,40,31,93,72,105,82,3,33,50,42,9,23,100,8,7,19,18,25,79,16,18,27,33,16,20,97,28,17,94,67,15,83,19,2,83]
completion_time_por_agente [75,73,12,107,10,177,98,10,15,15,160,26,130,15,208,71,31,179,133,207,159,3,33,64,49,10,24,193,8,7,20,18,25,151,16,19,28,35,17,21,182,28,17,171,133,15,169,19,2,158]
tiempo_ultimo_agente_goal 208
tiempo_en_acabar 208
tiempo_promedio 70.919998
agentes_en_goal 50
bad_good_total_rate_pred [25501,31574,57075,0.6]
push_out_count 404
RUN 13
valores_ideales [30,38,8,22,10,19,36,10,15,15,35,26,32,15,32,22,31,21,38,25,28,3,33,46,42,9,23,22,8,7,17,18,25,23,16,14,27,33,16,20,31,28,17,30,5,15,23,19,2,35]
costo_por_agente [44,76,10,46,10,21,46,10,15,15,51,26,70,15,54,74,31,69,72,69,70,3,35,50,42,9,23,54,8,7,19,18,25,57,16,16,27,33,16,20,57,28,17,56,65,15,83,23,2,53]
completion_time_por_agente [87,125,12,54,10,21,65,10,15,15,79,26,122,15,97,133,31,124,121,137,121,3,42,61,44,9,24,96,12,7,20,18,25,91,16,17,28,33,16,21,95,28,17,100,128,15,146,30,2,72]
tiempo_ultimo_agente_goal 146
tiempo_en_acabar 146
tiempo_promedio 52.720001
agentes_en_goal 50
bad_good_total_rate_pred [20808,18647,39455,0.5]
push_out_count 222
RUN 14
valores_ideales [30,38,8,22,10,19,36,10,15,15,35,26,32,15,32,22,31,21,38,25,28,3,33,46,42,9,23,22,8,7,17,18,25,23,16,14,27,33,16,20,31,28,17,30,5,15,23,19,2,35]
costo_por_agente [66,44,8,102,10,29,86,10,15,15,59,26,138,15,138,108,31,113,96,105,98,3,33,46,42,9,23,118,8,7,17,18,25,117,16,16,27,85,16,24,133,28,17,78,123,15,39,19,2,51]
completion_time_por_agente [142,61,9,220,10,43,132,10,15,15,94,26,253,15,238,206,31,224,191,208,178,3,33,54,46,9,24,239,12,7,18,18,25,218,17,21,29,127,16,33,249,28,17,138,239,15,66,19,2,85]
tiempo_ultimo_agente_goal 253
tiempo_en_acabar 253
tiempo_promedio 82.559998
agentes_en_goal 50
bad_good_total_rate_pred [31522,33195,64717,0.5]
push_out_count 471
RUN 15
valores_ideales [30,38,8,22,10,19,36,10,15,15,35,26,32,15,32,22,31,21,38,25,28,3,33,46,42,9,23,22,8,7,17,18,25,23,16,14,27,33,16,20,31,28,17,30,5,15,23,19,2,35]
costo_por_agente [60,62,8,74,10,23,66,10,15,15,37,26,64,15,44,92,31,99,74,95,44,3,33,48,56,9,23,78,8,7,19,18,25,77,16,16,27,33,16,20,81,28,17,92,87,15,55,19,2,45]
completion_time_por_agente [101,105,10,151,10,28,119,10,15,15,46,26,124,15,68,180,31,178,133,160,67,3,33,53,90,9,24,146,12,7,21,18,25,153,20,19,28,33,16,24,141,28,17,177,147,15,83,20,2,60]
tiempo_ultimo_agente_goal 180
tiempo_en_acabar 180
tiempo_promedio 60.320000
agentes_en_goal 50
bad_good_total_rate_pred [21788,22635,44423,0.5]
push_out_count 270
RUN 16
valores_ideales [30,38,8,22,10,19,36,10,15,15,35,26,32,15,32,22,31,21,38,25,28,3,33,46,42,9,23,22,8,7,17,18,25,23,16,14,27,33,16,20,31,28,17,30,5,15,23,19,2,35]
costo_por_agente [64,54,12,76,12,47,58,10,15,15,63,26,72,15,54,42,31,39,50,49,78,3,33,46,42,9,25,64,8,7,19,18,25,41,16,16,27,33,16,20,67,28,17,46,21,15,69,23,2,73]
completion_time_por_agente [114,87,13,136,15,86,93,10,15,15,101,26,127,15,90,61,31,66,84,87,147,3,33,49,42,9,25,121,12,7,22,18,25,59,16,17,28,33,16,22,127,28,17,73,36,15,135,30,2,117]
tiempo_ultimo_agente_goal 147
tiempo_en_acabar 147
tiempo_promedio 51.119999
agentes_en_goal 50
bad_good_total_rate_pred [18798,19932,38730,0.5]
push_out_count 225
RUN 17
valores_ideales [30,38,8,22,10,19,36,10,15,15,35,26,32,15,32,22,31,21,38,25,28,3,33,46,42,9,23,22,8,7,17,18,25,23,16,14,27,33,16,20,31,28,17,30,5,15,23,19,2,35]
costo_por_agente [70,62,8,54,10,23,86,10,15,15,37,26,64,15,54,76,31,79,66,79,72,3,33,46,42,9,23,94,8,11,19,18,25,65,16,16,27,57,16,20,55,28,17,76,7,15,65,41,2,65]
completion_time_por_agente [131,116,9,101,10,27,147,10,15,15,46,26,105,16,81,147,31,152,104,140,128,3,33,47,44,9,24,152,9,16,21,18,25,137,16,17,28,82,16,24,96,28,17,138,10,15,122,72,2,104]
tiempo_ultimo_agente_goal 152
tiempo_en_acabar 152
tiempo_promedio 57.639999
agentes_en_goal 50
bad_good_total_rate_pred [21200,23496,44696,0.5]
push_out_count 274
RUN 18
valores_ideales [30,38,8,22,10,19,36,10,15,15,35,26,32,15,32,22,31,21,38,25,28,3,33,46,42,9,23,22,8,7,17,18,25,23,16,14,27,33,16,20,31,28,17,30,5,15,23,19,2,35]
costo_por_agente [72,56,10,66,10,25,72,10,15,15,35,26,106,15,72,100,31,67,50,95,42,3,33,48,44,9,23,90,8,7,19,18,25,53,18,16,27,33,16,20,87,28,17,108,109,15,83,21,2,45]
completion_time_por_agente [133,100,12,104,10,31,134,10,15,15,39,26,199,15,126,200,31,94,76,178,61,3,33,53,51,10,24,181,9,7,20,18,25,78,18,17,28,33,16,21,167,28,17,192,203,15,173,26,2,59]
tiempo_ultimo_agente_goal 203
tiempo_en_acabar 203
tiempo_promedio 62.720001
agentes_en_goal 50
bad_good_total_rate_pred [21273,23111,44384,0.5]
push_out_count 310
RUN 19
valores_ideales [30,38,8,22,10,19,36,10,15,15,35,26,32,15,32,22,31,21,38,25,28,3,33,46,42,9,23,22,8,7,17,18,25,23,16,14,27,33,16,20,31,28,17,30,5,15,23,19,2,35]
costo_por_agente [94,66,8,90,10,23,36,10,15,15,35,26,50,15,90,84,31,99,70,69,124,3,33,46,42,9,23,128,8,7,19,18,25,87,16,14,27,33,16,20,57,28,17,62,7,15,77,19,2,55]
completion_time_por_agente [184,125,8,168,14,29,44,10,15,16,36,26,89,15,161,149,31,179,128,132,233,3,33,48,43,10,24,227,12,7,21,18,25,147,16,15,28,33,17,24,103,28,17,110,11,15,149,19,2,83]
tiempo_ultimo_agente_goal 233
tiempo_en_acabar 233
tiempo_promedio 61.599998
agentes_en_goal 50
bad_good_total_rate_pred [21308,24449,45757,0.5]
push_out_count 308
RUN 20
valores_ideales [30,38,8,22,10,19,36,10,15,15,35,26,32,15,32,22,31,21,38,25,28,3,33,46,42,9,23,22,8,7,17,18,25,23,16,14,27,33,16,20,31,28,17,30,5,15,23,19,2,35]
costo_por_agente [64,56,8,22,10,23,70,10,15,15,47,28,96,15,70,96,31,111,112,119,132,3,35,54,42,9,23,118,8,7,23,18,25,127,16,16,29,33,16,20,135,28,17,46,21,15,109,19,2,105]
completion_time_por_agente [111,83,9,27,10,26,118,10,15,15,65,29,186,18,136,196,31,220,210,241,243,3,35,67,45,9,27,235,12,7,29,18,25,250,16,17,33,33,16,24,261,28,17,68,43,15,204,22,2,202]
tiempo_ultimo_agente_goal 261
tiempo_en_acabar 261
tiempo_promedio 75.239998
agentes_en_goal 50
bad_good_total_rate_pred [26156,30319,56475,0.5]
push_out_count 452
RUN 21
valores_ideales [30,38,8,22,10,19,36,10,15,15,35,26,32,15,32,22,31,21,38,25,28,3,33,46,42,9,23,22,8,7,17,18,25,23,16,14,27,33,16,20,31,28,17,30,5,15,23,19,2,35]
costo_por_agente [68,52,10,64,10,41,46,10,15,15,41,26,92,15,98,74,31,85,64,73,92,3,33,52,52,9,23,82,10,7,19,18,25,41,16,16,27,45,16,24,61,28,17,68,33,15,65,19,2,49]
completion_time_por_agente [127,98,11,92,10,70,61,10,16,15,52,26,161,15,163,142,31,142,105,132,170,3,33,68,65,10,24,159,10,8,23,18,25,63,17,17,28,67,16,31,100,28,17,124,63,15,127,19,2,81]
tiempo_ultimo_agente_goal 170
tiempo_en_acabar 170
tiempo_promedio 58.200001
agentes_en_goal 50
bad_good_total_rate_pred [21008,23854,44862,0.5]
push_out_count 287
RUN 22
valores_ideales [30,38,8,22,10,19,36,10,15,15,35,26,32,15,32,22,31,21,38,25,28,3,33,46,42,9,23,22,8,7,17,18,25,23,16,14,27,33,16,20,31,28,17,30,5,15,23,19,2,35]
costo_por_agente [76,114,10,106,14,61,50,10,15,15,85,26,110,15,44,88,31,105,54,89,104,3,33,46,42,9,23,104,8,7,19,18,25,97,16,16,27,33,16,20,91,28,17,74,103,15,89,19,2,77]
completion_time_por_agente [136,201,13,206,21,75,94,10,15,15,138,29,206,15,76,175,31,209,90,189,192,3,33,55,49,9,26,200,12,7,22,18,25,194,16,17,28,34,17,20,172,28,17,136,198,15,182,19,2,126]
tiempo_ultimo_agente_goal 209
tiempo_en_acabar 209
tiempo_promedio 76.320000
agentes_en_goal 50
bad_good_total_rate_pred [31215,28534,59749,0.5]
push_out_count 386
RUN 23
valores_ideales [30,38,8,22,10,19,36,10,15,15,35,26,32,15,32,22,31,21,38,25,28,3,33,46,42,9,23,22,8,7,17,18,25,23,16,14,27,33,16,20,31,28,17,30,5,15,23,19,2,35]
costo_por_agente [50,42,10,30,12,49,50,10,15,15,37,26,54,15,64,70,31,57,48,35,44,3,33,46,42,9,23,50,8,7,19,18,25,29,16,16,27,33,16,20,55,28,17,66,21,15,53,33,2,63]
completion_time_por_agente [79,51,14,34,14,83,76,10,15,15,44,26,86,15,98,116,31,94,71,50,61,3,34,49,45,9,24,85,12,7,21,18,25,35,16,17,28,33,16,24,87,28,17,110,39,15,102,55,2,97]
tiempo_ultimo_agente_goal 116
tiempo_en_acabar 116
tiempo_promedio 42.720001
agentes_en_goal 50
bad_good_total_rate_pred [14511,16121,30632,0.5]
push_out_count 157
RUN 24
valores_ideales [30,38,8,22,10,19,36,10,15,15,35,26,32,15,32,22,31,21,38,25,28,3,33,46,42,9,23,22,8,7,17,18,25,23,16,14,27,33,16,20,31,28,17,30,5,15,23,19,2,35]
costo_por_agente [76,62,10,82,10,23,62,10,15,15,47,26,66,15,66,48,31,69,62,67,76,3,33,50,46,9,23,64,8,7,19,18,25,27,16,18,27,59,16,20,47,28,17,66,95,15,69,19,2,55]
completion_time_por_agente [125,101,11,151,11,31,106,10,15,15,69,26,121,15,111,96,31,129,102,128,144,3,33,60,50,9,24,117,8,7,21,18,25,38,16,19,28,102,16,20,66,28,17,121,150,15,129,19,2,84]
tiempo_ultimo_agente_goal 151
tiempo_en_acabar 151
tiempo_promedio 55.860001
agentes_en_goal 50
bad_good_total_rate_pred [21015,22859,43874,0.5]
push_out_count 247
RUN 25
valores_ideales [30,38,8,22,10,19,36,10,15,15,35,26,32,15,32,22,31,21,38,25,28,3,33,46,42,9,23,22,8,7,17,18,25,23,16,14,27,33,16,20,31,28,17,30,5,15,23,19,2,35]
costo_por_agente [68,58,10,78,10,23,52,10,15,15,37,26,68,15,66,76,31,69,54,81,80,3,33,66,42,9,23,82,8,7,19,18,25,87,22,18,27,35,16,20,91,28,17,64,33,15,49,19,2,37]
completion_time_por_agente [129,96,12,159,10,28,79,10,15,15,40,26,120,15,128,138,31,138,71,171,148,3,33,114,43,9,24,142,9,7,21,18,25,169,30,19,28,40,17,20,159,28,17,125,54,15,87,21,2,42]
tiempo_ultimo_agente_goal 171
tiempo_en_acabar 171
tiempo_promedio 58.000000
agentes_en_goal 50
bad_good_total_rate_pred [22117,22239,44356,0.5]
push_out_count 280
RUN 26
valores_ideales [30,38,8,22,10,19,36,10,15,15,35,26,32,15,32,22,31,21,38,25,28,3,33,46,42,9,23,22,8,7,17,18,25,23,16,14,27,33,16,20,31,28,17,30,5,15,23,19,2,35]
costo_por_agente [48,48,10,62,10,25,52,10,15,15,37,32,88,15,62,36,31,85,66,63,74,3,33,46,44,9,23,68,8,7,19,18,25,23,16,16,27,33,16,20,37,28,17,64,39,15,57,19,12,47]
completion_time_por_agente [87,76,11,114,11,34,86,10,15,15,45,41,154,15,112,67,31,148,109,129,139,3,33,52,54,12,25,133,8,8,20,18,25,24,16,17,28,36,16,21,49,29,17,126,66,15,119,19,13,61]
tiempo_ultimo_agente_goal 154
tiempo_en_acabar 154
tiempo_promedio 50.240002
agentes_en_goal 50
bad_good_total_rate_pred [17404,17535,34939,0.5]
push_out_count 195
RUN 27
valores_ideales [30,38,8,22,10,19,36,10,15,15,35,26,32,15,32,22,31,21,38,25,28,3,33,46,42,9,23,22,8,7,17,18,25,23,16,14,27,33,16,20,31,28,17,30,5,15,23,19,2,35]
costo_por_agente [62,78,8,84,10,21,42,10,15,15,39,26,68,15,46,82,31,69,50,83,66,3,33,46,42,9,23,66,8,7,19,18,25,69,16,16,27,33,16,20,55,28,17,60,71,15,47,19,2,53]
completion_time_por_agente [108,137,10,156,10,25,70,10,15,15,47,26,113,15,67,151,31,120,84,146,123,3,33,49,48,9,26,122,12,7,21,18,25,114,16,19,29,34,16,24,93,28,17,108,136,15,74,19,2,87]
tiempo_ultimo_agente_goal 156
tiempo_en_acabar 156
tiempo_promedio 53.660000
agentes_en_goal 50
bad_good_total_rate_pred [19765,20859,40624,0.5]
push_out_count 230
RUN 28
valores_ideales [30,38,8,22,10,19,36,10,15,15,35,26,32,15,32,22,31,21,38,25,28,3,33,46,42,9,23,22,8,7,17,18,25,23,16,14,27,33,16,20,31,28,17,30,5,15,23,19,2,35]
costo_por_agente [50,38,10,78,10,45,50,10,15,15,47,28,84,15,84,120,31,61,58,107,100,3,33,46,42,9,23,92,8,9,17,18,25,65,16,16,27,33,16,24,41,28,17,48,79,15,89,19,2,75]
completion_time_por_agente [69,48,12,145,10,84,72,10,15,15,61,30,165,15,169,214,31,117,95,209,191,3,33,48,43,10,23,182,12,10,17,18,25,122,16,17,29,33,16,27,62,28,17,72,166,16,178,19,2,127]
tiempo_ultimo_agente_goal 214
tiempo_en_acabar 214
tiempo_promedio 62.959999
agentes_en_goal 50
bad_good_total_rate_pred [21824,23496,45320,0.5]
push_out_count 316
RUN 29
valores_ideales [30,38,8,22,10,19,36,10,15,15,35,26,32,15,32,22,31,21,38,25,28,3,33,46,42,9,23,22,8,7,17,18,25,23,16,14,27,33,16,20,31,28,17,30,5,15,23,19,2,35]
costo_por_agente [44,60,8,70,10,39,36,10,15,15,41,26,42,15,58,34,31,63,50,51,54,3,33,48,44,9,23,62,8,7,19,18,25,75,16,16,27,33,16,20,53,28,17,54,7,15,47,27,2,35]
completion_time_por_agente [67,95,11,131,11,65,40,10,15,15,50,26,62,15,102,45,31,124,83,97,108,3,34,55,53,10,24,117,10,8,21,18,25,130,16,17,28,34,16,20,89,28,17,102,11,15,73,38,2,36]
tiempo_ultimo_agente_goal 131
tiempo_en_acabar 131
tiempo_promedio 45.060001
agentes_en_goal 50
bad_good_total_rate_pred [15999,15573,31572,0.5]
push_out_count 171
RUN 30
valores_ideales [30,38,8,22,10,19,36,10,15,15,35,26,32,15,32,22,31,21,38,25,28,3,33,46,42,9,23,22,8,7,17,18,25,23,16,14,27,33,16,20,31,28,17,30,5,15,23,19,2,35]
costo_por_agente [86,66,12,32,10,59,70,10,15,15,77,26,98,23,72,108,31,109,60,97,56,3,47,48,42,9,23,104,8,7,19,18,25,83,16,16,27,33,16,20,97,28,17,104,7,15,79,19,2,65]
completion_time_por_agente [160,107,14,38,11,105,119,10,15,15,140,26,169,32,134,198,31,200,90,176,68,3,63,52,43,10,24,197,13,7,21,18,25,159,16,17,27,36,16,22,182,29,17,183,8,15,151,19,2,101]
tiempo_ultimo_agente_goal 200
tiempo_en_acabar 200
tiempo_promedio 66.680000
agentes_en_goal 50
bad_good_total_rate_pred [23019,28723,51742,0.6]
push_out_count 349
RUN 31
valores_ideales [30,38,8,22,10,19,36,10,15,15,35,26,32,15,32,22,31,21,38,25,28,3,33,46,42,9,23,22,8,7,17,18,25,23,16,14,27,33,16,20,31,28,17,30,5,15,23,19,2,35]
costo_por_agente [42,76,8,86,10,51,60,10,15,15,91,26,90,15,80,74,31,99,52,97,72,3,33,46,42,9,23,82,10,7,19,18,25,33,16,16,27,55,16,20,99,28,17,48,67,15,77,29,2,71]
completion_time_por_agente [64,125,9,171,10,107,96,10,15,15,160,26,165,15,154,140,31,174,87,167,126,3,33,48,47,10,24,154,12,7,21,18,25,54,16,17,28,85,17,24,185,28,17,71,130,15,139,42,2,121]
tiempo_ultimo_agente_goal 185
tiempo_en_acabar 185
tiempo_promedio 65.199997
agentes_en_goal 50
bad_good_total_rate_pred [25167,26618,51785,0.5]
push_out_count 345
RUN 32
valores_ideales [30,38,8,22,10,19,36,10,15,15,35,26,32,15,32,22,31,21,38,25,28,3,33,46,42,9,23,22,8,7,17,18,25,23,16,14,27,33,16,20,31,28,17,30,5,15,23,19,2,35]
costo_por_agente [60,64,8,44,10,25,44,10,15,15,35,26,60,15,50,78,31,69,40,59,74,3,33,46,46,9,23,76,8,7,19,18,25,69,16,16,27,33,16,20,33,28,17,68,9,15,59,27,2,83]
completion_time_por_agente [99,105,10,66,10,32,59,10,15,15,39,26,110,16,78,151,31,142,46,113,145,3,33,52,55,10,24,148,8,7,20,18,25,146,16,17,28,33,16,21,42,28,17,121,10,15,111,39,2,130]
tiempo_ultimo_agente_goal 151
tiempo_en_acabar 151
tiempo_promedio 50.259998
agentes_en_goal 50
bad_good_total_rate_pred [15938,19548,35486,0.6]
push_out_count 215
RUN 33
valores_ideales [30,38,8,22,10,19,36,10,15,15,35,26,32,15,32,22,31,21,38,25,28,3,33,46,42,9,23,22,8,7,17,18,25,23,16,14,27,33,16,20,31,28,17,30,5,15,23,19,2,35]
costo_por_agente [114,90,8,134,10,31,56,10,15,15,93,26,124,15,72,98,31,123,102,55,116,3,33,46,50,9,23,110,8,7,19,18,25,25,16,16,27,33,16,20,101,28,17,104,113,15,119,39,2,125]
completion_time_por_agente [230,143,9,263,11,51,84,10,15,15,172,26,250,16,134,204,31,250,205,107,228,3,33,50,63,9,24,222,12,7,21,18,25,31,16,17,28,33,16,24,193,28,17,247,241,15,257,60,2,230]
tiempo_ultimo_agente_goal 263
tiempo_en_acabar 263
tiempo_promedio 87.919998
agentes_en_goal 50
bad_good_total_rate_pred [30674,38080,68754,0.6]
push_out_count 513
RUN 34
valores_ideales [30,38,8,22,10,19,36,10,15,15,35,26,32,15,32,22,31,21,38,25,28,3,33,46,42,9,23,22,8,7,17,18,25,23,16,14,27,33,16,20,31,28,17,30,5,15,23,19,2,35]
costo_por_agente [74,100,8,56,10,37,42,10,15,15,51,26,78,15,82,30,31,85,68,81,72,3,33,46,70,9,23,82,8,7,19,18,25,69,16,16,27,67,16,20,77,28,17,78,83,15,69,19,2,55]
completion_time_por_agente [144,182,9,79,10,61,52,10,15,15,73,26,120,15,149,35,31,163,121,148,124,3,34,48,117,10,24,169,12,7,21,18,25,114,16,17,28,119,16,24,139,28,17,146,129,15,139,19,2,81]
tiempo_ultimo_agente_goal 182
tiempo_en_acabar 182
tiempo_promedio 62.380001
agentes_en_goal 50
bad_good_total_rate_pred [22997,26533,49530,0.5]
push_out_count 299
RUN 35
valores_ideales [30,38,8,22,10,19,36,10,15,15,35,26,32,15,32,22,31,21,38,25,28,3,33,46,42,9,23,22,8,7,17,18,25,23,16,14,27,33,16,20,31,28,17,30,5,15,23,19,2,35]
costo_por_agente [74,98,8,104,10,37,58,10,15,15,83,26,60,15,60,82,31,75,40,85,88,3,37,46,50,11,23,92,16,7,19,18,25,31,16,16,27,33,16,20,73,28,17,54,99,15,67,19,2,57]
completion_time_por_agente [120,171,11,159,11,60,99,10,15,15,132,26,108,15,108,154,31,128,48,159,164,3,51,55,73,16,24,174,30,7,22,18,25,39,16,17,27,34,17,22,131,28,17,89,176,15,132,21,2,84]
tiempo_ultimo_agente_goal 176
tiempo_en_acabar 176
tiempo_promedio 62.180000
agentes_en_goal 50
bad_good_total_rate_pred [22596,25262,47858,0.5]
push_out_count 295
RUN 36
valores_ideales [30,38,8,22,10,19,36,10,15,15,35,26,32,15,32,22,31,21,38,25,28,3,33,46,42,9,23,22,8,7,17,18,25,23,16,14,27,33,16,20,31,28,17,30,5,15,23,19,2,35]
costo_por_agente [98,82,10,32,10,25,90,10,15,15,41,26,108,15,96,74,31,103,52,91,58,3,33,46,42,9,23,104,8,7,19,18,25,103,16,18,27,33,16,20,87,28,17,80,49,15,69,19,2,93]
completion_time_por_agente [198,152,12,41,10,30,178,12,15,16,61,26,200,15,195,113,31,198,77,186,79,3,33,54,54,9,24,210,12,7,21,18,25,211,16,19,28,35,16,24,166,28,17,177,97,15,132,22,2,184]
tiempo_ultimo_agente_goal 211
tiempo_en_acabar 211
tiempo_promedio 70.080002
agentes_en_goal 50
bad_good_total_rate_pred [24948,28145,53093,0.5]
push_out_count 379
RUN 37
valores_ideales [30,38,8,22,10,19,36,10,15,15,35,26,32,15,32,22,31,21,38,25,28,3,33,46,42,9,23,22,8,7,17,18,25,23,16,14,27,33,16,20,31,28,17,30,5,15,23,19,2,35]
costo_por_agente [66,62,8,86,10,41,48,10,15,15,45,26,44,15,36,78,31,57,66,47,88,3,33,48,42,9,23,70,8,9,19,18,25,25,16,16,27,33,16,20,79,28,17,82,85,15,79,53,2,69]
completion_time_por_agente [124,103,11,156,11,72,61,10,16,15,60,26,76,15,49,140,31,100,101,77,154,3,33,58,45,9,24,127,12,9,21,18,25,37,16,19,28,36,16,24,148,28,17,146,158,15,137,99,2,122]
tiempo_ultimo_agente_goal 158
tiempo_en_acabar 158
tiempo_promedio 56.799999
agentes_en_goal 50
bad_good_total_rate_pred [21470,20410,41880,0.5]
push_out_count 261
RUN 38
valores_ideales [30,38,8,22,10,19,36,10,15,15,35,26,32,15,32,22,31,21,38,25,28,3,33,46,42,9,23,22,8,7,17,18,25,23,16,14,27,33,16,20,31,28,17,30,5,15,23,19,2,35]
costo_por_agente [36,100,12,34,10,27,84,10,15,15,51,26,86,15,98,68,31,57,44,69,64,3,39,46,42,9,23,78,8,9,19,18,25,85,16,16,27,33,16,22,41,28,17,34,75,15,57,19,2,65]
completion_time_por_agente [54,201,12,49,10,37,144,10,15,15,78,26,154,15,180,127,31,112,65,130,123,3,47,48,42,9,24,158,12,10,21,18,25,171,16,17,28,35,16,25,58,28,17,48,160,15,111,19,2,104]
tiempo_ultimo_agente_goal 201
tiempo_en_acabar 201
tiempo_promedio 57.500000
agentes_en_goal 50
bad_good_total_rate_pred [18528,22596,41124,0.5]
push_out_count 277
RUN 39
valores_ideales [30,38,8,22,10,19,36,10,15,15,35,26,32,15,32,22,31,21,38,25,28,3,33,46,42,9,23,22,8,7,17,18,25,23,16,14,27,33,16,20,31,28,17,30,5,15,23,19,2,35]
costo_por_agente [52,48,10,56,10,97,58,10,15,15,41,26,52,15,50,52,31,87,82,75,86,3,33,46,46,9,23,80,8,7,19,18,25,23,16,18,27,33,16,20,69,28,17,52,85,15,67,23,2,71]
completion_time_por_agente [76,67,13,100,11,167,91,10,15,15,57,26,88,15,84,73,31,142,143,141,134,3,33,49,61,9,24,146,12,7,20,18,25,30,17,19,28,33,16,25,117,28,17,81,158,15,130,28,2,109]
tiempo_ultimo_agente_goal 167
tiempo_en_acabar 167
tiempo_promedio 55.180000
agentes_en_goal 50
bad_good_total_rate_pred [20428,20091,40519,0.5]
push_out_count 241
