RUN 0
valores_ideales [0,0,0,0,0,0,0,0,0,0,0,0,0,0,0,0,0,0,0,0,0,0,0,0,0,0,0,0,0,0,0,0,0,0,0,0,0,0,0,0,0,0,0,0,0,0,0,0,0,0,0,0,0,0,0,0,0,0,0,0,0,0,0,0,0,0,0,0,0,0,0,0,0,0,0,0,0,0,0,0,0,0,0,0,0,0,0,0,0,0,0,0,0,0,0,0,0,0,0,0,0,0,0,0,0,0,0,0,0,0,0,0,0,0,0,0,0,0,0,0,0,0,0,0,0,0,0,0,0,0,0,0,0,0,0,0,0,0,0,0,0,0,0,0,0,0,0,0,0,0]
costo_por_agente [17,34,26,31,36,22,34,39,26,19,46,38,7,18,30,23,40,26,2,38,36,11,20,16,21,43,22,16,12,32,29,46,41,21,17,37,35,25,18,12,18,29,16,29,39,25,19,10,16,30,18,19,14,20,4,16,26,9,50,11,14,30,33,21,28,2,34,15,13,39,33,23,24,17,19,19,20,5,31,16,23,32,34,10,25,37,31,20,12,42,12,27,22,34,29,5,14,17,30,11,11,24,20,22,33,17,19,28,20,35,22,2,23,35,16,25,18,25,28,31,21,36,31,17,27,19,22,4,16,18,19,11,42,21,34,9,6,6,31,42,11,40,17,33,47,25,33,19,20,17]
completion_time_por_agente [18,36,27,32,37,23,35,40,27,20,47,39,8,19,31,24,41,27,3,39,37,12,21,17,22,44,23,17,13,33,30,47,42,22,18,38,37,26,19,13,19,30,17,30,40,26,20,11,17,31,19,20,15,21,5,17,27,10,51,12,15,31,34,22,29,3,35,16,14,40,34,24,25,18,20,20,21,6,32,17,24,33,35,11,26,38,32,21,13,43,13,29,23,35,30,6,15,18,32,12,12,25,22,23,34,18,21,30,21,37,23,3,25,36,17,26,19,27,29,33,22,37,32,18,28,20,23,5,17,19,21,12,43,22,35,10,7,7,32,44,12,41,18,34,48,26,34,20,22,18]
tiempo_ultimo_agente_goal 51
tiempo_en_acabar 51
tiempo_promedio 24.633333
agentes_en_goal 150
push_out_count 0
RUN 1
valores_ideales [0,0,0,0,0,0,0,0,0,0,0,0,0,0,0,0,0,0,0,0,0,0,0,0,0,0,0,0,0,0,0,0,0,0,0,0,0,0,0,0,0,0,0,0,0,0,0,0,0,0,0,0,0,0,0,0,0,0,0,0,0,0,0,0,0,0,0,0,0,0,0,0,0,0,0,0,0,0,0,0,0,0,0,0,0,0,0,0,0,0,0,0,0,0,0,0,0,0,0,0,0,0,0,0,0,0,0,0,0,0,0,0,0,0,0,0,0,0,0,0,0,0,0,0,0,0,0,0,0,0,0,0,0,0,0,0,0,0,0,0,0,0,0,0,0,0,0,0,0,0]
costo_por_agente [17,18,30,29,40,26,38,47,26,15,38,40,11,32,30,21,36,30,2,46,36,11,16,22,15,35,20,16,10,30,29,52,41,21,15,31,45,25,18,12,24,27,14,31,39,27,19,10,16,26,20,19,14,22,2,16,26,9,52,13,22,30,31,17,28,2,28,15,13,37,29,21,24,19,19,19,18,5,27,18,19,38,36,10,27,41,33,20,12,42,12,19,40,34,37,5,14,17,30,21,11,24,22,22,33,17,13,12,22,35,22,2,15,41,16,27,12,25,20,21,15,36,33,25,15,19,24,4,16,16,19,11,46,21,30,13,10,6,37,42,11,26,17,35,37,31,47,19,34,15]
completion_time_por_agente [18,20,31,30,41,27,39,48,28,17,39,42,12,33,31,22,37,31,3,47,37,12,17,23,17,36,21,17,11,31,30,53,42,22,16,33,46,26,19,13,25,28,15,32,40,28,20,11,17,27,21,20,15,23,3,17,27,10,53,14,23,31,32,18,30,3,30,16,14,38,30,22,25,20,20,20,20,6,28,19,21,39,37,11,28,42,35,21,13,43,13,20,41,35,38,6,15,18,31,22,12,25,24,23,34,18,14,13,23,36,23,3,16,42,17,28,13,26,21,22,16,37,34,26,16,20,25,5,17,17,21,12,47,22,31,14,11,7,38,44,12,27,18,37,38,32,49,20,36,16]
tiempo_ultimo_agente_goal 53
tiempo_en_acabar 53
tiempo_promedio 24.773333
agentes_en_goal 150
push_out_count 0
RUN 2
valores_ideales [0,0,0,0,0,0,0,0,0,0,0,0,0,0,0,0,0,0,0,0,0,0,0,0,0,0,0,0,0,0,0,0,0,0,0,0,0,0,0,0,0,0,0,0,0,0,0,0,0,0,0,0,0,0,0,0,0,0,0,0,0,0,0,0,0,0,0,0,0,0,0,0,0,0,0,0,0,0,0,0,0,0,0,0,0,0,0,0,0,0,0,0,0,0,0,0,0,0,0,0,0,0,0,0,0,0,0,0,0,0,0,0,0,0,0,0,0,0,0,0,0,0,0,0,0,0,0,0,0,0,0,0,0,0,0,0,0,0,0,0,0,0,0,0,0,0,0,0,0,0]
costo_por_agente [21,8,26,29,38,28,34,39,34,15,42,40,7,30,34,21,36,26,2,42,36,11,12,16,19,37,26,20,10,30,29,42,43,23,17,25,35,23,18,12,18,25,20,33,45,29,23,10,16,28,16,19,14,38,4,16,22,9,48,11,24,54,31,21,30,2,30,15,13,33,29,21,24,17,19,19,14,5,37,18,21,28,34,14,27,41,31,20,14,42,16,15,22,34,27,5,14,17,34,11,15,22,28,22,33,17,11,20,12,29,22,2,21,35,16,23,18,29,20,33,17,34,25,19,25,19,22,4,18,16,21,11,44,21,30,9,8,6,37,40,11,28,17,33,37,29,37,21,18,19]
completion_time_por_agente [22,9,27,30,40,29,35,40,35,17,43,41,8,31,35,22,38,28,3,43,37,12,13,17,21,38,27,22,11,31,30,43,44,24,18,27,36,24,19,13,19,28,21,34,46,30,25,11,17,29,17,20,15,39,5,17,23,10,49,12,25,55,32,22,32,3,32,16,14,34,30,22,25,18,20,20,16,6,39,20,22,29,35,15,28,42,32,21,15,44,17,16,24,35,28,6,15,18,35,12,16,23,29,23,34,18,12,22,13,31,23,3,23,36,17,25,19,31,21,35,18,35,26,20,26,20,24,5,19,17,23,12,45,22,31,10,9,7,38,41,12,29,18,34,38,30,38,23,20,20]
tiempo_ultimo_agente_goal 55
tiempo_en_acabar 55
tiempo_promedio 24.559999
agentes_en_goal 150
push_out_count 0
RUN 3
valores_ideales [0,0,0,0,0,0,0,0,0,0,0,0,0,0,0,0,0,0,0,0,0,0,0,0,0,0,0,0,0,0,0,0,0,0,0,0,0,0,0,0,0,0,0,0,0,0,0,0,0,0,0,0,0,0,0,0,0,0,0,0,0,0,0,0,0,0,0,0,0,0,0,0,0,0,0,0,0,0,0,0,0,0,0,0,0,0,0,0,0,0,0,0,0,0,0,0,0,0,0,0,0,0,0,0,0,0,0,0,0,0,0,0,0,0,0,0,0,0,0,0,0,0,0,0,0,0,0,0,0,0,0,0,0,0,0,0,0,0,0,0,0,0,0,0,0,0,0,0,0,0]
costo_por_agente [21,8,26,29,40,24,32,37,36,17,42,38,9,24,32,21,38,28,2,38,34,11,16,16,21,31,22,22,12,30,29,44,41,21,17,27,39,27,18,12,20,21,14,29,39,27,19,10,16,30,22,19,14,28,4,16,24,9,50,15,26,28,33,17,32,2,28,17,13,33,37,21,24,17,19,21,16,5,21,18,25,26,34,14,31,37,25,20,12,42,16,15,18,32,27,5,14,17,32,11,13,28,24,34,33,17,17,16,12,27,24,2,25,35,26,19,12,23,18,39,19,34,25,21,23,21,28,4,16,16,21,11,46,21,24,11,6,6,35,42,11,28,17,43,39,25,33,17,20,15]
completion_time_por_agente [22,9,27,30,41,25,33,38,37,18,43,39,10,27,33,22,40,29,3,39,35,12,17,17,22,32,23,23,13,31,30,45,42,23,18,29,40,28,19,13,21,22,15,30,40,28,21,11,17,31,23,20,15,29,5,17,26,10,51,16,27,29,34,18,33,3,29,18,14,36,38,22,25,18,20,22,17,6,22,19,26,27,35,15,32,38,26,21,14,43,17,16,19,33,28,6,15,18,33,13,15,29,25,36,34,18,19,17,13,28,25,3,26,37,27,21,13,24,19,40,20,36,26,22,24,22,29,5,17,17,22,12,47,22,25,12,7,7,36,43,12,29,18,44,40,26,34,18,21,16]
tiempo_ultimo_agente_goal 51
tiempo_en_acabar 51
tiempo_promedio 24.186666
agentes_en_goal 150
push_out_count 0
RUN 4
valores_ideales [0,0,0,0,0,0,0,0,0,0,0,0,0,0,0,0,0,0,0,0,0,0,0,0,0,0,0,0,0,0,0,0,0,0,0,0,0,0,0,0,0,0,0,0,0,0,0,0,0,0,0,0,0,0,0,0,0,0,0,0,0,0,0,0,0,0,0,0,0,0,0,0,0,0,0,0,0,0,0,0,0,0,0,0,0,0,0,0,0,0,0,0,0,0,0,0,0,0,0,0,0,0,0,0,0,0,0,0,0,0,0,0,0,0,0,0,0,0,0,0,0,0,0,0,0,0,0,0,0,0,0,0,0,0,0,0,0,0,0,0,0,0,0,0,0,0,0,0,0,0]
costo_por_agente [17,14,28,29,40,22,32,41,24,21,40,40,7,26,32,23,36,30,2,42,32,11,26,16,15,39,22,16,14,30,29,38,41,23,19,33,37,31,20,12,16,21,20,29,41,25,21,10,16,24,36,19,14,16,4,16,22,9,48,13,26,28,33,19,36,2,28,15,13,33,29,21,24,25,19,19,14,5,23,16,19,34,34,12,29,37,29,20,14,48,16,25,32,32,27,5,14,21,32,13,13,24,20,22,35,17,17,14,20,37,22,2,19,35,24,23,14,27,28,33,27,36,25,23,21,19,28,4,22,18,25,11,46,21,22,9,6,6,35,44,11,36,17,37,43,21,35,19,22,15]
completion_time_por_agente [18,15,29,30,43,23,33,42,26,22,41,41,8,28,33,24,37,31,3,43,33,12,27,17,17,40,23,17,15,31,30,39,43,24,20,34,39,32,21,13,17,22,21,30,42,26,23,11,17,25,37,20,15,17,5,17,23,10,49,14,27,29,34,20,38,3,30,16,14,34,30,22,25,27,20,20,15,6,24,17,20,35,35,13,30,38,31,21,15,51,17,26,34,33,28,6,15,22,33,14,14,25,22,23,36,18,19,15,22,38,23,3,20,36,25,25,16,28,30,35,28,37,26,25,22,20,29,5,23,19,26,12,47,22,24,10,7,7,36,45,12,37,18,38,44,22,36,20,26,16]
tiempo_ultimo_agente_goal 51
tiempo_en_acabar 51
tiempo_promedio 24.786667
agentes_en_goal 150
push_out_count 0
RUN 5
valores_ideales [0,0,0,0,0,0,0,0,0,0,0,0,0,0,0,0,0,0,0,0,0,0,0,0,0,0,0,0,0,0,0,0,0,0,0,0,0,0,0,0,0,0,0,0,0,0,0,0,0,0,0,0,0,0,0,0,0,0,0,0,0,0,0,0,0,0,0,0,0,0,0,0,0,0,0,0,0,0,0,0,0,0,0,0,0,0,0,0,0,0,0,0,0,0,0,0,0,0,0,0,0,0,0,0,0,0,0,0,0,0,0,0,0,0,0,0,0,0,0,0,0,0,0,0,0,0,0,0,0,0,0,0,0,0,0,0,0,0,0,0,0,0,0,0,0,0,0,0,0,0]
costo_por_agente [19,22,28,31,36,22,36,41,26,17,48,44,7,34,30,21,36,32,2,38,32,11,24,18,11,37,24,18,12,32,29,38,43,21,15,31,41,23,18,12,26,23,20,29,39,29,21,10,16,40,18,19,16,24,2,18,30,11,48,13,14,30,31,17,40,2,30,17,13,39,27,21,24,17,19,19,16,5,37,16,21,26,34,10,31,37,25,20,12,44,18,27,20,38,39,5,14,17,32,13,15,24,26,24,33,17,15,14,16,27,22,2,29,39,18,25,16,25,28,43,19,34,25,27,15,19,26,4,16,16,19,11,46,21,32,9,8,6,39,48,13,34,17,41,39,21,33,17,30,19]
completion_time_por_agente [20,24,29,32,37,23,37,42,27,18,49,45,8,35,31,22,39,33,3,39,33,12,26,19,12,38,25,19,13,34,30,39,44,23,16,32,44,24,19,13,28,25,21,30,40,30,23,11,17,41,19,20,17,25,3,19,31,12,49,14,15,31,33,18,42,3,31,18,14,40,28,22,25,18,20,20,17,6,38,17,23,27,35,11,32,38,26,21,13,45,20,28,21,39,40,6,15,18,33,14,16,25,28,25,34,18,16,16,17,29,23,3,30,40,20,27,17,28,29,45,20,38,26,28,16,20,27,5,17,17,20,12,48,22,34,10,9,7,40,49,14,35,18,42,40,22,34,18,32,20]
tiempo_ultimo_agente_goal 49
tiempo_en_acabar 49
tiempo_promedio 25.133333
agentes_en_goal 150
push_out_count 0
RUN 6
valores_ideales [0,0,0,0,0,0,0,0,0,0,0,0,0,0,0,0,0,0,0,0,0,0,0,0,0,0,0,0,0,0,0,0,0,0,0,0,0,0,0,0,0,0,0,0,0,0,0,0,0,0,0,0,0,0,0,0,0,0,0,0,0,0,0,0,0,0,0,0,0,0,0,0,0,0,0,0,0,0,0,0,0,0,0,0,0,0,0,0,0,0,0,0,0,0,0,0,0,0,0,0,0,0,0,0,0,0,0,0,0,0,0,0,0,0,0,0,0,0,0,0,0,0,0,0,0,0,0,0,0,0,0,0,0,0,0,0,0,0,0,0,0,0,0,0,0,0,0,0,0,0]
costo_por_agente [17,10,24,31,38,22,30,47,26,19,38,42,9,20,32,21,36,34,2,42,34,11,14,16,25,37,20,18,18,32,29,50,47,19,17,27,41,31,18,12,22,19,20,31,41,25,21,10,16,28,30,19,16,24,4,12,26,13,48,11,14,30,29,17,28,2,30,15,13,37,27,21,24,17,19,19,14,5,31,18,31,26,38,14,27,37,25,20,14,42,12,33,28,56,27,5,14,17,26,11,11,22,16,22,35,19,15,16,16,27,22,2,15,37,16,27,12,25,18,27,17,34,33,29,19,21,26,4,16,18,27,19,44,21,42,11,6,6,35,40,11,32,17,33,39,21,33,19,24,27]
completion_time_por_agente [18,11,25,32,40,23,31,48,27,20,39,43,10,21,33,22,37,36,3,43,35,12,15,17,26,38,21,19,19,33,30,51,48,20,18,28,43,32,19,13,23,21,21,34,42,27,22,11,17,29,31,20,17,26,5,13,27,14,49,12,15,31,30,18,29,3,31,16,14,38,28,22,25,18,20,20,15,6,33,19,32,27,39,15,28,38,27,21,15,43,13,34,30,57,28,6,15,18,27,13,12,23,18,24,36,20,18,18,17,28,23,3,16,39,17,29,13,26,19,29,18,35,34,30,20,22,27,5,17,19,28,20,45,22,43,12,7,7,36,41,12,33,18,34,40,22,34,20,25,29]
tiempo_ultimo_agente_goal 57
tiempo_en_acabar 57
tiempo_promedio 24.666666
agentes_en_goal 150
push_out_count 0
RUN 7
valores_ideales [0,0,0,0,0,0,0,0,0,0,0,0,0,0,0,0,0,0,0,0,0,0,0,0,0,0,0,0,0,0,0,0,0,0,0,0,0,0,0,0,0,0,0,0,0,0,0,0,0,0,0,0,0,0,0,0,0,0,0,0,0,0,0,0,0,0,0,0,0,0,0,0,0,0,0,0,0,0,0,0,0,0,0,0,0,0,0,0,0,0,0,0,0,0,0,0,0,0,0,0,0,0,0,0,0,0,0,0,0,0,0,0,0,0,0,0,0,0,0,0,0,0,0,0,0,0,0,0,0,0,0,0,0,0,0,0,0,0,0,0,0,0,0,0,0,0,0,0,0,0]
costo_por_agente [25,32,36,29,42,24,36,35,24,17,40,44,9,34,32,23,38,30,2,40,30,11,24,20,11,39,20,20,16,34,29,42,45,23,17,41,37,23,18,12,24,21,14,35,37,35,23,10,16,40,18,19,14,20,6,16,28,9,52,11,16,28,35,19,26,2,30,15,13,37,37,21,24,17,19,39,14,5,27,18,23,36,34,10,31,37,25,20,12,42,18,25,32,40,27,5,14,15,32,11,11,22,16,30,33,17,13,20,14,31,22,2,17,37,22,27,14,25,24,23,15,34,27,27,17,19,30,4,20,16,37,15,50,21,18,19,6,8,31,40,11,30,17,37,39,31,41,17,30,15]
completion_time_por_agente [26,33,37,30,43,25,38,36,25,18,41,45,10,35,33,24,39,31,3,41,31,12,25,21,12,41,21,21,18,35,30,43,46,26,18,43,39,24,19,13,25,23,15,37,38,36,25,11,17,41,19,20,15,21,7,17,29,10,53,12,17,29,37,20,27,3,31,16,14,39,38,22,25,18,20,41,16,6,28,19,25,37,35,11,32,39,26,21,13,43,19,26,33,41,29,6,15,16,34,12,12,23,18,31,34,18,14,22,15,32,23,3,18,38,23,28,16,26,25,25,16,35,28,28,18,20,31,5,21,17,38,16,52,22,19,21,7,9,32,41,12,31,18,38,40,32,42,18,31,16]
tiempo_ultimo_agente_goal 53
tiempo_en_acabar 53
tiempo_promedio 25.326666
agentes_en_goal 150
push_out_count 0
RUN 8
valores_ideales [0,0,0,0,0,0,0,0,0,0,0,0,0,0,0,0,0,0,0,0,0,0,0,0,0,0,0,0,0,0,0,0,0,0,0,0,0,0,0,0,0,0,0,0,0,0,0,0,0,0,0,0,0,0,0,0,0,0,0,0,0,0,0,0,0,0,0,0,0,0,0,0,0,0,0,0,0,0,0,0,0,0,0,0,0,0,0,0,0,0,0,0,0,0,0,0,0,0,0,0,0,0,0,0,0,0,0,0,0,0,0,0,0,0,0,0,0,0,0,0,0,0,0,0,0,0,0,0,0,0,0,0,0,0,0,0,0,0,0,0,0,0,0,0,0,0,0,0,0,0]
costo_por_agente [19,8,24,29,40,26,34,47,32,27,40,40,7,16,30,21,38,22,2,40,40,11,14,16,19,31,18,16,20,30,29,38,43,21,17,31,33,25,18,12,18,19,14,33,41,25,23,10,16,24,18,19,14,16,2,14,24,11,46,15,14,30,33,17,36,2,32,15,13,35,31,23,24,19,19,19,16,5,21,16,33,34,34,10,31,35,31,20,20,42,12,43,22,32,35,5,14,19,26,15,11,24,26,22,39,17,11,20,12,35,22,2,19,33,22,21,12,25,24,33,15,46,25,25,19,19,24,4,16,16,21,11,42,21,26,9,10,6,43,42,11,42,17,33,37,19,33,21,14,17]
completion_time_por_agente [20,9,25,30,41,27,35,48,33,28,41,41,8,17,31,22,39,23,3,41,41,12,16,17,20,33,19,17,21,31,30,39,44,22,18,33,35,26,19,13,19,20,15,35,42,27,24,11,17,25,19,20,15,17,3,16,25,12,47,16,15,31,34,18,38,3,33,16,14,36,32,24,25,21,20,20,17,6,22,17,34,35,35,11,32,36,33,21,21,43,13,45,23,33,36,6,15,20,27,16,12,25,27,23,40,18,13,21,13,36,23,3,20,34,23,22,13,26,25,34,16,47,26,26,20,20,25,5,17,17,23,12,43,22,27,10,11,7,44,43,12,43,18,34,38,20,34,22,15,18]
tiempo_ultimo_agente_goal 48
tiempo_en_acabar 48
tiempo_promedio 24.240000
agentes_en_goal 150
push_out_count 0
RUN 9
valores_ideales [0,0,0,0,0,0,0,0,0,0,0,0,0,0,0,0,0,0,0,0,0,0,0,0,0,0,0,0,0,0,0,0,0,0,0,0,0,0,0,0,0,0,0,0,0,0,0,0,0,0,0,0,0,0,0,0,0,0,0,0,0,0,0,0,0,0,0,0,0,0,0,0,0,0,0,0,0,0,0,0,0,0,0,0,0,0,0,0,0,0,0,0,0,0,0,0,0,0,0,0,0,0,0,0,0,0,0,0,0,0,0,0,0,0,0,0,0,0,0,0,0,0,0,0,0,0,0,0,0,0,0,0,0,0,0,0,0,0,0,0,0,0,0,0,0,0,0,0,0,0]
costo_por_agente [23,10,26,29,40,24,32,41,28,29,38,42,9,26,30,23,40,22,2,38,34,11,20,16,13,39,18,16,10,36,29,42,41,17,15,33,39,23,18,12,14,19,16,31,37,25,29,10,16,34,34,19,14,16,6,16,26,9,50,11,14,36,31,19,26,2,32,17,13,35,27,23,24,19,19,19,16,5,25,16,21,24,34,10,27,35,37,20,12,42,22,15,18,36,31,5,14,17,36,11,13,26,34,20,33,17,13,24,14,29,22,2,19,35,22,21,12,31,20,31,23,36,27,25,19,19,24,4,20,18,23,11,46,21,22,11,8,6,31,40,11,42,19,33,41,19,33,19,30,17]
completion_time_por_agente [24,11,27,30,41,25,33,42,30,30,39,43,10,28,31,24,41,23,3,39,35,12,21,17,15,40,19,17,11,37,30,43,42,18,16,34,40,24,19,13,15,21,17,33,38,26,30,11,17,35,36,20,15,18,7,17,27,10,51,12,15,37,32,20,28,3,33,18,14,36,28,24,25,20,20,20,17,6,26,17,22,25,36,11,28,36,38,21,13,43,23,16,19,37,32,6,15,18,37,12,14,27,35,22,34,18,15,26,15,30,23,3,20,37,24,22,13,33,22,33,24,37,29,26,20,20,25,5,21,19,24,12,47,22,23,12,9,7,32,42,12,43,20,35,42,20,34,20,31,18]
tiempo_ultimo_agente_goal 51
tiempo_en_acabar 51
tiempo_promedio 24.379999
agentes_en_goal 150
push_out_count 0
RUN 10
valores_ideales [0,0,0,0,0,0,0,0,0,0,0,0,0,0,0,0,0,0,0,0,0,0,0,0,0,0,0,0,0,0,0,0,0,0,0,0,0,0,0,0,0,0,0,0,0,0,0,0,0,0,0,0,0,0,0,0,0,0,0,0,0,0,0,0,0,0,0,0,0,0,0,0,0,0,0,0,0,0,0,0,0,0,0,0,0,0,0,0,0,0,0,0,0,0,0,0,0,0,0,0,0,0,0,0,0,0,0,0,0,0,0,0,0,0,0,0,0,0,0,0,0,0,0,0,0,0,0,0,0,0,0,0,0,0,0,0,0,0,0,0,0,0,0,0,0,0,0,0,0,0]
costo_por_agente [39,8,30,29,38,22,30,43,22,15,38,38,11,16,34,21,38,26,2,38,34,11,20,16,15,39,24,16,14,30,29,52,43,21,17,23,37,23,18,14,14,25,14,31,39,27,19,10,18,24,18,19,14,18,4,16,30,9,48,13,18,30,37,23,28,2,36,15,13,35,29,25,24,19,21,19,14,5,21,18,23,28,34,10,25,43,25,20,14,42,18,23,24,32,23,5,14,17,34,11,11,28,24,20,33,19,15,18,18,27,22,2,25,41,26,21,14,29,24,19,17,34,29,21,15,19,26,4,40,16,25,11,42,21,20,13,6,8,39,40,11,32,19,35,37,23,33,17,22,23]
completion_time_por_agente [40,9,31,30,39,23,31,45,24,16,39,39,12,17,35,22,39,27,3,39,35,12,21,17,16,40,25,17,15,31,30,53,44,22,18,24,39,24,19,15,15,26,15,32,40,28,21,11,19,25,20,20,15,19,5,17,32,10,49,14,19,31,38,24,29,3,37,16,14,37,30,26,25,20,22,20,15,6,23,19,25,29,36,11,27,44,26,21,15,43,19,24,25,34,24,6,15,18,35,12,12,29,25,22,34,20,16,19,19,28,23,3,26,42,27,23,15,30,25,20,18,35,31,22,16,20,27,5,41,17,26,12,43,22,21,14,7,9,40,41,12,33,20,36,38,24,34,19,23,25]
tiempo_ultimo_agente_goal 53
tiempo_en_acabar 53
tiempo_promedio 24.280001
agentes_en_goal 150
push_out_count 0
RUN 11
valores_ideales [0,0,0,0,0,0,0,0,0,0,0,0,0,0,0,0,0,0,0,0,0,0,0,0,0,0,0,0,0,0,0,0,0,0,0,0,0,0,0,0,0,0,0,0,0,0,0,0,0,0,0,0,0,0,0,0,0,0,0,0,0,0,0,0,0,0,0,0,0,0,0,0,0,0,0,0,0,0,0,0,0,0,0,0,0,0,0,0,0,0,0,0,0,0,0,0,0,0,0,0,0,0,0,0,0,0,0,0,0,0,0,0,0,0,0,0,0,0,0,0,0,0,0,0,0,0,0,0,0,0,0,0,0,0,0,0,0,0,0,0,0,0,0,0,0,0,0,0,0,0]
costo_por_agente [19,8,24,33,38,22,32,37,28,17,42,42,7,30,34,21,36,28,2,38,36,11,20,18,13,27,24,18,10,30,29,44,41,23,17,33,35,23,18,12,16,19,20,37,37,27,19,10,16,24,18,19,14,20,2,12,22,9,50,11,24,34,33,17,32,2,28,19,13,33,29,21,24,17,19,19,16,5,29,34,21,32,38,14,31,37,27,20,14,44,12,17,24,36,27,5,14,17,38,11,13,22,20,26,33,17,13,24,10,31,22,2,17,37,16,19,14,25,22,21,21,36,27,19,15,19,24,4,16,18,25,11,46,21,30,9,8,6,39,40,11,30,25,37,39,19,33,19,14,15]
completion_time_por_agente [20,9,25,34,39,24,34,38,29,18,43,43,8,31,35,22,37,29,3,39,37,12,21,19,15,28,25,19,11,32,30,45,42,26,18,34,37,24,19,13,19,21,21,39,38,28,20,11,17,25,19,20,15,21,3,13,24,10,51,12,25,35,36,18,33,3,30,20,14,34,30,22,25,18,20,20,17,6,31,35,22,33,40,15,32,38,28,21,15,45,13,19,25,37,30,6,15,18,39,12,14,23,21,27,34,18,14,25,11,32,23,3,19,38,19,21,15,26,23,22,22,38,28,21,16,20,25,5,17,19,26,12,47,22,31,10,9,7,40,42,12,33,26,38,40,20,34,20,15,16]
tiempo_ultimo_agente_goal 51
tiempo_en_acabar 51
tiempo_promedio 24.053333
agentes_en_goal 150
push_out_count 0
RUN 12
valores_ideales [0,0,0,0,0,0,0,0,0,0,0,0,0,0,0,0,0,0,0,0,0,0,0,0,0,0,0,0,0,0,0,0,0,0,0,0,0,0,0,0,0,0,0,0,0,0,0,0,0,0,0,0,0,0,0,0,0,0,0,0,0,0,0,0,0,0,0,0,0,0,0,0,0,0,0,0,0,0,0,0,0,0,0,0,0,0,0,0,0,0,0,0,0,0,0,0,0,0,0,0,0,0,0,0,0,0,0,0,0,0,0,0,0,0,0,0,0,0,0,0,0,0,0,0,0,0,0,0,0,0,0,0,0,0,0,0,0,0,0,0,0,0,0,0,0,0,0,0,0,0]
costo_por_agente [25,8,26,29,38,24,34,43,22,15,40,44,9,32,30,23,44,22,2,40,36,11,18,16,15,37,18,18,10,30,29,46,43,23,17,19,35,31,18,12,16,27,16,33,39,35,25,10,16,26,22,19,14,18,4,16,26,9,50,13,14,34,37,19,30,2,30,15,13,33,29,21,24,23,19,33,16,5,49,16,19,34,40,28,27,37,31,20,12,42,24,25,28,32,27,5,14,19,30,13,11,32,40,24,33,17,17,22,14,29,22,2,17,37,32,23,12,31,20,21,25,34,29,21,19,19,22,4,18,16,21,11,46,21,28,9,8,6,39,40,11,30,17,35,37,17,35,17,18,21]
completion_time_por_agente [26,9,27,30,40,25,36,44,24,16,41,45,10,33,31,24,45,23,3,41,37,12,20,17,17,38,19,19,11,31,30,48,44,24,18,21,37,32,19,13,17,29,17,35,40,36,26,11,17,27,23,20,15,19,5,17,27,10,51,14,15,35,39,20,33,3,33,16,14,35,30,22,25,24,20,36,17,6,51,17,20,35,41,29,28,38,32,21,14,43,25,26,29,33,29,6,15,20,31,14,12,33,42,25,34,18,18,23,15,31,23,3,18,38,33,26,13,32,21,22,27,35,30,22,20,20,24,5,19,17,22,12,47,22,29,10,9,7,40,41,12,31,18,36,38,18,37,18,19,24]
tiempo_ultimo_agente_goal 51
tiempo_en_acabar 51
tiempo_promedio 24.966667
agentes_en_goal 150
push_out_count 0
RUN 13
valores_ideales [0,0,0,0,0,0,0,0,0,0,0,0,0,0,0,0,0,0,0,0,0,0,0,0,0,0,0,0,0,0,0,0,0,0,0,0,0,0,0,0,0,0,0,0,0,0,0,0,0,0,0,0,0,0,0,0,0,0,0,0,0,0,0,0,0,0,0,0,0,0,0,0,0,0,0,0,0,0,0,0,0,0,0,0,0,0,0,0,0,0,0,0,0,0,0,0,0,0,0,0,0,0,0,0,0,0,0,0,0,0,0,0,0,0,0,0,0,0,0,0,0,0,0,0,0,0,0,0,0,0,0,0,0,0,0,0,0,0,0,0,0,0,0,0,0,0,0,0,0,0]
costo_por_agente [19,16,26,29,40,22,34,51,24,17,40,38,7,34,30,25,36,32,2,38,40,11,14,16,17,37,18,16,10,32,29,44,43,21,15,25,41,23,28,12,30,23,14,35,39,27,27,10,16,32,20,19,14,32,4,16,30,17,48,11,16,30,29,15,34,2,30,19,13,31,39,21,24,17,19,19,18,5,21,16,27,26,36,10,27,35,29,20,12,42,20,27,26,36,35,5,14,17,34,13,13,20,20,24,33,17,17,16,16,27,22,2,21,37,26,27,14,23,18,27,15,34,27,19,17,21,26,4,16,16,23,11,46,21,30,9,8,6,35,42,11,30,21,35,43,17,33,17,16,17]
completion_time_por_agente [20,17,27,30,41,24,36,52,25,18,41,39,8,36,31,26,37,34,3,39,41,12,15,17,18,38,19,17,11,33,30,45,44,23,16,26,42,24,29,13,32,24,15,36,40,29,28,11,17,34,21,20,15,33,5,17,31,18,49,12,17,31,30,16,36,3,32,20,14,33,40,22,25,18,20,20,19,6,23,17,28,27,37,11,28,36,31,21,13,43,21,28,28,37,36,6,15,18,35,14,14,21,22,25,34,18,19,19,17,28,23,3,23,39,27,28,16,24,19,28,16,35,28,20,18,22,27,5,17,17,24,12,47,22,31,10,9,7,36,43,12,31,22,36,44,18,34,18,19,20]
tiempo_ultimo_agente_goal 52
tiempo_en_acabar 52
tiempo_promedio 24.573334
agentes_en_goal 150
push_out_count 0
RUN 14
valores_ideales [0,0,0,0,0,0,0,0,0,0,0,0,0,0,0,0,0,0,0,0,0,0,0,0,0,0,0,0,0,0,0,0,0,0,0,0,0,0,0,0,0,0,0,0,0,0,0,0,0,0,0,0,0,0,0,0,0,0,0,0,0,0,0,0,0,0,0,0,0,0,0,0,0,0,0,0,0,0,0,0,0,0,0,0,0,0,0,0,0,0,0,0,0,0,0,0,0,0,0,0,0,0,0,0,0,0,0,0,0,0,0,0,0,0,0,0,0,0,0,0,0,0,0,0,0,0,0,0,0,0,0,0,0,0,0,0,0,0,0,0,0,0,0,0,0,0,0,0,0,0]
costo_por_agente [21,8,24,29,42,22,34,37,26,17,42,38,7,24,30,21,38,30,2,38,34,11,14,16,15,49,20,16,18,34,29,38,43,21,17,29,39,31,18,12,16,25,20,35,39,25,19,10,16,32,20,19,14,14,2,16,26,11,50,11,34,30,37,17,26,2,30,15,13,37,27,21,24,25,19,19,14,5,29,18,27,32,34,14,29,35,25,20,12,44,14,39,24,36,31,5,14,19,34,11,11,28,26,20,33,17,19,26,12,31,22,2,25,41,30,21,14,39,18,21,17,34,25,17,21,21,22,4,18,18,19,11,42,21,28,9,6,6,31,44,11,36,21,39,37,21,35,25,20,17]
completion_time_por_agente [23,9,25,30,43,23,35,38,27,18,43,39,8,25,31,22,39,32,3,39,35,12,15,17,16,50,21,17,19,35,30,39,44,23,18,31,41,32,19,13,17,27,21,36,40,26,21,11,17,33,21,20,15,15,3,17,27,12,52,12,35,31,39,18,27,3,31,16,14,39,28,22,25,26,20,20,15,6,30,19,28,33,35,15,30,36,27,21,13,45,15,40,26,37,33,6,15,20,35,12,12,29,27,21,34,18,20,28,13,32,23,3,26,42,31,22,16,40,19,22,18,35,26,18,22,22,23,5,19,19,20,12,43,22,29,10,7,7,33,45,12,38,22,41,38,22,37,26,22,18]
tiempo_ultimo_agente_goal 52
tiempo_en_acabar 52
tiempo_promedio 24.646667
agentes_en_goal 150
push_out_count 0
RUN 15
valores_ideales [0,0,0,0,0,0,0,0,0,0,0,0,0,0,0,0,0,0,0,0,0,0,0,0,0,0,0,0,0,0,0,0,0,0,0,0,0,0,0,0,0,0,0,0,0,0,0,0,0,0,0,0,0,0,0,0,0,0,0,0,0,0,0,0,0,0,0,0,0,0,0,0,0,0,0,0,0,0,0,0,0,0,0,0,0,0,0,0,0,0,0,0,0,0,0,0,0,0,0,0,0,0,0,0,0,0,0,0,0,0,0,0,0,0,0,0,0,0,0,0,0,0,0,0,0,0,0,0,0,0,0,0,0,0,0,0,0,0,0,0,0,0,0,0,0,0,0,0,0,0]
costo_por_agente [17,8,28,29,38,24,30,51,22,15,40,38,7,24,30,25,38,22,2,38,30,11,30,16,19,39,18,22,10,36,29,36,41,19,17,27,37,27,18,12,14,23,14,33,35,27,19,10,16,32,16,19,14,20,4,16,30,9,48,11,14,46,33,19,24,2,32,21,13,33,29,23,32,21,19,19,20,5,27,16,21,30,34,10,33,41,25,20,12,46,20,27,20,32,37,5,14,17,36,17,25,20,18,24,33,17,21,24,14,37,22,2,23,35,16,23,12,23,34,37,19,34,29,19,19,19,24,4,20,16,23,11,44,21,32,9,8,6,33,44,11,32,17,33,39,25,35,17,26,15]
completion_time_por_agente [18,9,29,30,39,25,31,52,23,16,41,39,8,25,31,26,40,23,3,39,31,12,31,17,20,40,19,23,11,37,30,37,42,20,19,30,40,28,19,13,16,24,15,35,36,29,20,11,17,33,17,20,15,23,5,17,31,10,49,12,15,47,35,20,25,3,33,22,14,34,31,24,34,22,20,20,21,6,28,17,22,32,35,11,34,42,26,21,13,48,21,28,21,33,38,6,15,18,37,18,26,21,19,25,34,18,22,27,15,38,23,3,24,36,17,24,13,26,35,38,22,35,32,20,20,20,27,5,21,17,24,12,46,22,33,10,9,7,34,45,12,33,18,34,40,26,36,18,27,17]
tiempo_ultimo_agente_goal 52
tiempo_en_acabar 52
tiempo_promedio 24.646667
agentes_en_goal 150
push_out_count 0
RUN 16
valores_ideales [0,0,0,0,0,0,0,0,0,0,0,0,0,0,0,0,0,0,0,0,0,0,0,0,0,0,0,0,0,0,0,0,0,0,0,0,0,0,0,0,0,0,0,0,0,0,0,0,0,0,0,0,0,0,0,0,0,0,0,0,0,0,0,0,0,0,0,0,0,0,0,0,0,0,0,0,0,0,0,0,0,0,0,0,0,0,0,0,0,0,0,0,0,0,0,0,0,0,0,0,0,0,0,0,0,0,0,0,0,0,0,0,0,0,0,0,0,0,0,0,0,0,0,0,0,0,0,0,0,0,0,0,0,0,0,0,0,0,0,0,0,0,0,0,0,0,0,0,0,0]
costo_por_agente [23,8,26,29,36,24,30,39,28,15,42,40,7,32,30,25,38,30,2,38,38,11,16,16,19,31,20,16,16,30,29,42,43,19,15,43,37,23,20,12,20,19,18,31,41,35,23,10,18,24,20,19,18,18,4,16,28,23,48,11,14,30,29,19,24,2,30,17,13,37,29,21,24,21,19,19,14,5,33,16,19,30,34,12,27,37,29,20,12,42,12,17,20,34,27,5,14,17,30,13,17,22,26,22,33,17,19,24,14,35,22,2,23,41,26,25,26,25,18,31,19,34,25,21,19,21,24,4,16,16,23,11,46,21,32,9,6,12,39,40,11,34,17,35,37,17,33,17,18,17]
completion_time_por_agente [24,9,27,30,37,26,31,40,30,16,43,41,8,33,31,26,39,31,3,39,39,12,17,17,20,32,21,17,17,31,30,43,44,20,16,45,38,24,21,13,21,20,19,33,42,36,25,11,19,25,21,20,19,19,5,17,29,24,49,12,15,31,30,20,25,3,31,18,14,38,30,22,25,22,20,20,15,6,35,17,21,31,35,13,28,38,30,21,13,43,13,18,21,35,28,6,15,18,31,14,18,24,27,23,34,18,21,25,15,36,23,3,25,42,28,26,27,26,19,32,20,35,26,23,20,22,25,5,17,17,24,12,47,22,33,10,7,13,40,41,12,35,18,37,38,18,34,18,19,18]
tiempo_ultimo_agente_goal 49
tiempo_en_acabar 49
tiempo_promedio 24.360001
agentes_en_goal 150
push_out_count 0
RUN 17
valores_ideales [0,0,0,0,0,0,0,0,0,0,0,0,0,0,0,0,0,0,0,0,0,0,0,0,0,0,0,0,0,0,0,0,0,0,0,0,0,0,0,0,0,0,0,0,0,0,0,0,0,0,0,0,0,0,0,0,0,0,0,0,0,0,0,0,0,0,0,0,0,0,0,0,0,0,0,0,0,0,0,0,0,0,0,0,0,0,0,0,0,0,0,0,0,0,0,0,0,0,0,0,0,0,0,0,0,0,0,0,0,0,0,0,0,0,0,0,0,0,0,0,0,0,0,0,0,0,0,0,0,0,0,0,0,0,0,0,0,0,0,0,0,0,0,0,0,0,0,0,0,0]
costo_por_agente [19,8,24,35,42,22,32,43,30,15,38,38,7,28,30,23,40,30,2,44,30,11,22,16,15,31,20,16,12,30,29,42,41,31,17,29,43,25,18,12,32,29,16,29,37,27,19,10,16,30,20,19,14,16,2,16,22,9,52,15,22,44,29,15,30,2,28,27,13,39,29,27,24,17,19,19,14,5,25,16,19,36,34,14,31,35,29,20,18,44,16,19,18,36,27,5,14,17,38,11,11,22,28,24,33,17,17,14,14,31,22,2,25,33,34,23,14,31,20,29,15,34,25,17,17,19,24,4,20,16,19,11,44,21,20,9,12,10,33,46,11,32,17,41,39,17,33,17,20,33]
completion_time_por_agente [20,9,25,36,43,23,33,44,31,17,39,39,8,29,31,24,41,31,3,45,31,12,23,17,16,32,21,17,13,31,30,43,42,32,18,30,44,26,19,13,33,31,18,30,38,28,20,11,17,31,21,20,15,17,3,17,23,10,53,16,23,45,30,16,31,3,29,28,14,40,30,28,25,18,20,20,15,6,26,17,20,37,36,15,32,36,30,21,19,45,17,20,19,37,28,6,15,18,39,12,12,23,30,25,34,18,18,15,15,32,23,3,26,35,35,24,16,33,22,31,16,35,26,18,18,20,25,5,21,17,20,12,45,22,21,10,13,12,34,48,12,33,18,43,40,18,34,19,22,34]
tiempo_ultimo_agente_goal 53
tiempo_en_acabar 53
tiempo_promedio 24.533333
agentes_en_goal 150
push_out_count 0
RUN 18
valores_ideales [0,0,0,0,0,0,0,0,0,0,0,0,0,0,0,0,0,0,0,0,0,0,0,0,0,0,0,0,0,0,0,0,0,0,0,0,0,0,0,0,0,0,0,0,0,0,0,0,0,0,0,0,0,0,0,0,0,0,0,0,0,0,0,0,0,0,0,0,0,0,0,0,0,0,0,0,0,0,0,0,0,0,0,0,0,0,0,0,0,0,0,0,0,0,0,0,0,0,0,0,0,0,0,0,0,0,0,0,0,0,0,0,0,0,0,0,0,0,0,0,0,0,0,0,0,0,0,0,0,0,0,0,0,0,0,0,0,0,0,0,0,0,0,0,0,0,0,0,0,0]
costo_por_agente [17,16,24,31,38,24,28,43,24,15,38,38,11,18,30,23,32,30,2,38,32,11,16,16,15,37,22,16,14,30,29,46,41,21,15,25,33,23,18,12,26,23,18,33,45,29,17,10,16,28,20,19,20,32,4,16,22,21,48,11,22,28,31,19,22,2,34,17,13,37,31,25,26,19,19,21,16,5,27,20,21,22,34,18,29,35,25,20,12,46,12,21,30,50,45,5,14,17,30,13,11,28,18,22,33,17,17,26,14,27,24,2,19,41,26,19,18,25,22,19,15,34,25,23,19,19,22,4,18,18,19,11,42,21,38,9,8,6,37,44,11,34,17,33,37,23,37,17,14,17]
completion_time_por_agente [18,18,25,32,39,25,29,44,25,16,39,39,12,19,31,24,33,31,3,39,33,12,17,17,16,38,23,17,15,31,30,47,43,22,16,26,35,24,19,13,27,24,19,34,46,31,18,11,17,29,21,20,21,33,5,17,23,22,49,12,23,29,32,20,23,3,35,18,14,38,32,26,27,20,20,22,17,6,29,21,22,23,35,19,30,36,26,21,13,47,13,23,31,51,46,6,15,18,31,14,12,29,19,23,34,18,18,27,15,29,25,3,20,43,27,20,19,26,23,20,16,35,26,24,20,20,24,5,19,19,21,12,43,22,39,10,9,7,38,45,12,35,18,34,38,24,39,18,15,18]
tiempo_ultimo_agente_goal 51
tiempo_en_acabar 51
tiempo_promedio 24.293333
agentes_en_goal 150
push_out_count 0
RUN 19
valores_ideales [0,0,0,0,0,0,0,0,0,0,0,0,0,0,0,0,0,0,0,0,0,0,0,0,0,0,0,0,0,0,0,0,0,0,0,0,0,0,0,0,0,0,0,0,0,0,0,0,0,0,0,0,0,0,0,0,0,0,0,0,0,0,0,0,0,0,0,0,0,0,0,0,0,0,0,0,0,0,0,0,0,0,0,0,0,0,0,0,0,0,0,0,0,0,0,0,0,0,0,0,0,0,0,0,0,0,0,0,0,0,0,0,0,0,0,0,0,0,0,0,0,0,0,0,0,0,0,0,0,0,0,0,0,0,0,0,0,0,0,0,0,0,0,0,0,0,0,0,0,0]
costo_por_agente [17,8,24,29,38,26,32,37,26,17,40,44,9,16,32,21,42,24,2,40,34,11,20,20,23,41,24,16,16,32,29,34,43,19,19,21,35,23,24,12,30,21,14,29,45,27,25,10,16,28,20,19,18,14,4,14,20,11,52,11,16,40,33,21,24,2,34,15,13,35,31,23,24,19,19,19,24,5,25,16,19,22,34,10,27,37,27,20,14,42,18,19,20,30,27,5,14,17,26,11,15,26,20,24,35,17,15,26,14,29,22,2,33,33,24,25,12,23,18,31,15,34,25,27,17,21,22,4,22,18,21,11,42,21,26,11,8,8,35,42,11,28,17,37,39,17,41,21,30,19]
completion_time_por_agente [18,9,25,30,40,27,33,39,27,18,41,45,10,17,33,22,43,25,3,41,35,12,21,21,24,42,25,17,17,33,30,36,44,20,21,22,37,24,25,13,31,22,15,31,46,28,26,11,17,29,21,20,19,15,5,15,22,12,53,12,18,41,35,22,25,3,35,16,14,36,32,24,25,20,20,20,25,6,27,17,20,23,35,11,28,38,28,21,16,43,19,20,21,32,29,6,15,18,27,13,16,27,22,25,36,18,16,27,15,30,23,3,34,34,25,26,13,25,19,33,17,35,26,28,18,22,23,5,23,19,23,12,43,22,27,12,9,9,36,43,12,29,18,38,40,18,42,22,31,21]
tiempo_ultimo_agente_goal 53
tiempo_en_acabar 53
tiempo_promedio 24.193333
agentes_en_goal 150
push_out_count 0
RUN 20
valores_ideales [0,0,0,0,0,0,0,0,0,0,0,0,0,0,0,0,0,0,0,0,0,0,0,0,0,0,0,0,0,0,0,0,0,0,0,0,0,0,0,0,0,0,0,0,0,0,0,0,0,0,0,0,0,0,0,0,0,0,0,0,0,0,0,0,0,0,0,0,0,0,0,0,0,0,0,0,0,0,0,0,0,0,0,0,0,0,0,0,0,0,0,0,0,0,0,0,0,0,0,0,0,0,0,0,0,0,0,0,0,0,0,0,0,0,0,0,0,0,0,0,0,0,0,0,0,0,0,0,0,0,0,0,0,0,0,0,0,0,0,0,0,0,0,0,0,0,0,0,0,0]
costo_por_agente [17,8,28,33,40,22,40,39,22,15,40,38,7,30,30,25,36,28,2,42,36,11,24,16,13,37,26,22,14,30,29,40,43,27,15,29,33,23,18,12,20,19,20,29,43,29,19,10,16,28,22,19,16,22,6,10,44,9,48,13,18,40,33,15,38,2,28,15,13,37,29,23,24,19,19,23,20,5,21,18,23,34,36,12,31,37,31,20,12,42,14,25,20,36,25,5,14,21,30,13,13,22,22,30,33,17,15,32,10,37,22,2,15,35,20,17,14,27,24,35,25,38,27,27,17,21,26,4,22,16,19,11,46,21,26,9,6,6,39,40,11,30,21,33,37,21,37,23,28,15]
completion_time_por_agente [18,9,29,34,41,23,41,40,24,16,41,40,8,31,31,26,37,29,3,43,37,12,25,17,15,38,27,23,15,31,30,41,45,30,16,30,35,24,19,13,21,21,21,30,44,30,21,11,17,29,25,20,17,25,7,11,45,10,49,14,19,41,34,16,39,3,29,16,14,41,30,24,25,20,20,25,21,6,23,19,25,35,38,13,32,38,32,21,13,43,15,26,22,37,27,6,15,22,31,14,14,23,24,32,34,18,16,34,11,40,23,3,16,36,21,18,15,29,27,37,27,39,28,28,18,22,27,5,23,17,21,12,47,22,28,10,7,7,40,41,12,31,22,35,38,23,39,24,29,16]
tiempo_ultimo_agente_goal 49
tiempo_en_acabar 49
tiempo_promedio 24.893333
agentes_en_goal 150
push_out_count 0
RUN 21
valores_ideales [0,0,0,0,0,0,0,0,0,0,0,0,0,0,0,0,0,0,0,0,0,0,0,0,0,0,0,0,0,0,0,0,0,0,0,0,0,0,0,0,0,0,0,0,0,0,0,0,0,0,0,0,0,0,0,0,0,0,0,0,0,0,0,0,0,0,0,0,0,0,0,0,0,0,0,0,0,0,0,0,0,0,0,0,0,0,0,0,0,0,0,0,0,0,0,0,0,0,0,0,0,0,0,0,0,0,0,0,0,0,0,0,0,0,0,0,0,0,0,0,0,0,0,0,0,0,0,0,0,0,0,0,0,0,0,0,0,0,0,0,0,0,0,0,0,0,0,0,0,0]
costo_por_agente [23,8,24,29,36,24,28,47,26,19,40,38,7,18,30,21,34,28,2,38,30,11,24,16,31,33,18,16,16,32,29,48,43,19,15,17,35,27,18,12,16,21,14,31,39,25,27,10,18,30,22,19,20,16,4,16,20,9,48,11,18,28,31,21,32,2,30,15,13,37,33,21,24,17,19,21,16,5,21,16,25,32,36,10,33,35,39,22,12,42,18,19,22,36,21,5,14,15,30,15,11,22,26,20,33,19,17,18,12,31,24,2,19,39,20,23,12,23,22,29,21,36,29,25,27,19,26,4,20,18,21,11,44,21,18,9,8,6,37,44,11,28,17,33,41,21,37,17,22,15]
completion_time_por_agente [24,9,25,30,37,25,30,48,27,20,41,39,8,19,31,22,37,29,3,39,31,12,25,17,32,34,19,17,17,33,30,49,44,20,16,18,36,28,19,13,17,22,15,33,40,26,28,11,19,31,23,20,21,17,5,17,21,10,49,12,19,29,32,22,33,3,31,16,14,38,34,22,25,18,20,22,17,6,22,17,27,33,37,11,34,36,40,23,13,43,19,21,23,37,22,6,15,16,31,16,12,23,27,22,34,20,18,19,13,32,25,3,21,40,21,26,13,24,23,30,22,37,30,26,28,20,27,5,21,19,22,12,45,22,19,10,9,7,38,45,12,29,18,34,42,22,41,18,24,16]
tiempo_ultimo_agente_goal 49
tiempo_en_acabar 49
tiempo_promedio 23.993334
agentes_en_goal 150
push_out_count 0
RUN 22
valores_ideales [0,0,0,0,0,0,0,0,0,0,0,0,0,0,0,0,0,0,0,0,0,0,0,0,0,0,0,0,0,0,0,0,0,0,0,0,0,0,0,0,0,0,0,0,0,0,0,0,0,0,0,0,0,0,0,0,0,0,0,0,0,0,0,0,0,0,0,0,0,0,0,0,0,0,0,0,0,0,0,0,0,0,0,0,0,0,0,0,0,0,0,0,0,0,0,0,0,0,0,0,0,0,0,0,0,0,0,0,0,0,0,0,0,0,0,0,0,0,0,0,0,0,0,0,0,0,0,0,0,0,0,0,0,0,0,0,0,0,0,0,0,0,0,0,0,0,0,0,0,0]
costo_por_agente [17,10,28,31,38,24,40,39,26,21,40,40,7,18,30,25,40,28,2,38,36,11,18,16,13,31,22,16,14,32,29,40,43,19,15,23,41,27,24,12,18,21,14,39,37,29,23,10,16,28,18,19,14,18,6,16,22,9,46,11,14,38,31,17,28,2,36,17,13,37,35,23,24,17,19,19,16,5,25,16,29,26,36,10,31,41,27,20,12,46,20,25,26,34,21,5,14,17,38,13,11,22,24,26,35,17,23,14,12,31,22,2,17,37,26,25,16,31,26,33,21,36,33,25,17,19,24,4,18,16,21,11,50,21,20,9,6,6,33,42,11,32,17,35,37,21,33,27,16,15]
completion_time_por_agente [19,11,29,32,41,25,41,40,27,22,41,41,8,19,31,26,41,29,3,40,37,12,20,17,15,32,23,17,15,34,30,41,44,20,16,24,43,28,25,13,19,22,15,42,38,30,25,11,17,29,19,20,15,19,7,17,24,10,47,12,15,39,33,18,29,3,38,18,14,38,36,24,25,18,20,20,18,6,27,17,32,28,37,11,32,42,28,21,13,47,21,26,27,35,23,6,15,18,39,14,12,23,25,27,36,18,24,17,13,33,23,3,18,38,28,27,17,34,29,34,22,37,35,26,18,20,25,5,20,17,22,12,51,22,22,10,7,7,34,43,12,33,18,36,38,22,34,28,17,16]
tiempo_ultimo_agente_goal 51
tiempo_en_acabar 51
tiempo_promedio 24.459999
agentes_en_goal 150
push_out_count 0
RUN 23
valores_ideales [0,0,0,0,0,0,0,0,0,0,0,0,0,0,0,0,0,0,0,0,0,0,0,0,0,0,0,0,0,0,0,0,0,0,0,0,0,0,0,0,0,0,0,0,0,0,0,0,0,0,0,0,0,0,0,0,0,0,0,0,0,0,0,0,0,0,0,0,0,0,0,0,0,0,0,0,0,0,0,0,0,0,0,0,0,0,0,0,0,0,0,0,0,0,0,0,0,0,0,0,0,0,0,0,0,0,0,0,0,0,0,0,0,0,0,0,0,0,0,0,0,0,0,0,0,0,0,0,0,0,0,0,0,0,0,0,0,0,0,0,0,0,0,0,0,0,0,0,0,0]
costo_por_agente [17,10,22,33,40,24,38,41,22,17,38,38,7,26,34,21,38,26,2,40,34,11,20,16,13,35,24,16,20,34,29,46,41,21,15,31,35,27,22,12,20,23,18,41,39,29,19,10,16,32,16,19,24,18,6,14,30,11,46,11,14,30,29,15,24,2,28,17,13,43,27,21,26,27,19,25,16,5,25,16,21,22,34,20,27,37,29,20,12,46,20,27,30,32,27,5,14,17,36,13,11,34,26,32,33,19,13,16,22,35,24,2,25,37,16,25,18,23,24,33,15,34,25,23,15,19,22,4,20,16,21,11,46,23,28,9,8,6,31,40,11,32,17,39,39,17,33,17,22,19]
completion_time_por_agente [18,11,23,34,42,25,40,42,23,18,39,39,8,27,35,22,40,28,3,41,35,12,21,17,15,36,25,17,21,35,30,47,42,22,16,32,38,28,23,13,21,24,19,42,41,30,20,11,17,33,17,20,25,19,7,16,31,12,47,12,15,31,30,16,27,3,29,18,14,44,28,22,27,28,20,26,17,6,26,17,22,24,35,21,28,38,30,21,13,47,21,28,31,33,28,6,15,18,37,14,12,35,27,34,34,20,15,17,23,36,25,3,26,38,17,27,19,25,25,35,16,35,26,25,16,20,24,5,21,17,22,12,47,24,29,10,9,7,32,41,12,34,18,40,40,18,34,18,23,20]
tiempo_ultimo_agente_goal 47
tiempo_en_acabar 47
tiempo_promedio 24.593334
agentes_en_goal 150
push_out_count 0
RUN 24
valores_ideales [0,0,0,0,0,0,0,0,0,0,0,0,0,0,0,0,0,0,0,0,0,0,0,0,0,0,0,0,0,0,0,0,0,0,0,0,0,0,0,0,0,0,0,0,0,0,0,0,0,0,0,0,0,0,0,0,0,0,0,0,0,0,0,0,0,0,0,0,0,0,0,0,0,0,0,0,0,0,0,0,0,0,0,0,0,0,0,0,0,0,0,0,0,0,0,0,0,0,0,0,0,0,0,0,0,0,0,0,0,0,0,0,0,0,0,0,0,0,0,0,0,0,0,0,0,0,0,0,0,0,0,0,0,0,0,0,0,0,0,0,0,0,0,0,0,0,0,0,0,0]
costo_por_agente [21,8,24,29,42,22,34,37,26,19,38,38,9,16,30,21,42,40,2,40,34,11,14,16,19,45,20,22,12,30,29,48,45,21,19,29,41,27,18,12,18,19,14,37,43,27,21,10,16,30,20,19,22,34,4,16,30,9,50,11,14,38,31,17,38,2,32,15,13,37,31,21,24,17,19,19,16,5,29,18,21,20,34,10,29,37,29,20,14,42,16,29,18,38,33,5,14,19,32,13,13,22,36,22,33,17,13,14,10,31,22,2,27,35,20,19,12,23,20,29,15,36,33,17,19,19,22,4,16,16,25,11,44,21,22,9,10,6,33,40,11,28,17,33,39,25,35,17,22,23]
completion_time_por_agente [22,9,25,30,43,23,35,39,27,20,39,39,10,17,31,22,43,41,3,41,35,12,15,17,20,47,21,23,13,32,30,49,46,22,20,30,42,28,19,13,19,20,15,39,44,28,22,11,17,32,21,20,23,35,5,17,31,10,51,12,15,39,32,18,40,3,33,16,14,38,32,22,25,18,20,20,17,6,30,19,23,21,36,11,30,38,30,21,15,43,17,30,19,39,34,6,15,20,33,14,14,23,38,23,34,18,16,15,11,32,23,3,28,37,21,21,13,24,21,30,16,37,34,18,20,20,24,5,17,17,26,12,45,22,23,10,11,7,34,41,12,29,18,34,40,26,37,18,24,24]
tiempo_ultimo_agente_goal 51
tiempo_en_acabar 51
tiempo_promedio 24.420000
agentes_en_goal 150
push_out_count 0
RUN 25
valores_ideales [0,0,0,0,0,0,0,0,0,0,0,0,0,0,0,0,0,0,0,0,0,0,0,0,0,0,0,0,0,0,0,0,0,0,0,0,0,0,0,0,0,0,0,0,0,0,0,0,0,0,0,0,0,0,0,0,0,0,0,0,0,0,0,0,0,0,0,0,0,0,0,0,0,0,0,0,0,0,0,0,0,0,0,0,0,0,0,0,0,0,0,0,0,0,0,0,0,0,0,0,0,0,0,0,0,0,0,0,0,0,0,0,0,0,0,0,0,0,0,0,0,0,0,0,0,0,0,0,0,0,0,0,0,0,0,0,0,0,0,0,0,0,0,0,0,0,0,0,0,0]
costo_por_agente [17,8,24,31,42,24,28,37,26,15,46,40,7,34,30,25,34,30,2,42,34,11,16,16,19,35,18,18,10,30,29,50,47,29,23,29,39,25,20,12,20,19,18,33,49,27,27,10,16,34,20,19,14,28,4,18,22,11,50,11,14,36,35,23,22,2,32,15,13,47,35,23,24,17,21,21,14,5,33,20,19,22,34,10,27,37,27,20,12,44,18,21,22,36,33,7,14,19,32,13,17,24,24,22,33,17,13,18,14,29,24,2,25,39,24,23,12,33,26,29,19,36,25,23,25,19,24,4,22,16,25,11,50,21,20,9,8,6,35,48,11,30,19,37,37,25,33,21,28,15]
completion_time_por_agente [18,9,25,32,45,26,29,39,28,16,47,41,8,36,31,26,35,31,3,43,35,12,17,17,22,36,19,19,11,31,30,51,49,30,25,31,42,26,22,13,21,20,19,34,50,29,29,11,17,36,21,20,15,29,5,19,23,12,51,12,15,37,36,24,23,3,33,16,14,49,37,24,25,18,22,22,15,6,34,21,21,23,35,11,28,38,28,21,13,45,21,22,23,37,34,8,15,20,33,14,18,25,25,23,34,18,14,20,15,30,25,3,27,40,26,24,13,36,27,32,20,37,27,24,26,20,25,5,23,17,26,12,51,22,21,10,9,7,36,49,12,31,20,38,38,26,34,22,29,16]
tiempo_ultimo_agente_goal 51
tiempo_en_acabar 51
tiempo_promedio 25.006666
agentes_en_goal 150
push_out_count 0
RUN 26
valores_ideales [0,0,0,0,0,0,0,0,0,0,0,0,0,0,0,0,0,0,0,0,0,0,0,0,0,0,0,0,0,0,0,0,0,0,0,0,0,0,0,0,0,0,0,0,0,0,0,0,0,0,0,0,0,0,0,0,0,0,0,0,0,0,0,0,0,0,0,0,0,0,0,0,0,0,0,0,0,0,0,0,0,0,0,0,0,0,0,0,0,0,0,0,0,0,0,0,0,0,0,0,0,0,0,0,0,0,0,0,0,0,0,0,0,0,0,0,0,0,0,0,0,0,0,0,0,0,0,0,0,0,0,0,0,0,0,0,0,0,0,0,0,0,0,0,0,0,0,0,0,0]
costo_por_agente [17,8,22,31,36,22,30,49,24,17,38,50,7,30,32,21,42,26,2,42,34,11,24,16,23,33,24,16,12,32,29,42,43,35,19,23,41,29,18,12,18,27,16,29,45,27,29,10,16,28,24,19,14,16,4,16,20,11,48,13,14,30,35,19,42,2,30,17,13,37,27,21,24,19,19,19,16,5,33,16,21,40,38,16,29,35,25,20,12,42,20,23,20,32,33,5,14,17,32,17,11,22,26,22,33,17,17,16,14,27,22,2,17,43,38,19,14,25,18,21,15,34,27,17,17,21,24,4,16,16,25,11,42,21,28,9,8,6,37,40,11,40,17,33,41,21,35,19,14,15]
completion_time_por_agente [19,9,23,32,37,23,31,50,26,18,39,51,8,31,33,22,43,27,3,43,35,12,26,17,24,34,25,17,13,33,30,43,44,36,20,25,42,30,19,13,19,29,17,30,46,28,31,11,17,30,25,20,15,17,5,17,21,12,49,14,15,31,36,20,44,3,31,18,14,40,28,22,25,20,20,20,17,6,34,17,22,41,39,17,30,36,26,21,13,43,21,24,21,33,34,6,15,18,33,18,12,23,27,23,34,18,18,18,15,28,23,3,18,44,39,20,16,28,19,23,16,35,28,18,18,22,25,5,17,17,26,12,43,22,30,10,9,7,38,42,12,41,18,34,42,22,36,20,15,16]
tiempo_ultimo_agente_goal 51
tiempo_en_acabar 51
tiempo_promedio 24.506666
agentes_en_goal 150
push_out_count 0
RUN 27
valores_ideales [0,0,0,0,0,0,0,0,0,0,0,0,0,0,0,0,0,0,0,0,0,0,0,0,0,0,0,0,0,0,0,0,0,0,0,0,0,0,0,0,0,0,0,0,0,0,0,0,0,0,0,0,0,0,0,0,0,0,0,0,0,0,0,0,0,0,0,0,0,0,0,0,0,0,0,0,0,0,0,0,0,0,0,0,0,0,0,0,0,0,0,0,0,0,0,0,0,0,0,0,0,0,0,0,0,0,0,0,0,0,0,0,0,0,0,0,0,0,0,0,0,0,0,0,0,0,0,0,0,0,0,0,0,0,0,0,0,0,0,0,0,0,0,0,0,0,0,0,0,0]
costo_por_agente [17,10,28,29,42,22,28,35,32,15,38,38,7,16,32,21,38,30,2,40,28,11,26,16,15,33,20,22,16,30,29,42,41,19,17,29,37,29,18,12,16,19,20,29,39,27,19,10,16,26,26,19,14,28,4,16,30,11,46,11,14,28,35,19,34,2,30,15,13,37,29,21,24,19,19,19,16,5,23,16,19,28,34,12,27,35,27,20,12,44,16,41,20,32,25,5,14,17,36,15,13,22,34,20,33,17,19,26,10,35,22,2,29,33,28,23,14,23,18,21,15,38,29,27,15,21,28,4,20,16,31,11,48,21,22,9,6,6,37,40,11,38,17,37,39,27,33,17,18,15]
completion_time_por_agente [18,11,29,30,43,23,29,37,35,16,39,39,8,17,33,22,39,32,3,41,29,12,27,17,16,34,21,23,18,31,30,43,42,20,18,30,39,31,19,13,17,20,21,31,40,28,20,11,17,27,28,20,15,29,5,17,31,12,47,12,15,29,36,20,35,3,31,16,14,38,30,22,25,20,20,20,17,6,25,17,20,29,35,13,28,36,28,21,13,45,17,42,21,33,26,6,15,18,37,16,14,23,36,21,34,18,20,29,11,36,23,3,31,36,30,25,16,25,19,24,16,39,30,28,16,22,30,5,21,17,32,12,49,22,23,10,7,7,38,41,12,40,18,38,40,29,34,19,19,16]
tiempo_ultimo_agente_goal 49
tiempo_en_acabar 49
tiempo_promedio 24.313334
agentes_en_goal 150
push_out_count 0
RUN 28
valores_ideales [0,0,0,0,0,0,0,0,0,0,0,0,0,0,0,0,0,0,0,0,0,0,0,0,0,0,0,0,0,0,0,0,0,0,0,0,0,0,0,0,0,0,0,0,0,0,0,0,0,0,0,0,0,0,0,0,0,0,0,0,0,0,0,0,0,0,0,0,0,0,0,0,0,0,0,0,0,0,0,0,0,0,0,0,0,0,0,0,0,0,0,0,0,0,0,0,0,0,0,0,0,0,0,0,0,0,0,0,0,0,0,0,0,0,0,0,0,0,0,0,0,0,0,0,0,0,0,0,0,0,0,0,0,0,0,0,0,0,0,0,0,0,0,0,0,0,0,0,0,0]
costo_por_agente [17,8,26,29,42,22,32,43,26,17,38,40,9,22,30,21,42,36,2,38,32,11,14,16,19,41,20,16,14,32,29,40,41,31,21,23,33,23,18,12,22,23,20,41,39,27,27,10,16,38,18,19,14,20,2,12,20,9,50,11,16,32,31,19,36,2,28,17,13,41,41,21,24,17,19,19,14,5,31,18,21,24,34,12,27,39,29,20,12,42,14,15,20,32,29,5,14,15,36,11,15,22,32,22,33,17,15,20,14,27,22,2,21,37,34,23,12,25,20,21,19,38,27,17,19,19,32,4,22,16,23,17,42,21,24,9,8,6,33,42,11,26,17,33,39,23,37,19,14,19]
completion_time_por_agente [18,9,27,30,43,23,35,45,27,18,39,41,10,25,31,22,43,37,3,39,33,12,15,17,20,42,21,17,15,33,30,41,42,33,22,25,35,24,19,13,23,25,21,43,40,28,29,11,17,39,19,20,15,21,3,13,21,10,51,12,17,33,32,20,38,3,29,18,14,42,42,22,25,18,20,20,15,6,32,19,22,25,35,13,28,40,30,21,13,43,15,16,21,33,30,6,15,16,37,12,16,23,34,23,34,18,16,21,15,29,23,3,22,38,35,24,13,27,22,22,20,39,28,18,20,20,33,5,23,17,24,18,43,22,25,10,9,7,34,43,12,27,18,34,40,25,38,20,15,21]
tiempo_ultimo_agente_goal 51
tiempo_en_acabar 51
tiempo_promedio 24.246666
agentes_en_goal 150
push_out_count 0
RUN 29
valores_ideales [0,0,0,0,0,0,0,0,0,0,0,0,0,0,0,0,0,0,0,0,0,0,0,0,0,0,0,0,0,0,0,0,0,0,0,0,0,0,0,0,0,0,0,0,0,0,0,0,0,0,0,0,0,0,0,0,0,0,0,0,0,0,0,0,0,0,0,0,0,0,0,0,0,0,0,0,0,0,0,0,0,0,0,0,0,0,0,0,0,0,0,0,0,0,0,0,0,0,0,0,0,0,0,0,0,0,0,0,0,0,0,0,0,0,0,0,0,0,0,0,0,0,0,0,0,0,0,0,0,0,0,0,0,0,0,0,0,0,0,0,0,0,0,0,0,0,0,0,0,0]
costo_por_agente [19,16,24,29,38,24,42,37,26,25,38,38,9,34,30,21,38,30,2,40,40,11,16,16,23,33,18,16,14,30,29,42,41,25,21,33,33,25,22,12,24,25,20,31,39,29,33,10,16,24,24,19,14,22,2,12,18,11,46,13,14,36,29,17,32,2,32,17,13,33,29,25,24,17,19,19,16,5,21,16,25,32,42,14,25,35,27,20,12,42,24,15,32,32,27,5,14,17,36,15,19,20,20,22,33,17,19,32,14,37,22,2,21,35,18,37,12,23,18,39,23,34,25,31,21,21,24,4,16,16,21,11,48,21,34,13,6,8,37,46,11,30,17,39,37,27,33,19,34,17]
completion_time_por_agente [20,18,25,30,39,25,43,39,27,26,39,39,10,35,31,22,39,31,3,42,41,12,17,17,24,34,19,17,15,31,30,43,42,26,22,34,36,26,23,13,25,26,21,32,40,30,35,11,17,25,25,20,15,24,3,13,19,12,47,14,15,37,30,18,34,3,33,18,14,34,30,26,25,18,20,20,17,6,22,17,26,33,44,15,26,36,28,21,13,43,25,16,34,33,28,6,15,18,37,16,20,21,22,23,34,18,20,34,15,38,23,3,22,36,19,38,13,24,19,40,24,35,26,33,22,22,25,5,17,17,22,12,51,22,35,14,7,9,38,47,12,31,18,42,38,28,34,21,36,18]
tiempo_ultimo_agente_goal 51
tiempo_en_acabar 51
tiempo_promedio 25.013334
agentes_en_goal 150
push_out_count 0
RUN 30
valores_ideales [0,0,0,0,0,0,0,0,0,0,0,0,0,0,0,0,0,0,0,0,0,0,0,0,0,0,0,0,0,0,0,0,0,0,0,0,0,0,0,0,0,0,0,0,0,0,0,0,0,0,0,0,0,0,0,0,0,0,0,0,0,0,0,0,0,0,0,0,0,0,0,0,0,0,0,0,0,0,0,0,0,0,0,0,0,0,0,0,0,0,0,0,0,0,0,0,0,0,0,0,0,0,0,0,0,0,0,0,0,0,0,0,0,0,0,0,0,0,0,0,0,0,0,0,0,0,0,0,0,0,0,0,0,0,0,0,0,0,0,0,0,0,0,0,0,0,0,0,0,0]
costo_por_agente [27,16,24,37,38,22,32,41,30,15,44,42,7,18,30,21,38,34,2,38,38,11,16,16,13,33,22,22,16,32,29,40,41,25,23,27,31,27,18,12,18,23,16,31,43,27,19,10,16,26,20,19,16,24,2,12,22,11,50,11,16,28,29,19,30,2,30,17,13,31,27,21,24,17,19,19,20,5,25,18,35,22,36,18,31,47,27,20,12,42,22,27,24,42,29,5,14,17,30,13,11,24,16,26,33,17,11,36,14,35,28,2,17,33,20,21,16,29,20,29,17,36,25,25,15,19,22,4,16,16,19,11,48,23,24,9,8,6,35,42,11,28,17,35,39,23,37,17,16,17]
completion_time_por_agente [28,18,25,38,39,25,33,42,31,16,45,43,8,19,31,22,39,35,3,39,39,12,17,17,15,34,23,23,17,33,30,41,42,26,24,28,33,28,19,13,19,24,18,32,44,28,21,11,17,27,21,20,17,26,3,13,23,12,51,12,17,29,30,20,31,3,31,18,14,33,28,22,25,18,20,21,21,6,26,19,36,24,37,19,32,48,28,21,13,43,23,28,25,43,31,6,15,18,32,14,12,26,18,27,34,18,13,38,15,36,29,3,18,34,21,24,17,30,21,31,19,37,26,26,16,20,24,5,17,17,21,12,50,24,25,10,9,7,36,43,12,30,18,36,40,24,38,18,17,18]
tiempo_ultimo_agente_goal 51
tiempo_en_acabar 51
tiempo_promedio 24.400000
agentes_en_goal 150
push_out_count 0
RUN 31
valores_ideales [0,0,0,0,0,0,0,0,0,0,0,0,0,0,0,0,0,0,0,0,0,0,0,0,0,0,0,0,0,0,0,0,0,0,0,0,0,0,0,0,0,0,0,0,0,0,0,0,0,0,0,0,0,0,0,0,0,0,0,0,0,0,0,0,0,0,0,0,0,0,0,0,0,0,0,0,0,0,0,0,0,0,0,0,0,0,0,0,0,0,0,0,0,0,0,0,0,0,0,0,0,0,0,0,0,0,0,0,0,0,0,0,0,0,0,0,0,0,0,0,0,0,0,0,0,0,0,0,0,0,0,0,0,0,0,0,0,0,0,0,0,0,0,0,0,0,0,0,0,0]
costo_por_agente [17,8,26,31,42,24,30,43,24,23,38,38,11,16,30,23,32,30,2,38,34,11,24,16,23,37,18,16,16,32,29,40,41,39,23,29,35,23,18,12,18,19,14,41,41,29,17,10,16,28,24,19,14,16,4,16,26,9,48,11,14,30,31,21,22,2,30,15,13,31,27,23,24,19,19,19,16,5,21,20,19,36,42,12,27,37,25,20,12,44,20,15,34,36,33,5,14,17,36,15,13,22,24,22,37,17,13,30,14,29,22,2,21,37,18,33,12,23,28,29,15,38,27,21,15,19,26,4,24,16,25,11,42,21,32,9,6,8,41,40,11,42,17,35,41,27,35,17,14,15]
completion_time_por_agente [18,9,27,32,45,26,31,44,25,25,39,39,12,17,31,24,33,31,3,39,35,12,26,17,24,38,19,17,18,33,30,41,42,41,24,30,37,24,19,13,19,21,15,42,42,31,18,11,17,29,25,20,15,17,5,17,27,10,49,12,15,31,32,22,24,3,31,16,14,32,28,24,25,20,20,21,17,6,22,21,20,37,44,13,28,38,26,21,13,45,21,16,36,37,34,6,15,18,37,17,14,23,27,23,38,18,15,31,15,31,23,3,23,38,20,34,13,24,30,30,16,39,29,22,16,20,27,5,25,17,26,12,44,22,33,10,7,9,42,41,12,44,18,36,42,28,36,19,15,16]
tiempo_ultimo_agente_goal 49
tiempo_en_acabar 49
tiempo_promedio 24.526667
agentes_en_goal 150
push_out_count 0
RUN 32
valores_ideales [0,0,0,0,0,0,0,0,0,0,0,0,0,0,0,0,0,0,0,0,0,0,0,0,0,0,0,0,0,0,0,0,0,0,0,0,0,0,0,0,0,0,0,0,0,0,0,0,0,0,0,0,0,0,0,0,0,0,0,0,0,0,0,0,0,0,0,0,0,0,0,0,0,0,0,0,0,0,0,0,0,0,0,0,0,0,0,0,0,0,0,0,0,0,0,0,0,0,0,0,0,0,0,0,0,0,0,0,0,0,0,0,0,0,0,0,0,0,0,0,0,0,0,0,0,0,0,0,0,0,0,0,0,0,0,0,0,0,0,0,0,0,0,0,0,0,0,0,0,0]
costo_por_agente [17,14,26,29,38,24,36,37,26,17,40,38,9,30,32,23,42,26,2,40,34,11,20,16,17,41,18,16,20,32,29,44,41,23,29,39,39,29,18,12,14,19,16,31,37,25,19,10,18,32,16,19,14,16,4,16,36,11,46,11,14,30,29,21,28,2,32,17,13,31,27,21,24,17,19,19,16,5,29,16,19,32,38,12,27,39,35,20,12,42,24,21,20,32,35,5,14,19,32,11,11,22,26,22,33,17,11,34,14,35,22,2,15,39,18,35,12,25,18,33,23,38,31,17,23,21,22,4,20,18,21,11,46,21,24,11,8,6,37,40,11,32,17,35,43,19,37,17,20,23]
completion_time_por_agente [18,16,27,30,40,25,37,38,27,19,41,39,10,32,33,24,43,27,3,41,35,12,21,17,18,42,19,17,21,33,30,46,42,25,31,41,42,30,19,13,15,20,17,33,38,26,21,11,19,35,17,20,15,17,5,17,37,12,47,12,15,32,32,22,29,3,33,18,14,33,28,22,25,18,20,20,17,6,30,17,21,33,39,13,28,42,36,21,13,43,25,22,21,33,37,6,15,20,33,12,12,23,27,23,34,18,13,35,15,36,23,3,16,41,19,36,13,26,19,35,24,39,32,18,24,22,23,5,21,19,22,12,47,22,26,12,9,7,38,41,12,33,18,36,44,20,39,18,23,24]
tiempo_ultimo_agente_goal 47
tiempo_en_acabar 47
tiempo_promedio 24.680000
agentes_en_goal 150
push_out_count 0
RUN 33
valores_ideales [0,0,0,0,0,0,0,0,0,0,0,0,0,0,0,0,0,0,0,0,0,0,0,0,0,0,0,0,0,0,0,0,0,0,0,0,0,0,0,0,0,0,0,0,0,0,0,0,0,0,0,0,0,0,0,0,0,0,0,0,0,0,0,0,0,0,0,0,0,0,0,0,0,0,0,0,0,0,0,0,0,0,0,0,0,0,0,0,0,0,0,0,0,0,0,0,0,0,0,0,0,0,0,0,0,0,0,0,0,0,0,0,0,0,0,0,0,0,0,0,0,0,0,0,0,0,0,0,0,0,0,0,0,0,0,0,0,0,0,0,0,0,0,0,0,0,0,0,0,0]
costo_por_agente [19,8,26,29,40,22,30,45,24,33,40,46,7,36,34,23,36,26,2,40,30,11,22,16,21,33,22,16,12,30,29,46,41,19,15,27,37,27,18,12,20,21,20,33,43,27,17,10,16,28,20,19,16,24,4,18,18,13,46,11,14,28,29,19,36,2,30,19,13,37,33,21,26,21,19,21,14,5,23,24,23,32,36,12,31,41,27,20,12,44,14,15,32,38,31,7,14,17,38,15,11,20,18,24,33,17,13,22,12,35,24,2,17,35,30,29,16,27,24,25,15,34,25,23,15,19,22,4,16,16,27,11,42,21,24,9,8,6,31,40,11,30,17,37,39,19,33,19,14,15]
completion_time_por_agente [20,9,27,30,41,23,31,48,25,36,41,47,8,37,35,24,38,27,3,41,31,12,23,17,22,34,23,17,13,31,30,47,42,21,16,28,38,28,19,13,21,22,21,34,44,29,18,11,17,29,21,20,17,25,5,19,19,14,47,12,15,29,30,20,38,3,31,20,14,38,36,22,27,22,20,22,15,6,25,25,25,33,38,13,32,42,28,21,13,45,15,16,34,39,32,8,15,18,39,16,12,21,19,25,34,18,15,23,13,36,25,3,18,36,31,30,17,30,25,27,16,36,26,25,16,20,24,5,17,17,28,12,43,22,26,10,9,7,32,41,12,31,18,38,40,20,34,21,15,16]
tiempo_ultimo_agente_goal 48
tiempo_en_acabar 48
tiempo_promedio 24.373333
agentes_en_goal 150
push_out_count 0
RUN 34
valores_ideales [0,0,0,0,0,0,0,0,0,0,0,0,0,0,0,0,0,0,0,0,0,0,0,0,0,0,0,0,0,0,0,0,0,0,0,0,0,0,0,0,0,0,0,0,0,0,0,0,0,0,0,0,0,0,0,0,0,0,0,0,0,0,0,0,0,0,0,0,0,0,0,0,0,0,0,0,0,0,0,0,0,0,0,0,0,0,0,0,0,0,0,0,0,0,0,0,0,0,0,0,0,0,0,0,0,0,0,0,0,0,0,0,0,0,0,0,0,0,0,0,0,0,0,0,0,0,0,0,0,0,0,0,0,0,0,0,0,0,0,0,0,0,0,0,0,0,0,0,0,0]
costo_por_agente [17,8,22,29,36,24,34,45,30,17,38,38,7,36,30,29,34,36,2,38,32,11,14,16,17,31,18,16,10,30,29,44,41,19,15,31,39,23,18,12,22,19,22,35,39,25,19,10,16,32,16,19,14,14,6,16,24,9,48,11,14,32,31,17,38,2,32,15,13,31,29,23,24,19,19,19,16,5,21,16,25,30,38,14,27,39,33,20,12,44,16,15,30,38,33,5,14,17,28,11,11,32,32,26,37,17,11,22,14,33,22,2,17,37,22,25,12,23,18,21,19,34,35,17,19,21,26,4,20,18,23,11,42,21,28,9,8,6,51,42,11,30,17,33,43,19,37,17,20,19]
completion_time_por_agente [19,9,23,30,37,25,35,46,31,18,39,40,8,38,31,30,35,37,3,39,33,12,15,17,18,34,19,17,11,31,30,45,42,20,16,32,40,24,19,13,24,20,23,37,40,26,20,11,17,33,17,20,15,15,7,17,26,10,49,12,15,33,32,18,40,3,33,16,14,33,31,24,25,20,20,20,17,6,23,17,26,32,39,15,28,40,34,21,13,46,17,17,31,39,34,6,15,18,29,12,12,33,34,27,38,18,12,24,15,35,23,3,18,38,23,26,13,24,19,24,20,36,36,18,20,22,27,5,21,19,24,12,43,22,29,10,9,7,52,43,12,31,18,34,44,20,38,18,21,20]
tiempo_ultimo_agente_goal 52
tiempo_en_acabar 52
tiempo_promedio 24.280001
agentes_en_goal 150
push_out_count 0
RUN 35
valores_ideales [0,0,0,0,0,0,0,0,0,0,0,0,0,0,0,0,0,0,0,0,0,0,0,0,0,0,0,0,0,0,0,0,0,0,0,0,0,0,0,0,0,0,0,0,0,0,0,0,0,0,0,0,0,0,0,0,0,0,0,0,0,0,0,0,0,0,0,0,0,0,0,0,0,0,0,0,0,0,0,0,0,0,0,0,0,0,0,0,0,0,0,0,0,0,0,0,0,0,0,0,0,0,0,0,0,0,0,0,0,0,0,0,0,0,0,0,0,0,0,0,0,0,0,0,0,0,0,0,0,0,0,0,0,0,0,0,0,0,0,0,0,0,0,0,0,0,0,0,0,0]
costo_por_agente [19,8,24,31,40,26,30,39,36,19,42,40,7,18,32,23,36,32,2,38,36,11,26,16,15,37,20,16,14,30,29,38,43,21,23,25,35,23,20,12,28,19,16,35,43,25,33,10,16,24,20,19,14,14,4,12,22,11,50,11,14,28,31,21,38,2,32,17,13,35,29,21,24,23,19,29,14,5,27,16,19,32,36,18,29,33,27,20,12,42,14,21,26,36,23,5,14,17,30,13,11,22,26,22,33,17,17,12,14,27,22,2,17,35,18,21,12,25,28,25,15,36,33,17,19,19,22,4,20,18,27,11,44,21,20,9,6,6,37,40,11,36,17,35,37,17,39,19,26,19]
completion_time_por_agente [20,9,25,32,41,28,31,40,37,20,43,41,8,19,33,24,38,33,3,39,37,12,27,17,16,38,21,17,15,31,30,39,44,22,25,26,37,24,21,13,30,20,17,37,44,26,34,11,17,25,22,20,15,15,5,13,23,12,51,12,15,29,32,22,39,3,33,18,14,36,30,22,25,24,20,30,15,6,28,17,20,33,37,19,30,34,28,21,13,43,15,23,27,37,25,6,15,18,31,14,12,23,29,24,34,18,18,14,15,29,23,3,18,36,19,22,13,26,31,27,16,37,34,18,20,20,23,5,22,19,28,12,45,22,21,10,7,7,38,41,12,38,18,36,38,18,40,21,27,22]
tiempo_ultimo_agente_goal 51
tiempo_en_acabar 51
tiempo_promedio 24.139999
agentes_en_goal 150
push_out_count 0
RUN 36
valores_ideales [0,0,0,0,0,0,0,0,0,0,0,0,0,0,0,0,0,0,0,0,0,0,0,0,0,0,0,0,0,0,0,0,0,0,0,0,0,0,0,0,0,0,0,0,0,0,0,0,0,0,0,0,0,0,0,0,0,0,0,0,0,0,0,0,0,0,0,0,0,0,0,0,0,0,0,0,0,0,0,0,0,0,0,0,0,0,0,0,0,0,0,0,0,0,0,0,0,0,0,0,0,0,0,0,0,0,0,0,0,0,0,0,0,0,0,0,0,0,0,0,0,0,0,0,0,0,0,0,0,0,0,0,0,0,0,0,0,0,0,0,0,0,0,0,0,0,0,0,0,0]
costo_por_agente [17,8,28,29,38,22,44,45,22,15,42,42,7,16,30,25,40,24,2,40,28,11,34,16,15,37,20,18,14,34,31,46,41,29,15,41,35,23,18,12,24,19,14,29,43,25,25,10,16,28,30,19,14,18,6,16,30,15,50,11,14,30,31,19,22,2,32,17,13,35,27,23,26,25,19,21,14,5,35,18,21,32,34,14,29,39,29,20,12,44,16,23,20,42,27,5,14,17,30,13,13,24,34,26,35,17,17,20,14,29,24,2,19,43,20,33,18,31,18,23,15,34,29,19,21,21,26,4,18,18,23,11,44,21,26,9,8,6,33,42,11,40,17,37,41,17,37,19,30,15]
completion_time_por_agente [18,9,29,30,39,23,45,46,23,16,43,43,8,17,31,26,41,26,3,41,29,12,35,17,16,38,21,19,15,35,32,48,42,31,16,42,37,24,19,13,25,20,15,30,44,26,26,11,17,29,31,20,15,19,7,17,31,16,51,12,15,31,33,20,24,3,33,18,14,36,28,24,27,26,20,22,15,6,37,19,23,33,35,15,30,40,31,21,13,45,17,24,21,43,28,6,15,18,31,14,14,25,35,27,36,18,18,22,15,31,25,3,20,44,21,34,19,32,19,26,18,35,30,20,22,22,27,5,19,19,24,12,45,22,28,10,9,7,35,43,12,41,18,38,42,18,38,20,32,16]
tiempo_ultimo_agente_goal 51
tiempo_en_acabar 51
tiempo_promedio 24.833334
agentes_en_goal 150
push_out_count 0
RUN 37
valores_ideales [0,0,0,0,0,0,0,0,0,0,0,0,0,0,0,0,0,0,0,0,0,0,0,0,0,0,0,0,0,0,0,0,0,0,0,0,0,0,0,0,0,0,0,0,0,0,0,0,0,0,0,0,0,0,0,0,0,0,0,0,0,0,0,0,0,0,0,0,0,0,0,0,0,0,0,0,0,0,0,0,0,0,0,0,0,0,0,0,0,0,0,0,0,0,0,0,0,0,0,0,0,0,0,0,0,0,0,0,0,0,0,0,0,0,0,0,0,0,0,0,0,0,0,0,0,0,0,0,0,0,0,0,0,0,0,0,0,0,0,0,0,0,0,0,0,0,0,0,0,0]
costo_por_agente [31,24,24,37,38,22,34,45,30,25,40,38,9,30,30,21,50,30,2,40,30,11,16,20,19,35,24,22,18,32,29,34,45,21,21,23,37,23,18,12,20,23,14,33,39,27,17,10,16,36,18,19,14,22,2,16,20,9,54,11,14,32,33,19,32,2,32,15,13,37,37,23,24,19,19,21,16,5,27,18,31,38,38,10,27,37,33,22,12,46,18,17,22,34,27,5,14,15,26,13,11,30,20,26,37,17,11,20,28,29,24,2,15,37,18,25,12,25,22,41,15,38,29,23,25,19,26,4,18,16,23,11,44,21,20,9,8,6,31,40,11,36,17,35,39,21,33,19,26,15]
completion_time_por_agente [32,25,25,38,39,25,35,46,31,26,41,39,10,32,31,22,51,31,3,41,31,12,17,22,20,36,25,23,19,33,30,35,46,22,23,24,39,24,19,13,21,24,15,34,40,29,18,11,17,37,19,20,15,23,3,17,22,10,55,12,15,33,34,20,33,3,33,16,14,38,39,24,25,20,20,22,17,6,28,19,34,39,39,11,28,38,34,23,13,47,19,19,23,35,28,6,15,16,27,14,12,31,22,28,38,18,13,21,29,32,25,3,16,38,19,26,13,26,24,42,16,39,30,24,26,20,27,5,19,17,24,12,45,22,21,10,9,7,32,41,12,38,18,36,40,22,34,21,27,16]
tiempo_ultimo_agente_goal 55
tiempo_en_acabar 55
tiempo_promedio 24.873333
agentes_en_goal 150
push_out_count 0
RUN 38
valores_ideales [0,0,0,0,0,0,0,0,0,0,0,0,0,0,0,0,0,0,0,0,0,0,0,0,0,0,0,0,0,0,0,0,0,0,0,0,0,0,0,0,0,0,0,0,0,0,0,0,0,0,0,0,0,0,0,0,0,0,0,0,0,0,0,0,0,0,0,0,0,0,0,0,0,0,0,0,0,0,0,0,0,0,0,0,0,0,0,0,0,0,0,0,0,0,0,0,0,0,0,0,0,0,0,0,0,0,0,0,0,0,0,0,0,0,0,0,0,0,0,0,0,0,0,0,0,0,0,0,0,0,0,0,0,0,0,0,0,0,0,0,0,0,0,0,0,0,0,0,0,0]
costo_por_agente [29,8,24,29,38,24,32,45,36,23,38,38,7,16,30,21,38,26,2,38,34,11,16,16,13,51,22,16,12,34,29,44,41,29,17,35,37,23,18,12,24,19,22,31,39,27,27,10,16,38,26,19,14,24,4,16,44,9,54,11,14,38,29,19,32,2,30,17,13,35,29,27,24,17,19,19,20,5,25,16,23,30,34,12,27,37,41,20,12,42,14,31,18,42,25,5,14,17,32,13,13,28,30,22,33,17,17,24,12,27,22,2,23,37,20,17,16,37,22,21,15,42,25,17,17,19,28,4,16,16,19,11,52,21,28,9,6,6,39,42,11,26,17,33,41,27,33,19,16,17]
completion_time_por_agente [31,9,25,30,39,25,33,46,37,24,39,39,8,17,31,22,39,28,3,39,35,12,17,17,14,52,23,17,13,36,30,45,42,30,18,36,39,24,19,13,25,20,23,33,40,28,28,11,17,39,27,20,15,25,5,17,45,10,55,12,15,39,30,20,33,3,31,18,14,37,31,28,25,18,20,20,22,6,28,17,25,31,35,13,28,38,42,21,13,43,15,33,19,43,27,6,15,18,33,14,14,29,31,24,34,18,18,25,13,28,23,3,24,38,21,18,17,38,23,22,16,43,26,18,18,20,29,5,17,17,21,12,53,22,29,10,7,7,40,43,12,27,18,34,42,28,34,20,17,20]
tiempo_ultimo_agente_goal 55
tiempo_en_acabar 55
tiempo_promedio 24.826666
agentes_en_goal 150
push_out_count 0
RUN 39
valores_ideales [0,0,0,0,0,0,0,0,0,0,0,0,0,0,0,0,0,0,0,0,0,0,0,0,0,0,0,0,0,0,0,0,0,0,0,0,0,0,0,0,0,0,0,0,0,0,0,0,0,0,0,0,0,0,0,0,0,0,0,0,0,0,0,0,0,0,0,0,0,0,0,0,0,0,0,0,0,0,0,0,0,0,0,0,0,0,0,0,0,0,0,0,0,0,0,0,0,0,0,0,0,0,0,0,0,0,0,0,0,0,0,0,0,0,0,0,0,0,0,0,0,0,0,0,0,0,0,0,0,0,0,0,0,0,0,0,0,0,0,0,0,0,0,0,0,0,0,0,0,0]
costo_por_agente [17,8,30,31,38,22,30,39,24,19,38,38,13,16,34,25,32,34,2,40,32,11,14,16,17,33,20,16,12,30,29,42,41,17,17,25,33,27,18,12,16,19,14,33,41,27,23,10,16,32,18,19,18,16,4,16,32,9,46,11,14,28,29,19,32,2,30,21,13,33,29,21,26,23,19,19,14,5,21,22,23,20,34,12,31,43,35,20,12,44,20,19,20,36,27,5,14,17,32,13,25,32,18,24,33,17,19,20,16,35,22,2,23,39,20,31,16,23,18,29,17,38,25,27,17,21,24,4,16,16,27,11,44,21,24,11,12,6,33,48,15,34,17,33,39,19,33,19,14,19]
completion_time_por_agente [19,9,31,32,39,23,31,40,25,20,39,39,14,17,35,26,33,35,3,41,33,12,15,17,18,34,21,17,13,31,30,44,42,18,18,26,34,28,19,13,17,20,15,34,42,28,24,11,17,33,19,20,20,17,5,17,33,10,47,12,15,29,30,20,34,3,32,22,14,34,30,22,27,24,20,20,15,6,22,23,25,21,35,13,32,44,36,21,13,45,21,21,21,37,28,6,15,18,34,14,27,33,19,25,34,18,20,21,17,36,23,3,24,40,21,33,17,24,19,30,18,39,26,28,18,22,26,5,17,17,28,12,45,22,25,12,13,7,34,49,16,36,18,34,40,20,34,21,15,20]
tiempo_ultimo_agente_goal 49
tiempo_en_acabar 49
tiempo_promedio 24.120001
agentes_en_goal 150
push_out_count 0
