RUN 0
valores_ideales [30,38,8,22,10,19,36,10,15,15,35,26,32,15,32,22,31,21,38,25,28,3,33,46,42,9,23,22,8,7,17,18,25,23,16,14,27,33,16,20,31,28,17,30,5,15,23,19,2,35]
costo_por_agente [62,38,8,22,10,21,54,10,15,15,43,26,56,15,42,34,31,69,54,65,94,3,33,46,46,9,23,56,10,7,19,18,25,33,16,16,27,53,16,20,43,28,17,52,89,15,59,23,2,37]
completion_time_por_agente [102,50,9,28,10,23,88,10,15,15,54,26,86,15,55,60,31,127,80,113,176,3,37,48,65,10,24,107,10,7,21,18,25,42,16,17,27,80,16,22,70,28,17,81,172,15,115,29,2,41]
tiempo_ultimo_agente_goal 176
tiempo_en_acabar 176
tiempo_promedio 46.759998
agentes_en_goal 50
bad_good_total_rate_pred [49624,60413,110037,0.5]
push_out_count 86124
RUN 1
valores_ideales [30,38,8,22,10,19,36,10,15,15,35,26,32,15,32,22,31,21,38,25,28,3,33,46,42,9,23,22,8,7,17,18,25,23,16,14,27,33,16,20,31,28,17,30,5,15,23,19,2,35]
costo_por_agente [52,44,14,38,10,23,38,10,15,15,39,28,76,15,52,80,31,79,46,69,46,3,65,46,52,9,23,76,8,7,17,18,25,83,16,18,27,37,16,20,71,28,17,64,67,15,77,19,2,49]
completion_time_por_agente [96,56,20,50,14,25,51,10,16,15,51,31,115,15,86,153,31,154,73,131,77,3,121,48,85,10,23,137,10,7,17,18,25,136,16,19,28,50,16,20,128,28,17,114,136,15,145,22,2,84]
tiempo_ultimo_agente_goal 154
tiempo_en_acabar 154
tiempo_promedio 55.000000
agentes_en_goal 50
bad_good_total_rate_pred [63200,65789,128989,0.5]
push_out_count 86364
RUN 2
valores_ideales [30,38,8,22,10,19,36,10,15,15,35,26,32,15,32,22,31,21,38,25,28,3,33,46,42,9,23,22,8,7,17,18,25,23,16,14,27,33,16,20,31,28,17,30,5,15,23,19,2,35]
costo_por_agente [74,44,8,78,10,31,54,10,15,15,49,26,52,15,44,76,31,69,40,49,62,3,35,48,46,9,23,64,10,7,19,18,25,65,16,16,27,37,16,20,63,28,17,56,65,15,65,19,2,39]
completion_time_por_agente [130,69,9,135,10,49,104,10,15,15,84,26,102,16,85,135,31,134,63,97,114,3,40,67,63,9,24,115,13,7,21,18,25,112,16,17,29,46,16,22,110,28,17,93,110,15,127,19,2,51]
tiempo_ultimo_agente_goal 135
tiempo_en_acabar 135
tiempo_promedio 53.360001
agentes_en_goal 50
bad_good_total_rate_pred [62478,62829,125307,0.5]
push_out_count 86597
RUN 3
valores_ideales [30,38,8,22,10,19,36,10,15,15,35,26,32,15,32,22,31,21,38,25,28,3,33,46,42,9,23,22,8,7,17,18,25,23,16,14,27,33,16,20,31,28,17,30,5,15,23,19,2,35]
costo_por_agente [38,52,8,68,10,35,36,10,15,15,37,26,66,15,46,54,31,67,44,57,70,3,47,48,48,9,23,68,10,7,19,18,25,39,16,16,27,35,16,28,47,28,17,50,69,15,63,23,2,37]
completion_time_por_agente [61,83,9,107,11,58,41,10,15,15,44,26,115,16,82,93,31,125,64,96,128,3,61,54,63,10,24,117,12,7,22,18,25,64,16,17,28,39,17,40,79,28,17,88,117,15,113,29,2,52]
tiempo_ultimo_agente_goal 128
tiempo_en_acabar 128
tiempo_promedio 48.139999
agentes_en_goal 50
bad_good_total_rate_pred [56096,56655,112751,0.5]
push_out_count 86776
RUN 4
valores_ideales [30,38,8,22,10,19,36,10,15,15,35,26,32,15,32,22,31,21,38,25,28,3,33,46,42,9,23,22,8,7,17,18,25,23,16,14,27,33,16,20,31,28,17,30,5,15,23,19,2,35]
costo_por_agente [62,40,8,60,10,75,44,10,15,15,45,26,48,15,44,26,31,71,40,69,60,3,37,46,48,9,23,68,8,7,19,18,25,53,16,16,27,37,16,20,47,28,17,60,59,15,63,21,2,55]
completion_time_por_agente [101,50,9,95,10,127,55,10,15,15,62,26,73,16,72,36,31,132,53,127,113,3,45,53,67,9,24,115,10,7,21,18,25,83,21,19,27,46,17,22,69,28,17,104,116,15,127,26,2,93]
tiempo_ultimo_agente_goal 132
tiempo_en_acabar 132
tiempo_promedio 49.139999
agentes_en_goal 50
bad_good_total_rate_pred [59592,56191,115783,0.5]
push_out_count 86976
RUN 5
valores_ideales [30,38,8,22,10,19,36,10,15,15,35,26,32,15,32,22,31,21,38,25,28,3,33,46,42,9,23,22,8,7,17,18,25,23,16,14,27,33,16,20,31,28,17,30,5,15,23,19,2,35]
costo_por_agente [56,54,10,60,10,53,52,10,15,15,45,26,62,15,46,74,31,81,42,69,70,3,53,46,44,9,23,56,8,7,19,18,25,75,16,16,27,75,16,22,43,28,17,66,83,15,55,19,2,39]
completion_time_por_agente [103,97,12,88,10,103,89,10,15,15,65,26,106,16,82,149,31,146,55,130,138,3,73,57,47,9,24,107,12,7,22,18,25,139,16,19,28,127,17,25,65,28,17,99,143,15,102,19,2,59]
tiempo_ultimo_agente_goal 149
tiempo_en_acabar 149
tiempo_promedio 56.200001
agentes_en_goal 50
bad_good_total_rate_pred [70124,62399,132523,0.5]
push_out_count 87220
RUN 6
valores_ideales [30,38,8,22,10,19,36,10,15,15,35,26,32,15,32,22,31,21,38,25,28,3,33,46,42,9,23,22,8,7,17,18,25,23,16,14,27,33,16,20,31,28,17,30,5,15,23,19,2,35]
costo_por_agente [44,68,8,42,10,41,38,10,15,15,53,26,38,15,50,78,31,71,54,77,72,3,33,48,56,9,23,66,10,7,19,18,25,31,16,16,27,37,16,20,67,28,17,60,63,15,43,19,2,65]
completion_time_por_agente [70,108,9,63,10,58,46,10,15,15,74,26,61,16,85,151,31,134,76,136,125,3,33,55,83,10,24,121,14,7,22,18,25,41,16,19,28,50,16,20,129,28,17,87,133,15,78,19,2,125]
tiempo_ultimo_agente_goal 151
tiempo_en_acabar 151
tiempo_promedio 51.139999
agentes_en_goal 50
bad_good_total_rate_pred [58915,61314,120229,0.5]
push_out_count 87417
RUN 7
valores_ideales [30,38,8,22,10,19,36,10,15,15,35,26,32,15,32,22,31,21,38,25,28,3,33,46,42,9,23,22,8,7,17,18,25,23,16,14,27,33,16,20,31,28,17,30,5,15,23,19,2,35]
costo_por_agente [56,38,8,88,10,45,46,10,15,15,37,26,40,15,36,68,31,75,38,63,64,3,35,46,54,9,23,66,10,7,19,18,33,63,16,16,27,43,16,20,63,28,17,70,73,15,53,21,2,35]
completion_time_por_agente [93,51,10,145,10,85,75,10,15,15,41,28,57,16,45,142,31,148,47,128,85,3,37,52,80,9,24,127,14,7,20,18,42,109,17,19,27,59,17,24,109,28,17,128,138,15,101,28,2,35]
tiempo_ultimo_agente_goal 148
tiempo_en_acabar 148
tiempo_promedio 51.660000
agentes_en_goal 50
bad_good_total_rate_pred [59522,61787,121309,0.5]
push_out_count 87648
RUN 8
valores_ideales [30,38,8,22,10,19,36,10,15,15,35,26,32,15,32,22,31,21,38,25,28,3,33,46,42,9,23,22,8,7,17,18,25,23,16,14,27,33,16,20,31,28,17,30,5,15,23,19,2,35]
costo_por_agente [38,38,10,28,10,49,58,10,15,15,35,26,60,15,38,68,31,65,40,31,38,3,41,46,64,9,23,58,8,7,27,18,25,53,16,16,33,43,16,20,45,28,17,58,57,15,59,23,2,41]
completion_time_por_agente [53,48,11,40,11,82,90,10,15,15,37,26,89,15,52,113,31,117,52,63,57,3,50,50,99,9,24,108,13,7,43,18,25,95,16,19,42,65,16,27,69,28,17,98,107,15,107,31,2,55]
tiempo_ultimo_agente_goal 117
tiempo_en_acabar 117
tiempo_promedio 45.700001
agentes_en_goal 50
bad_good_total_rate_pred [49553,57785,107338,0.5]
push_out_count 87825
RUN 9
valores_ideales [30,38,8,22,10,19,36,10,15,15,35,26,32,15,32,22,31,21,38,25,28,3,33,46,42,9,23,22,8,7,17,18,25,23,16,14,27,33,16,20,31,28,17,30,5,15,23,19,2,35]
costo_por_agente [68,70,8,70,10,49,48,10,15,15,35,26,62,15,50,74,31,75,54,71,76,3,45,46,50,9,23,76,8,7,19,18,25,73,16,16,27,33,16,20,49,28,17,64,71,15,67,19,2,67]
completion_time_por_agente [95,132,9,132,10,89,83,10,15,16,38,26,110,15,87,129,31,135,76,127,150,3,59,52,67,9,24,145,8,7,21,18,25,120,16,17,28,34,16,24,90,28,17,115,150,15,123,19,2,121]
tiempo_ultimo_agente_goal 150
tiempo_en_acabar 150
tiempo_promedio 57.759998
agentes_en_goal 50
bad_good_total_rate_pred [69610,65071,134681,0.5]
push_out_count 88060
RUN 10
valores_ideales [30,38,8,22,10,19,36,10,15,15,35,26,32,15,32,22,31,21,38,25,28,3,33,46,42,9,23,22,8,7,17,18,25,23,16,14,27,33,16,20,31,28,17,30,5,15,23,19,2,35]
costo_por_agente [60,44,8,52,10,47,42,10,15,15,53,26,48,15,54,84,31,59,42,51,54,3,33,48,44,9,23,60,8,7,19,18,25,63,16,16,27,35,16,20,45,28,17,52,59,15,57,19,2,47]
completion_time_por_agente [76,64,9,73,10,86,53,10,15,15,72,29,80,15,87,135,31,102,53,88,107,3,33,63,50,9,28,116,8,7,20,18,25,113,16,17,28,45,16,21,71,28,17,98,116,15,101,19,2,73]
tiempo_ultimo_agente_goal 135
tiempo_en_acabar 135
tiempo_promedio 47.720001
agentes_en_goal 50
bad_good_total_rate_pred [58579,53653,112232,0.5]
push_out_count 88226
RUN 11
valores_ideales [30,38,8,22,10,19,36,10,15,15,35,26,32,15,32,22,31,21,38,25,28,3,33,46,42,9,23,22,8,7,17,18,25,23,16,14,27,33,16,20,31,28,17,30,5,15,23,19,2,35]
costo_por_agente [60,48,8,66,10,43,48,10,15,15,43,26,54,15,44,66,31,63,48,59,46,3,33,46,42,9,23,62,8,7,19,18,25,65,16,16,27,39,16,20,59,28,17,62,41,15,49,19,2,39]
completion_time_por_agente [98,73,9,107,10,81,77,10,15,15,69,26,95,15,61,99,31,107,63,99,80,3,36,50,46,10,24,106,10,7,21,18,25,117,16,19,27,48,16,22,94,28,17,103,81,15,97,21,2,64]
tiempo_ultimo_agente_goal 117
tiempo_en_acabar 117
tiempo_promedio 47.660000
agentes_en_goal 50
bad_good_total_rate_pred [57175,54847,112022,0.5]
push_out_count 88404
RUN 12
valores_ideales [30,38,8,22,10,19,36,10,15,15,35,26,32,15,32,22,31,21,38,25,28,3,33,46,42,9,23,22,8,7,17,18,25,23,16,14,27,33,16,20,31,28,17,30,5,15,23,19,2,35]
costo_por_agente [76,48,10,82,10,45,36,10,15,15,51,26,68,15,52,26,31,75,50,71,64,3,41,46,44,9,23,76,8,7,19,18,25,65,16,16,31,53,16,20,45,28,17,66,57,15,67,21,2,57]
completion_time_por_agente [139,75,11,148,11,71,40,10,15,15,75,26,135,16,88,36,31,146,71,126,120,3,51,49,57,10,24,137,10,7,20,18,25,119,17,19,38,93,16,22,70,28,17,104,125,15,127,24,2,97]
tiempo_ultimo_agente_goal 148
tiempo_en_acabar 148
tiempo_promedio 54.980000
agentes_en_goal 50
bad_good_total_rate_pred [64210,63800,128010,0.5]
push_out_count 88629
RUN 13
valores_ideales [30,38,8,22,10,19,36,10,15,15,35,26,32,15,32,22,31,21,38,25,28,3,33,46,42,9,23,22,8,7,17,18,25,23,16,14,27,33,16,20,31,28,17,30,5,15,23,19,2,35]
costo_por_agente [56,48,8,66,10,35,44,10,15,15,59,26,42,15,52,24,31,63,58,59,66,3,33,46,42,9,23,64,8,7,19,18,25,77,16,16,27,39,16,20,49,28,17,54,59,15,57,19,2,47]
completion_time_por_agente [85,74,9,102,11,63,60,10,16,15,99,26,67,15,72,29,31,114,101,113,109,3,33,50,47,9,24,120,8,7,21,18,25,130,18,19,28,47,16,20,84,28,17,88,108,15,108,22,2,71]
tiempo_ultimo_agente_goal 130
tiempo_en_acabar 130
tiempo_promedio 48.139999
agentes_en_goal 50
bad_good_total_rate_pred [58984,53645,112629,0.5]
push_out_count 88808
RUN 14
valores_ideales [30,38,8,22,10,19,36,10,15,15,35,26,32,15,32,22,31,21,38,25,28,3,33,46,42,9,23,22,8,7,17,18,25,23,16,14,27,33,16,20,31,28,17,30,5,15,23,19,2,35]
costo_por_agente [88,56,10,72,10,103,60,10,15,15,43,26,62,15,60,102,31,97,40,83,74,3,45,46,58,9,23,82,14,7,19,18,25,27,16,18,27,55,16,20,81,28,17,78,71,15,85,21,2,35]
completion_time_por_agente [159,96,11,129,11,169,99,10,15,15,58,28,117,16,114,194,31,193,49,155,139,3,65,59,93,9,23,158,26,7,21,18,25,37,16,19,27,86,16,22,124,28,17,141,165,15,151,24,2,53]
tiempo_ultimo_agente_goal 194
tiempo_en_acabar 194
tiempo_promedio 65.160004
agentes_en_goal 50
bad_good_total_rate_pred [74896,77989,152885,0.5]
push_out_count 89126
RUN 15
valores_ideales [30,38,8,22,10,19,36,10,15,15,35,26,32,15,32,22,31,21,38,25,28,3,33,46,42,9,23,22,8,7,17,18,25,23,16,14,27,33,16,20,31,28,17,30,5,15,23,19,2,35]
costo_por_agente [60,54,8,32,10,77,44,10,15,15,37,26,60,15,64,84,31,79,44,87,78,3,39,46,44,9,23,54,8,7,19,18,25,77,16,16,27,61,16,22,75,28,17,58,95,15,81,19,2,45]
completion_time_por_agente [100,86,9,48,10,141,57,10,15,15,46,26,119,15,124,171,31,159,73,171,152,3,50,48,52,9,24,112,12,7,22,18,25,159,16,17,28,97,16,25,139,28,17,107,159,15,147,19,2,70]
tiempo_ultimo_agente_goal 171
tiempo_en_acabar 171
tiempo_promedio 60.419998
agentes_en_goal 50
bad_good_total_rate_pred [69265,72298,141563,0.5]
push_out_count 89419
RUN 16
valores_ideales [30,38,8,22,10,19,36,10,15,15,35,26,32,15,32,22,31,21,38,25,28,3,33,46,42,9,23,22,8,7,17,18,25,23,16,14,27,33,16,20,31,28,17,30,5,15,23,19,2,35]
costo_por_agente [66,48,8,98,10,21,78,10,15,15,95,26,60,15,68,84,31,95,48,87,102,3,39,46,76,9,23,84,8,7,19,18,25,41,16,16,27,37,16,20,55,28,17,76,95,15,75,19,2,65]
completion_time_por_agente [119,66,9,178,10,22,120,10,15,15,166,26,97,16,130,172,31,178,79,167,174,3,45,53,146,9,24,158,8,7,21,18,25,63,16,19,29,57,16,20,99,28,17,149,179,15,162,19,2,100]
tiempo_ultimo_agente_goal 179
tiempo_en_acabar 179
tiempo_promedio 66.139999
agentes_en_goal 50
bad_good_total_rate_pred [78300,75483,153783,0.5]
push_out_count 89741
RUN 17
valores_ideales [30,38,8,22,10,19,36,10,15,15,35,26,32,15,32,22,31,21,38,25,28,3,33,46,42,9,23,22,8,7,17,18,25,23,16,14,27,33,16,20,31,28,17,30,5,15,23,19,2,35]
costo_por_agente [64,48,8,82,10,67,50,10,15,15,57,26,56,15,34,60,31,67,54,63,70,3,39,48,44,9,23,64,8,7,19,18,25,73,16,16,27,33,16,20,31,28,17,54,77,15,73,39,2,79]
completion_time_por_agente [105,72,9,141,10,132,78,10,15,15,106,26,80,15,54,111,31,121,80,113,137,3,47,63,46,9,24,136,10,7,20,18,25,146,21,17,27,34,16,22,37,28,17,96,142,15,124,68,2,131]
tiempo_ultimo_agente_goal 146
tiempo_en_acabar 146
tiempo_promedio 56.240002
agentes_en_goal 50
bad_good_total_rate_pred [68529,63939,132468,0.5]
push_out_count 89955
RUN 18
valores_ideales [30,38,8,22,10,19,36,10,15,15,35,26,32,15,32,22,31,21,38,25,28,3,33,46,42,9,23,22,8,7,17,18,25,23,16,14,27,33,16,20,31,28,17,30,5,15,23,19,2,35]
costo_por_agente [76,72,8,70,10,35,84,10,15,15,37,26,58,15,76,100,31,77,54,91,88,3,53,50,60,9,23,76,8,7,19,18,27,71,16,16,27,41,16,20,49,28,17,80,75,15,85,19,2,49]
completion_time_por_agente [127,131,10,127,10,57,146,10,15,15,44,26,107,15,147,190,31,157,88,176,163,3,75,59,101,9,24,146,9,7,20,18,29,123,17,19,28,55,17,21,84,28,17,130,146,15,146,22,2,74]
tiempo_ultimo_agente_goal 190
tiempo_en_acabar 190
tiempo_promedio 64.720001
agentes_en_goal 50
bad_good_total_rate_pred [80986,71110,152096,0.5]
push_out_count 90263
RUN 19
valores_ideales [30,38,8,22,10,19,36,10,15,15,35,26,32,15,32,22,31,21,38,25,28,3,33,46,42,9,23,22,8,7,17,18,25,23,16,14,27,33,16,20,31,28,17,30,5,15,23,19,2,35]
costo_por_agente [64,38,8,24,10,23,44,10,15,15,41,26,56,15,36,88,31,57,42,77,60,3,83,46,46,9,23,72,8,7,19,18,25,67,16,16,27,45,16,20,51,34,17,68,75,17,75,19,2,39]
completion_time_por_agente [118,54,9,38,11,28,66,10,16,15,51,29,95,16,59,144,31,109,59,138,103,3,139,50,63,10,24,136,12,7,21,18,25,131,16,19,28,56,17,20,89,42,17,117,144,22,149,22,2,50]
tiempo_ultimo_agente_goal 149
tiempo_en_acabar 149
tiempo_promedio 52.959999
agentes_en_goal 50
bad_good_total_rate_pred [64245,59898,124143,0.5]
push_out_count 90465
RUN 20
valores_ideales [30,38,8,22,10,19,36,10,15,15,35,26,32,15,32,22,31,21,38,25,28,3,33,46,42,9,23,22,8,7,17,18,25,23,16,14,27,33,16,20,31,28,17,30,5,15,23,19,2,35]
costo_por_agente [66,74,8,82,10,57,54,10,15,15,39,28,40,15,54,74,31,79,42,67,84,3,49,46,44,9,23,80,8,7,19,18,25,61,16,16,27,33,16,20,61,28,17,66,73,15,61,19,2,63]
completion_time_por_agente [111,129,10,128,11,89,88,10,15,15,50,31,72,15,89,139,31,145,62,122,160,3,65,55,54,10,24,160,8,7,21,18,25,133,19,19,28,40,16,20,95,28,17,114,136,15,120,22,2,100]
tiempo_ultimo_agente_goal 160
tiempo_en_acabar 160
tiempo_promedio 57.919998
agentes_en_goal 50
bad_good_total_rate_pred [67479,68584,136063,0.5]
push_out_count 90733
RUN 21
valores_ideales [30,38,8,22,10,19,36,10,15,15,35,26,32,15,32,22,31,21,38,25,28,3,33,46,42,9,23,22,8,7,17,18,25,23,16,14,27,33,16,20,31,28,17,30,5,15,23,19,2,35]
costo_por_agente [40,62,8,74,10,25,38,10,15,15,47,26,58,15,58,46,31,75,46,63,68,3,69,46,44,9,23,56,8,7,17,18,25,75,16,16,27,45,16,102,67,28,17,66,61,15,47,19,2,53]
completion_time_por_agente [75,108,9,116,10,38,53,10,15,15,69,26,117,16,109,69,31,125,71,118,135,3,106,50,57,9,24,112,8,7,17,18,25,148,17,17,28,63,16,150,124,28,17,121,126,15,85,19,2,88]
tiempo_ultimo_agente_goal 150
tiempo_en_acabar 150
tiempo_promedio 56.700001
agentes_en_goal 50
bad_good_total_rate_pred [66483,65418,131901,0.5]
push_out_count 90972
RUN 22
valores_ideales [30,38,8,22,10,19,36,10,15,15,35,26,32,15,32,22,31,21,38,25,28,3,33,46,42,9,23,22,8,7,17,18,25,23,16,14,27,33,16,20,31,28,17,30,5,15,23,19,2,35]
costo_por_agente [50,46,8,40,10,45,36,10,15,15,35,26,54,15,34,62,31,57,52,57,50,3,35,46,44,9,23,48,8,7,19,18,25,51,16,16,27,39,16,20,37,28,17,46,55,15,53,21,2,35]
completion_time_por_agente [80,67,10,53,10,79,39,10,15,15,41,26,80,15,43,109,31,104,76,97,67,3,40,48,55,9,24,84,8,7,20,18,25,90,16,19,28,51,16,21,45,28,17,73,95,16,99,23,2,39]
tiempo_ultimo_agente_goal 109
tiempo_en_acabar 109
tiempo_promedio 41.720001
agentes_en_goal 50
bad_good_total_rate_pred [45193,52253,97446,0.5]
push_out_count 91099
RUN 23
valores_ideales [30,38,8,22,10,19,36,10,15,15,35,26,32,15,32,22,31,21,38,25,28,3,33,46,42,9,23,22,8,7,17,18,25,23,16,14,27,33,16,20,31,28,17,30,5,15,23,19,2,35]
costo_por_agente [50,58,8,58,10,23,44,10,15,15,37,28,48,15,34,52,31,61,46,63,60,3,35,48,42,9,23,56,8,7,19,18,25,45,16,16,27,41,16,20,49,28,17,60,51,15,55,19,2,35]
completion_time_por_agente [87,88,12,99,10,27,63,10,15,15,49,33,86,15,51,105,31,116,76,115,127,3,36,60,52,10,24,108,10,7,19,18,25,83,16,19,28,59,16,24,75,28,17,102,118,15,105,19,2,47]
tiempo_ultimo_agente_goal 127
tiempo_en_acabar 127
tiempo_promedio 47.500000
agentes_en_goal 50
bad_good_total_rate_pred [56774,54812,111586,0.5]
push_out_count 91278
RUN 24
valores_ideales [30,38,8,22,10,19,36,10,15,15,35,26,32,15,32,22,31,21,38,25,28,3,33,46,42,9,23,22,8,7,17,18,25,23,16,14,27,33,16,20,31,28,17,30,5,15,23,19,2,35]
costo_por_agente [76,64,8,100,10,97,60,10,15,15,43,26,72,15,70,40,31,85,60,69,84,3,89,46,48,9,23,90,8,7,19,18,25,31,16,16,27,41,16,20,77,28,17,84,73,15,95,19,2,45]
completion_time_por_agente [154,110,9,183,11,180,97,10,15,15,71,26,117,15,103,48,31,171,94,155,169,3,161,54,68,10,24,173,8,7,21,18,25,42,16,19,28,51,16,20,133,28,17,126,165,15,178,21,2,63]
tiempo_ultimo_agente_goal 183
tiempo_en_acabar 183
tiempo_promedio 65.919998
agentes_en_goal 50
bad_good_total_rate_pred [76147,77978,154125,0.5]
push_out_count 91594
RUN 25
valores_ideales [30,38,8,22,10,19,36,10,15,15,35,26,32,15,32,22,31,21,38,25,28,3,33,46,42,9,23,22,8,7,17,18,25,23,16,14,27,33,16,20,31,28,17,30,5,15,23,19,2,35]
costo_por_agente [56,44,8,56,12,23,44,10,15,15,49,26,50,15,38,56,31,61,50,57,66,3,47,48,52,9,23,52,12,7,19,18,25,59,16,16,27,39,16,20,43,28,17,58,37,15,45,19,2,47]
completion_time_por_agente [100,59,9,96,13,23,64,10,15,15,64,26,80,15,52,97,31,109,79,100,113,3,66,57,69,9,24,96,17,7,21,18,25,107,17,17,28,52,16,20,60,28,17,88,77,15,80,19,2,63]
tiempo_ultimo_agente_goal 113
tiempo_en_acabar 113
tiempo_promedio 45.759998
agentes_en_goal 50
bad_good_total_rate_pred [56538,51102,107640,0.5]
push_out_count 91743
RUN 26
valores_ideales [30,38,8,22,10,19,36,10,15,15,35,26,32,15,32,22,31,21,38,25,28,3,33,46,42,9,23,22,8,7,17,18,25,23,16,14,27,33,16,20,31,28,17,30,5,15,23,19,2,35]
costo_por_agente [88,40,8,80,10,25,50,10,15,15,59,26,68,15,84,88,31,85,46,69,94,3,33,46,42,9,23,76,8,7,19,18,25,39,16,16,29,67,16,20,71,28,17,64,65,15,81,19,2,65]
completion_time_por_agente [158,56,9,132,10,34,89,10,15,15,108,26,134,15,149,161,31,155,71,137,167,3,35,51,47,10,25,150,8,7,20,18,25,53,16,17,34,105,16,21,116,28,17,112,133,15,155,19,2,118]
tiempo_ultimo_agente_goal 167
tiempo_en_acabar 167
tiempo_promedio 61.160000
agentes_en_goal 50
bad_good_total_rate_pred [71009,72294,143303,0.5]
push_out_count 92061
RUN 27
valores_ideales [30,38,8,22,10,19,36,10,15,15,35,26,32,15,32,22,31,21,38,25,28,3,33,46,42,9,23,22,8,7,17,18,25,23,16,14,27,33,16,20,31,28,17,30,5,15,23,19,2,35]
costo_por_agente [66,40,8,70,10,21,48,10,15,15,41,26,52,15,62,68,31,79,62,57,78,3,35,46,48,9,23,64,8,7,19,18,25,29,16,16,27,33,16,20,59,28,17,52,77,15,51,19,2,55]
completion_time_por_agente [120,55,9,128,11,26,68,10,15,15,56,26,84,15,105,117,31,134,102,103,139,3,38,54,64,10,24,124,8,7,22,18,25,40,16,17,29,35,16,20,109,28,17,88,126,15,92,20,2,92]
tiempo_ultimo_agente_goal 139
tiempo_en_acabar 139
tiempo_promedio 50.560001
agentes_en_goal 50
bad_good_total_rate_pred [60355,58960,119315,0.5]
push_out_count 92272
RUN 28
valores_ideales [30,38,8,22,10,19,36,10,15,15,35,26,32,15,32,22,31,21,38,25,28,3,33,46,42,9,23,22,8,7,17,18,25,23,16,14,27,33,16,20,31,28,17,30,5,15,23,19,2,35]
costo_por_agente [74,44,8,90,10,97,46,10,15,15,39,26,74,15,48,90,31,85,42,95,58,3,35,46,44,9,23,66,8,7,19,18,25,75,16,16,27,41,16,20,79,28,17,54,73,15,63,19,2,35]
completion_time_por_agente [125,68,9,156,11,160,65,10,15,15,43,26,127,15,72,151,31,174,61,170,100,3,35,49,50,9,24,121,8,7,21,18,25,140,16,17,28,64,16,24,141,28,17,86,141,15,126,19,2,35]
tiempo_ultimo_agente_goal 174
tiempo_en_acabar 174
tiempo_promedio 57.779999
agentes_en_goal 50
bad_good_total_rate_pred [66863,69227,136090,0.5]
push_out_count 92534
RUN 29
valores_ideales [30,38,8,22,10,19,36,10,15,15,35,26,32,15,32,22,31,21,38,25,28,3,33,46,42,9,23,22,8,7,17,18,25,23,16,14,27,33,16,20,31,28,17,30,5,15,23,19,2,35]
costo_por_agente [64,46,8,56,10,43,36,10,15,15,47,26,48,15,54,68,31,71,40,53,60,3,35,46,54,9,23,58,8,7,19,18,25,49,16,14,27,63,16,20,47,28,17,62,53,15,63,19,2,39]
completion_time_por_agente [111,63,9,75,10,79,42,10,16,15,72,26,81,15,87,104,31,117,53,86,92,3,44,50,69,9,24,102,8,7,22,18,25,88,16,15,28,105,16,20,73,28,17,104,108,16,104,19,2,53]
tiempo_ultimo_agente_goal 117
tiempo_en_acabar 117
tiempo_promedio 47.740002
agentes_en_goal 50
bad_good_total_rate_pred [56094,56112,112206,0.5]
push_out_count 92712
RUN 30
valores_ideales [30,38,8,22,10,19,36,10,15,15,35,26,32,15,32,22,31,21,38,25,28,3,33,46,42,9,23,22,8,7,17,18,25,23,16,14,27,33,16,20,31,28,17,30,5,15,23,19,2,35]
costo_por_agente [58,54,8,72,10,73,48,10,15,15,61,26,70,15,54,40,31,61,60,61,66,3,37,46,42,9,23,60,8,7,17,18,25,41,16,18,27,33,16,86,59,28,17,52,67,15,51,19,2,41]
completion_time_por_agente [79,90,9,116,11,120,73,10,16,15,105,26,122,15,66,53,31,119,95,117,114,3,46,54,53,9,24,119,8,7,17,18,25,70,17,23,28,49,16,136,80,28,17,102,122,15,100,19,2,66]
tiempo_ultimo_agente_goal 136
tiempo_en_acabar 136
tiempo_promedio 53.500000
agentes_en_goal 50
bad_good_total_rate_pred [65938,58392,124330,0.5]
push_out_count 92913
RUN 31
valores_ideales [30,38,8,22,10,19,36,10,15,15,35,26,32,15,32,22,31,21,38,25,28,3,33,46,42,9,23,22,8,7,17,18,25,23,16,14,27,33,16,20,31,28,17,30,5,15,23,19,2,35]
costo_por_agente [90,98,8,102,10,21,42,10,15,15,65,26,74,15,72,60,31,97,70,89,98,3,77,46,50,9,23,90,10,7,19,18,25,79,16,16,27,51,16,20,73,28,17,72,83,15,73,19,2,51]
completion_time_por_agente [155,175,9,198,11,25,56,10,15,15,103,26,151,16,135,78,31,191,124,188,176,3,111,53,66,10,24,180,13,7,21,18,25,162,16,19,27,69,16,22,144,28,17,132,179,15,133,19,2,83]
tiempo_ultimo_agente_goal 198
tiempo_en_acabar 198
tiempo_promedio 70.040001
agentes_en_goal 50
bad_good_total_rate_pred [80469,83499,163968,0.5]
push_out_count 93276
RUN 32
valores_ideales [30,38,8,22,10,19,36,10,15,15,35,26,32,15,32,22,31,21,38,25,28,3,33,46,42,9,23,22,8,7,17,18,25,23,16,14,27,33,16,20,31,28,17,30,5,15,23,19,2,35]
costo_por_agente [54,42,8,70,10,69,36,10,15,15,39,26,38,15,42,70,31,77,42,43,52,3,53,46,42,9,23,56,8,7,19,18,25,67,16,16,37,33,16,20,31,28,17,36,61,15,49,19,2,43]
completion_time_por_agente [86,58,10,115,10,108,44,10,15,15,50,26,49,15,56,118,31,128,59,90,97,3,84,49,50,9,24,98,10,7,21,18,25,120,16,17,50,36,16,24,36,29,17,52,122,15,83,19,2,71]
tiempo_ultimo_agente_goal 128
tiempo_en_acabar 128
tiempo_promedio 46.259998
agentes_en_goal 50
bad_good_total_rate_pred [57763,50756,108519,0.5]
push_out_count 93415
RUN 33
valores_ideales [30,38,8,22,10,19,36,10,15,15,35,26,32,15,32,22,31,21,38,25,28,3,33,46,42,9,23,22,8,7,17,18,25,23,16,14,27,33,16,20,31,28,17,30,5,15,23,19,2,35]
costo_por_agente [52,38,14,72,10,37,46,10,15,15,39,26,42,15,60,68,31,67,44,61,58,3,53,46,44,9,23,60,8,7,19,18,25,57,16,16,27,35,16,20,35,28,17,50,57,15,55,21,2,43]
completion_time_por_agente [89,49,23,127,10,60,66,10,15,15,48,26,68,16,96,110,31,134,57,103,100,3,75,50,49,9,24,110,8,7,20,18,25,107,16,17,27,39,16,23,41,28,17,75,110,15,99,21,2,63]
tiempo_ultimo_agente_goal 134
tiempo_en_acabar 134
tiempo_promedio 47.340000
agentes_en_goal 50
bad_good_total_rate_pred [52679,58744,111423,0.5]
push_out_count 93603
RUN 34
valores_ideales [30,38,8,22,10,19,36,10,15,15,35,26,32,15,32,22,31,21,38,25,28,3,33,46,42,9,23,22,8,7,17,18,25,23,16,14,27,33,16,20,31,28,17,30,5,15,23,19,2,35]
costo_por_agente [62,62,8,22,10,23,40,10,15,15,67,26,56,15,64,80,31,87,48,79,82,3,39,46,46,9,23,70,8,7,19,18,27,91,16,16,27,89,16,20,41,28,17,66,9,15,61,19,2,49]
completion_time_por_agente [111,99,9,28,10,33,51,10,15,15,85,26,91,15,114,105,31,158,70,142,139,3,48,62,62,9,24,121,8,7,20,18,30,152,17,17,28,145,16,21,57,28,17,123,15,15,121,20,2,83]
tiempo_ultimo_agente_goal 158
tiempo_en_acabar 158
tiempo_promedio 52.919998
agentes_en_goal 50
bad_good_total_rate_pred [61048,62157,123205,0.5]
push_out_count 93820
RUN 35
valores_ideales [30,38,8,22,10,19,36,10,15,15,35,26,32,15,32,22,31,21,38,25,28,3,33,46,42,9,23,22,8,7,17,18,25,23,16,14,27,33,16,20,31,28,17,30,5,15,23,19,2,35]
costo_por_agente [64,50,10,48,12,35,36,10,15,15,39,26,52,15,52,48,31,61,52,59,60,3,59,46,44,9,23,62,10,9,19,18,25,59,16,16,27,33,16,28,41,28,17,50,69,15,45,19,2,63]
completion_time_por_agente [105,80,12,89,13,66,41,10,15,15,45,26,84,15,90,74,31,100,72,110,108,3,85,50,54,10,24,117,10,13,21,18,25,109,16,19,27,35,16,42,64,28,17,82,116,16,85,19,2,106]
tiempo_ultimo_agente_goal 117
tiempo_en_acabar 117
tiempo_promedio 48.599998
agentes_en_goal 50
bad_good_total_rate_pred [59088,55186,114274,0.5]
push_out_count 94001
RUN 36
valores_ideales [30,38,8,22,10,19,36,10,15,15,35,26,32,15,32,22,31,21,38,25,28,3,33,46,42,9,23,22,8,7,17,18,25,23,16,14,27,33,16,20,31,28,17,30,5,15,23,19,2,35]
costo_por_agente [90,58,8,42,10,45,40,10,15,15,39,26,50,15,64,76,31,73,42,59,62,3,77,46,46,9,23,56,8,7,19,18,25,77,16,16,27,45,16,30,47,28,17,48,77,15,55,19,8,57]
completion_time_por_agente [152,91,10,58,10,75,56,10,15,15,55,26,88,15,124,148,31,142,51,103,120,3,128,56,60,10,24,121,8,7,22,18,25,137,16,17,28,62,16,47,80,28,17,74,154,15,106,19,9,90]
tiempo_ultimo_agente_goal 154
tiempo_en_acabar 154
tiempo_promedio 55.840000
agentes_en_goal 50
bad_good_total_rate_pred [64185,66003,130188,0.5]
push_out_count 94249
RUN 37
valores_ideales [30,38,8,22,10,19,36,10,15,15,35,26,32,15,32,22,31,21,38,25,28,3,33,46,42,9,23,22,8,7,17,18,25,23,16,14,27,33,16,20,31,28,17,30,5,15,23,19,2,35]
costo_por_agente [66,64,10,76,10,27,40,10,15,15,35,26,58,15,46,34,31,79,64,61,88,3,59,48,48,9,23,86,8,7,19,18,25,39,16,16,27,41,16,20,65,28,17,32,11,15,73,19,2,57]
completion_time_por_agente [124,116,14,147,11,39,56,10,15,16,36,26,114,15,66,43,31,147,117,118,171,3,97,61,68,9,24,160,10,7,21,18,25,52,16,17,27,64,16,22,108,28,17,48,19,15,130,19,2,98]
tiempo_ultimo_agente_goal 171
tiempo_en_acabar 171
tiempo_promedio 52.660000
agentes_en_goal 50
bad_good_total_rate_pred [61518,62213,123731,0.5]
push_out_count 94482
RUN 38
valores_ideales [30,38,8,22,10,19,36,10,15,15,35,26,32,15,32,22,31,21,38,25,28,3,33,46,42,9,23,22,8,7,17,18,25,23,16,14,27,33,16,20,31,28,17,30,5,15,23,19,2,35]
costo_por_agente [62,56,8,72,10,85,42,10,15,15,51,26,56,15,50,66,31,93,46,69,100,3,65,46,44,9,23,70,10,7,19,18,25,41,16,16,27,33,16,20,45,28,17,58,75,15,67,19,2,65]
completion_time_por_agente [104,101,9,143,10,148,55,10,15,15,75,26,96,15,78,127,31,150,61,137,168,3,85,52,60,9,24,150,10,7,21,18,25,60,21,19,27,38,16,22,74,28,17,98,157,15,121,24,2,111]
tiempo_ultimo_agente_goal 168
tiempo_en_acabar 168
tiempo_promedio 57.759998
agentes_en_goal 50
bad_good_total_rate_pred [65054,70870,135924,0.5]
push_out_count 94723
RUN 39
valores_ideales [30,38,8,22,10,19,36,10,15,15,35,26,32,15,32,22,31,21,38,25,28,3,33,46,42,9,23,22,8,7,17,18,25,23,16,14,27,33,16,20,31,28,17,30,5,15,23,19,2,35]
costo_por_agente [62,48,8,74,10,35,48,10,15,15,41,26,80,15,60,46,31,67,60,61,70,3,63,46,52,9,23,66,8,7,19,18,25,65,18,16,27,35,16,20,49,28,17,54,75,15,71,19,2,41]
completion_time_por_agente [125,66,9,146,11,59,71,10,15,15,64,30,141,15,120,71,31,110,93,111,128,3,85,51,69,10,25,128,8,7,20,18,25,118,26,17,28,38,17,21,79,28,17,92,140,15,139,19,2,59]
tiempo_ultimo_agente_goal 146
tiempo_en_acabar 146
tiempo_promedio 54.900002
agentes_en_goal 50
bad_good_total_rate_pred [65458,63805,129263,0.5]
push_out_count 94959
