RUN 0
valores_ideales [0,0,0,0,0,0,0,0,0,0,0,0,0,0,0,0,0,0,0,0,0,0,0,0,0,0,0,0,0,0,0,0,0,0,0,0,0,0,0,0,0,0,0,0,0,0,0,0,0,0]
costo_por_agente [80,16,70,6,73,174,28,10,1,11,37,98,105,62,30,17,16,66,24,11,21,31,6,8,6,77,88,91,54,5,93,6,77,143,8,6,15,11,19,33,43,135,5,24,5,128,14,16,15,25]
completion_time_por_agente [81,17,73,7,74,177,29,11,2,12,38,99,106,63,31,18,17,67,25,12,22,32,7,9,7,78,90,92,55,6,94,7,78,144,9,7,16,12,20,34,44,137,6,25,6,129,15,17,16,26]
tiempo_ultimo_agente_goal 177
tiempo_en_acabar 177
tiempo_promedio 43.980000
agentes_en_goal 50
push_out_count 0
RUN 1
valores_ideales [0,0,0,0,0,0,0,0,0,0,0,0,0,0,0,0,0,0,0,0,0,0,0,0,0,0,0,0,0,0,0,0,0,0,0,0,0,0,0,0,0,0,0,0,0,0,0,0,0,0]
costo_por_agente [72,16,48,6,61,150,30,10,1,11,37,70,69,26,26,17,16,42,28,13,21,29,6,8,6,119,58,79,44,5,131,6,65,129,6,6,15,11,19,37,49,115,5,26,5,30,14,16,15,17]
completion_time_por_agente [74,17,49,7,63,151,31,11,2,12,38,71,70,27,27,18,17,43,29,14,22,30,7,9,7,120,59,80,45,6,132,7,66,130,7,7,16,13,20,38,50,116,6,27,6,31,15,17,16,18]
tiempo_ultimo_agente_goal 151
tiempo_en_acabar 151
tiempo_promedio 37.880001
agentes_en_goal 50
push_out_count 0
RUN 2
valores_ideales [0,0,0,0,0,0,0,0,0,0,0,0,0,0,0,0,0,0,0,0,0,0,0,0,0,0,0,0,0,0,0,0,0,0,0,0,0,0,0,0,0,0,0,0,0,0,0,0,0,0]
costo_por_agente [58,16,60,6,47,168,26,10,1,11,39,60,67,54,38,17,16,96,24,11,21,25,6,8,6,65,202,101,74,5,137,6,103,101,8,6,15,11,19,33,43,63,5,24,5,140,14,16,15,25]
completion_time_por_agente [59,17,61,7,48,169,27,11,2,12,40,61,68,55,39,18,17,97,25,12,22,26,7,9,7,66,203,103,75,6,138,7,106,102,9,7,16,12,20,34,44,64,6,25,6,141,15,17,16,26]
tiempo_ultimo_agente_goal 203
tiempo_en_acabar 203
tiempo_promedio 43.599998
agentes_en_goal 50
push_out_count 0
RUN 3
valores_ideales [0,0,0,0,0,0,0,0,0,0,0,0,0,0,0,0,0,0,0,0,0,0,0,0,0,0,0,0,0,0,0,0,0,0,0,0,0,0,0,0,0,0,0,0,0,0,0,0,0,0]
costo_por_agente [48,24,52,6,41,118,30,10,1,11,37,100,49,28,30,17,16,142,24,13,21,25,6,8,6,81,136,77,58,5,107,6,89,173,6,6,15,9,19,37,41,93,5,26,5,30,14,16,15,17]
completion_time_por_agente [49,25,53,7,42,119,31,11,2,12,38,101,50,29,31,18,17,143,25,14,22,26,7,9,7,83,137,78,59,6,108,7,90,174,7,7,16,10,20,38,42,94,6,27,6,31,15,17,16,18]
tiempo_ultimo_agente_goal 174
tiempo_en_acabar 174
tiempo_promedio 40.000000
agentes_en_goal 50
push_out_count 0
RUN 4
valores_ideales [0,0,0,0,0,0,0,0,0,0,0,0,0,0,0,0,0,0,0,0,0,0,0,0,0,0,0,0,0,0,0,0,0,0,0,0,0,0,0,0,0,0,0,0,0,0,0,0,0,0]
costo_por_agente [88,16,78,6,81,162,26,10,1,11,41,54,51,44,26,17,16,76,24,11,21,25,6,8,6,55,78,91,36,5,103,6,101,165,8,6,15,11,19,33,39,93,5,24,7,94,14,16,15,25]
completion_time_por_agente [89,17,79,7,82,163,27,11,2,12,42,55,52,45,27,18,17,77,25,12,22,26,7,9,7,56,79,92,37,6,104,7,102,166,9,7,16,13,20,34,40,94,6,25,8,95,15,17,16,26]
tiempo_ultimo_agente_goal 166
tiempo_en_acabar 166
tiempo_promedio 40.400002
agentes_en_goal 50
push_out_count 0
RUN 5
valores_ideales [0,0,0,0,0,0,0,0,0,0,0,0,0,0,0,0,0,0,0,0,0,0,0,0,0,0,0,0,0,0,0,0,0,0,0,0,0,0,0,0,0,0,0,0,0,0,0,0,0,0]
costo_por_agente [54,12,76,6,45,68,28,10,1,11,39,56,103,50,28,17,16,102,24,11,21,25,8,8,6,99,132,75,58,5,127,6,59,233,8,6,15,9,19,33,37,123,5,24,5,30,14,16,15,25]
completion_time_por_agente [55,13,77,7,46,70,29,11,2,12,40,57,104,51,29,18,17,103,25,12,22,26,9,9,7,100,133,76,59,6,129,7,60,234,9,7,16,10,20,34,38,124,6,25,6,31,15,17,16,26]
tiempo_ultimo_agente_goal 234
tiempo_en_acabar 234
tiempo_promedio 41.099998
agentes_en_goal 50
push_out_count 0
RUN 6
valores_ideales [0,0,0,0,0,0,0,0,0,0,0,0,0,0,0,0,0,0,0,0,0,0,0,0,0,0,0,0,0,0,0,0,0,0,0,0,0,0,0,0,0,0,0,0,0,0,0,0,0,0]
costo_por_agente [62,14,66,6,33,166,26,10,1,11,37,64,73,62,34,17,16,26,24,13,21,25,10,8,6,55,86,163,54,5,91,6,97,153,6,6,15,11,19,33,37,113,5,24,3,136,14,16,15,17]
completion_time_por_agente [63,15,67,7,34,167,27,11,2,12,38,65,74,63,35,18,17,27,25,14,22,26,11,9,7,56,87,165,55,6,92,7,99,154,7,7,16,12,20,34,38,114,6,25,4,137,15,17,16,18]
tiempo_ultimo_agente_goal 167
tiempo_en_acabar 167
tiempo_promedio 41.259998
agentes_en_goal 50
push_out_count 0
RUN 7
valores_ideales [0,0,0,0,0,0,0,0,0,0,0,0,0,0,0,0,0,0,0,0,0,0,0,0,0,0,0,0,0,0,0,0,0,0,0,0,0,0,0,0,0,0,0,0,0,0,0,0,0,0]
costo_por_agente [68,12,86,6,59,98,24,10,1,11,37,88,53,36,28,17,16,40,26,11,21,31,8,8,6,81,166,57,52,5,125,6,95,177,8,6,15,9,19,35,35,117,5,24,3,170,14,16,15,21]
completion_time_por_agente [70,13,89,7,60,100,25,11,2,12,38,89,54,37,29,18,17,41,27,12,22,32,9,9,7,82,167,59,53,6,126,7,96,178,9,7,16,10,20,36,36,119,6,25,4,171,15,17,16,22]
tiempo_ultimo_agente_goal 178
tiempo_en_acabar 178
tiempo_promedio 42.660000
agentes_en_goal 50
push_out_count 0
RUN 8
valores_ideales [0,0,0,0,0,0,0,0,0,0,0,0,0,0,0,0,0,0,0,0,0,0,0,0,0,0,0,0,0,0,0,0,0,0,0,0,0,0,0,0,0,0,0,0,0,0,0,0,0,0]
costo_por_agente [62,16,48,6,81,70,30,10,1,11,41,52,83,26,42,17,16,26,24,13,21,25,6,8,6,87,148,135,78,5,123,6,137,163,8,6,15,9,19,35,37,147,5,30,3,30,14,16,15,17]
completion_time_por_agente [63,17,49,7,82,71,31,11,2,12,42,53,84,27,43,18,17,27,25,14,22,26,7,9,7,88,149,137,79,6,124,7,139,164,9,7,16,10,20,36,38,149,6,31,4,31,15,17,16,18]
tiempo_ultimo_agente_goal 164
tiempo_en_acabar 164
tiempo_promedio 41.639999
agentes_en_goal 50
push_out_count 0
RUN 9
valores_ideales [0,0,0,0,0,0,0,0,0,0,0,0,0,0,0,0,0,0,0,0,0,0,0,0,0,0,0,0,0,0,0,0,0,0,0,0,0,0,0,0,0,0,0,0,0,0,0,0,0,0]
costo_por_agente [76,16,48,6,87,164,30,10,1,11,39,62,67,40,32,17,16,80,24,13,21,25,8,8,6,77,134,59,44,5,93,6,59,175,8,6,15,11,19,35,131,89,5,24,3,30,14,16,15,17]
completion_time_por_agente [77,17,49,7,88,166,31,11,2,12,40,63,68,41,33,18,17,81,25,14,22,26,9,9,7,78,136,60,45,6,94,7,60,176,9,7,16,13,20,36,132,90,6,25,4,31,15,17,16,18]
tiempo_ultimo_agente_goal 176
tiempo_en_acabar 176
tiempo_promedio 41.000000
agentes_en_goal 50
push_out_count 0
RUN 10
valores_ideales [0,0,0,0,0,0,0,0,0,0,0,0,0,0,0,0,0,0,0,0,0,0,0,0,0,0,0,0,0,0,0,0,0,0,0,0,0,0,0,0,0,0,0,0,0,0,0,0,0,0]
costo_por_agente [48,12,68,6,33,114,26,10,1,11,37,58,75,30,34,17,16,76,24,11,21,29,6,8,6,51,46,145,42,5,109,6,129,163,8,6,15,11,19,35,53,77,5,26,3,92,14,16,15,25]
completion_time_por_agente [49,13,69,7,34,115,27,11,2,12,38,59,76,31,35,18,17,78,25,12,22,30,7,9,7,52,47,146,43,6,110,7,130,166,9,7,16,12,20,36,54,78,6,27,4,95,15,17,16,26]
tiempo_ultimo_agente_goal 166
tiempo_en_acabar 166
tiempo_promedio 38.959999
agentes_en_goal 50
push_out_count 0
RUN 11
valores_ideales [0,0,0,0,0,0,0,0,0,0,0,0,0,0,0,0,0,0,0,0,0,0,0,0,0,0,0,0,0,0,0,0,0,0,0,0,0,0,0,0,0,0,0,0,0,0,0,0,0,0]
costo_por_agente [62,12,74,6,33,154,24,10,1,11,37,54,53,52,38,17,16,60,44,11,21,29,6,8,6,75,48,131,42,5,99,6,145,83,8,6,15,11,19,35,59,61,5,24,7,70,14,16,15,21]
completion_time_por_agente [63,13,75,7,34,155,25,11,2,12,38,55,54,53,39,18,17,61,45,12,22,30,7,9,7,76,49,132,43,6,100,7,147,84,9,7,16,12,20,36,60,62,6,25,8,72,15,17,16,22]
tiempo_ultimo_agente_goal 155
tiempo_en_acabar 155
tiempo_promedio 38.220001
agentes_en_goal 50
push_out_count 0
RUN 12
valores_ideales [0,0,0,0,0,0,0,0,0,0,0,0,0,0,0,0,0,0,0,0,0,0,0,0,0,0,0,0,0,0,0,0,0,0,0,0,0,0,0,0,0,0,0,0,0,0,0,0,0,0]
costo_por_agente [48,12,102,6,73,144,30,10,1,11,37,86,105,50,26,17,16,24,24,13,21,25,6,8,6,61,80,117,78,5,53,6,127,359,8,6,15,15,19,33,37,131,5,24,3,30,14,16,15,17]
completion_time_por_agente [49,13,103,7,74,145,31,11,2,12,38,87,106,51,27,18,17,25,25,14,22,26,7,9,7,62,81,118,79,6,54,7,128,360,9,7,16,16,20,34,39,132,6,25,4,31,15,17,16,18]
tiempo_ultimo_agente_goal 360
tiempo_en_acabar 360
tiempo_promedio 44.520000
agentes_en_goal 50
push_out_count 0
RUN 13
valores_ideales [0,0,0,0,0,0,0,0,0,0,0,0,0,0,0,0,0,0,0,0,0,0,0,0,0,0,0,0,0,0,0,0,0,0,0,0,0,0,0,0,0,0,0,0,0,0,0,0,0,0]
costo_por_agente [68,18,72,6,45,72,24,10,1,11,37,58,67,28,20,17,16,26,26,11,21,25,6,8,6,75,176,93,90,5,75,6,127,167,8,6,15,11,19,33,39,89,5,28,5,30,14,16,15,17]
completion_time_por_agente [69,19,73,7,46,74,25,11,2,12,38,60,68,29,21,18,17,27,27,12,22,26,7,9,7,76,177,94,91,6,76,7,129,168,9,7,16,12,20,34,40,90,6,29,6,31,15,17,16,18]
tiempo_ultimo_agente_goal 177
tiempo_en_acabar 177
tiempo_promedio 38.320000
agentes_en_goal 50
push_out_count 0
RUN 14
valores_ideales [0,0,0,0,0,0,0,0,0,0,0,0,0,0,0,0,0,0,0,0,0,0,0,0,0,0,0,0,0,0,0,0,0,0,0,0,0,0,0,0,0,0,0,0,0,0,0,0,0,0]
costo_por_agente [68,16,46,6,55,182,26,10,1,11,37,86,63,24,26,17,16,88,24,11,21,29,6,8,6,81,218,99,48,5,75,6,113,113,8,6,15,9,19,39,41,81,5,26,5,32,14,16,15,25]
completion_time_por_agente [69,17,48,7,56,184,27,11,2,12,38,87,64,25,27,18,17,89,25,12,22,30,7,9,7,82,219,100,49,6,76,7,114,114,9,7,16,10,20,40,42,82,6,27,6,33,15,17,16,26]
tiempo_ultimo_agente_goal 219
tiempo_en_acabar 219
tiempo_promedio 40.980000
agentes_en_goal 50
push_out_count 0
RUN 15
valores_ideales [0,0,0,0,0,0,0,0,0,0,0,0,0,0,0,0,0,0,0,0,0,0,0,0,0,0,0,0,0,0,0,0,0,0,0,0,0,0,0,0,0,0,0,0,0,0,0,0,0,0]
costo_por_agente [76,16,42,6,53,162,28,10,1,11,39,56,87,48,28,17,16,54,24,11,21,29,6,8,6,49,74,87,36,5,125,6,89,121,8,6,15,11,19,33,35,167,5,24,5,30,14,16,15,23]
completion_time_por_agente [77,17,43,7,54,163,29,11,2,12,40,57,88,49,29,18,17,55,26,12,22,30,7,9,7,50,75,88,37,6,126,7,91,122,9,7,16,13,20,34,36,168,6,25,6,31,15,17,16,24]
tiempo_ultimo_agente_goal 168
tiempo_en_acabar 168
tiempo_promedio 38.520000
agentes_en_goal 50
push_out_count 0
RUN 16
valores_ideales [0,0,0,0,0,0,0,0,0,0,0,0,0,0,0,0,0,0,0,0,0,0,0,0,0,0,0,0,0,0,0,0,0,0,0,0,0,0,0,0,0,0,0,0,0,0,0,0,0,0]
costo_por_agente [82,16,66,6,35,98,30,10,1,11,41,52,59,42,32,17,16,90,24,13,21,27,6,8,6,69,198,83,36,5,83,6,77,109,8,6,15,11,19,39,39,155,5,24,3,32,14,16,15,21]
completion_time_por_agente [83,17,70,7,36,99,31,11,2,12,42,53,60,43,33,18,17,91,25,14,22,28,7,9,7,70,199,84,38,6,84,7,79,110,9,7,16,12,20,40,40,156,6,25,4,33,15,17,16,22]
tiempo_ultimo_agente_goal 199
tiempo_en_acabar 199
tiempo_promedio 39.040001
agentes_en_goal 50
push_out_count 0
RUN 17
valores_ideales [0,0,0,0,0,0,0,0,0,0,0,0,0,0,0,0,0,0,0,0,0,0,0,0,0,0,0,0,0,0,0,0,0,0,0,0,0,0,0,0,0,0,0,0,0,0,0,0,0,0]
costo_por_agente [56,16,94,6,73,80,28,10,1,11,39,58,71,30,28,17,16,60,24,15,21,25,8,8,6,59,140,99,74,5,115,6,83,141,8,6,15,11,19,35,39,111,5,26,3,32,14,16,15,25]
completion_time_por_agente [57,17,95,7,74,81,29,11,2,12,40,59,72,31,29,18,17,61,25,16,22,26,9,9,7,60,142,100,75,6,116,7,84,142,9,7,16,13,20,36,40,112,6,27,4,33,15,17,16,26]
tiempo_ultimo_agente_goal 142
tiempo_en_acabar 142
tiempo_promedio 39.099998
agentes_en_goal 50
push_out_count 0
RUN 18
valores_ideales [0,0,0,0,0,0,0,0,0,0,0,0,0,0,0,0,0,0,0,0,0,0,0,0,0,0,0,0,0,0,0,0,0,0,0,0,0,0,0,0,0,0,0,0,0,0,0,0,0,0]
costo_por_agente [48,14,86,6,93,142,24,10,1,11,41,60,71,48,32,17,16,66,24,11,21,25,6,8,6,45,218,97,86,5,43,6,73,137,8,6,15,11,19,33,61,65,5,24,5,108,14,16,15,25]
completion_time_por_agente [49,15,88,7,94,143,25,11,2,12,42,62,72,49,33,18,17,67,25,12,22,26,7,9,7,46,219,98,87,6,44,7,74,138,9,7,16,12,20,34,62,66,6,25,6,109,15,17,16,26]
tiempo_ultimo_agente_goal 219
tiempo_en_acabar 219
tiempo_promedio 41.580002
agentes_en_goal 50
push_out_count 0
RUN 19
valores_ideales [0,0,0,0,0,0,0,0,0,0,0,0,0,0,0,0,0,0,0,0,0,0,0,0,0,0,0,0,0,0,0,0,0,0,0,0,0,0,0,0,0,0,0,0,0,0,0,0,0,0]
costo_por_agente [80,16,64,6,33,184,24,10,1,11,37,90,85,40,26,17,16,76,28,13,21,27,6,8,6,49,152,49,36,5,93,6,71,129,8,6,15,11,19,35,35,71,5,24,3,30,14,16,15,17]
completion_time_por_agente [81,17,66,7,34,187,25,11,2,12,38,91,87,41,27,18,17,77,29,14,22,28,7,9,7,50,153,50,37,6,94,7,72,130,9,7,16,12,20,36,36,73,6,25,4,31,15,17,16,18]
tiempo_ultimo_agente_goal 187
tiempo_en_acabar 187
tiempo_promedio 37.880001
agentes_en_goal 50
push_out_count 0
RUN 20
valores_ideales [0,0,0,0,0,0,0,0,0,0,0,0,0,0,0,0,0,0,0,0,0,0,0,0,0,0,0,0,0,0,0,0,0,0,0,0,0,0,0,0,0,0,0,0,0,0,0,0,0,0]
costo_por_agente [100,12,70,6,51,128,24,10,1,11,37,82,53,44,28,17,16,96,30,11,21,29,6,8,6,81,184,119,38,5,97,6,141,229,8,6,15,9,19,35,47,101,5,24,3,64,14,16,15,23]
completion_time_por_agente [102,13,72,7,52,129,25,11,2,12,38,83,54,45,29,18,17,97,31,12,22,30,7,9,7,82,185,120,42,6,98,7,143,230,9,7,16,10,20,36,48,102,6,25,4,65,15,17,16,24]
tiempo_ultimo_agente_goal 230
tiempo_en_acabar 230
tiempo_promedio 45.139999
agentes_en_goal 50
push_out_count 0
RUN 21
valores_ideales [0,0,0,0,0,0,0,0,0,0,0,0,0,0,0,0,0,0,0,0,0,0,0,0,0,0,0,0,0,0,0,0,0,0,0,0,0,0,0,0,0,0,0,0,0,0,0,0,0,0]
costo_por_agente [92,14,66,6,37,88,24,10,1,11,41,52,65,62,34,17,16,50,28,13,21,25,6,8,6,91,252,135,78,5,145,6,135,77,8,6,15,11,19,33,41,95,5,24,3,84,14,16,15,17]
completion_time_por_agente [93,15,67,7,38,90,25,11,2,12,42,53,66,63,35,18,17,52,29,14,22,26,7,9,7,92,253,137,79,6,146,7,136,78,9,7,16,13,20,34,42,96,6,25,4,85,15,17,16,18]
tiempo_ultimo_agente_goal 253
tiempo_en_acabar 253
tiempo_promedio 43.540001
agentes_en_goal 50
push_out_count 0
RUN 22
valores_ideales [0,0,0,0,0,0,0,0,0,0,0,0,0,0,0,0,0,0,0,0,0,0,0,0,0,0,0,0,0,0,0,0,0,0,0,0,0,0,0,0,0,0,0,0,0,0,0,0,0,0]
costo_por_agente [100,14,82,6,101,138,22,10,1,11,39,52,61,44,32,17,16,24,26,11,21,27,6,8,6,69,126,119,74,5,105,6,81,47,8,6,15,11,19,33,37,107,5,24,5,106,14,16,15,21]
completion_time_por_agente [101,15,84,7,102,139,23,11,2,12,40,53,62,45,33,18,17,25,27,12,22,28,7,9,7,70,127,120,75,6,106,7,82,49,9,7,16,12,20,34,38,109,6,25,6,108,15,17,16,22]
tiempo_ultimo_agente_goal 139
tiempo_en_acabar 139
tiempo_promedio 40.060001
agentes_en_goal 50
push_out_count 0
RUN 23
valores_ideales [0,0,0,0,0,0,0,0,0,0,0,0,0,0,0,0,0,0,0,0,0,0,0,0,0,0,0,0,0,0,0,0,0,0,0,0,0,0,0,0,0,0,0,0,0,0,0,0,0,0]
costo_por_agente [64,24,68,6,43,54,28,10,1,11,37,108,65,40,26,17,16,46,24,13,21,25,6,8,6,57,148,99,40,5,65,6,81,103,6,6,15,9,19,35,35,141,5,24,5,30,14,16,15,17]
completion_time_por_agente [65,25,69,7,44,55,29,11,2,12,38,109,66,41,27,18,17,47,26,14,22,26,7,9,7,58,149,100,41,6,66,7,83,105,7,7,16,10,20,36,36,142,6,25,6,31,15,17,16,18]
tiempo_ultimo_agente_goal 149
tiempo_en_acabar 149
tiempo_promedio 36.320000
agentes_en_goal 50
push_out_count 0
RUN 24
valores_ideales [0,0,0,0,0,0,0,0,0,0,0,0,0,0,0,0,0,0,0,0,0,0,0,0,0,0,0,0,0,0,0,0,0,0,0,0,0,0,0,0,0,0,0,0,0,0,0,0,0,0]
costo_por_agente [98,14,58,6,85,134,32,10,1,11,39,58,73,28,30,17,16,34,28,13,21,25,6,8,6,59,78,79,32,5,83,6,143,93,8,6,15,15,19,33,37,79,5,26,3,30,14,16,15,17]
completion_time_por_agente [99,15,59,7,86,135,33,11,2,12,40,59,74,29,31,18,17,35,29,14,22,26,7,9,7,60,79,80,33,6,84,7,144,94,9,7,16,16,20,34,38,80,6,27,4,31,15,17,16,18]
tiempo_ultimo_agente_goal 144
tiempo_en_acabar 144
tiempo_promedio 36.340000
agentes_en_goal 50
push_out_count 0
RUN 25
valores_ideales [0,0,0,0,0,0,0,0,0,0,0,0,0,0,0,0,0,0,0,0,0,0,0,0,0,0,0,0,0,0,0,0,0,0,0,0,0,0,0,0,0,0,0,0,0,0,0,0,0,0]
costo_por_agente [52,12,42,6,65,168,28,10,1,11,37,74,87,40,26,17,16,24,24,13,21,25,6,8,6,55,58,105,34,5,121,6,53,123,8,6,15,9,19,35,37,91,5,24,5,30,14,16,15,17]
completion_time_por_agente [53,13,43,7,66,170,29,11,2,12,38,75,88,41,27,18,17,25,25,14,22,26,7,9,7,56,59,106,36,6,123,7,54,124,9,7,16,10,20,36,38,92,6,25,6,31,15,17,16,18]
tiempo_ultimo_agente_goal 170
tiempo_en_acabar 170
tiempo_promedio 35.560001
agentes_en_goal 50
push_out_count 0
RUN 26
valores_ideales [0,0,0,0,0,0,0,0,0,0,0,0,0,0,0,0,0,0,0,0,0,0,0,0,0,0,0,0,0,0,0,0,0,0,0,0,0,0,0,0,0,0,0,0,0,0,0,0,0,0]
costo_por_agente [104,14,46,6,81,122,28,10,1,11,39,58,61,28,34,17,16,66,30,13,21,25,6,8,6,57,110,107,30,5,77,6,53,255,8,6,15,11,19,39,37,191,5,30,5,120,14,16,15,17]
completion_time_por_agente [105,15,47,7,82,124,29,11,2,12,40,59,62,29,35,18,17,67,31,14,22,26,7,9,7,58,111,108,31,6,78,7,54,256,9,7,16,12,20,40,38,192,6,31,6,121,15,17,16,18]
tiempo_ultimo_agente_goal 256
tiempo_en_acabar 256
tiempo_promedio 43.000000
agentes_en_goal 50
push_out_count 0
RUN 27
valores_ideales [0,0,0,0,0,0,0,0,0,0,0,0,0,0,0,0,0,0,0,0,0,0,0,0,0,0,0,0,0,0,0,0,0,0,0,0,0,0,0,0,0,0,0,0,0,0,0,0,0,0]
costo_por_agente [54,12,68,6,37,148,22,10,1,11,41,52,81,26,32,17,16,140,26,11,21,25,6,8,6,77,208,101,88,5,125,6,93,107,6,6,15,11,19,33,61,157,5,26,3,66,14,16,15,17]
completion_time_por_agente [55,13,69,7,38,149,23,11,2,12,42,53,82,27,33,18,17,141,27,12,22,26,7,9,7,78,209,102,90,6,126,7,95,108,7,7,16,13,20,34,62,158,6,27,4,67,15,17,16,18]
tiempo_ultimo_agente_goal 209
tiempo_en_acabar 209
tiempo_promedio 44.200001
agentes_en_goal 50
push_out_count 0
RUN 28
valores_ideales [0,0,0,0,0,0,0,0,0,0,0,0,0,0,0,0,0,0,0,0,0,0,0,0,0,0,0,0,0,0,0,0,0,0,0,0,0,0,0,0,0,0,0,0,0,0,0,0,0,0]
costo_por_agente [48,16,50,6,55,248,30,10,1,11,37,58,79,36,34,17,16,24,26,13,21,29,6,8,6,45,128,147,48,5,81,6,153,161,8,6,15,9,19,37,51,81,5,26,3,30,14,16,15,21]
completion_time_por_agente [49,17,51,7,56,251,31,11,2,12,38,59,80,37,35,18,17,25,27,14,22,30,7,9,7,46,129,148,49,6,82,7,154,162,9,7,16,10,20,38,52,82,6,27,4,31,15,17,16,22]
tiempo_ultimo_agente_goal 251
tiempo_en_acabar 251
tiempo_promedio 41.340000
agentes_en_goal 50
push_out_count 0
RUN 29
valores_ideales [0,0,0,0,0,0,0,0,0,0,0,0,0,0,0,0,0,0,0,0,0,0,0,0,0,0,0,0,0,0,0,0,0,0,0,0,0,0,0,0,0,0,0,0,0,0,0,0,0,0]
costo_por_agente [68,18,88,6,41,122,24,10,1,11,37,50,63,40,36,17,16,176,24,15,21,31,6,8,6,71,276,137,32,5,109,6,103,147,6,6,15,11,21,35,39,169,5,24,3,164,14,16,15,25]
completion_time_por_agente [69,19,91,7,42,123,25,11,2,12,38,51,64,41,37,18,17,177,25,16,22,32,7,9,7,72,277,139,33,6,110,7,104,149,7,7,16,13,22,36,40,172,6,25,4,166,15,17,16,26]
tiempo_ultimo_agente_goal 277
tiempo_en_acabar 277
tiempo_promedio 48.939999
agentes_en_goal 50
push_out_count 0
RUN 30
valores_ideales [0,0,0,0,0,0,0,0,0,0,0,0,0,0,0,0,0,0,0,0,0,0,0,0,0,0,0,0,0,0,0,0,0,0,0,0,0,0,0,0,0,0,0,0,0,0,0,0,0,0]
costo_por_agente [92,20,46,6,41,164,26,10,1,11,37,54,53,46,34,17,16,98,24,13,21,25,6,8,6,59,218,107,22,5,111,6,85,131,8,6,15,13,19,33,39,63,5,26,3,30,14,16,15,17]
completion_time_por_agente [93,21,48,7,42,166,27,11,2,12,38,55,54,47,35,18,17,99,25,14,22,26,7,9,7,60,219,108,23,6,112,7,86,132,9,7,16,14,20,34,40,64,6,27,4,31,15,17,16,18]
tiempo_ultimo_agente_goal 219
tiempo_en_acabar 219
tiempo_promedio 39.860001
agentes_en_goal 50
push_out_count 0
RUN 31
valores_ideales [0,0,0,0,0,0,0,0,0,0,0,0,0,0,0,0,0,0,0,0,0,0,0,0,0,0,0,0,0,0,0,0,0,0,0,0,0,0,0,0,0,0,0,0,0,0,0,0,0,0]
costo_por_agente [64,12,44,6,45,110,22,10,1,11,39,72,67,36,32,17,16,94,28,11,21,31,8,8,6,59,62,127,32,5,115,6,55,223,8,6,15,13,19,33,55,107,5,24,3,30,14,16,15,17]
completion_time_por_agente [65,13,45,7,46,111,23,11,2,12,40,73,68,37,33,18,17,95,29,12,22,32,9,9,7,60,63,128,33,6,117,7,56,224,9,7,16,14,20,34,56,108,6,25,4,31,15,17,16,18]
tiempo_ultimo_agente_goal 224
tiempo_en_acabar 224
tiempo_promedio 38.520000
agentes_en_goal 50
push_out_count 0
RUN 32
valores_ideales [0,0,0,0,0,0,0,0,0,0,0,0,0,0,0,0,0,0,0,0,0,0,0,0,0,0,0,0,0,0,0,0,0,0,0,0,0,0,0,0,0,0,0,0,0,0,0,0,0,0]
costo_por_agente [86,12,70,6,41,68,28,10,1,11,39,54,65,46,32,17,16,134,24,13,21,27,6,8,6,73,84,113,56,5,115,6,115,81,8,6,15,15,23,33,39,81,5,26,5,72,14,16,15,17]
completion_time_por_agente [87,13,72,7,42,70,30,11,2,12,40,55,66,47,33,18,17,135,26,14,23,28,7,9,7,74,85,114,57,6,117,7,117,82,9,7,16,16,24,34,40,82,6,27,6,73,15,17,16,18]
tiempo_ultimo_agente_goal 135
tiempo_en_acabar 135
tiempo_promedio 38.720001
agentes_en_goal 50
push_out_count 0
RUN 33
valores_ideales [0,0,0,0,0,0,0,0,0,0,0,0,0,0,0,0,0,0,0,0,0,0,0,0,0,0,0,0,0,0,0,0,0,0,0,0,0,0,0,0,0,0,0,0,0,0,0,0,0,0]
costo_por_agente [98,26,52,6,61,174,26,10,1,11,37,50,61,52,34,17,16,62,24,15,21,29,6,8,6,93,130,257,46,5,127,6,95,51,8,6,15,11,19,33,49,105,5,24,3,30,14,16,15,23]
completion_time_por_agente [99,27,53,7,62,176,27,11,2,12,38,51,62,53,35,18,17,63,25,16,22,30,7,9,7,94,131,258,48,6,128,7,97,52,9,7,16,12,20,34,50,106,6,25,4,31,15,17,16,24]
tiempo_ultimo_agente_goal 258
tiempo_en_acabar 258
tiempo_promedio 42.840000
agentes_en_goal 50
push_out_count 0
RUN 34
valores_ideales [0,0,0,0,0,0,0,0,0,0,0,0,0,0,0,0,0,0,0,0,0,0,0,0,0,0,0,0,0,0,0,0,0,0,0,0,0,0,0,0,0,0,0,0,0,0,0,0,0,0]
costo_por_agente [64,12,66,6,73,196,24,10,1,11,39,70,71,40,34,17,16,74,24,11,21,25,6,8,6,97,82,81,26,5,87,6,81,141,8,6,15,9,19,37,37,87,5,24,5,124,14,16,15,17]
completion_time_por_agente [65,13,68,7,74,198,25,11,2,12,40,72,72,41,35,18,17,75,26,12,22,26,7,9,7,99,83,83,27,6,88,7,82,142,9,7,16,10,20,38,38,88,6,25,6,126,15,17,16,18]
tiempo_ultimo_agente_goal 198
tiempo_en_acabar 198
tiempo_promedio 40.520000
agentes_en_goal 50
push_out_count 0
RUN 35
valores_ideales [0,0,0,0,0,0,0,0,0,0,0,0,0,0,0,0,0,0,0,0,0,0,0,0,0,0,0,0,0,0,0,0,0,0,0,0,0,0,0,0,0,0,0,0,0,0,0,0,0,0]
costo_por_agente [60,16,58,6,41,120,24,10,1,11,39,72,69,38,32,17,16,66,24,15,21,25,6,8,6,55,192,113,54,5,93,6,133,127,6,6,15,9,19,35,43,99,5,24,3,110,14,16,15,17]
completion_time_por_agente [61,17,59,7,42,121,25,11,2,12,40,73,71,39,33,18,17,67,25,16,22,26,7,9,7,56,193,114,56,6,94,7,134,128,7,7,16,10,20,36,44,100,6,25,4,111,15,17,16,18]
tiempo_ultimo_agente_goal 193
tiempo_en_acabar 193
tiempo_promedio 41.340000
agentes_en_goal 50
push_out_count 0
RUN 36
valores_ideales [0,0,0,0,0,0,0,0,0,0,0,0,0,0,0,0,0,0,0,0,0,0,0,0,0,0,0,0,0,0,0,0,0,0,0,0,0,0,0,0,0,0,0,0,0,0,0,0,0,0]
costo_por_agente [72,18,76,6,47,146,24,10,1,11,41,56,69,50,32,17,16,86,24,11,35,31,6,8,6,59,248,151,30,5,107,6,117,105,8,6,15,13,19,33,39,95,5,24,3,30,14,16,15,23]
completion_time_por_agente [73,19,79,7,48,148,26,11,2,12,43,57,70,51,33,18,17,88,26,12,36,32,7,9,7,60,250,152,31,6,108,7,119,107,9,7,16,14,20,34,40,97,6,25,4,31,15,17,16,24]
tiempo_ultimo_agente_goal 250
tiempo_en_acabar 250
tiempo_promedio 42.919998
agentes_en_goal 50
push_out_count 0
RUN 37
valores_ideales [0,0,0,0,0,0,0,0,0,0,0,0,0,0,0,0,0,0,0,0,0,0,0,0,0,0,0,0,0,0,0,0,0,0,0,0,0,0,0,0,0,0,0,0,0,0,0,0,0,0]
costo_por_agente [76,16,94,6,59,126,24,10,1,11,39,50,51,30,26,17,16,80,24,15,21,27,8,8,6,71,126,127,100,5,59,6,85,161,8,6,15,9,19,33,49,109,5,36,3,30,14,16,15,25]
completion_time_por_agente [77,17,95,7,61,127,25,11,2,12,40,51,52,31,27,18,17,81,25,16,22,28,9,9,7,72,128,129,101,6,61,7,89,162,9,7,16,10,20,34,50,110,6,37,4,31,15,17,16,26]
tiempo_ultimo_agente_goal 162
tiempo_en_acabar 162
tiempo_promedio 40.599998
agentes_en_goal 50
push_out_count 0
RUN 38
valores_ideales [0,0,0,0,0,0,0,0,0,0,0,0,0,0,0,0,0,0,0,0,0,0,0,0,0,0,0,0,0,0,0,0,0,0,0,0,0,0,0,0,0,0,0,0,0,0,0,0,0,0]
costo_por_agente [96,16,50,6,59,118,32,10,1,11,39,50,105,34,34,17,16,46,24,11,21,33,6,8,6,83,128,83,78,5,145,6,105,69,8,6,15,11,19,35,39,95,5,24,5,230,14,16,15,23]
completion_time_por_agente [97,17,51,7,60,119,33,11,2,12,40,51,107,35,35,18,17,47,25,12,22,34,7,9,7,84,129,84,79,6,146,7,107,70,9,7,16,13,20,36,40,96,6,25,6,231,15,17,16,24]
tiempo_ultimo_agente_goal 231
tiempo_en_acabar 231
tiempo_promedio 43.279999
agentes_en_goal 50
push_out_count 0
RUN 39
valores_ideales [0,0,0,0,0,0,0,0,0,0,0,0,0,0,0,0,0,0,0,0,0,0,0,0,0,0,0,0,0,0,0,0,0,0,0,0,0,0,0,0,0,0,0,0,0,0,0,0,0,0]
costo_por_agente [48,18,40,6,41,152,26,10,1,11,37,94,61,52,26,17,16,108,24,11,21,33,8,8,6,81,44,101,42,5,53,6,105,189,8,6,15,9,19,33,209,119,5,24,3,108,14,16,15,21]
completion_time_por_agente [49,19,41,7,42,153,27,11,2,12,38,95,62,53,27,18,17,109,25,12,22,34,9,9,7,82,45,102,43,6,54,7,107,190,9,7,16,10,20,34,210,120,6,25,4,109,15,17,16,22]
tiempo_ultimo_agente_goal 210
tiempo_en_acabar 210
tiempo_promedio 43.520000
agentes_en_goal 50
push_out_count 0
