RUN 0
valores_ideales [31,20,17,6,29,37,34,21,28,7,17,1,50,17,44,27,3,15,31,29,36,25,7,19,51,14,33,22,26,16,4,38,10,39,31,37,1,36,32,28,39,23,15,17,14,20,45,19,30,9,26,23,39,30,21,8,43,24,37,34,8,3,5,3,28,41,36,11,24,29,29,27,19,29,19,19,13,38,12,54,39,9,25,25,14,15,3,27,10,27]
costo_por_agente [10,47,159,6,29,18,41,11,33,7,19,1,29,10,22,13,3,15,41,26,12,25,7,19,26,14,25,22,26,16,4,12,10,18,31,25,1,11,18,10,20,40,102,7,14,22,25,10,139,9,10,15,64,30,216,8,18,16,22,11,10,3,7,3,43,145,13,11,24,102,8,163,19,246,19,21,13,27,17,28,20,13,25,12,14,15,3,25,10,4]
completion_time_por_agente [0,0,0,6,29,0,0,0,0,7,19,1,0,0,0,0,4,15,49,0,0,26,7,19,0,14,0,23,29,16,4,0,10,0,31,0,1,0,0,0,0,0,0,0,15,23,0,0,0,9,0,0,0,30,0,8,0,0,0,0,10,3,8,3,0,0,0,11,24,0,0,0,19,0,19,21,13,0,0,0,0,14,25,0,14,16,3,0,10,0]
tiempo_ultimo_agente_goal 49
tiempo_en_acabar 1000
tiempo_promedio 6.755556
agentes_en_goal 40
bad_good_total_rate_pred [209715,368602,578317,0.6]
push_out_count 0
RUN 1
valores_ideales [31,20,17,6,29,37,34,21,28,7,17,1,50,17,44,27,3,15,31,29,36,25,7,19,51,14,33,22,26,16,4,38,10,39,31,37,1,36,32,28,39,23,15,17,14,20,45,19,30,9,26,23,39,30,21,8,43,24,37,34,8,3,5,3,28,41,36,11,24,29,29,27,19,29,19,19,13,38,12,54,39,9,25,25,14,15,3,27,10,27]
costo_por_agente [12,142,136,6,29,54,232,9,36,7,19,1,19,23,38,13,3,17,75,29,44,25,11,19,64,14,31,22,26,18,4,38,10,38,31,55,1,41,54,122,67,124,19,7,20,22,32,297,139,9,10,37,15,30,225,8,33,93,75,27,7,5,7,7,27,59,278,11,24,21,31,57,19,105,19,19,13,15,12,23,19,9,25,77,14,15,3,55,12,274]
completion_time_por_agente [0,0,0,6,30,0,0,0,0,7,19,1,0,24,0,0,4,19,208,0,200,26,11,19,0,14,0,22,29,19,4,0,10,0,31,0,1,0,953,0,0,0,0,0,198,25,0,0,0,9,0,0,0,31,512,8,0,0,0,0,10,5,9,8,0,0,0,11,24,0,39,0,19,0,19,21,14,0,13,0,0,9,25,557,15,16,3,0,12,0]
tiempo_ultimo_agente_goal 953
tiempo_en_acabar 1000
tiempo_promedio 36.322224
agentes_en_goal 46
bad_good_total_rate_pred [219975,287260,507235,0.6]
push_out_count 0
RUN 2
valores_ideales [31,20,17,6,29,37,34,21,28,7,17,1,50,17,44,27,3,15,31,29,36,25,7,19,51,14,33,22,26,16,4,38,10,39,31,37,1,36,32,28,39,23,15,17,14,20,45,19,30,9,26,23,39,30,21,8,43,24,37,34,8,3,5,3,28,41,36,11,24,29,29,27,19,29,19,19,13,38,12,54,39,9,25,25,14,15,3,27,10,27]
costo_por_agente [33,20,56,6,29,38,19,381,12,7,19,1,15,19,32,25,3,15,33,28,36,25,9,19,55,16,15,22,26,16,4,38,10,32,31,299,1,40,12,5,16,614,13,26,617,22,53,62,24,13,20,15,16,30,324,8,43,12,21,42,13,5,7,5,10,40,31,11,24,17,51,13,21,954,19,19,13,15,19,42,49,9,27,20,14,15,3,599,10,23]
completion_time_por_agente [45,0,0,6,29,0,0,628,0,7,19,1,0,19,0,0,4,18,38,0,200,26,14,19,91,17,0,22,27,16,4,54,10,0,31,0,1,55,953,0,0,0,0,0,198,23,120,0,0,13,0,0,0,31,512,8,121,0,0,0,10,7,11,5,0,0,0,11,24,0,39,0,21,0,19,19,13,0,13,0,73,9,27,557,14,16,3,0,12,0]
tiempo_ultimo_agente_goal 628
tiempo_en_acabar 1000
tiempo_promedio 47.588890
agentes_en_goal 47
bad_good_total_rate_pred [150834,247683,398517,0.6]
push_out_count 0
RUN 3
valores_ideales [31,20,17,6,29,37,34,21,28,7,17,1,50,17,44,27,3,15,31,29,36,25,7,19,51,14,33,22,26,16,4,38,10,39,31,37,1,36,32,28,39,23,15,17,14,20,45,19,30,9,26,23,39,30,21,8,43,24,37,34,8,3,5,3,28,41,36,11,24,29,29,27,19,29,19,19,13,38,12,54,39,9,25,25,14,15,3,27,10,27]
costo_por_agente [11,17,25,6,29,34,20,118,17,7,21,1,197,17,21,14,3,15,13,290,13,25,9,19,41,14,20,22,26,18,4,38,10,18,31,30,1,13,36,27,25,19,16,6,16,22,36,23,17,11,19,17,26,30,49,8,47,32,22,12,8,5,7,3,24,41,17,11,24,20,18,11,21,19,19,19,13,14,14,23,15,11,25,95,14,17,3,19,12,229]
completion_time_por_agente [45,0,66,6,29,0,0,628,0,7,25,1,0,20,0,0,3,18,38,0,200,26,11,20,91,14,0,22,29,18,4,39,10,0,33,0,1,55,126,0,0,0,0,0,17,25,120,0,0,12,0,0,0,30,69,8,56,58,0,0,8,6,8,5,0,0,0,11,24,0,39,0,21,0,19,19,14,0,19,0,73,13,25,557,14,17,3,0,13,0]
tiempo_ultimo_agente_goal 126
tiempo_en_acabar 1000
tiempo_promedio 32.088890
agentes_en_goal 47
bad_good_total_rate_pred [179426,267955,447381,0.6]
push_out_count 0
RUN 4
valores_ideales [31,20,17,6,29,37,34,21,28,7,17,1,50,17,44,27,3,15,31,29,36,25,7,19,51,14,33,22,26,16,4,38,10,39,31,37,1,36,32,28,39,23,15,17,14,20,45,19,30,9,26,23,39,30,21,8,43,24,37,34,8,3,5,3,28,41,36,11,24,29,29,27,19,29,19,19,13,38,12,54,39,9,25,25,14,15,3,27,10,27]
costo_por_agente [12,26,969,6,29,26,19,23,12,7,17,1,21,25,25,14,3,15,14,21,19,25,9,19,28,16,20,22,26,18,4,38,10,20,31,16,1,12,17,10,17,12,13,5,14,22,30,266,16,9,10,16,15,30,36,8,13,12,22,14,10,5,4,3,13,29,15,11,30,13,35,24,19,10,19,19,15,15,20,24,41,9,25,15,14,15,3,14,12,5]
completion_time_por_agente [45,0,66,6,29,0,0,24,0,8,17,1,0,25,0,0,4,17,38,0,200,26,10,20,91,16,0,23,28,18,4,55,10,0,31,0,1,55,126,0,0,0,0,0,19,23,120,0,0,10,0,0,0,32,69,8,56,58,0,0,10,9,8,5,0,0,0,11,31,0,39,0,19,0,19,22,15,0,21,0,82,9,25,557,14,16,3,0,12,0]
tiempo_ultimo_agente_goal 82
tiempo_en_acabar 1000
tiempo_promedio 25.733334
agentes_en_goal 43
bad_good_total_rate_pred [195754,308046,503800,0.6]
push_out_count 0
RUN 5
valores_ideales [31,20,17,6,29,37,34,21,28,7,17,1,50,17,44,27,3,15,31,29,36,25,7,19,51,14,33,22,26,16,4,38,10,39,31,37,1,36,32,28,39,23,15,17,14,20,45,19,30,9,26,23,39,30,21,8,43,24,37,34,8,3,5,3,28,41,36,11,24,29,29,27,19,29,19,19,13,38,12,54,39,9,25,25,14,15,3,27,10,27]
costo_por_agente [15,18,37,6,29,22,29,41,15,9,17,1,54,21,42,20,3,17,23,322,19,25,7,19,27,16,18,22,26,16,4,38,10,31,31,25,1,44,46,9,44,21,16,9,14,22,34,14,25,9,10,28,14,32,667,8,19,14,23,23,8,3,5,3,40,30,15,11,24,18,43,7,19,13,19,19,15,38,20,54,59,11,25,42,14,15,3,16,12,11]
completion_time_por_agente [45,0,66,6,29,0,0,81,0,9,18,1,85,22,0,0,4,17,38,0,200,26,10,19,91,16,0,22,27,16,4,38,10,0,31,0,1,69,126,0,0,0,0,0,14,23,120,0,0,9,0,0,0,32,69,8,56,58,0,0,10,5,9,3,0,0,0,11,24,0,78,0,19,0,19,20,15,0,25,76,82,11,25,557,14,16,3,0,14,0]
tiempo_ultimo_agente_goal 85
tiempo_en_acabar 1000
tiempo_promedio 28.355556
agentes_en_goal 47
bad_good_total_rate_pred [150970,316035,467005,0.7]
push_out_count 0
RUN 6
valores_ideales [31,20,17,6,29,37,34,21,28,7,17,1,50,17,44,27,3,15,31,29,36,25,7,19,51,14,33,22,26,16,4,38,10,39,31,37,1,36,32,28,39,23,15,17,14,20,45,19,30,9,26,23,39,30,21,8,43,24,37,34,8,3,5,3,28,41,36,11,24,29,29,27,19,29,19,19,13,38,12,54,39,9,25,25,14,15,3,27,10,27]
costo_por_agente [79,175,94,6,29,22,117,74,30,7,23,1,201,19,35,21,3,15,39,46,38,25,7,19,59,16,65,22,26,16,4,40,10,19,31,36,1,9,68,34,39,342,67,7,20,22,28,11,73,11,11,493,21,30,186,8,43,118,107,34,8,5,7,5,15,28,101,11,24,54,41,382,21,58,19,21,13,28,18,20,22,9,27,25,14,15,3,96,10,15]
completion_time_por_agente [178,0,66,6,29,0,0,81,0,7,38,1,85,19,0,0,4,15,53,0,68,27,10,20,819,16,0,22,27,16,4,38,10,0,31,0,1,69,987,73,50,0,0,0,29,23,120,0,0,11,0,0,0,30,69,8,43,58,0,40,9,5,8,8,0,0,0,11,24,0,51,0,21,0,19,22,13,0,20,76,82,9,29,557,14,16,3,0,11,0]
tiempo_ultimo_agente_goal 987
tiempo_en_acabar 1000
tiempo_promedio 47.877777
agentes_en_goal 51
bad_good_total_rate_pred [168509,249150,417659,0.6]
push_out_count 0
RUN 7
valores_ideales [31,20,17,6,29,37,34,21,28,7,17,1,50,17,44,27,3,15,31,29,36,25,7,19,51,14,33,22,26,16,4,38,10,39,31,37,1,36,32,28,39,23,15,17,14,20,45,19,30,9,26,23,39,30,21,8,43,24,37,34,8,3,5,3,28,41,36,11,24,29,29,27,19,29,19,19,13,38,12,54,39,9,25,25,14,15,3,27,10,27]
costo_por_agente [58,80,43,6,29,69,46,7,11,7,33,1,54,21,25,14,3,15,33,205,54,25,7,19,34,14,14,22,28,16,4,38,10,20,31,18,1,48,54,7,29,19,40,7,14,22,71,793,16,11,10,67,17,32,16,8,47,18,43,25,8,3,7,3,9,30,29,11,24,37,63,21,19,32,19,19,13,11,15,54,18,9,27,28,14,15,4,18,10,24]
completion_time_por_agente [178,0,66,6,29,99,0,81,0,7,51,1,85,22,0,0,4,18,55,0,176,26,11,19,819,14,0,22,31,16,4,62,10,0,31,0,1,156,174,73,50,0,0,0,19,23,120,0,0,13,0,0,0,43,69,8,173,58,0,40,8,5,8,3,0,0,0,11,24,0,51,0,21,0,19,19,14,0,20,57,82,9,27,557,14,16,3,0,11,0]
tiempo_ultimo_agente_goal 176
tiempo_en_acabar 1000
tiempo_promedio 43.799999
agentes_en_goal 47
bad_good_total_rate_pred [148851,280763,429614,0.7]
push_out_count 0
RUN 8
valores_ideales [31,20,17,6,29,37,34,21,28,7,17,1,50,17,44,27,3,15,31,29,36,25,7,19,51,14,33,22,26,16,4,38,10,39,31,37,1,36,32,28,39,23,15,17,14,20,45,19,30,9,26,23,39,30,21,8,43,24,37,34,8,3,5,3,28,41,36,11,24,29,29,27,19,29,19,19,13,38,12,54,39,9,25,25,14,15,3,27,10,27]
costo_por_agente [45,310,25,6,29,20,26,109,17,7,21,1,17,19,30,19,3,15,33,19,16,25,7,19,25,14,18,22,26,20,4,38,10,22,31,23,1,22,39,13,19,319,19,147,8,24,28,8,34,15,13,16,16,30,23,10,45,14,36,14,8,5,7,5,12,31,40,11,26,13,33,6,19,20,19,19,15,11,11,54,37,13,27,27,14,15,3,18,10,33]
completion_time_por_agente [178,0,66,6,29,99,0,81,0,7,21,1,85,22,0,0,3,17,60,0,176,26,10,19,819,14,0,22,27,21,4,40,10,0,31,0,1,156,174,73,50,0,0,0,19,29,120,0,0,64,0,0,0,30,69,10,54,58,0,40,9,5,10,7,0,0,52,11,27,0,359,0,20,0,19,20,15,0,20,62,82,13,27,557,14,16,3,0,11,0]
tiempo_ultimo_agente_goal 359
tiempo_en_acabar 1000
tiempo_promedio 46.666668
agentes_en_goal 45
bad_good_total_rate_pred [116610,322245,438855,0.7]
push_out_count 0
RUN 9
valores_ideales [31,20,17,6,29,37,34,21,28,7,17,1,50,17,44,27,3,15,31,29,36,25,7,19,51,14,33,22,26,16,4,38,10,39,31,37,1,36,32,28,39,23,15,17,14,20,45,19,30,9,26,23,39,30,21,8,43,24,37,34,8,3,5,3,28,41,36,11,24,29,29,27,19,29,19,19,13,38,12,54,39,9,25,25,14,15,3,27,10,27]
costo_por_agente [33,421,34,6,29,57,567,23,43,7,19,1,41,17,28,8,3,15,45,81,13,25,9,19,26,14,48,22,28,18,4,24,10,19,31,23,1,13,48,9,12,259,17,11,16,22,30,95,36,11,10,35,33,30,125,8,106,117,23,52,8,7,7,3,52,30,34,11,24,47,23,7,19,35,19,19,13,15,10,54,32,11,27,9,14,15,5,152,12,31]
completion_time_por_agente [53,0,66,6,29,142,0,24,0,7,20,1,85,17,0,0,4,17,56,0,176,26,10,19,819,14,0,22,28,18,4,40,10,0,31,0,1,156,96,73,50,0,0,0,18,24,120,0,0,16,0,0,0,31,69,8,54,58,0,202,8,9,9,3,0,0,52,11,24,0,359,0,19,0,19,19,15,0,20,59,82,11,27,557,15,16,5,0,12,0]
tiempo_ultimo_agente_goal 202
tiempo_en_acabar 1000
tiempo_promedio 45.233334
agentes_en_goal 47
bad_good_total_rate_pred [162837,239353,402190,0.6]
push_out_count 0
RUN 10
valores_ideales [31,20,17,6,29,37,34,21,28,7,17,1,50,17,44,27,3,15,31,29,36,25,7,19,51,14,33,22,26,16,4,38,10,39,31,37,1,36,32,28,39,23,15,17,14,20,45,19,30,9,26,23,39,30,21,8,43,24,37,34,8,3,5,3,28,41,36,11,24,29,29,27,19,29,19,19,13,38,12,54,39,9,25,25,14,15,3,27,10,27]
costo_por_agente [55,23,42,6,29,20,31,23,14,7,23,1,70,19,32,15,3,15,19,22,16,25,9,19,28,14,14,22,26,20,4,40,10,30,31,38,1,13,12,10,13,20,34,5,14,24,35,37,7,9,12,18,16,34,11,10,43,13,26,22,8,3,9,7,8,62,450,11,26,18,15,14,19,11,19,38,13,13,12,30,14,9,27,51,14,15,3,22,10,10]
completion_time_por_agente [53,0,66,6,29,142,0,27,0,7,25,1,498,24,0,0,4,18,56,0,176,26,10,19,819,14,0,22,29,33,4,48,10,0,31,0,1,156,96,73,50,0,0,0,26,25,120,0,0,9,0,0,0,43,69,10,497,58,0,202,9,4,12,10,0,0,52,11,26,0,359,0,19,0,19,19,13,0,18,59,82,9,27,557,14,16,3,0,13,0]
tiempo_ultimo_agente_goal 498
tiempo_en_acabar 1000
tiempo_promedio 55.366665
agentes_en_goal 44
bad_good_total_rate_pred [146079,300647,446726,0.7]
push_out_count 0
RUN 11
valores_ideales [31,20,17,6,29,37,34,21,28,7,17,1,50,17,44,27,3,15,31,29,36,25,7,19,51,14,33,22,26,16,4,38,10,39,31,37,1,36,32,28,39,23,15,17,14,20,45,19,30,9,26,23,39,30,21,8,43,24,37,34,8,3,5,3,28,41,36,11,24,29,29,27,19,29,19,19,13,38,12,54,39,9,25,25,14,15,3,27,10,27]
costo_por_agente [37,13,35,6,29,20,21,12,29,7,19,1,15,19,30,20,3,15,23,25,44,25,9,19,28,14,10,22,26,16,4,38,10,18,31,18,1,21,16,17,12,7,119,15,16,22,27,13,17,9,15,62,10,30,40,10,37,16,23,28,12,5,7,5,12,28,27,11,24,21,914,10,19,13,19,19,13,11,13,29,21,11,27,23,14,15,3,45,10,16]
completion_time_por_agente [53,0,66,6,29,142,0,27,0,8,19,1,498,22,0,0,4,15,56,0,176,26,10,19,819,14,0,22,27,16,4,38,10,0,31,0,1,156,96,73,50,0,0,0,31,25,120,0,0,11,0,0,0,32,69,10,497,58,0,202,15,6,9,8,0,0,52,11,24,0,359,0,19,0,19,20,15,0,18,59,82,11,27,557,14,16,3,0,10,0]
tiempo_ultimo_agente_goal 38
tiempo_en_acabar 1000
tiempo_promedio 54.922222
agentes_en_goal 41
bad_good_total_rate_pred [151886,321806,473692,0.7]
push_out_count 0
RUN 12
valores_ideales [31,20,17,6,29,37,34,21,28,7,17,1,50,17,44,27,3,15,31,29,36,25,7,19,51,14,33,22,26,16,4,38,10,39,31,37,1,36,32,28,39,23,15,17,14,20,45,19,30,9,26,23,39,30,21,8,43,24,37,34,8,3,5,3,28,41,36,11,24,29,29,27,19,29,19,19,13,38,12,54,39,9,25,25,14,15,3,27,10,27]
costo_por_agente [36,32,212,6,29,77,17,11,100,7,17,1,41,21,25,26,3,15,41,73,80,25,7,19,63,14,14,22,28,18,4,38,10,17,31,201,1,134,116,58,59,86,68,18,14,22,36,107,77,11,12,438,40,30,23,8,34,317,73,244,8,7,7,5,286,75,172,11,24,92,131,321,19,74,19,19,13,17,32,56,22,11,27,22,14,15,3,14,10,67]
completion_time_por_agente [53,0,66,6,29,202,0,27,0,7,17,1,498,21,0,0,3,17,57,0,251,26,7,19,236,14,0,22,30,19,4,63,10,0,33,928,1,662,353,227,127,0,0,0,15,23,120,231,0,11,0,0,0,35,69,8,497,58,0,490,9,7,8,5,934,668,52,11,24,0,683,0,21,0,19,19,13,0,69,125,82,13,27,557,14,16,3,0,10,286]
tiempo_ultimo_agente_goal 934
tiempo_en_acabar 1000
tiempo_promedio 102.977776
agentes_en_goal 58
bad_good_total_rate_pred [142888,186272,329160,0.6]
push_out_count 0
RUN 13
valores_ideales [31,20,17,6,29,37,34,21,28,7,17,1,50,17,44,27,3,15,31,29,36,25,7,19,51,14,33,22,26,16,4,38,10,39,31,37,1,36,32,28,39,23,15,17,14,20,45,19,30,9,26,23,39,30,21,8,43,24,37,34,8,3,5,3,28,41,36,11,24,29,29,27,19,29,19,19,13,38,12,54,39,9,25,25,14,15,3,27,10,27]
costo_por_agente [70,31,79,6,29,14,26,466,42,7,19,1,265,8,26,50,3,15,55,25,177,25,9,19,24,14,28,24,26,15,4,10,10,18,31,19,1,16,12,18,30,8,585,59,13,22,23,42,51,10,15,12,21,30,12,8,13,319,31,38,11,5,7,5,6,21,39,11,24,15,36,298,19,77,19,19,13,291,12,31,25,9,27,18,14,15,3,22,10,6]
completion_time_por_agente [53,0,66,6,29,202,0,27,0,7,19,1,498,21,0,0,4,16,95,0,251,26,10,19,236,14,0,24,27,19,4,63,10,0,31,928,1,662,353,227,127,0,0,173,15,23,120,231,0,11,0,0,0,33,69,8,497,58,0,45,9,5,9,5,934,668,52,11,24,0,683,0,19,0,19,21,13,0,12,125,82,9,27,557,14,16,3,0,11,286]
tiempo_ultimo_agente_goal 173
tiempo_en_acabar 1000
tiempo_promedio 99.699997
agentes_en_goal 39
bad_good_total_rate_pred [249174,215325,464499,0.5]
push_out_count 0
RUN 14
valores_ideales [31,20,17,6,29,37,34,21,28,7,17,1,50,17,44,27,3,15,31,29,36,25,7,19,51,14,33,22,26,16,4,38,10,39,31,37,1,36,32,28,39,23,15,17,14,20,45,19,30,9,26,23,39,30,21,8,43,24,37,34,8,3,5,3,28,41,36,11,24,29,29,27,19,29,19,19,13,38,12,54,39,9,25,25,14,15,3,27,10,27]
costo_por_agente [15,18,58,6,29,15,16,25,7,9,23,1,52,17,28,10,3,15,19,23,15,25,7,19,26,16,20,22,28,16,4,38,10,75,31,25,1,16,14,20,17,236,63,980,8,20,31,24,74,14,22,355,18,30,14,8,43,983,63,28,8,3,7,3,305,31,24,11,24,21,22,132,19,9,19,25,13,11,15,54,19,9,27,638,16,15,3,65,16,17]
completion_time_por_agente [53,0,66,6,29,202,0,35,0,9,26,1,60,17,0,0,3,17,95,0,251,26,11,19,236,16,0,22,36,16,4,41,10,0,31,928,1,662,353,227,127,0,0,173,15,22,120,231,0,11,0,0,0,30,69,8,47,58,0,45,9,3,7,3,934,668,52,11,24,0,683,0,19,0,19,25,14,0,12,86,82,9,27,557,16,16,3,0,16,286]
tiempo_ultimo_agente_goal 86
tiempo_en_acabar 1000
tiempo_promedio 89.400002
agentes_en_goal 43
bad_good_total_rate_pred [164599,266577,431176,0.6]
push_out_count 0
RUN 15
valores_ideales [31,20,17,6,29,37,34,21,28,7,17,1,50,17,44,27,3,15,31,29,36,25,7,19,51,14,33,22,26,16,4,38,10,39,31,37,1,36,32,28,39,23,15,17,14,20,45,19,30,9,26,23,39,30,21,8,43,24,37,34,8,3,5,3,28,41,36,11,24,29,29,27,19,29,19,19,13,38,12,54,39,9,25,25,14,15,3,27,10,27]
costo_por_agente [39,23,52,6,29,20,26,21,22,7,19,1,29,17,24,11,3,15,18,19,22,25,7,19,23,14,18,22,26,16,4,9,10,28,31,23,1,36,17,8,27,48,15,12,14,22,22,10,64,13,11,279,15,34,26,10,15,22,23,12,8,5,9,3,332,20,13,11,24,25,11,18,21,25,19,19,15,14,12,54,17,9,25,19,14,15,3,16,10,22]
completion_time_por_agente [63,0,66,6,29,202,0,22,0,7,19,1,60,19,0,0,3,15,95,0,251,26,10,20,236,14,0,22,29,17,4,41,10,0,32,928,1,56,353,227,127,0,0,173,15,23,120,231,0,22,0,0,0,38,69,10,47,58,0,45,9,8,10,3,934,668,52,11,24,0,683,0,21,0,19,19,17,0,14,72,82,11,25,557,14,16,3,0,10,286]
tiempo_ultimo_agente_goal 72
tiempo_en_acabar 1000
tiempo_promedio 82.555557
agentes_en_goal 45
bad_good_total_rate_pred [144689,347687,492376,0.7]
push_out_count 0
RUN 16
valores_ideales [31,20,17,6,29,37,34,21,28,7,17,1,50,17,44,27,3,15,31,29,36,25,7,19,51,14,33,22,26,16,4,38,10,39,31,37,1,36,32,28,39,23,15,17,14,20,45,19,30,9,26,23,39,30,21,8,43,24,37,34,8,3,5,3,28,41,36,11,24,29,29,27,19,29,19,19,13,38,12,54,39,9,25,25,14,15,3,27,10,27]
costo_por_agente [34,12,17,6,29,16,18,135,9,7,17,1,20,23,161,38,3,15,15,24,10,25,7,19,31,14,25,22,26,18,4,12,10,20,31,17,1,13,17,15,40,18,13,27,8,22,27,18,19,11,15,21,15,30,11,10,19,20,84,18,8,5,7,3,9,25,38,11,24,14,43,20,19,40,19,19,8,14,14,29,19,11,25,16,14,15,3,41,10,443]
completion_time_por_agente [63,0,66,6,29,202,0,22,0,7,17,1,60,24,0,0,4,15,95,0,251,26,7,19,236,16,0,22,28,19,4,41,11,0,31,928,1,56,353,227,127,0,0,173,15,25,120,231,0,11,0,0,0,44,69,12,47,58,0,45,10,5,8,5,934,668,52,11,24,0,683,0,19,0,19,19,17,0,17,72,82,11,25,557,14,16,3,0,12,286]
tiempo_ultimo_agente_goal 44
tiempo_en_acabar 1000
tiempo_promedio 82.588890
agentes_en_goal 39
bad_good_total_rate_pred [200926,378840,579766,0.7]
push_out_count 0
RUN 17
valores_ideales [31,20,17,6,29,37,34,21,28,7,17,1,50,17,44,27,3,15,31,29,36,25,7,19,51,14,33,22,26,16,4,38,10,39,31,37,1,36,32,28,39,23,15,17,14,20,45,19,30,9,26,23,39,30,21,8,43,24,37,34,8,3,5,3,28,41,36,11,24,29,29,27,19,29,19,19,13,38,12,54,39,9,25,25,14,15,3,27,10,27]
costo_por_agente [12,21,240,6,29,38,21,21,136,7,19,1,41,19,23,13,3,15,33,30,15,25,7,19,29,14,16,22,26,18,4,12,10,47,31,17,1,16,12,12,29,26,83,7,12,22,27,14,57,15,16,18,17,30,16,10,60,19,49,18,8,3,7,5,29,23,29,11,24,32,42,29,19,29,19,19,15,16,14,28,21,9,25,111,14,15,3,507,10,71]
completion_time_por_agente [63,0,66,6,29,202,0,30,0,7,21,1,60,19,0,0,4,17,91,0,251,26,7,20,236,14,0,22,27,18,4,41,10,0,31,928,1,56,353,227,127,0,0,173,15,25,120,231,0,16,0,0,0,30,69,10,47,58,0,45,8,3,10,6,934,668,52,11,25,0,683,0,19,0,19,20,15,0,14,72,82,9,25,306,14,16,3,0,11,331]
tiempo_ultimo_agente_goal 331
tiempo_en_acabar 1000
tiempo_promedio 80.111115
agentes_en_goal 44
bad_good_total_rate_pred [166413,370670,537083,0.7]
push_out_count 0
RUN 18
valores_ideales [31,20,17,6,29,37,34,21,28,7,17,1,50,17,44,27,3,15,31,29,36,25,7,19,51,14,33,22,26,16,4,38,10,39,31,37,1,36,32,28,39,23,15,17,14,20,45,19,30,9,26,23,39,30,21,8,43,24,37,34,8,3,5,3,28,41,36,11,24,29,29,27,19,29,19,19,13,38,12,54,39,9,25,25,14,15,3,27,10,27]
costo_por_agente [49,17,327,6,29,28,25,21,35,7,21,1,54,21,66,53,3,17,55,17,26,25,7,19,38,14,34,22,26,16,4,38,10,16,31,36,1,8,90,66,25,12,83,110,5,22,47,19,26,11,21,17,14,30,21,8,47,142,20,57,10,5,7,5,8,161,11,11,24,21,31,8,21,35,19,19,13,14,15,56,18,11,27,37,14,15,3,17,10,17]
completion_time_por_agente [63,0,66,6,29,202,0,26,0,7,21,1,156,23,0,0,3,24,216,0,251,26,10,20,236,16,0,22,29,18,4,44,10,0,31,928,1,56,203,175,127,0,0,173,15,25,120,231,0,16,0,0,0,31,69,8,93,296,0,45,10,5,8,6,934,668,52,11,24,0,78,0,21,0,19,20,13,0,14,103,82,12,27,306,14,16,3,0,12,331]
tiempo_ultimo_agente_goal 296
tiempo_en_acabar 1000
tiempo_promedio 77.344444
agentes_en_goal 49
bad_good_total_rate_pred [135031,260479,395510,0.7]
push_out_count 0
RUN 19
valores_ideales [31,20,17,6,29,37,34,21,28,7,17,1,50,17,44,27,3,15,31,29,36,25,7,19,51,14,33,22,26,16,4,38,10,39,31,37,1,36,32,28,39,23,15,17,14,20,45,19,30,9,26,23,39,30,21,8,43,24,37,34,8,3,5,3,28,41,36,11,24,29,29,27,19,29,19,19,13,38,12,54,39,9,25,25,14,15,3,27,10,27]
costo_por_agente [11,25,16,6,29,65,17,19,36,7,17,1,54,17,24,11,5,25,21,32,22,25,9,19,28,14,26,22,26,18,4,33,10,187,31,27,1,30,74,36,18,21,18,29,14,22,128,28,29,11,11,21,16,30,58,8,25,42,25,92,8,7,7,3,45,38,13,11,24,46,33,39,21,29,19,19,13,32,12,19,41,9,27,97,14,15,3,25,10,27]
completion_time_por_agente [63,0,66,6,29,366,0,26,392,7,17,1,343,18,0,0,6,527,216,0,251,26,10,19,236,16,0,22,27,18,4,44,10,520,32,928,1,56,203,175,127,0,0,49,21,23,120,231,0,12,0,0,0,31,69,8,93,296,0,45,10,10,9,3,934,668,52,11,24,0,61,0,21,0,19,20,13,0,14,103,509,9,27,306,14,16,3,0,37,31]
tiempo_ultimo_agente_goal 527
tiempo_en_acabar 1000
tiempo_promedio 97.000000
agentes_en_goal 48
bad_good_total_rate_pred [145493,263808,409301,0.6]
push_out_count 0
RUN 20
valores_ideales [31,20,17,6,29,37,34,21,28,7,17,1,50,17,44,27,3,15,31,29,36,25,7,19,51,14,33,22,26,16,4,38,10,39,31,37,1,36,32,28,39,23,15,17,14,20,45,19,30,9,26,23,39,30,21,8,43,24,37,34,8,3,5,3,28,41,36,11,24,29,29,27,19,29,19,19,13,38,12,54,39,9,25,25,14,15,3,27,10,27]
costo_por_agente [12,12,33,6,29,20,34,21,10,7,17,1,22,17,511,21,3,15,9,17,22,25,7,19,34,14,21,22,26,18,4,40,10,34,31,19,1,13,34,22,18,12,33,9,14,22,29,12,19,13,25,430,16,32,24,10,13,23,26,11,4,5,9,3,18,32,34,11,24,11,16,7,19,10,19,19,15,15,22,56,16,9,25,18,14,17,3,21,12,81]
completion_time_por_agente [63,0,66,6,29,366,0,23,392,7,18,1,343,17,0,0,4,17,216,0,251,26,12,19,236,14,0,23,27,20,4,107,10,520,31,928,1,56,203,175,127,0,0,49,21,25,120,231,0,16,0,0,0,32,69,10,93,296,0,45,10,5,13,4,934,668,52,11,24,0,61,0,19,0,19,19,15,0,26,114,509,9,25,306,14,19,3,0,13,31]
tiempo_ultimo_agente_goal 114
tiempo_en_acabar 1000
tiempo_promedio 92.088890
agentes_en_goal 43
bad_good_total_rate_pred [190200,297756,487956,0.6]
push_out_count 0
RUN 21
valores_ideales [31,20,17,6,29,37,34,21,28,7,17,1,50,17,44,27,3,15,31,29,36,25,7,19,51,14,33,22,26,16,4,38,10,39,31,37,1,36,32,28,39,23,15,17,14,20,45,19,30,9,26,23,39,30,21,8,43,24,37,34,8,3,5,3,28,41,36,11,24,29,29,27,19,29,19,19,13,38,12,54,39,9,25,25,14,15,3,27,10,27]
costo_por_agente [8,9,31,6,29,14,17,10,7,7,19,1,33,19,23,13,3,15,11,94,12,25,7,21,33,14,22,22,26,18,4,38,10,18,31,17,1,8,13,8,19,22,36,5,22,22,28,6,16,9,9,27,15,30,17,8,15,12,21,14,8,7,7,3,16,25,13,11,24,13,7,10,19,15,19,19,15,15,14,28,15,9,25,9,14,15,3,15,18,4]
completion_time_por_agente [63,0,66,6,30,366,0,23,392,7,19,1,343,19,0,0,4,18,216,0,251,26,12,21,236,14,0,22,27,19,4,52,11,520,31,928,1,56,203,175,127,0,0,49,34,33,120,231,0,9,0,0,0,30,69,8,93,296,0,45,8,8,10,3,934,668,52,11,24,0,61,0,19,0,19,19,15,0,14,114,509,10,25,306,14,15,3,0,19,31]
tiempo_ultimo_agente_goal 52
tiempo_en_acabar 1000
tiempo_promedio 91.522224
agentes_en_goal 42
bad_good_total_rate_pred [231782,317946,549728,0.6]
push_out_count 0
RUN 22
valores_ideales [31,20,17,6,29,37,34,21,28,7,17,1,50,17,44,27,3,15,31,29,36,25,7,19,51,14,33,22,26,16,4,38,10,39,31,37,1,36,32,28,39,23,15,17,14,20,45,19,30,9,26,23,39,30,21,8,43,24,37,34,8,3,5,3,28,41,36,11,24,29,29,27,19,29,19,19,13,38,12,54,39,9,25,25,14,15,3,27,10,27]
costo_por_agente [74,408,39,6,29,105,14,23,42,7,37,1,60,19,52,131,3,15,41,40,76,25,7,21,111,14,57,22,11,16,4,38,10,38,31,56,1,36,79,34,29,26,14,12,16,20,29,315,84,9,72,26,77,30,61,8,43,29,30,38,8,5,7,3,10,71,31,11,24,26,59,32,19,20,19,19,13,14,12,58,57,9,27,220,14,15,3,23,12,14]
completion_time_por_agente [63,0,67,6,29,366,0,23,392,7,80,1,350,19,0,0,4,17,65,0,251,26,10,22,906,14,0,22,27,16,4,39,10,520,32,928,1,40,203,151,127,0,0,49,18,33,120,988,0,10,0,0,984,31,69,8,44,296,0,163,13,8,10,8,934,668,52,11,24,0,732,0,19,0,19,19,13,0,17,978,155,9,27,306,15,16,3,0,12,31]
tiempo_ultimo_agente_goal 988
tiempo_en_acabar 1000
tiempo_promedio 130.555557
agentes_en_goal 54
bad_good_total_rate_pred [128130,233573,361703,0.6]
push_out_count 0
RUN 23
valores_ideales [31,20,17,6,29,37,34,21,28,7,17,1,50,17,44,27,3,15,31,29,36,25,7,19,51,14,33,22,26,16,4,38,10,39,31,37,1,36,32,28,39,23,15,17,14,20,45,19,30,9,26,23,39,30,21,8,43,24,37,34,8,3,5,3,28,41,36,11,24,29,29,27,19,29,19,19,13,38,12,54,39,9,25,25,14,15,3,27,10,27]
costo_por_agente [94,14,123,6,29,343,18,31,51,7,23,1,20,19,60,22,3,17,33,23,25,25,11,21,48,14,23,22,26,18,4,38,10,107,31,20,1,40,26,10,18,6,17,7,14,22,56,177,14,12,10,26,25,30,23,8,15,16,27,22,8,5,7,3,17,70,16,11,24,16,73,51,19,18,19,19,13,14,13,60,24,9,27,295,14,15,3,15,10,32]
completion_time_por_agente [63,0,67,6,29,366,0,33,392,8,26,1,350,22,0,0,3,31,42,0,251,26,13,23,906,14,0,22,27,19,4,39,10,520,31,928,1,110,203,151,127,0,0,49,16,24,120,988,0,10,0,0,984,31,69,8,44,296,0,163,10,5,8,3,934,668,52,11,24,0,116,0,21,0,19,19,15,0,17,94,155,9,27,306,14,16,3,0,10,31]
tiempo_ultimo_agente_goal 116
tiempo_en_acabar 1000
tiempo_promedio 113.922226
agentes_en_goal 45
bad_good_total_rate_pred [210985,239686,450671,0.5]
push_out_count 0
RUN 24
valores_ideales [31,20,17,6,29,37,34,21,28,7,17,1,50,17,44,27,3,15,31,29,36,25,7,19,51,14,33,22,26,16,4,38,10,39,31,37,1,36,32,28,39,23,15,17,14,20,45,19,30,9,26,23,39,30,21,8,43,24,37,34,8,3,5,3,28,41,36,11,24,29,29,27,19,29,19,19,13,38,12,54,39,9,25,25,14,15,3,27,10,27]
costo_por_agente [11,42,698,6,29,28,93,23,112,7,13,1,56,17,23,13,3,15,43,81,44,25,7,21,26,14,20,22,28,18,4,14,10,25,31,31,1,15,17,7,17,56,14,8,11,5,845,983,16,9,10,108,14,30,11,8,20,47,39,10,10,7,10,5,17,30,22,11,24,54,45,88,19,187,19,19,15,14,13,21,27,9,25,20,14,15,3,23,10,16]
completion_time_por_agente [63,0,67,6,29,366,0,24,392,7,26,1,350,22,0,0,4,17,851,0,761,26,12,23,906,14,0,22,758,18,4,39,10,520,31,928,1,110,203,151,127,0,0,49,16,24,120,988,0,9,0,0,984,30,69,8,44,296,0,163,11,8,8,6,934,668,52,11,24,0,116,0,19,0,19,19,15,0,17,94,155,9,25,306,14,16,3,0,12,31]
tiempo_ultimo_agente_goal 851
tiempo_en_acabar 1000
tiempo_promedio 136.455551
agentes_en_goal 38
bad_good_total_rate_pred [247310,348897,596207,0.6]
push_out_count 0
RUN 25
valores_ideales [31,20,17,6,29,37,34,21,28,7,17,1,50,17,44,27,3,15,31,29,36,25,7,19,51,14,33,22,26,16,4,38,10,39,31,37,1,36,32,28,39,23,15,17,14,20,45,19,30,9,26,23,39,30,21,8,43,24,37,34,8,3,5,3,28,41,36,11,24,29,29,27,19,29,19,19,13,38,12,54,39,9,25,25,14,15,3,27,10,27]
costo_por_agente [12,14,37,6,29,17,86,10,38,7,25,1,25,17,25,20,3,15,35,60,19,25,9,19,42,14,19,22,26,20,4,38,10,19,31,24,1,38,924,18,63,23,16,38,20,24,25,23,27,9,12,217,25,30,18,8,17,16,29,22,10,3,7,3,21,26,26,11,24,9,8,24,21,17,19,19,13,26,16,24,26,9,27,40,14,15,3,84,10,3]
completion_time_por_agente [63,0,67,6,29,366,0,24,392,7,48,1,350,19,0,0,3,17,37,0,761,26,11,19,906,14,0,22,28,20,4,48,10,520,33,928,1,49,203,151,127,0,0,49,178,25,120,988,0,10,0,0,984,33,69,8,44,296,0,163,11,3,9,3,934,668,52,11,27,0,116,0,21,0,19,19,14,0,20,94,155,10,27,306,14,16,3,0,10,31]
tiempo_ultimo_agente_goal 178
tiempo_en_acabar 1000
tiempo_promedio 120.777779
agentes_en_goal 43
bad_good_total_rate_pred [200264,359711,559975,0.6]
push_out_count 0
RUN 26
valores_ideales [31,20,17,6,29,37,34,21,28,7,17,1,50,17,44,27,3,15,31,29,36,25,7,19,51,14,33,22,26,16,4,38,10,39,31,37,1,36,32,28,39,23,15,17,14,20,45,19,30,9,26,23,39,30,21,8,43,24,37,34,8,3,5,3,28,41,36,11,24,29,29,27,19,29,19,19,13,38,12,54,39,9,25,25,14,15,3,27,10,27]
costo_por_agente [12,10,23,6,29,19,21,11,9,7,10,1,27,21,23,40,3,15,14,23,18,25,7,19,26,14,11,22,26,16,4,38,10,19,31,21,1,12,14,11,13,16,16,7,11,24,26,26,12,9,8,14,20,30,12,8,17,17,22,16,8,7,7,3,4,24,15,11,24,13,7,14,21,14,19,19,15,10,12,27,15,9,25,11,14,15,3,20,10,5]
completion_time_por_agente [63,0,67,6,29,366,0,24,392,7,48,1,350,23,0,0,3,17,37,0,761,26,10,19,906,14,0,22,29,17,4,53,10,520,32,928,1,49,203,151,127,0,0,49,178,28,120,988,0,9,0,0,984,31,69,8,44,296,0,163,9,8,9,3,934,668,52,11,24,0,116,0,21,0,19,19,15,0,12,94,155,9,25,306,14,16,3,0,11,31]
tiempo_ultimo_agente_goal 53
tiempo_en_acabar 1000
tiempo_promedio 120.733330
agentes_en_goal 40
bad_good_total_rate_pred [268669,358715,627384,0.6]
push_out_count 0
RUN 27
valores_ideales [31,20,17,6,29,37,34,21,28,7,17,1,50,17,44,27,3,15,31,29,36,25,7,19,51,14,33,22,26,16,4,38,10,39,31,37,1,36,32,28,39,23,15,17,14,20,45,19,30,9,26,23,39,30,21,8,43,24,37,34,8,3,5,3,28,41,36,11,24,29,29,27,19,29,19,19,13,38,12,54,39,9,25,25,14,15,3,27,10,27]
costo_por_agente [25,8,59,6,29,48,21,29,90,7,17,1,43,23,55,43,3,15,19,24,39,25,9,19,59,14,11,22,28,14,4,38,10,14,31,43,1,7,26,30,22,12,13,15,16,22,94,93,18,13,9,13,81,30,44,8,65,15,24,36,8,5,7,3,5,145,9,11,24,16,161,13,19,63,19,19,13,10,12,24,17,9,25,37,14,15,3,16,14,54]
completion_time_por_agente [63,0,290,6,29,366,0,221,520,7,18,1,350,23,0,0,3,15,37,0,761,26,15,19,906,14,0,22,29,17,4,120,10,520,31,928,1,49,203,151,127,0,0,49,321,29,120,988,0,13,0,0,273,30,69,8,340,296,0,163,10,7,8,3,934,668,52,11,25,0,513,0,19,311,19,19,14,0,12,94,155,9,25,306,14,15,3,0,15,31]
tiempo_ultimo_agente_goal 520
tiempo_en_acabar 1000
tiempo_promedio 132.144440
agentes_en_goal 48
bad_good_total_rate_pred [172295,239080,411375,0.6]
push_out_count 0
RUN 28
valores_ideales [31,20,17,6,29,37,34,21,28,7,17,1,50,17,44,27,3,15,31,29,36,25,7,19,51,14,33,22,26,16,4,38,10,39,31,37,1,36,32,28,39,23,15,17,14,20,45,19,30,9,26,23,39,30,21,8,43,24,37,34,8,3,5,3,28,41,36,11,24,29,29,27,19,29,19,19,13,38,12,54,39,9,25,25,14,15,3,27,10,27]
costo_por_agente [35,424,157,6,29,56,55,21,68,7,19,1,52,17,54,97,3,15,37,25,55,25,7,21,75,14,16,22,26,16,4,50,10,42,31,43,1,15,52,7,55,630,55,5,14,22,25,13,42,11,13,570,65,30,43,10,63,71,260,34,8,5,7,5,11,111,34,11,24,19,19,119,21,95,19,19,13,15,20,54,42,9,25,16,14,15,3,18,12,27]
completion_time_por_agente [42,0,290,6,29,366,0,22,520,7,19,1,62,19,0,0,3,17,127,0,761,26,11,21,120,14,0,22,30,18,4,135,10,520,32,928,1,49,495,151,115,0,550,49,16,26,120,988,81,26,0,0,273,38,69,10,576,296,0,44,12,5,7,9,934,668,52,11,24,0,513,0,21,311,19,20,14,0,21,86,155,9,25,306,14,15,3,0,12,31]
tiempo_ultimo_agente_goal 576
tiempo_en_acabar 1000
tiempo_promedio 127.244446
agentes_en_goal 55
bad_good_total_rate_pred [111376,228615,339991,0.7]
push_out_count 0
RUN 29
valores_ideales [31,20,17,6,29,37,34,21,28,7,17,1,50,17,44,27,3,15,31,29,36,25,7,19,51,14,33,22,26,16,4,38,10,39,31,37,1,36,32,28,39,23,15,17,14,20,45,19,30,9,26,23,39,30,21,8,43,24,37,34,8,3,5,3,28,41,36,11,24,29,29,27,19,29,19,19,13,38,12,54,39,9,25,25,14,15,3,27,10,27]
costo_por_agente [34,86,34,6,29,28,32,10,16,9,19,1,20,19,32,98,5,15,33,106,38,25,7,19,34,16,19,22,26,18,4,38,10,23,31,60,1,14,141,76,12,68,19,346,15,20,111,242,26,11,54,105,12,30,108,8,54,67,37,30,8,5,7,5,11,63,13,11,28,76,39,8,19,19,19,19,13,10,18,54,43,9,25,178,14,17,3,20,10,45]
completion_time_por_agente [42,262,290,6,29,366,0,22,520,9,19,1,62,22,0,0,7,18,127,0,50,26,7,19,120,16,0,22,27,18,4,39,10,520,31,928,1,49,495,151,115,0,550,49,16,20,120,988,81,11,0,0,273,30,69,8,576,296,0,44,10,50,10,5,934,668,52,11,28,0,85,0,21,311,19,19,13,0,23,86,229,9,26,306,15,19,3,0,10,31]
tiempo_ultimo_agente_goal 262
tiempo_en_acabar 1000
tiempo_promedio 117.488892
agentes_en_goal 46
bad_good_total_rate_pred [151511,214906,366417,0.6]
push_out_count 0
RUN 30
valores_ideales [31,20,17,6,29,37,34,21,28,7,17,1,50,17,44,27,3,15,31,29,36,25,7,19,51,14,33,22,26,16,4,38,10,39,31,37,1,36,32,28,39,23,15,17,14,20,45,19,30,9,26,23,39,30,21,8,43,24,37,34,8,3,5,3,28,41,36,11,24,29,29,27,19,29,19,19,13,38,12,54,39,9,25,25,14,15,3,27,10,27]
costo_por_agente [13,37,26,6,29,25,22,23,9,7,19,1,22,25,25,32,3,15,19,14,14,25,15,19,29,14,19,22,26,16,4,10,10,21,31,19,1,9,15,13,15,266,13,8,16,22,28,7,21,9,9,20,13,30,8,8,17,29,23,26,10,7,7,3,11,25,22,11,24,19,16,14,21,18,19,19,13,14,14,30,30,9,27,42,14,15,3,27,10,9]
completion_time_por_agente [42,262,290,6,29,366,0,26,520,7,19,1,62,26,0,0,4,17,127,0,50,26,23,19,120,14,0,24,27,16,4,39,10,520,31,928,1,49,495,151,115,0,550,49,17,24,120,988,81,11,0,0,273,31,69,8,576,296,0,44,13,9,8,3,934,668,52,11,24,0,85,0,22,311,19,21,13,0,14,86,229,9,27,306,15,16,3,0,12,31]
tiempo_ultimo_agente_goal 31
tiempo_en_acabar 1000
tiempo_promedio 117.155556
agentes_en_goal 42
bad_good_total_rate_pred [178159,351326,529485,0.7]
push_out_count 0
RUN 31
valores_ideales [31,20,17,6,29,37,34,21,28,7,17,1,50,17,44,27,3,15,31,29,36,25,7,19,51,14,33,22,26,16,4,38,10,39,31,37,1,36,32,28,39,23,15,17,14,20,45,19,30,9,26,23,39,30,21,8,43,24,37,34,8,3,5,3,28,41,36,11,24,29,29,27,19,29,19,19,13,38,12,54,39,9,25,25,14,15,3,27,10,27]
costo_por_agente [15,11,13,6,29,18,23,11,28,7,14,1,24,17,25,200,5,17,31,19,18,25,7,19,27,14,18,22,26,18,4,10,10,18,31,20,1,7,15,8,16,9,9,17,14,22,26,14,10,11,12,14,16,30,12,8,18,47,31,12,10,3,7,7,17,199,16,11,26,475,35,7,19,28,19,19,15,15,18,29,16,11,27,26,14,15,3,19,10,24]
completion_time_por_agente [42,262,290,6,29,366,0,26,520,7,19,1,62,18,0,0,5,19,71,0,50,26,10,19,120,14,0,23,30,19,4,39,10,520,31,928,1,49,495,151,115,0,550,49,15,23,120,988,81,14,0,0,273,30,69,8,576,296,0,44,17,5,10,21,934,668,52,11,27,0,46,0,19,311,19,19,26,0,22,86,229,11,27,306,14,16,3,0,12,31]
tiempo_ultimo_agente_goal 71
tiempo_en_acabar 1000
tiempo_promedio 116.388885
agentes_en_goal 42
bad_good_total_rate_pred [200008,347824,547832,0.6]
push_out_count 0
RUN 32
valores_ideales [31,20,17,6,29,37,34,21,28,7,17,1,50,17,44,27,3,15,31,29,36,25,7,19,51,14,33,22,26,16,4,38,10,39,31,37,1,36,32,28,39,23,15,17,14,20,45,19,30,9,26,23,39,30,21,8,43,24,37,34,8,3,5,3,28,41,36,11,24,29,29,27,19,29,19,19,13,38,12,54,39,9,25,25,14,15,3,27,10,27]
costo_por_agente [104,64,620,6,29,22,21,43,56,7,17,1,58,19,50,22,3,15,322,25,26,25,7,19,56,14,28,22,28,24,4,38,10,42,31,36,1,66,33,15,27,13,16,10,14,22,27,26,19,9,19,16,26,34,15,8,19,67,38,36,12,3,9,5,7,64,31,11,24,23,11,24,19,48,19,19,13,33,14,56,23,9,27,36,14,15,3,17,10,253]
completion_time_por_agente [42,262,290,6,29,366,0,26,520,7,18,1,62,19,0,0,4,18,71,0,50,26,7,20,120,14,0,22,29,27,4,39,10,520,31,928,1,49,495,151,115,0,550,49,17,26,120,988,81,9,0,0,273,34,69,8,576,296,0,49,14,3,12,9,934,668,52,11,24,0,46,0,19,311,19,19,13,0,18,63,229,9,27,306,14,16,3,0,10,31]
tiempo_ultimo_agente_goal 63
tiempo_en_acabar 1000
tiempo_promedio 115.822220
agentes_en_goal 44
bad_good_total_rate_pred [140921,376356,517277,0.7]
push_out_count 0
RUN 33
valores_ideales [31,20,17,6,29,37,34,21,28,7,17,1,50,17,44,27,3,15,31,29,36,25,7,19,51,14,33,22,26,16,4,38,10,39,31,37,1,36,32,28,39,23,15,17,14,20,45,19,30,9,26,23,39,30,21,8,43,24,37,34,8,3,5,3,28,41,36,11,24,29,29,27,19,29,19,19,13,38,12,54,39,9,25,25,14,15,3,27,10,27]
costo_por_agente [45,13,86,6,29,21,20,13,10,7,12,1,28,15,28,10,3,15,10,31,11,25,9,19,27,14,16,22,28,16,4,10,10,18,31,26,1,7,18,7,30,23,19,7,14,22,26,17,23,9,10,15,21,30,6,8,23,11,22,21,8,5,7,3,10,25,14,11,26,43,49,15,19,30,19,19,13,45,15,24,17,9,27,21,14,15,3,16,10,24]
completion_time_por_agente [42,262,290,6,29,366,0,26,520,7,18,1,62,19,0,0,3,15,71,0,50,26,10,19,120,14,0,22,31,17,4,39,10,520,31,928,1,49,495,151,115,0,550,49,15,23,120,988,81,11,0,0,273,31,69,8,576,296,0,49,8,5,10,3,934,668,52,11,27,0,46,0,19,311,19,19,13,0,18,63,229,9,27,306,14,15,3,0,12,31]
tiempo_ultimo_agente_goal 31
tiempo_en_acabar 1000
tiempo_promedio 115.555557
agentes_en_goal 38
bad_good_total_rate_pred [255796,351374,607170,0.6]
push_out_count 0
RUN 34
valores_ideales [31,20,17,6,29,37,34,21,28,7,17,1,50,17,44,27,3,15,31,29,36,25,7,19,51,14,33,22,26,16,4,38,10,39,31,37,1,36,32,28,39,23,15,17,14,20,45,19,30,9,26,23,39,30,21,8,43,24,37,34,8,3,5,3,28,41,36,11,24,29,29,27,19,29,19,19,13,38,12,54,39,9,25,25,14,15,3,27,10,27]
costo_por_agente [21,43,42,6,29,25,21,12,20,7,41,1,29,21,30,34,3,15,35,26,46,25,7,21,35,14,11,22,28,16,4,38,10,62,31,31,1,10,22,45,24,17,18,27,14,22,44,31,142,9,81,22,19,32,13,8,17,16,28,12,12,7,7,3,311,50,20,11,24,190,43,20,19,64,19,19,13,25,16,26,19,9,25,57,14,15,3,15,10,21]
completion_time_por_agente [42,262,290,6,29,366,0,26,520,7,87,1,62,23,0,0,5,18,70,0,69,26,12,21,120,14,0,22,31,18,4,41,10,520,31,928,1,49,495,151,115,0,550,49,15,25,120,988,81,9,0,0,273,32,69,8,576,296,0,49,69,9,10,3,934,668,52,11,24,0,105,0,19,311,19,20,13,0,17,63,229,12,25,306,14,16,3,0,10,31]
tiempo_ultimo_agente_goal 105
tiempo_en_acabar 1000
tiempo_promedio 118.055557
agentes_en_goal 45
bad_good_total_rate_pred [178440,329067,507507,0.6]
push_out_count 0
RUN 35
valores_ideales [31,20,17,6,29,37,34,21,28,7,17,1,50,17,44,27,3,15,31,29,36,25,7,19,51,14,33,22,26,16,4,38,10,39,31,37,1,36,32,28,39,23,15,17,14,20,45,19,30,9,26,23,39,30,21,8,43,24,37,34,8,3,5,3,28,41,36,11,24,29,29,27,19,29,19,19,13,38,12,54,39,9,25,25,14,15,3,27,10,27]
costo_por_agente [15,54,41,6,29,23,22,23,44,7,17,1,63,19,22,69,3,15,33,74,48,25,7,19,33,14,13,22,26,20,4,38,10,129,31,20,1,17,16,19,57,16,26,16,20,20,26,840,79,9,14,729,21,30,22,8,43,114,29,12,8,5,7,3,7,32,20,11,26,26,9,115,19,174,19,19,13,19,11,46,415,9,27,113,14,15,3,69,10,4]
completion_time_por_agente [42,262,290,6,29,366,0,25,520,7,19,1,62,19,0,214,3,17,39,0,206,26,7,19,120,14,0,22,27,23,4,39,10,520,33,928,1,49,495,151,186,0,550,49,192,21,120,988,81,9,0,0,273,30,69,8,576,296,0,49,9,5,8,3,934,668,52,11,27,0,105,0,19,311,19,20,13,0,17,63,229,12,29,303,14,16,3,0,10,31]
tiempo_ultimo_agente_goal 303
tiempo_en_acabar 1000
tiempo_promedio 122.699997
agentes_en_goal 47
bad_good_total_rate_pred [183597,294115,477712,0.6]
push_out_count 0
RUN 36
valores_ideales [31,20,17,6,29,37,34,21,28,7,17,1,50,17,44,27,3,15,31,29,36,25,7,19,51,14,33,22,26,16,4,38,10,39,31,37,1,36,32,28,39,23,15,17,14,20,45,19,30,9,26,23,39,30,21,8,43,24,37,34,8,3,5,3,28,41,36,11,24,29,29,27,19,29,19,19,13,38,12,54,39,9,25,25,14,15,3,27,10,27]
costo_por_agente [12,27,35,6,29,19,17,121,21,9,13,1,27,23,22,32,3,15,19,27,16,25,7,19,27,14,13,22,26,18,4,16,10,20,31,22,1,17,9,15,20,356,21,7,14,22,29,14,17,11,18,16,16,30,15,8,43,26,22,9,8,5,7,5,5,27,16,11,26,18,51,5,21,16,19,19,15,12,12,28,19,11,27,19,14,17,3,20,10,14]
completion_time_por_agente [42,262,290,6,29,366,0,25,520,9,19,1,62,28,0,214,3,17,39,0,206,26,7,19,120,14,0,22,28,19,4,39,10,520,31,928,1,49,495,151,186,0,550,49,16,23,120,988,81,11,0,0,273,30,69,8,51,296,0,49,9,7,10,5,934,668,52,11,27,0,73,0,21,311,19,19,15,0,12,63,229,11,27,303,14,17,3,0,11,31]
tiempo_ultimo_agente_goal 73
tiempo_en_acabar 1000
tiempo_promedio 114.699997
agentes_en_goal 41
bad_good_total_rate_pred [130430,389342,519772,0.7]
push_out_count 0
RUN 37
valores_ideales [31,20,17,6,29,37,34,21,28,7,17,1,50,17,44,27,3,15,31,29,36,25,7,19,51,14,33,22,26,16,4,38,10,39,31,37,1,36,32,28,39,23,15,17,14,20,45,19,30,9,26,23,39,30,21,8,43,24,37,34,8,3,5,3,28,41,36,11,24,29,29,27,19,29,19,19,13,38,12,54,39,9,25,25,14,15,3,27,10,27]
costo_por_agente [17,48,45,6,29,21,24,19,89,7,13,1,31,25,27,17,3,15,45,32,28,25,7,23,33,14,33,22,28,16,4,38,10,17,31,24,1,12,46,13,72,11,15,15,14,22,109,230,20,11,13,80,20,30,21,10,23,42,26,20,8,5,7,5,19,29,17,11,24,21,39,48,19,20,19,19,13,19,14,54,20,9,27,15,14,15,3,25,12,19]
completion_time_por_agente [42,262,290,6,29,366,0,25,520,7,19,1,62,25,0,214,4,17,48,0,206,26,10,24,120,14,41,23,29,16,4,179,10,520,31,928,1,49,495,151,186,0,550,49,15,23,120,988,81,11,0,0,273,31,69,10,51,296,0,49,10,6,10,7,934,668,52,11,24,0,59,0,19,311,19,19,13,0,14,176,229,9,27,303,14,16,3,0,12,31]
tiempo_ultimo_agente_goal 179
tiempo_en_acabar 1000
tiempo_promedio 117.911110
agentes_en_goal 45
bad_good_total_rate_pred [141359,385705,527064,0.7]
push_out_count 0
RUN 38
valores_ideales [31,20,17,6,29,37,34,21,28,7,17,1,50,17,44,27,3,15,31,29,36,25,7,19,51,14,33,22,26,16,4,38,10,39,31,37,1,36,32,28,39,23,15,17,14,20,45,19,30,9,26,23,39,30,21,8,43,24,37,34,8,3,5,3,28,41,36,11,24,29,29,27,19,29,19,19,13,38,12,54,39,9,25,25,14,15,3,27,10,27]
costo_por_agente [49,24,28,6,29,201,19,24,20,7,17,1,25,19,34,110,3,17,39,36,13,25,7,19,27,14,11,22,26,18,4,38,10,49,31,19,1,16,46,492,289,16,20,130,16,22,28,26,14,9,7,339,56,30,16,8,14,415,25,9,8,4,7,5,5,24,14,11,24,521,40,19,19,37,19,19,13,12,12,54,19,9,25,16,14,15,3,341,12,6]
completion_time_por_agente [122,262,290,6,29,366,0,25,520,7,18,1,62,19,0,214,4,20,75,0,206,26,10,19,120,14,41,22,27,19,4,39,10,520,33,928,1,49,111,151,186,0,550,49,20,25,120,988,81,10,0,0,273,30,69,8,51,296,0,49,8,6,11,5,934,668,52,11,24,0,59,0,19,311,19,19,15,0,12,55,229,10,25,303,14,16,3,0,15,31]
tiempo_ultimo_agente_goal 122
tiempo_en_acabar 1000
tiempo_promedio 111.877777
agentes_en_goal 45
bad_good_total_rate_pred [136304,292873,429177,0.7]
push_out_count 0
RUN 39
valores_ideales [31,20,17,6,29,37,34,21,28,7,17,1,50,17,44,27,3,15,31,29,36,25,7,19,51,14,33,22,26,16,4,38,10,39,31,37,1,36,32,28,39,23,15,17,14,20,45,19,30,9,26,23,39,30,21,8,43,24,37,34,8,3,5,3,28,41,36,11,24,29,29,27,19,29,19,19,13,38,12,54,39,9,25,25,14,15,3,27,10,27]
costo_por_agente [10,478,18,6,29,17,24,21,23,7,19,1,25,17,26,46,5,15,35,328,15,25,9,19,32,14,18,22,28,18,4,414,10,17,31,27,1,7,16,9,334,8,20,17,6,22,27,89,13,11,10,15,22,32,16,8,45,11,22,17,10,7,7,3,16,25,16,11,26,16,16,318,19,138,19,19,13,8,14,31,18,11,27,23,14,15,3,206,16,5]
completion_time_por_agente [122,262,290,6,30,366,0,22,520,7,19,1,62,18,0,214,5,17,41,0,206,26,11,21,120,14,41,22,40,18,4,39,10,520,31,928,1,49,111,151,186,0,550,49,20,25,120,988,81,15,0,0,273,44,69,8,174,296,0,49,10,8,9,3,934,668,52,11,27,0,59,0,19,311,19,20,14,0,25,55,229,11,28,303,14,16,3,0,17,31]
tiempo_ultimo_agente_goal 174
tiempo_en_acabar 1000
tiempo_promedio 113.422226
agentes_en_goal 43
bad_good_total_rate_pred [182816,291798,474614,0.6]
push_out_count 0
