RUN 0
valores_ideales [0,0,0,0,0,0,0,0,0,0,0,0,0,0,0,0,0,0,0,0,0,0,0,0,0,0,0,0,0,0,0,0,0,0,0,0,0,0,0,0,0,0,0,0,0,0,0,0,0,0,0,0,0,0,0,0,0,0,0,0,0,0,0,0,0,0,0,0,0,0,0,0,0,0,0,0,0,0,0,0,0,0,0,0,0,0,0,0,0,0,0,0,0,0,0,0,0,0,0,0,0,0,0,0,0,0,0,0,0,0,0,0,0,0,0,0,0,0,0,0,0,0,0,0,0,0,0,0,0,0,0,0,0,0,0,0,0,0,0,0]
costo_por_agente [167,68,112,61,18,10,84,16,72,8,6,133,118,12,44,88,96,3,92,95,7,13,76,25,18,107,30,40,106,129,59,17,38,128,19,13,37,81,5,28,24,46,60,41,5,18,22,16,44,108,106,10,2,9,10,27,15,42,19,105,72,10,21,105,50,15,26,28,149,277,203,29,294,142,22,49,31,17,13,64,27,34,58,32,44,23,20,35,50,21,62,45,73,5,113,29,47,136,6,5,155,20,5,154,35,107,31,17,21,12,35,39,16,10,82,137,14,70,77,36,146,17,34,121,80,12,82,49,65,102,203,46,30,2,20,121,109,26,47,94]
completion_time_por_agente [171,71,121,63,19,11,91,17,73,9,7,140,119,13,47,93,103,4,98,104,8,14,81,26,19,108,32,42,122,132,61,18,39,132,20,14,38,85,6,29,26,47,64,43,6,19,23,17,49,113,108,11,3,10,11,28,16,46,20,108,81,11,22,108,51,16,27,29,157,290,210,31,299,145,23,51,32,18,15,68,28,35,59,34,45,25,21,36,51,22,63,46,80,6,122,31,48,142,7,6,158,21,6,164,37,118,32,18,22,13,36,40,17,11,85,141,15,77,85,37,151,18,36,125,88,13,87,52,67,107,207,47,34,3,21,123,116,27,49,97]
tiempo_ultimo_agente_goal 299
tiempo_en_acabar 299
tiempo_promedio 59.714287
agentes_en_goal 140
push_out_count 0
RUN 1
valores_ideales [0,0,0,0,0,0,0,0,0,0,0,0,0,0,0,0,0,0,0,0,0,0,0,0,0,0,0,0,0,0,0,0,0,0,0,0,0,0,0,0,0,0,0,0,0,0,0,0,0,0,0,0,0,0,0,0,0,0,0,0,0,0,0,0,0,0,0,0,0,0,0,0,0,0,0,0,0,0,0,0,0,0,0,0,0,0,0,0,0,0,0,0,0,0,0,0,0,0,0,0,0,0,0,0,0,0,0,0,0,0,0,0,0,0,0,0,0,0,0,0,0,0,0,0,0,0,0,0,0,0,0,0,0,0,0,0,0,0,0,0]
costo_por_agente [185,92,54,57,20,10,122,16,68,16,6,237,114,14,30,70,60,3,92,81,9,15,130,11,22,87,26,96,116,83,97,19,36,166,19,9,35,99,5,80,22,132,80,65,5,14,20,10,42,102,128,6,2,9,10,25,11,42,19,85,50,10,45,93,38,15,24,28,113,183,91,39,166,136,22,127,45,17,15,104,19,64,134,24,54,39,20,33,80,69,50,37,107,5,109,27,47,88,6,5,61,22,5,162,33,135,159,17,23,12,33,33,18,10,152,107,12,48,93,30,150,15,26,63,174,10,164,71,109,96,143,48,78,2,26,141,151,26,95,70]
completion_time_por_agente [192,96,55,60,21,12,134,17,70,17,7,244,118,15,31,73,62,4,95,89,10,16,133,12,23,90,27,102,125,86,106,20,37,173,20,11,36,103,7,83,24,139,85,67,6,15,21,11,43,108,134,7,3,10,11,26,12,43,20,91,61,11,47,100,41,16,25,29,118,193,100,42,168,138,23,140,46,18,16,107,21,78,144,25,55,49,21,34,84,76,51,38,123,6,122,29,48,106,7,6,69,23,6,171,34,146,175,18,24,13,34,35,19,11,156,110,13,58,100,31,164,16,27,65,177,11,166,86,112,102,156,49,84,3,27,142,154,27,101,74]
tiempo_ultimo_agente_goal 244
tiempo_en_acabar 244
tiempo_promedio 64.707146
agentes_en_goal 140
push_out_count 0
RUN 2
valores_ideales [0,0,0,0,0,0,0,0,0,0,0,0,0,0,0,0,0,0,0,0,0,0,0,0,0,0,0,0,0,0,0,0,0,0,0,0,0,0,0,0,0,0,0,0,0,0,0,0,0,0,0,0,0,0,0,0,0,0,0,0,0,0,0,0,0,0,0,0,0,0,0,0,0,0,0,0,0,0,0,0,0,0,0,0,0,0,0,0,0,0,0,0,0,0,0,0,0,0,0,0,0,0,0,0,0,0,0,0,0,0,0,0,0,0,0,0,0,0,0,0,0,0,0,0,0,0,0,0,0,0,0,0,0,0,0,0,0,0,0,0]
costo_por_agente [167,62,130,55,24,14,74,16,90,10,6,155,100,12,32,84,64,3,86,43,9,15,112,21,18,75,30,58,80,53,87,15,34,106,19,9,45,67,5,52,26,84,62,97,5,12,38,8,48,104,92,6,2,9,10,31,7,64,13,119,76,10,43,111,44,15,32,34,101,193,263,33,100,60,24,85,35,17,15,44,23,38,114,22,58,57,32,51,54,25,38,37,85,5,65,31,57,46,6,5,39,18,9,88,33,93,111,21,31,12,37,35,28,10,102,97,16,56,63,64,140,15,26,123,208,10,168,93,73,122,161,86,50,2,30,189,121,28,69,96]
completion_time_por_agente [171,65,132,57,27,15,76,17,97,11,7,160,104,13,33,92,67,4,89,45,10,16,117,22,19,77,32,62,87,55,95,16,35,110,20,11,46,71,6,56,29,96,64,98,6,13,39,9,54,107,96,7,3,10,11,34,8,71,14,122,81,13,44,115,47,16,33,35,105,199,268,35,107,62,26,89,36,18,16,50,24,40,117,23,59,63,34,53,57,29,39,38,91,6,66,32,58,49,7,6,44,19,10,89,34,98,117,22,32,13,38,37,30,11,105,101,17,63,64,68,147,16,27,125,214,11,173,99,75,127,169,92,54,3,34,191,124,29,76,101]
tiempo_ultimo_agente_goal 268
tiempo_en_acabar 268
tiempo_promedio 59.435715
agentes_en_goal 140
push_out_count 0
RUN 3
valores_ideales [0,0,0,0,0,0,0,0,0,0,0,0,0,0,0,0,0,0,0,0,0,0,0,0,0,0,0,0,0,0,0,0,0,0,0,0,0,0,0,0,0,0,0,0,0,0,0,0,0,0,0,0,0,0,0,0,0,0,0,0,0,0,0,0,0,0,0,0,0,0,0,0,0,0,0,0,0,0,0,0,0,0,0,0,0,0,0,0,0,0,0,0,0,0,0,0,0,0,0,0,0,0,0,0,0,0,0,0,0,0,0,0,0,0,0,0,0,0,0,0,0,0,0,0,0,0,0,0,0,0,0,0,0,0,0,0,0,0,0,0]
costo_por_agente [85,78,88,61,20,10,72,16,98,20,6,165,100,12,46,68,150,3,90,97,7,13,90,19,16,85,26,124,108,103,161,17,38,138,19,9,37,57,9,74,28,100,100,89,5,14,22,10,54,148,126,14,2,11,10,25,7,54,13,101,84,18,81,97,62,15,24,28,75,255,135,43,288,94,22,45,31,17,15,46,11,42,74,22,50,45,26,37,80,33,44,45,79,5,87,23,51,62,6,5,73,20,5,74,35,119,115,17,23,12,33,45,24,10,96,67,14,48,95,34,214,17,44,85,248,24,186,37,121,158,119,66,42,2,22,181,61,32,63,64]
completion_time_por_agente [91,81,91,63,22,11,73,17,101,21,7,168,105,13,47,70,152,4,95,104,8,14,93,20,17,87,27,127,115,108,170,18,41,142,20,11,39,64,10,80,29,102,106,94,6,15,23,11,58,150,128,15,3,13,11,26,8,57,14,104,95,19,83,100,68,16,26,29,80,265,140,45,297,95,23,46,32,18,17,49,12,45,76,23,51,46,27,39,88,35,45,47,83,7,93,25,52,63,7,6,82,21,6,79,37,124,119,18,24,13,34,46,26,11,99,68,15,50,106,35,217,18,45,89,251,25,190,39,127,166,123,69,43,3,23,187,64,33,67,66]
tiempo_ultimo_agente_goal 297
tiempo_en_acabar 297
tiempo_promedio 62.792858
agentes_en_goal 140
push_out_count 0
RUN 4
valores_ideales [0,0,0,0,0,0,0,0,0,0,0,0,0,0,0,0,0,0,0,0,0,0,0,0,0,0,0,0,0,0,0,0,0,0,0,0,0,0,0,0,0,0,0,0,0,0,0,0,0,0,0,0,0,0,0,0,0,0,0,0,0,0,0,0,0,0,0,0,0,0,0,0,0,0,0,0,0,0,0,0,0,0,0,0,0,0,0,0,0,0,0,0,0,0,0,0,0,0,0,0,0,0,0,0,0,0,0,0,0,0,0,0,0,0,0,0,0,0,0,0,0,0,0,0,0,0,0,0,0,0,0,0,0,0,0,0,0,0,0,0]
costo_por_agente [51,88,108,49,32,14,100,16,86,8,6,105,74,12,44,82,74,3,84,65,9,13,78,15,16,69,28,92,66,41,157,19,34,62,23,11,35,81,9,34,24,68,86,37,5,16,24,10,40,114,50,6,2,9,10,29,9,42,15,89,96,10,23,111,42,15,22,36,115,307,33,35,148,150,22,107,45,17,13,50,17,38,68,40,48,27,20,35,86,23,34,45,71,9,69,33,51,72,6,5,83,20,5,148,49,89,31,17,21,12,35,39,24,10,70,81,14,44,97,52,134,19,38,47,252,20,206,69,101,118,167,56,44,2,20,153,101,34,79,112]
completion_time_por_agente [53,90,113,50,33,15,110,17,89,9,7,117,78,13,46,87,76,4,90,69,10,14,84,17,17,70,29,93,73,43,168,20,36,65,24,12,36,84,10,35,26,73,90,38,6,17,25,11,41,118,51,7,3,10,11,30,10,45,16,93,99,11,26,117,44,16,24,37,130,310,34,36,150,157,23,114,46,18,14,54,18,39,74,43,49,29,21,36,90,25,36,46,72,10,72,35,52,78,7,6,88,21,6,153,50,97,32,18,22,13,36,40,26,11,76,84,15,47,104,55,147,20,39,48,255,21,211,91,109,123,172,57,54,3,21,158,106,35,82,114]
tiempo_ultimo_agente_goal 310
tiempo_en_acabar 310
tiempo_promedio 57.035713
agentes_en_goal 140
push_out_count 0
RUN 5
valores_ideales [0,0,0,0,0,0,0,0,0,0,0,0,0,0,0,0,0,0,0,0,0,0,0,0,0,0,0,0,0,0,0,0,0,0,0,0,0,0,0,0,0,0,0,0,0,0,0,0,0,0,0,0,0,0,0,0,0,0,0,0,0,0,0,0,0,0,0,0,0,0,0,0,0,0,0,0,0,0,0,0,0,0,0,0,0,0,0,0,0,0,0,0,0,0,0,0,0,0,0,0,0,0,0,0,0,0,0,0,0,0,0,0,0,0,0,0,0,0,0,0,0,0,0,0,0,0,0,0,0,0,0,0,0,0,0,0,0,0,0,0]
costo_por_agente [183,56,122,101,16,10,86,18,116,10,8,151,56,12,34,78,50,3,92,63,9,13,56,15,18,113,32,76,62,99,129,17,34,132,19,9,37,67,7,86,32,100,74,61,5,14,20,10,38,94,90,16,2,9,10,29,11,40,19,55,62,12,27,73,64,21,26,28,45,253,29,37,216,88,22,53,31,17,13,58,19,40,92,40,48,35,54,39,54,29,58,41,107,5,59,25,33,72,6,5,33,20,5,82,41,55,73,17,23,12,33,37,28,10,56,87,16,98,45,32,160,15,36,103,202,10,62,81,49,114,231,48,34,2,22,53,105,36,85,76]
completion_time_por_agente [189,60,123,103,17,11,87,19,119,11,10,159,58,13,35,79,51,4,93,67,10,14,58,16,19,115,33,78,68,106,135,18,37,140,20,11,38,71,8,89,34,103,85,66,6,15,21,11,39,96,94,17,3,10,11,32,12,44,21,60,67,16,28,74,68,22,27,29,48,261,30,39,224,90,23,54,32,18,14,63,21,43,96,46,49,39,56,40,57,30,59,42,109,6,67,26,34,79,7,6,39,21,6,83,43,60,80,18,24,13,34,38,29,11,63,95,17,106,47,34,163,16,37,104,204,11,65,83,54,121,237,49,36,3,24,54,107,38,92,79]
tiempo_ultimo_agente_goal 261
tiempo_en_acabar 261
tiempo_promedio 55.349998
agentes_en_goal 140
push_out_count 0
RUN 6
valores_ideales [0,0,0,0,0,0,0,0,0,0,0,0,0,0,0,0,0,0,0,0,0,0,0,0,0,0,0,0,0,0,0,0,0,0,0,0,0,0,0,0,0,0,0,0,0,0,0,0,0,0,0,0,0,0,0,0,0,0,0,0,0,0,0,0,0,0,0,0,0,0,0,0,0,0,0,0,0,0,0,0,0,0,0,0,0,0,0,0,0,0,0,0,0,0,0,0,0,0,0,0,0,0,0,0,0,0,0,0,0,0,0,0,0,0,0,0,0,0,0,0,0,0,0,0,0,0,0,0,0,0,0,0,0,0,0,0,0,0,0,0]
costo_por_agente [109,56,62,45,22,10,60,16,96,8,6,309,88,12,56,124,84,3,106,97,9,13,92,13,16,67,26,96,88,105,155,19,32,150,35,13,33,79,9,88,22,134,102,77,5,10,20,12,66,146,132,10,2,9,16,23,9,40,11,45,70,14,25,83,48,15,24,30,121,99,25,31,266,58,22,49,31,17,15,42,19,40,78,24,50,29,42,37,90,45,50,49,95,7,73,27,45,96,6,5,241,20,5,72,33,75,31,17,21,12,37,39,18,10,56,63,12,46,47,38,80,15,50,57,68,10,64,73,61,124,113,48,26,2,22,247,93,24,123,52]
completion_time_por_agente [112,57,63,47,24,11,61,17,101,9,7,315,91,13,57,129,85,4,111,107,10,14,96,14,17,68,27,100,97,107,162,20,33,152,37,14,34,84,10,90,24,136,104,80,6,11,21,13,68,148,134,11,3,10,18,24,11,42,12,46,82,16,26,86,49,17,25,31,124,103,26,32,271,59,23,50,32,18,16,44,20,41,81,26,51,31,43,38,95,48,51,50,99,8,83,31,47,97,7,6,244,21,6,77,34,81,33,18,22,13,38,40,19,11,59,65,14,52,48,39,93,16,51,58,70,11,66,80,62,135,117,49,29,3,24,251,94,26,126,53]
tiempo_ultimo_agente_goal 315
tiempo_en_acabar 315
tiempo_promedio 56.857143
agentes_en_goal 140
push_out_count 0
RUN 7
valores_ideales [0,0,0,0,0,0,0,0,0,0,0,0,0,0,0,0,0,0,0,0,0,0,0,0,0,0,0,0,0,0,0,0,0,0,0,0,0,0,0,0,0,0,0,0,0,0,0,0,0,0,0,0,0,0,0,0,0,0,0,0,0,0,0,0,0,0,0,0,0,0,0,0,0,0,0,0,0,0,0,0,0,0,0,0,0,0,0,0,0,0,0,0,0,0,0,0,0,0,0,0,0,0,0,0,0,0,0,0,0,0,0,0,0,0,0,0,0,0,0,0,0,0,0,0,0,0,0,0,0,0,0,0,0,0,0,0,0,0,0,0]
costo_por_agente [207,102,54,73,16,12,100,16,50,14,6,119,90,12,32,120,120,3,90,69,7,13,88,19,24,71,26,58,68,87,135,17,30,180,19,11,35,57,7,94,38,74,96,39,5,14,24,18,42,130,50,10,2,9,10,33,7,58,9,97,50,10,25,81,46,15,26,28,105,221,147,49,84,58,22,41,31,17,15,62,15,50,62,22,44,23,20,35,86,57,52,35,133,7,109,25,61,68,6,5,251,20,7,82,33,85,31,17,23,12,33,39,14,10,164,77,14,42,81,46,122,15,36,107,60,10,126,89,89,62,121,46,44,2,24,91,61,28,69,90]
completion_time_por_agente [209,108,55,78,17,13,102,17,53,15,7,124,93,13,33,125,125,4,95,71,8,14,92,21,25,72,27,59,71,95,138,18,31,182,20,12,36,59,8,97,39,76,101,40,6,15,25,19,48,132,51,11,3,10,11,34,8,59,10,103,51,11,26,85,48,16,27,29,108,224,150,50,85,59,23,43,32,18,16,64,17,51,70,23,45,25,21,36,91,61,53,36,137,8,116,26,63,71,7,6,256,21,8,86,34,88,33,18,24,13,34,40,18,11,167,81,16,44,85,51,128,16,38,109,64,11,128,91,91,66,130,48,46,3,25,94,62,29,73,98]
tiempo_ultimo_agente_goal 256
tiempo_en_acabar 256
tiempo_promedio 56.064285
agentes_en_goal 140
push_out_count 0
RUN 8
valores_ideales [0,0,0,0,0,0,0,0,0,0,0,0,0,0,0,0,0,0,0,0,0,0,0,0,0,0,0,0,0,0,0,0,0,0,0,0,0,0,0,0,0,0,0,0,0,0,0,0,0,0,0,0,0,0,0,0,0,0,0,0,0,0,0,0,0,0,0,0,0,0,0,0,0,0,0,0,0,0,0,0,0,0,0,0,0,0,0,0,0,0,0,0,0,0,0,0,0,0,0,0,0,0,0,0,0,0,0,0,0,0,0,0,0,0,0,0,0,0,0,0,0,0,0,0,0,0,0,0,0,0,0,0,0,0,0,0,0,0,0,0]
costo_por_agente [243,94,122,53,26,10,78,16,198,10,6,227,110,12,70,150,82,3,84,63,7,15,74,15,16,57,38,34,62,87,187,13,32,218,23,11,35,87,5,76,22,86,102,135,5,14,28,14,42,124,48,10,2,9,16,25,7,38,11,41,84,12,49,91,48,15,24,28,129,257,185,47,160,76,22,73,35,17,17,52,19,36,94,24,54,27,24,45,92,79,50,37,105,9,59,29,57,126,6,5,175,18,5,64,33,53,31,25,19,12,33,35,18,10,86,71,14,66,53,50,96,17,38,113,206,18,160,55,53,86,139,46,64,2,46,163,49,24,89,100]
completion_time_por_agente [249,97,125,56,27,11,79,17,200,11,7,232,114,13,71,155,84,4,87,68,8,17,77,16,17,59,51,37,65,90,189,14,33,222,25,13,36,96,6,78,24,91,109,140,6,15,29,15,43,129,49,11,3,10,18,26,8,40,12,43,89,13,51,94,51,16,25,29,133,263,190,49,162,77,23,83,37,18,19,55,21,40,95,26,55,29,25,47,97,86,51,38,109,10,63,30,58,130,7,6,177,19,6,66,34,64,32,28,20,13,34,36,19,11,91,75,15,69,54,51,104,18,39,114,210,19,165,57,55,93,142,47,67,3,47,165,50,25,98,107]
tiempo_ultimo_agente_goal 263
tiempo_en_acabar 263
tiempo_promedio 62.257141
agentes_en_goal 140
push_out_count 0
RUN 9
valores_ideales [0,0,0,0,0,0,0,0,0,0,0,0,0,0,0,0,0,0,0,0,0,0,0,0,0,0,0,0,0,0,0,0,0,0,0,0,0,0,0,0,0,0,0,0,0,0,0,0,0,0,0,0,0,0,0,0,0,0,0,0,0,0,0,0,0,0,0,0,0,0,0,0,0,0,0,0,0,0,0,0,0,0,0,0,0,0,0,0,0,0,0,0,0,0,0,0,0,0,0,0,0,0,0,0,0,0,0,0,0,0,0,0,0,0,0,0,0,0,0,0,0,0,0,0,0,0,0,0,0,0,0,0,0,0,0,0,0,0,0,0]
costo_por_agente [97,92,90,95,18,16,56,16,54,8,6,131,72,12,32,110,74,3,58,73,9,13,122,17,18,89,26,62,60,71,75,17,30,150,19,13,35,97,7,36,28,70,98,51,5,14,20,12,48,150,152,10,2,13,14,39,7,32,15,121,50,12,111,119,50,19,22,28,63,107,27,61,108,56,22,45,31,17,17,44,15,36,64,28,54,35,20,41,68,27,42,37,79,5,81,27,55,94,6,5,225,20,5,94,35,79,31,27,19,12,35,35,16,10,62,117,14,84,113,38,88,19,38,51,62,10,200,77,99,132,113,50,36,2,24,103,95,30,103,102]
completion_time_por_agente [105,98,91,101,19,17,57,17,57,9,7,135,75,13,34,115,76,4,63,81,10,14,132,18,19,91,27,67,71,76,82,18,31,153,21,14,36,100,8,38,29,76,101,56,6,15,21,13,49,153,160,11,3,14,15,40,8,34,18,123,54,13,115,124,51,20,24,29,68,110,29,65,114,57,23,49,32,18,18,46,17,37,73,30,55,37,21,43,74,29,43,38,86,6,84,28,56,99,7,6,230,21,6,97,36,86,33,28,20,13,36,36,17,11,66,121,15,91,115,39,94,20,40,52,63,11,201,82,104,135,115,53,38,3,25,108,97,32,106,105]
tiempo_ultimo_agente_goal 230
tiempo_en_acabar 230
tiempo_promedio 54.814285
agentes_en_goal 140
push_out_count 0
RUN 10
valores_ideales [0,0,0,0,0,0,0,0,0,0,0,0,0,0,0,0,0,0,0,0,0,0,0,0,0,0,0,0,0,0,0,0,0,0,0,0,0,0,0,0,0,0,0,0,0,0,0,0,0,0,0,0,0,0,0,0,0,0,0,0,0,0,0,0,0,0,0,0,0,0,0,0,0,0,0,0,0,0,0,0,0,0,0,0,0,0,0,0,0,0,0,0,0,0,0,0,0,0,0,0,0,0,0,0,0,0,0,0,0,0,0,0,0,0,0,0,0,0,0,0,0,0,0,0,0,0,0,0,0,0,0,0,0,0,0,0,0,0,0,0]
costo_por_agente [79,88,146,77,18,14,100,18,144,12,6,137,96,12,48,84,74,3,76,55,9,13,130,19,16,97,26,92,64,105,25,17,42,66,19,13,31,77,7,48,28,66,82,73,5,14,24,10,44,120,82,10,2,11,10,27,7,36,9,75,48,10,31,79,50,15,22,28,133,173,27,29,60,100,22,45,35,17,15,52,21,46,74,28,50,23,20,35,62,23,42,39,141,7,59,33,33,128,6,5,213,20,5,90,33,67,31,45,19,12,35,37,16,10,42,101,14,76,85,58,160,15,36,125,138,14,190,77,77,66,241,50,44,2,28,85,53,34,53,62]
completion_time_por_agente [88,92,148,79,19,15,101,19,149,13,7,141,98,13,49,88,76,4,78,56,10,14,138,20,17,102,27,95,69,116,27,18,45,70,20,14,32,84,8,51,30,69,89,74,6,15,25,11,45,125,93,11,3,12,11,28,8,37,10,82,49,11,33,86,52,16,24,29,137,176,28,31,63,104,23,46,36,18,16,55,24,47,84,29,51,26,21,36,80,25,44,40,154,8,67,35,34,130,7,6,216,21,6,95,34,68,32,46,20,13,36,38,18,11,47,111,15,78,87,62,161,16,37,128,145,15,194,81,85,68,254,51,45,3,29,88,55,35,55,72]
tiempo_ultimo_agente_goal 254
tiempo_en_acabar 254
tiempo_promedio 55.328571
agentes_en_goal 140
push_out_count 0
RUN 11
valores_ideales [0,0,0,0,0,0,0,0,0,0,0,0,0,0,0,0,0,0,0,0,0,0,0,0,0,0,0,0,0,0,0,0,0,0,0,0,0,0,0,0,0,0,0,0,0,0,0,0,0,0,0,0,0,0,0,0,0,0,0,0,0,0,0,0,0,0,0,0,0,0,0,0,0,0,0,0,0,0,0,0,0,0,0,0,0,0,0,0,0,0,0,0,0,0,0,0,0,0,0,0,0,0,0,0,0,0,0,0,0,0,0,0,0,0,0,0,0,0,0,0,0,0,0,0,0,0,0,0,0,0,0,0,0,0,0,0,0,0,0,0]
costo_por_agente [91,92,86,67,22,10,56,16,132,8,6,203,60,12,44,112,90,3,80,55,7,17,62,17,18,101,34,106,96,113,91,13,40,166,19,9,39,93,9,82,22,52,98,39,5,14,20,10,38,94,120,6,2,11,10,25,11,28,9,87,40,12,65,87,54,15,26,28,85,145,143,37,144,76,30,41,35,17,17,68,15,42,98,28,44,37,32,39,44,37,40,35,95,5,69,33,63,86,6,5,55,18,5,92,33,115,31,25,27,12,33,43,26,10,72,77,14,54,97,74,140,15,46,87,188,10,162,53,115,120,113,54,28,2,28,121,57,26,115,70]
completion_time_por_agente [95,95,92,70,25,11,57,17,133,9,7,210,62,13,45,121,95,4,83,61,8,18,66,19,19,104,35,108,104,118,98,14,41,169,20,11,40,99,10,84,24,53,102,40,6,15,21,11,41,96,123,7,3,13,11,26,12,31,10,90,41,13,68,90,56,16,27,29,89,149,146,38,146,77,31,42,36,18,18,77,16,44,101,29,45,39,33,41,45,38,41,36,99,6,79,41,66,88,7,6,62,19,6,95,34,122,32,26,28,13,34,44,27,11,80,80,15,67,101,76,154,16,47,91,192,11,165,59,116,127,115,56,31,3,29,127,58,27,119,74]
tiempo_ultimo_agente_goal 210
tiempo_en_acabar 210
tiempo_promedio 56.578571
agentes_en_goal 140
push_out_count 0
RUN 12
valores_ideales [0,0,0,0,0,0,0,0,0,0,0,0,0,0,0,0,0,0,0,0,0,0,0,0,0,0,0,0,0,0,0,0,0,0,0,0,0,0,0,0,0,0,0,0,0,0,0,0,0,0,0,0,0,0,0,0,0,0,0,0,0,0,0,0,0,0,0,0,0,0,0,0,0,0,0,0,0,0,0,0,0,0,0,0,0,0,0,0,0,0,0,0,0,0,0,0,0,0,0,0,0,0,0,0,0,0,0,0,0,0,0,0,0,0,0,0,0,0,0,0,0,0,0,0,0,0,0,0,0,0,0,0,0,0,0,0,0,0,0,0]
costo_por_agente [197,60,120,67,22,20,54,16,60,16,6,135,84,12,42,76,106,3,64,47,11,13,92,21,18,119,26,110,80,55,83,21,42,174,19,11,37,57,5,90,28,78,118,133,5,16,24,14,56,152,126,12,2,9,10,25,11,46,9,133,46,12,55,93,46,15,26,28,215,83,141,49,82,64,22,45,35,17,19,46,15,42,84,24,52,25,26,37,80,23,50,41,67,5,97,21,51,66,6,5,79,18,7,112,33,61,31,17,19,12,33,33,14,10,106,93,16,44,97,34,172,15,42,99,232,10,72,61,95,96,81,62,54,2,28,147,61,34,57,84]
completion_time_por_agente [203,64,123,68,23,21,56,17,63,17,7,141,87,13,43,79,109,4,69,52,12,14,94,22,20,120,27,115,86,58,88,22,43,176,20,12,38,62,6,95,29,79,125,141,6,17,25,15,58,154,128,14,3,10,11,26,13,48,10,135,47,13,58,100,47,16,27,29,224,87,149,51,88,65,24,46,36,18,20,52,17,44,88,25,54,27,27,38,82,26,51,42,69,6,103,22,52,70,7,6,85,19,8,114,34,66,32,18,20,13,35,34,15,11,110,95,17,50,99,37,177,16,43,104,236,12,75,66,102,100,85,65,56,3,29,152,63,35,65,91]
tiempo_ultimo_agente_goal 236
tiempo_en_acabar 236
tiempo_promedio 56.971428
agentes_en_goal 140
push_out_count 0
RUN 13
valores_ideales [0,0,0,0,0,0,0,0,0,0,0,0,0,0,0,0,0,0,0,0,0,0,0,0,0,0,0,0,0,0,0,0,0,0,0,0,0,0,0,0,0,0,0,0,0,0,0,0,0,0,0,0,0,0,0,0,0,0,0,0,0,0,0,0,0,0,0,0,0,0,0,0,0,0,0,0,0,0,0,0,0,0,0,0,0,0,0,0,0,0,0,0,0,0,0,0,0,0,0,0,0,0,0,0,0,0,0,0,0,0,0,0,0,0,0,0,0,0,0,0,0,0,0,0,0,0,0,0,0,0,0,0,0,0,0,0,0,0,0,0]
costo_por_agente [189,58,84,49,24,16,114,16,62,26,4,75,110,14,32,132,100,3,88,71,11,13,68,17,16,119,28,80,72,49,83,17,34,98,19,13,33,57,9,38,30,114,70,109,5,14,20,16,36,110,124,8,2,9,10,25,11,48,13,115,48,10,93,95,42,15,26,28,53,227,217,37,208,92,22,119,39,17,15,94,21,32,106,24,56,33,20,41,70,55,46,39,97,5,109,23,55,82,8,5,43,20,5,120,33,107,87,21,19,12,33,37,18,10,80,85,14,82,39,36,56,15,32,113,184,12,130,59,145,104,153,48,46,2,30,333,59,32,107,74]
completion_time_por_agente [192,65,90,53,26,18,121,17,69,27,5,83,118,15,33,138,102,4,93,84,12,14,69,19,17,122,30,85,77,56,92,18,35,112,20,15,34,60,10,40,32,117,72,115,6,15,21,17,37,116,127,9,3,10,11,26,12,52,14,121,65,11,98,101,44,16,27,29,54,235,230,38,216,93,23,132,40,18,17,97,22,36,110,25,57,35,21,43,72,56,47,40,99,6,128,26,57,92,9,6,46,21,6,125,34,118,91,22,20,13,34,38,19,11,85,91,15,90,41,37,65,16,33,117,185,13,135,65,148,115,155,51,47,3,33,335,60,33,111,79]
tiempo_ultimo_agente_goal 335
tiempo_en_acabar 335
tiempo_promedio 61.071430
agentes_en_goal 140
push_out_count 0
RUN 14
valores_ideales [0,0,0,0,0,0,0,0,0,0,0,0,0,0,0,0,0,0,0,0,0,0,0,0,0,0,0,0,0,0,0,0,0,0,0,0,0,0,0,0,0,0,0,0,0,0,0,0,0,0,0,0,0,0,0,0,0,0,0,0,0,0,0,0,0,0,0,0,0,0,0,0,0,0,0,0,0,0,0,0,0,0,0,0,0,0,0,0,0,0,0,0,0,0,0,0,0,0,0,0,0,0,0,0,0,0,0,0,0,0,0,0,0,0,0,0,0,0,0,0,0,0,0,0,0,0,0,0,0,0,0,0,0,0,0,0,0,0,0,0]
costo_por_agente [53,100,56,63,28,10,60,18,68,8,6,115,94,12,32,96,80,3,94,83,9,13,116,23,16,105,26,76,130,95,59,15,34,168,19,13,33,91,9,70,24,64,106,49,5,10,24,10,48,136,122,6,2,9,10,25,7,48,25,87,98,18,51,89,48,15,28,28,91,173,169,43,276,62,22,51,31,17,15,42,17,42,116,24,60,25,38,33,68,33,42,37,109,5,61,27,43,46,6,5,91,20,5,48,33,63,31,19,25,12,37,33,20,10,142,71,18,80,69,26,104,19,40,123,176,10,128,55,111,176,137,58,24,2,24,153,69,28,123,98]
completion_time_por_agente [57,105,57,67,32,11,61,19,72,9,7,124,99,13,33,98,83,4,100,91,10,14,117,25,17,108,27,82,134,99,63,16,35,170,20,14,34,94,10,78,26,67,117,50,6,11,27,11,50,142,123,7,3,10,11,26,8,49,26,93,101,22,53,94,49,16,30,29,96,176,175,45,280,63,23,52,32,18,16,45,18,43,123,26,61,27,39,35,73,36,43,38,111,6,62,29,45,51,7,6,94,21,6,52,34,65,32,20,26,13,38,35,22,11,145,73,20,82,72,27,109,20,41,126,179,11,130,61,116,181,139,59,25,3,25,154,71,29,127,102]
tiempo_ultimo_agente_goal 280
tiempo_en_acabar 280
tiempo_promedio 57.585712
agentes_en_goal 140
push_out_count 0
RUN 15
valores_ideales [0,0,0,0,0,0,0,0,0,0,0,0,0,0,0,0,0,0,0,0,0,0,0,0,0,0,0,0,0,0,0,0,0,0,0,0,0,0,0,0,0,0,0,0,0,0,0,0,0,0,0,0,0,0,0,0,0,0,0,0,0,0,0,0,0,0,0,0,0,0,0,0,0,0,0,0,0,0,0,0,0,0,0,0,0,0,0,0,0,0,0,0,0,0,0,0,0,0,0,0,0,0,0,0,0,0,0,0,0,0,0,0,0,0,0,0,0,0,0,0,0,0,0,0,0,0,0,0,0,0,0,0,0,0,0,0,0,0,0,0]
costo_por_agente [157,116,60,43,32,16,82,18,100,10,6,167,116,12,46,108,82,3,64,45,9,15,94,15,18,95,32,60,110,93,139,17,34,104,19,11,37,55,5,58,22,86,84,95,5,14,22,14,42,178,66,10,2,11,10,25,11,46,31,87,52,12,39,103,50,15,26,32,61,105,213,33,80,108,22,45,35,17,15,62,17,38,60,36,56,47,20,37,58,21,54,37,107,9,73,23,63,122,6,5,67,18,7,104,33,71,31,17,21,12,35,35,20,10,70,67,12,50,105,40,100,15,34,87,144,12,146,99,63,86,127,48,36,2,26,147,57,34,63,86]
completion_time_por_agente [158,117,61,47,35,18,85,19,107,11,7,172,120,13,47,111,84,4,69,47,10,16,98,16,19,98,33,65,113,95,144,18,35,108,20,12,38,60,7,60,24,90,87,102,6,15,23,15,43,182,69,11,3,12,11,26,13,49,35,91,55,13,41,107,53,16,27,33,65,110,216,34,83,111,23,46,36,18,16,65,19,39,63,42,57,50,21,38,60,23,56,38,115,10,78,26,64,126,7,6,71,19,8,110,34,77,32,18,22,13,36,36,21,11,71,68,14,57,109,41,105,16,35,89,149,13,149,107,64,88,129,49,39,3,28,150,58,35,65,91]
tiempo_ultimo_agente_goal 216
tiempo_en_acabar 216
tiempo_promedio 55.285713
agentes_en_goal 140
push_out_count 0
RUN 16
valores_ideales [0,0,0,0,0,0,0,0,0,0,0,0,0,0,0,0,0,0,0,0,0,0,0,0,0,0,0,0,0,0,0,0,0,0,0,0,0,0,0,0,0,0,0,0,0,0,0,0,0,0,0,0,0,0,0,0,0,0,0,0,0,0,0,0,0,0,0,0,0,0,0,0,0,0,0,0,0,0,0,0,0,0,0,0,0,0,0,0,0,0,0,0,0,0,0,0,0,0,0,0,0,0,0,0,0,0,0,0,0,0,0,0,0,0,0,0,0,0,0,0,0,0,0,0,0,0,0,0,0,0,0,0,0,0,0,0,0,0,0,0]
costo_por_agente [155,134,118,87,18,12,112,16,42,8,6,141,52,12,44,114,114,3,72,79,11,13,68,15,22,83,26,58,108,95,123,21,42,148,23,11,43,95,5,84,36,116,82,51,5,10,22,12,38,156,98,6,2,9,14,27,11,50,11,85,96,10,43,91,46,17,24,28,247,157,25,51,80,56,22,93,31,17,13,82,21,46,60,30,64,45,20,33,52,25,44,35,89,7,75,33,49,56,6,5,89,18,5,82,39,61,31,17,19,12,37,39,20,10,76,75,14,54,133,32,96,15,44,83,72,10,108,51,71,116,135,56,32,2,20,71,55,40,63,94]
completion_time_por_agente [162,140,121,89,19,14,119,17,46,9,7,144,54,13,46,116,116,4,74,83,12,14,70,16,23,87,27,61,109,97,132,22,43,149,25,13,44,99,6,89,40,122,89,53,6,11,23,13,40,157,100,7,3,11,15,30,12,53,13,86,98,11,48,100,48,18,25,29,251,162,26,52,83,58,24,97,32,18,14,87,22,49,65,32,65,49,21,34,57,28,45,36,92,8,77,41,50,57,7,6,91,19,6,85,41,64,32,18,20,13,38,40,21,11,78,76,16,55,136,35,101,16,46,88,74,11,112,52,74,118,139,57,36,3,21,74,56,42,65,97]
tiempo_ultimo_agente_goal 251
tiempo_en_acabar 251
tiempo_promedio 55.099998
agentes_en_goal 140
push_out_count 0
RUN 17
valores_ideales [0,0,0,0,0,0,0,0,0,0,0,0,0,0,0,0,0,0,0,0,0,0,0,0,0,0,0,0,0,0,0,0,0,0,0,0,0,0,0,0,0,0,0,0,0,0,0,0,0,0,0,0,0,0,0,0,0,0,0,0,0,0,0,0,0,0,0,0,0,0,0,0,0,0,0,0,0,0,0,0,0,0,0,0,0,0,0,0,0,0,0,0,0,0,0,0,0,0,0,0,0,0,0,0,0,0,0,0,0,0,0,0,0,0,0,0,0,0,0,0,0,0,0,0,0,0,0,0,0,0,0,0,0,0,0,0,0,0,0,0]
costo_por_agente [89,66,92,73,18,10,52,16,68,10,6,139,102,12,44,98,78,3,90,103,13,15,138,17,18,109,42,64,74,51,147,15,36,116,19,11,37,71,5,74,26,146,108,47,5,14,22,14,48,88,78,8,2,11,10,25,15,50,17,123,46,12,21,119,46,15,24,28,93,91,25,31,100,64,22,53,41,17,19,68,27,34,76,30,44,35,20,35,106,25,44,41,83,9,91,21,57,58,6,5,225,18,7,106,33,79,63,17,23,12,33,31,26,10,66,61,14,56,95,30,124,15,40,83,148,16,60,67,63,108,127,58,36,2,26,273,61,36,95,84]
completion_time_por_agente [95,70,96,75,19,11,53,17,70,11,7,145,106,13,45,104,79,4,92,112,14,16,142,19,19,111,43,65,80,53,149,16,37,118,20,12,38,75,6,80,28,156,113,48,6,15,23,15,50,94,79,9,3,12,11,26,16,51,18,126,48,13,22,122,47,16,25,29,99,94,26,32,105,65,23,54,42,18,20,71,28,35,78,31,45,39,21,36,111,26,45,42,87,10,102,22,58,63,7,6,233,19,8,113,34,84,65,19,24,13,34,32,27,11,71,64,15,64,99,31,130,16,42,89,150,17,64,72,66,112,129,59,39,3,27,276,62,37,99,93]
tiempo_ultimo_agente_goal 276
tiempo_en_acabar 276
tiempo_promedio 55.292858
agentes_en_goal 140
push_out_count 0
RUN 18
valores_ideales [0,0,0,0,0,0,0,0,0,0,0,0,0,0,0,0,0,0,0,0,0,0,0,0,0,0,0,0,0,0,0,0,0,0,0,0,0,0,0,0,0,0,0,0,0,0,0,0,0,0,0,0,0,0,0,0,0,0,0,0,0,0,0,0,0,0,0,0,0,0,0,0,0,0,0,0,0,0,0,0,0,0,0,0,0,0,0,0,0,0,0,0,0,0,0,0,0,0,0,0,0,0,0,0,0,0,0,0,0,0,0,0,0,0,0,0,0,0,0,0,0,0,0,0,0,0,0,0,0,0,0,0,0,0,0,0,0,0,0,0]
costo_por_agente [197,118,98,69,24,10,54,18,92,8,6,293,94,12,52,74,120,3,130,37,9,13,72,11,18,65,26,72,104,93,189,17,34,166,27,9,35,55,7,68,24,156,100,107,5,10,20,8,44,92,140,10,2,11,10,25,7,42,29,73,60,16,45,75,52,15,26,30,161,107,145,37,100,86,22,83,41,17,17,46,21,38,94,42,44,27,28,43,48,23,46,43,61,5,61,29,41,124,6,5,85,20,5,86,33,57,31,17,21,12,33,39,16,10,94,77,14,46,107,36,98,15,40,79,192,14,78,83,75,140,117,52,38,2,22,71,59,24,71,108]
completion_time_por_agente [199,121,103,75,25,11,56,19,94,9,7,297,98,13,53,77,122,4,132,38,10,14,78,12,19,66,27,75,111,97,191,18,35,168,28,11,36,57,8,74,26,164,107,110,6,11,21,9,46,96,141,11,3,12,11,27,8,49,31,76,68,19,46,79,53,16,27,31,166,117,156,38,103,88,25,90,42,18,18,53,22,40,97,47,45,29,29,44,52,24,47,44,66,6,64,38,43,127,7,6,90,21,6,90,34,60,32,18,22,13,34,40,17,11,98,82,16,51,114,37,104,16,42,83,198,15,81,89,77,147,120,54,39,3,23,74,60,25,75,114]
tiempo_ultimo_agente_goal 297
tiempo_en_acabar 297
tiempo_promedio 57.914288
agentes_en_goal 140
push_out_count 0
RUN 19
valores_ideales [0,0,0,0,0,0,0,0,0,0,0,0,0,0,0,0,0,0,0,0,0,0,0,0,0,0,0,0,0,0,0,0,0,0,0,0,0,0,0,0,0,0,0,0,0,0,0,0,0,0,0,0,0,0,0,0,0,0,0,0,0,0,0,0,0,0,0,0,0,0,0,0,0,0,0,0,0,0,0,0,0,0,0,0,0,0,0,0,0,0,0,0,0,0,0,0,0,0,0,0,0,0,0,0,0,0,0,0,0,0,0,0,0,0,0,0,0,0,0,0,0,0,0,0,0,0,0,0,0,0,0,0,0,0,0,0,0,0,0,0]
costo_por_agente [49,78,122,55,22,10,102,16,214,14,6,219,70,12,52,88,98,3,64,47,7,19,82,17,16,77,30,46,62,47,85,13,38,242,19,11,37,91,7,40,22,68,86,63,5,18,26,8,38,166,52,16,2,9,10,29,7,78,9,73,82,10,39,63,56,15,30,30,39,95,29,35,194,80,22,93,35,17,15,100,19,44,56,24,64,29,26,39,48,49,40,41,145,7,49,27,53,88,6,5,33,22,9,78,33,83,113,17,23,12,33,45,20,10,68,87,14,104,75,44,86,17,28,107,58,24,134,59,49,164,127,58,30,2,44,85,81,28,63,88]
completion_time_por_agente [51,82,124,57,24,11,107,17,218,15,7,226,72,13,54,92,101,4,65,51,8,20,85,18,17,79,31,50,64,48,94,15,40,244,20,12,38,96,8,41,26,71,88,65,6,19,27,9,39,168,53,18,3,10,11,30,9,80,10,80,88,11,40,65,57,16,31,31,40,103,30,36,196,82,23,99,36,18,16,103,20,45,59,25,65,32,27,40,52,55,41,42,148,8,51,28,54,98,7,6,35,23,10,80,34,89,117,18,24,13,34,48,22,11,70,90,15,110,79,48,91,18,29,110,61,25,138,66,51,171,130,59,31,3,47,86,87,29,69,94]
tiempo_ultimo_agente_goal 244
tiempo_en_acabar 244
tiempo_promedio 54.500000
agentes_en_goal 140
push_out_count 0
RUN 20
valores_ideales [0,0,0,0,0,0,0,0,0,0,0,0,0,0,0,0,0,0,0,0,0,0,0,0,0,0,0,0,0,0,0,0,0,0,0,0,0,0,0,0,0,0,0,0,0,0,0,0,0,0,0,0,0,0,0,0,0,0,0,0,0,0,0,0,0,0,0,0,0,0,0,0,0,0,0,0,0,0,0,0,0,0,0,0,0,0,0,0,0,0,0,0,0,0,0,0,0,0,0,0,0,0,0,0,0,0,0,0,0,0,0,0,0,0,0,0,0,0,0,0,0,0,0,0,0,0,0,0,0,0,0,0,0,0,0,0,0,0,0,0]
costo_por_agente [123,94,60,63,28,12,72,18,122,8,6,113,104,12,30,76,74,3,130,41,11,13,100,17,22,139,30,62,74,83,133,17,34,140,19,11,35,115,9,110,34,144,94,71,5,10,34,8,38,148,78,10,2,13,10,25,9,42,33,97,54,12,39,131,54,15,30,28,115,253,25,43,80,146,22,113,33,17,15,74,19,44,50,28,60,25,26,33,92,37,64,37,101,7,69,31,51,134,6,5,49,18,9,76,33,77,37,23,19,12,41,31,14,10,114,101,14,42,125,60,124,17,30,65,50,12,144,37,105,94,107,50,30,2,26,119,57,34,93,88]
completion_time_por_agente [131,100,61,66,29,14,73,19,131,9,7,117,107,13,32,80,77,4,132,42,12,14,103,18,24,143,31,64,77,86,136,18,35,143,20,12,36,119,10,115,38,151,101,73,6,11,35,9,41,151,82,11,3,15,11,27,10,44,34,101,56,13,40,143,57,16,33,29,122,257,26,44,84,149,23,117,34,18,16,79,20,46,54,29,61,27,27,34,96,38,66,38,104,8,70,38,54,140,7,6,54,19,10,77,34,81,43,24,20,13,43,32,15,11,120,103,15,46,128,62,127,18,32,69,52,13,147,42,107,99,108,51,32,3,28,121,59,35,96,93]
tiempo_ultimo_agente_goal 257
tiempo_en_acabar 257
tiempo_promedio 57.250000
agentes_en_goal 140
push_out_count 0
RUN 21
valores_ideales [0,0,0,0,0,0,0,0,0,0,0,0,0,0,0,0,0,0,0,0,0,0,0,0,0,0,0,0,0,0,0,0,0,0,0,0,0,0,0,0,0,0,0,0,0,0,0,0,0,0,0,0,0,0,0,0,0,0,0,0,0,0,0,0,0,0,0,0,0,0,0,0,0,0,0,0,0,0,0,0,0,0,0,0,0,0,0,0,0,0,0,0,0,0,0,0,0,0,0,0,0,0,0,0,0,0,0,0,0,0,0,0,0,0,0,0,0,0,0,0,0,0,0,0,0,0,0,0,0,0,0,0,0,0,0,0,0,0,0,0]
costo_por_agente [75,74,100,91,18,10,104,16,82,10,6,85,86,12,32,104,108,3,102,53,17,13,112,21,18,61,32,126,64,71,135,21,76,114,25,9,39,53,7,34,30,48,62,81,5,14,22,8,66,130,110,10,2,11,10,25,9,50,13,91,62,12,69,71,52,15,26,36,139,273,27,29,202,76,22,109,31,17,13,68,17,46,78,22,46,29,28,35,64,21,60,39,73,5,61,27,55,80,6,5,47,20,7,136,33,83,177,17,27,12,35,35,16,10,180,93,16,62,109,44,124,15,26,93,56,12,158,89,45,156,127,158,46,2,24,61,55,24,101,110]
completion_time_por_agente [78,77,103,94,19,11,116,17,83,11,7,94,90,13,33,112,111,4,105,58,18,14,115,23,19,62,38,128,67,76,141,22,81,125,26,10,40,55,8,36,32,60,67,87,6,15,23,9,67,135,113,11,3,13,11,26,10,51,14,93,73,14,72,74,55,16,28,37,147,278,28,30,211,80,24,118,32,18,14,70,18,47,79,23,47,31,29,36,70,24,61,40,75,6,64,28,56,83,7,6,54,21,8,139,34,99,183,18,28,13,36,36,17,11,185,97,17,69,120,45,129,16,27,98,61,13,161,98,46,167,132,170,49,3,27,64,56,25,105,111]
tiempo_ultimo_agente_goal 278
tiempo_en_acabar 278
tiempo_promedio 58.735714
agentes_en_goal 140
push_out_count 0
RUN 22
valores_ideales [0,0,0,0,0,0,0,0,0,0,0,0,0,0,0,0,0,0,0,0,0,0,0,0,0,0,0,0,0,0,0,0,0,0,0,0,0,0,0,0,0,0,0,0,0,0,0,0,0,0,0,0,0,0,0,0,0,0,0,0,0,0,0,0,0,0,0,0,0,0,0,0,0,0,0,0,0,0,0,0,0,0,0,0,0,0,0,0,0,0,0,0,0,0,0,0,0,0,0,0,0,0,0,0,0,0,0,0,0,0,0,0,0,0,0,0,0,0,0,0,0,0,0,0,0,0,0,0,0,0,0,0,0,0,0,0,0,0,0,0]
costo_por_agente [145,82,62,105,28,10,88,18,118,10,6,255,122,12,60,88,52,3,92,55,7,13,80,17,22,73,28,78,128,137,45,19,34,58,19,11,37,83,9,44,30,104,90,51,5,10,24,8,60,142,76,6,2,31,10,31,9,56,15,139,58,10,61,115,70,15,28,28,97,145,27,37,266,56,22,127,33,17,13,58,21,38,54,36,52,41,46,37,84,21,68,37,107,5,83,27,45,90,6,5,79,22,5,92,33,67,31,17,21,12,35,37,22,10,170,103,16,40,153,36,112,15,32,107,78,10,152,81,49,96,121,46,46,2,28,163,69,34,53,90]
completion_time_por_agente [149,85,63,110,29,11,95,19,121,12,7,262,125,13,61,97,56,4,97,67,8,14,84,18,23,77,29,80,148,141,48,20,35,64,20,12,38,91,10,46,32,109,95,52,6,11,25,9,62,148,84,7,3,35,11,33,10,66,16,152,66,11,63,119,73,16,29,29,109,152,29,39,269,60,23,141,34,18,14,63,24,39,55,47,53,45,48,38,94,22,70,38,116,6,94,28,46,97,7,6,81,23,6,96,34,77,32,18,22,13,36,39,23,11,174,110,17,46,158,38,118,16,33,110,82,11,156,89,50,100,124,47,47,3,30,170,70,35,60,95]
tiempo_ultimo_agente_goal 269
tiempo_en_acabar 269
tiempo_promedio 59.178570
agentes_en_goal 140
push_out_count 0
RUN 23
valores_ideales [0,0,0,0,0,0,0,0,0,0,0,0,0,0,0,0,0,0,0,0,0,0,0,0,0,0,0,0,0,0,0,0,0,0,0,0,0,0,0,0,0,0,0,0,0,0,0,0,0,0,0,0,0,0,0,0,0,0,0,0,0,0,0,0,0,0,0,0,0,0,0,0,0,0,0,0,0,0,0,0,0,0,0,0,0,0,0,0,0,0,0,0,0,0,0,0,0,0,0,0,0,0,0,0,0,0,0,0,0,0,0,0,0,0,0,0,0,0,0,0,0,0,0,0,0,0,0,0,0,0,0,0,0,0,0,0,0,0,0,0]
costo_por_agente [71,72,70,59,24,10,90,16,114,10,6,175,144,12,38,82,92,3,64,47,7,13,76,15,18,53,36,58,112,77,153,13,32,150,27,11,37,55,9,42,22,178,66,39,5,16,24,10,44,150,96,6,2,9,10,25,9,42,17,45,48,14,21,117,58,15,24,28,125,147,27,29,194,72,24,43,31,17,17,52,13,52,116,32,44,35,20,41,94,43,38,41,103,5,95,23,41,54,6,5,221,24,5,98,45,79,129,17,23,12,33,39,26,10,196,81,14,52,203,28,104,15,36,97,284,12,162,65,71,162,301,48,34,2,26,211,101,24,103,76]
completion_time_por_agente [78,75,74,60,26,12,102,17,118,11,7,187,147,13,40,85,94,4,65,50,8,14,79,17,20,55,37,59,123,81,158,14,33,156,29,13,38,56,10,43,24,183,70,40,6,17,25,11,46,152,100,7,3,10,11,26,10,43,18,46,55,15,22,120,61,16,25,29,127,157,29,31,206,73,27,44,32,18,19,61,14,53,117,33,46,38,21,42,97,45,39,42,105,6,101,25,42,57,7,6,222,25,6,103,46,89,137,18,24,13,34,40,27,11,199,83,15,57,215,29,108,16,37,102,288,13,166,73,74,168,304,50,37,3,27,214,105,25,106,78]
tiempo_ultimo_agente_goal 304
tiempo_en_acabar 304
tiempo_promedio 61.757141
agentes_en_goal 140
push_out_count 0
RUN 24
valores_ideales [0,0,0,0,0,0,0,0,0,0,0,0,0,0,0,0,0,0,0,0,0,0,0,0,0,0,0,0,0,0,0,0,0,0,0,0,0,0,0,0,0,0,0,0,0,0,0,0,0,0,0,0,0,0,0,0,0,0,0,0,0,0,0,0,0,0,0,0,0,0,0,0,0,0,0,0,0,0,0,0,0,0,0,0,0,0,0,0,0,0,0,0,0,0,0,0,0,0,0,0,0,0,0,0,0,0,0,0,0,0,0,0,0,0,0,0,0,0,0,0,0,0,0,0,0,0,0,0,0,0,0,0,0,0,0,0,0,0,0,0]
costo_por_agente [203,78,58,65,16,12,88,16,108,8,6,207,112,12,30,70,108,3,84,49,11,13,76,21,16,99,46,72,140,61,95,13,34,154,19,11,35,121,5,72,24,54,66,95,5,14,22,14,36,162,104,10,2,9,10,27,13,50,9,71,88,16,35,51,50,15,26,38,101,225,159,31,104,64,24,113,39,17,15,90,25,34,98,36,48,27,22,33,58,37,44,37,113,5,89,23,33,92,6,5,193,20,5,86,31,79,31,27,25,12,35,31,20,10,114,85,14,114,73,40,98,17,32,51,190,20,178,99,67,104,63,68,30,2,28,63,57,34,83,58]
completion_time_por_agente [208,82,59,68,17,13,91,17,114,9,7,213,117,13,31,76,109,4,86,52,12,14,78,22,17,103,48,74,151,63,102,14,35,161,20,12,36,122,6,74,26,57,71,99,6,15,23,15,37,163,105,11,3,10,11,28,14,53,10,73,95,17,37,53,51,16,27,39,109,234,170,32,107,65,25,122,40,18,16,92,26,35,103,37,50,29,24,34,60,42,48,38,116,6,93,26,34,101,7,6,195,21,6,87,32,93,32,29,26,13,36,32,21,11,121,92,15,124,87,42,109,18,33,53,192,21,183,108,68,119,69,69,31,3,29,64,58,35,87,61]
tiempo_ultimo_agente_goal 234
tiempo_en_acabar 234
tiempo_promedio 58.464287
agentes_en_goal 140
push_out_count 0
RUN 25
valores_ideales [0,0,0,0,0,0,0,0,0,0,0,0,0,0,0,0,0,0,0,0,0,0,0,0,0,0,0,0,0,0,0,0,0,0,0,0,0,0,0,0,0,0,0,0,0,0,0,0,0,0,0,0,0,0,0,0,0,0,0,0,0,0,0,0,0,0,0,0,0,0,0,0,0,0,0,0,0,0,0,0,0,0,0,0,0,0,0,0,0,0,0,0,0,0,0,0,0,0,0,0,0,0,0,0,0,0,0,0,0,0,0,0,0,0,0,0,0,0,0,0,0,0,0,0,0,0,0,0,0,0,0,0,0,0,0,0,0,0,0,0]
costo_por_agente [97,76,80,77,20,10,72,16,248,8,6,123,80,12,50,72,76,3,70,83,11,13,74,11,16,63,28,84,86,145,59,17,46,182,19,11,35,115,5,28,28,104,78,39,5,14,28,16,46,124,56,10,2,11,10,23,7,42,17,49,60,10,21,107,40,15,28,28,55,243,25,53,160,90,22,51,43,17,17,76,15,36,102,24,44,43,32,43,56,63,50,37,93,7,65,29,59,112,6,5,127,18,5,140,41,89,31,17,21,12,37,33,14,10,70,129,14,108,43,52,174,15,28,61,212,16,276,73,119,112,61,52,36,2,20,79,129,32,113,102]
completion_time_por_agente [102,81,82,83,21,11,83,17,259,9,7,129,82,13,53,73,78,4,71,90,12,14,83,12,17,67,29,87,97,164,62,18,47,186,20,13,36,125,6,29,29,106,84,40,6,15,29,17,48,126,59,11,3,14,11,24,8,47,18,54,75,11,22,109,41,16,29,29,61,245,26,54,162,101,23,57,44,18,18,79,16,37,120,25,45,46,34,44,64,76,51,38,102,8,76,32,60,114,7,6,131,19,6,144,45,94,32,18,22,13,38,34,15,11,81,134,15,119,45,53,189,16,31,62,216,17,279,87,124,119,72,55,40,3,21,81,131,33,129,107]
tiempo_ultimo_agente_goal 279
tiempo_en_acabar 279
tiempo_promedio 59.450001
agentes_en_goal 140
push_out_count 0
RUN 26
valores_ideales [0,0,0,0,0,0,0,0,0,0,0,0,0,0,0,0,0,0,0,0,0,0,0,0,0,0,0,0,0,0,0,0,0,0,0,0,0,0,0,0,0,0,0,0,0,0,0,0,0,0,0,0,0,0,0,0,0,0,0,0,0,0,0,0,0,0,0,0,0,0,0,0,0,0,0,0,0,0,0,0,0,0,0,0,0,0,0,0,0,0,0,0,0,0,0,0,0,0,0,0,0,0,0,0,0,0,0,0,0,0,0,0,0,0,0,0,0,0,0,0,0,0,0,0,0,0,0,0,0,0,0,0,0,0,0,0,0,0,0,0]
costo_por_agente [179,110,124,117,38,20,132,20,76,10,6,71,72,12,30,142,138,3,56,71,9,17,110,15,18,77,32,74,70,89,125,15,36,78,33,11,37,101,7,66,28,124,76,103,5,12,20,10,40,110,48,8,2,9,14,35,7,68,15,75,48,14,67,85,46,21,26,30,119,239,27,37,100,104,22,101,35,17,15,46,13,38,114,28,44,41,20,35,40,73,50,39,87,7,59,25,53,118,6,5,149,20,5,102,33,73,41,21,21,12,35,43,24,10,80,61,14,44,61,46,100,15,38,103,98,14,134,31,115,62,121,54,54,2,20,255,105,28,139,68]
completion_time_por_agente [184,112,131,120,39,21,134,21,78,11,7,77,77,13,31,145,143,4,59,75,10,18,114,16,19,79,34,76,74,94,128,16,37,79,34,12,38,104,8,68,34,127,80,107,6,13,22,11,42,120,49,9,3,10,15,36,9,74,17,77,52,15,71,90,47,22,27,31,123,248,29,40,102,108,23,106,36,18,16,48,15,39,115,29,45,45,21,36,41,78,52,40,89,8,64,26,54,122,7,6,157,21,6,109,34,80,42,22,22,13,36,45,25,11,84,62,15,48,64,47,108,16,39,106,102,15,135,34,119,66,124,55,59,3,23,260,109,29,141,71]
tiempo_ultimo_agente_goal 260
tiempo_en_acabar 260
tiempo_promedio 58.157143
agentes_en_goal 140
push_out_count 0
RUN 27
valores_ideales [0,0,0,0,0,0,0,0,0,0,0,0,0,0,0,0,0,0,0,0,0,0,0,0,0,0,0,0,0,0,0,0,0,0,0,0,0,0,0,0,0,0,0,0,0,0,0,0,0,0,0,0,0,0,0,0,0,0,0,0,0,0,0,0,0,0,0,0,0,0,0,0,0,0,0,0,0,0,0,0,0,0,0,0,0,0,0,0,0,0,0,0,0,0,0,0,0,0,0,0,0,0,0,0,0,0,0,0,0,0,0,0,0,0,0,0,0,0,0,0,0,0,0,0,0,0,0,0,0,0,0,0,0,0,0,0,0,0,0,0]
costo_por_agente [161,96,136,85,22,24,96,20,182,20,6,239,90,12,32,54,116,3,60,51,7,21,60,11,18,111,26,78,128,61,141,17,34,178,29,11,31,53,5,58,36,84,62,95,5,14,20,10,38,112,50,16,2,9,16,25,13,48,13,99,52,10,57,113,60,15,24,30,87,275,147,35,190,56,22,79,31,17,15,66,21,32,84,22,50,51,56,39,100,27,44,35,117,5,141,47,47,54,6,5,89,20,5,110,33,59,31,17,19,12,35,43,14,10,144,71,16,52,109,44,122,19,36,79,146,14,182,77,79,130,141,48,34,2,26,129,83,30,57,108]
completion_time_por_agente [167,105,140,88,25,25,97,21,186,21,7,242,94,13,33,56,118,4,62,56,8,22,61,12,20,115,27,84,132,64,145,18,35,180,31,12,32,54,6,70,40,88,69,104,6,15,21,11,39,117,52,17,3,10,18,26,14,49,14,102,58,12,58,122,61,16,25,31,96,281,152,36,192,57,23,85,32,18,16,70,23,33,87,23,51,56,57,41,102,30,45,36,120,6,146,55,48,59,7,6,91,21,6,115,34,63,32,18,20,13,36,44,15,11,155,75,17,55,119,45,129,20,38,85,150,16,184,87,87,136,145,49,38,3,27,131,84,31,60,116]
tiempo_ultimo_agente_goal 281
tiempo_en_acabar 281
tiempo_promedio 61.257141
agentes_en_goal 140
push_out_count 0
RUN 28
valores_ideales [0,0,0,0,0,0,0,0,0,0,0,0,0,0,0,0,0,0,0,0,0,0,0,0,0,0,0,0,0,0,0,0,0,0,0,0,0,0,0,0,0,0,0,0,0,0,0,0,0,0,0,0,0,0,0,0,0,0,0,0,0,0,0,0,0,0,0,0,0,0,0,0,0,0,0,0,0,0,0,0,0,0,0,0,0,0,0,0,0,0,0,0,0,0,0,0,0,0,0,0,0,0,0,0,0,0,0,0,0,0,0,0,0,0,0,0,0,0,0,0,0,0,0,0,0,0,0,0,0,0,0,0,0,0,0,0,0,0,0,0]
costo_por_agente [177,100,62,113,16,10,52,16,60,8,6,191,124,14,32,96,90,3,66,43,11,13,88,13,22,85,34,92,116,83,153,17,30,164,19,11,39,77,9,42,36,134,86,43,5,10,26,10,64,136,50,10,2,9,10,23,11,38,17,81,68,10,25,111,46,15,26,28,81,283,29,57,150,98,22,43,37,19,15,74,15,46,78,24,44,27,28,47,86,41,44,37,65,13,147,27,47,46,6,5,83,22,9,80,35,109,149,17,19,12,35,35,32,10,94,95,14,54,105,58,74,15,30,57,150,14,156,73,55,138,95,50,38,2,26,69,53,34,83,92]
completion_time_por_agente [180,102,66,120,17,11,53,17,61,9,7,197,128,15,34,97,94,4,68,49,12,14,92,14,23,87,36,94,124,86,162,18,31,167,20,12,40,81,10,44,38,140,95,45,6,11,27,11,66,138,52,12,3,10,11,24,13,39,18,84,74,11,26,117,47,16,27,29,83,286,30,62,156,101,23,44,38,21,16,78,16,47,90,25,45,30,29,49,90,44,46,38,67,14,149,33,50,48,7,6,85,23,10,81,36,118,156,18,20,13,36,36,33,11,101,100,15,60,114,61,77,16,31,59,155,15,158,80,57,142,97,51,42,3,27,70,54,35,87,101]
tiempo_ultimo_agente_goal 286
tiempo_en_acabar 286
tiempo_promedio 57.364285
agentes_en_goal 140
push_out_count 0
RUN 29
valores_ideales [0,0,0,0,0,0,0,0,0,0,0,0,0,0,0,0,0,0,0,0,0,0,0,0,0,0,0,0,0,0,0,0,0,0,0,0,0,0,0,0,0,0,0,0,0,0,0,0,0,0,0,0,0,0,0,0,0,0,0,0,0,0,0,0,0,0,0,0,0,0,0,0,0,0,0,0,0,0,0,0,0,0,0,0,0,0,0,0,0,0,0,0,0,0,0,0,0,0,0,0,0,0,0,0,0,0,0,0,0,0,0,0,0,0,0,0,0,0,0,0,0,0,0,0,0,0,0,0,0,0,0,0,0,0,0,0,0,0,0,0]
costo_por_agente [57,96,114,103,34,10,92,16,120,12,6,145,92,12,48,92,120,3,112,55,9,13,64,17,16,109,28,82,84,95,105,17,38,162,21,11,35,89,9,38,22,106,68,97,5,14,26,16,64,118,122,10,2,9,10,25,7,46,15,113,116,10,27,79,54,15,28,28,63,143,117,37,192,72,24,49,37,17,15,54,21,40,88,32,44,29,20,39,70,45,50,35,93,7,43,29,57,126,6,5,49,22,5,68,33,61,31,17,19,12,33,39,22,10,66,77,14,44,113,84,86,15,32,125,62,16,96,29,53,138,99,46,26,2,28,63,71,28,81,56]
completion_time_por_agente [59,100,115,107,35,11,96,17,122,13,7,151,98,13,49,95,123,4,119,62,10,14,66,19,17,111,29,84,89,101,108,18,39,168,22,13,36,90,10,39,24,111,72,99,6,15,27,17,69,125,124,11,3,10,11,26,9,49,16,119,119,11,28,82,55,16,29,29,64,152,123,38,197,74,25,50,38,18,16,58,23,42,91,33,45,32,21,40,71,49,51,36,96,8,44,32,59,128,7,6,54,23,6,74,34,68,32,18,20,13,34,40,23,11,71,79,15,48,118,86,93,16,33,127,63,17,101,32,55,144,104,47,28,3,30,65,72,29,88,58]
tiempo_ultimo_agente_goal 197
tiempo_en_acabar 197
tiempo_promedio 54.500000
agentes_en_goal 140
push_out_count 0
RUN 30
valores_ideales [0,0,0,0,0,0,0,0,0,0,0,0,0,0,0,0,0,0,0,0,0,0,0,0,0,0,0,0,0,0,0,0,0,0,0,0,0,0,0,0,0,0,0,0,0,0,0,0,0,0,0,0,0,0,0,0,0,0,0,0,0,0,0,0,0,0,0,0,0,0,0,0,0,0,0,0,0,0,0,0,0,0,0,0,0,0,0,0,0,0,0,0,0,0,0,0,0,0,0,0,0,0,0,0,0,0,0,0,0,0,0,0,0,0,0,0,0,0,0,0,0,0,0,0,0,0,0,0,0,0,0,0,0,0,0,0,0,0,0,0]
costo_por_agente [107,92,54,81,18,10,136,18,138,10,6,123,50,12,36,70,144,3,106,35,7,15,110,15,20,109,34,96,76,75,173,17,40,200,33,11,37,79,7,72,32,86,84,37,5,12,28,8,56,144,70,10,2,9,10,33,9,54,17,77,54,12,25,97,44,15,26,28,43,129,27,31,86,84,22,53,33,19,17,58,21,40,62,62,48,37,26,37,92,43,42,43,65,7,73,29,43,84,6,5,101,20,5,150,37,73,31,21,25,12,39,41,22,10,144,85,14,84,55,40,100,15,32,107,124,12,150,101,89,114,87,54,36,2,26,117,87,34,45,70]
completion_time_por_agente [111,96,57,82,20,11,141,19,140,11,7,125,52,13,38,74,152,4,111,37,8,16,115,16,22,115,35,100,77,80,175,18,41,203,34,12,38,83,8,76,36,91,89,39,6,13,29,9,58,147,74,11,3,10,11,35,11,59,20,79,57,13,26,110,48,16,27,29,46,135,28,32,90,85,24,54,34,20,18,61,22,42,70,66,49,40,28,38,95,47,43,44,68,8,77,31,45,89,7,6,104,21,6,154,38,77,32,22,26,13,41,42,24,11,149,90,16,90,56,41,105,16,36,111,128,13,155,106,95,116,90,55,40,3,30,122,90,35,50,73]
tiempo_ultimo_agente_goal 203
tiempo_en_acabar 203
tiempo_promedio 55.664288
agentes_en_goal 140
push_out_count 0
RUN 31
valores_ideales [0,0,0,0,0,0,0,0,0,0,0,0,0,0,0,0,0,0,0,0,0,0,0,0,0,0,0,0,0,0,0,0,0,0,0,0,0,0,0,0,0,0,0,0,0,0,0,0,0,0,0,0,0,0,0,0,0,0,0,0,0,0,0,0,0,0,0,0,0,0,0,0,0,0,0,0,0,0,0,0,0,0,0,0,0,0,0,0,0,0,0,0,0,0,0,0,0,0,0,0,0,0,0,0,0,0,0,0,0,0,0,0,0,0,0,0,0,0,0,0,0,0,0,0,0,0,0,0,0,0,0,0,0,0,0,0,0,0,0,0]
costo_por_agente [107,54,54,63,20,10,136,18,46,6,6,225,68,12,60,68,58,3,82,71,7,15,114,11,22,93,26,54,66,75,205,15,32,166,19,11,31,103,7,54,24,52,84,55,5,10,20,8,60,158,86,6,2,31,10,27,7,44,19,85,50,10,23,101,44,15,24,28,133,171,161,41,230,68,24,103,39,17,13,58,23,36,60,40,48,27,26,43,56,21,54,41,87,5,107,39,41,124,6,5,35,22,5,84,33,97,127,27,19,12,37,39,20,10,96,115,14,98,89,44,74,15,26,105,96,10,76,61,79,120,61,54,28,2,24,259,81,28,103,118]
completion_time_por_agente [110,62,55,73,21,11,145,19,53,7,7,238,70,13,62,72,59,4,86,86,8,16,118,12,23,96,27,57,72,79,209,16,33,172,20,13,32,108,8,59,26,54,95,59,6,11,21,9,61,163,90,7,3,36,11,28,8,48,20,91,52,12,24,107,45,16,25,29,140,179,168,42,231,70,26,113,40,19,15,62,24,37,65,56,49,30,27,44,57,22,55,42,97,6,115,46,43,130,7,6,39,23,6,91,34,102,132,29,20,13,38,40,21,11,107,123,15,110,100,45,80,16,27,108,100,11,78,71,84,135,69,55,29,3,25,263,84,29,115,125]
tiempo_ultimo_agente_goal 263
tiempo_en_acabar 263
tiempo_promedio 58.978573
agentes_en_goal 140
push_out_count 0
RUN 32
valores_ideales [0,0,0,0,0,0,0,0,0,0,0,0,0,0,0,0,0,0,0,0,0,0,0,0,0,0,0,0,0,0,0,0,0,0,0,0,0,0,0,0,0,0,0,0,0,0,0,0,0,0,0,0,0,0,0,0,0,0,0,0,0,0,0,0,0,0,0,0,0,0,0,0,0,0,0,0,0,0,0,0,0,0,0,0,0,0,0,0,0,0,0,0,0,0,0,0,0,0,0,0,0,0,0,0,0,0,0,0,0,0,0,0,0,0,0,0,0,0,0,0,0,0,0,0,0,0,0,0,0,0,0,0,0,0,0,0,0,0,0,0]
costo_por_agente [57,98,60,83,28,10,56,18,76,8,6,95,80,12,40,112,96,3,74,75,7,13,104,17,20,79,30,102,74,121,165,15,30,150,19,11,35,69,7,78,26,104,56,99,5,16,24,8,54,162,138,10,2,11,10,29,7,48,11,87,98,14,31,107,44,19,24,28,135,175,27,43,218,66,22,51,39,17,19,96,21,48,104,30,48,29,20,45,50,39,52,41,91,5,69,27,47,72,6,5,133,20,7,124,39,97,31,21,21,12,35,37,20,10,166,101,14,70,91,38,90,15,52,53,168,12,64,57,45,134,231,48,34,2,22,101,73,32,81,106]
completion_time_por_agente [64,103,62,90,30,11,57,19,80,9,7,100,84,13,42,115,100,4,77,76,8,14,107,18,23,84,31,106,75,125,166,16,32,152,20,12,36,71,8,84,27,111,61,102,6,17,25,9,56,165,144,11,3,13,11,30,8,53,15,92,106,15,32,115,49,20,25,29,142,178,28,45,220,68,23,53,40,18,20,98,22,51,112,35,49,31,21,46,54,41,53,42,95,6,72,30,48,73,7,6,136,21,8,127,42,99,32,23,22,13,36,39,22,11,170,107,15,72,95,39,95,16,55,55,171,13,68,61,46,141,236,49,35,3,23,102,77,34,89,108]
tiempo_ultimo_agente_goal 236
tiempo_en_acabar 236
tiempo_promedio 57.957142
agentes_en_goal 140
push_out_count 0
RUN 33
valores_ideales [0,0,0,0,0,0,0,0,0,0,0,0,0,0,0,0,0,0,0,0,0,0,0,0,0,0,0,0,0,0,0,0,0,0,0,0,0,0,0,0,0,0,0,0,0,0,0,0,0,0,0,0,0,0,0,0,0,0,0,0,0,0,0,0,0,0,0,0,0,0,0,0,0,0,0,0,0,0,0,0,0,0,0,0,0,0,0,0,0,0,0,0,0,0,0,0,0,0,0,0,0,0,0,0,0,0,0,0,0,0,0,0,0,0,0,0,0,0,0,0,0,0,0,0,0,0,0,0,0,0,0,0,0,0,0,0,0,0,0,0]
costo_por_agente [99,104,116,71,28,14,112,16,114,10,6,197,128,12,34,130,76,3,70,81,7,13,120,11,18,77,26,94,66,89,121,13,30,136,19,13,33,73,9,54,30,116,86,37,5,16,24,10,46,152,50,10,2,9,10,29,17,46,17,133,46,14,89,79,54,15,26,28,75,253,69,33,198,70,22,47,33,17,17,92,15,32,98,32,48,25,24,33,122,57,38,41,81,5,123,31,43,72,6,5,137,20,5,106,37,65,31,17,21,12,35,33,18,10,58,77,12,52,47,54,252,15,38,99,264,10,134,43,67,106,137,52,50,2,20,85,81,34,91,78]
completion_time_por_agente [105,107,121,73,29,16,115,17,116,11,7,202,132,13,36,133,79,4,75,85,8,14,123,13,19,82,27,99,73,94,125,14,31,141,20,14,34,76,10,56,33,121,90,38,6,17,25,12,48,160,51,11,3,10,11,31,18,47,18,136,52,15,93,81,56,16,27,29,79,256,75,34,201,75,23,48,34,18,18,94,16,33,101,33,49,27,26,34,125,60,41,43,84,6,132,34,44,76,7,6,139,21,6,114,40,67,32,18,22,13,36,35,19,11,62,78,14,55,48,55,256,16,39,106,267,11,136,49,69,110,140,53,52,3,23,90,84,35,93,82]
tiempo_ultimo_agente_goal 267
tiempo_en_acabar 267
tiempo_promedio 59.535713
agentes_en_goal 140
push_out_count 0
RUN 34
valores_ideales [0,0,0,0,0,0,0,0,0,0,0,0,0,0,0,0,0,0,0,0,0,0,0,0,0,0,0,0,0,0,0,0,0,0,0,0,0,0,0,0,0,0,0,0,0,0,0,0,0,0,0,0,0,0,0,0,0,0,0,0,0,0,0,0,0,0,0,0,0,0,0,0,0,0,0,0,0,0,0,0,0,0,0,0,0,0,0,0,0,0,0,0,0,0,0,0,0,0,0,0,0,0,0,0,0,0,0,0,0,0,0,0,0,0,0,0,0,0,0,0,0,0,0,0,0,0,0,0,0,0,0,0,0,0,0,0,0,0,0,0]
costo_por_agente [135,78,66,55,20,10,124,18,124,8,6,215,64,12,34,94,136,3,104,107,7,13,80,15,18,115,30,56,76,47,113,17,48,142,19,9,31,77,9,44,24,108,74,97,5,14,20,12,62,84,120,14,2,11,10,27,13,60,31,115,42,10,47,75,66,15,28,30,75,93,177,35,248,90,24,109,43,17,17,64,13,46,60,32,54,33,20,39,82,21,40,37,103,5,47,27,51,72,6,5,35,18,5,112,33,61,31,37,19,12,37,35,18,10,74,75,14,80,45,28,152,15,34,109,90,10,174,47,119,94,133,52,44,2,28,113,63,34,65,50]
completion_time_por_agente [140,82,68,57,21,11,128,19,126,9,7,222,67,13,35,96,140,4,107,112,8,14,85,16,20,119,31,58,82,49,116,18,49,146,20,11,32,81,10,47,26,113,78,104,6,15,21,13,63,87,126,16,3,12,11,28,14,65,32,116,43,11,50,81,69,16,29,31,78,99,184,36,252,92,25,121,44,18,18,66,14,50,63,40,56,35,21,40,88,23,41,38,111,6,49,29,52,75,7,6,36,19,6,115,34,65,32,38,20,13,38,36,19,11,77,80,16,88,46,30,155,16,35,111,92,11,178,48,121,97,142,53,46,3,29,114,64,35,69,52]
tiempo_ultimo_agente_goal 252
tiempo_en_acabar 252
tiempo_promedio 56.585712
agentes_en_goal 140
push_out_count 0
RUN 35
valores_ideales [0,0,0,0,0,0,0,0,0,0,0,0,0,0,0,0,0,0,0,0,0,0,0,0,0,0,0,0,0,0,0,0,0,0,0,0,0,0,0,0,0,0,0,0,0,0,0,0,0,0,0,0,0,0,0,0,0,0,0,0,0,0,0,0,0,0,0,0,0,0,0,0,0,0,0,0,0,0,0,0,0,0,0,0,0,0,0,0,0,0,0,0,0,0,0,0,0,0,0,0,0,0,0,0,0,0,0,0,0,0,0,0,0,0,0,0,0,0,0,0,0,0,0,0,0,0,0,0,0,0,0,0,0,0,0,0,0,0,0,0]
costo_por_agente [231,108,96,57,24,10,118,18,108,18,6,159,124,12,44,98,78,3,120,45,7,13,82,19,16,53,38,78,70,45,113,17,34,142,21,13,39,61,9,48,32,64,64,65,5,16,26,12,38,70,48,6,2,11,10,29,15,54,13,91,56,12,21,89,46,15,24,28,117,293,133,45,238,82,22,53,41,17,19,56,17,34,84,26,44,51,20,37,68,55,42,41,117,5,97,21,57,82,6,5,49,20,5,50,33,61,117,17,23,12,33,35,24,10,140,105,14,116,103,38,86,19,42,89,174,12,148,51,65,98,107,52,40,2,24,311,93,28,79,86]
completion_time_por_agente [238,109,98,59,25,11,121,19,110,20,7,163,128,13,47,104,81,4,125,50,8,14,86,20,17,56,40,80,72,46,117,18,35,144,22,15,40,66,10,49,34,72,71,73,6,17,27,13,39,71,49,7,3,13,11,30,16,57,14,94,59,13,22,92,48,16,25,29,122,297,134,46,243,84,23,56,42,18,20,59,19,36,88,31,45,52,21,38,73,63,43,42,122,6,108,22,61,88,7,6,56,21,6,51,34,67,119,18,24,13,34,37,26,11,146,112,15,129,110,39,92,20,43,91,177,13,151,57,67,105,114,53,44,3,26,313,96,29,83,93]
tiempo_ultimo_agente_goal 313
tiempo_en_acabar 313
tiempo_promedio 59.721428
agentes_en_goal 140
push_out_count 0
RUN 36
valores_ideales [0,0,0,0,0,0,0,0,0,0,0,0,0,0,0,0,0,0,0,0,0,0,0,0,0,0,0,0,0,0,0,0,0,0,0,0,0,0,0,0,0,0,0,0,0,0,0,0,0,0,0,0,0,0,0,0,0,0,0,0,0,0,0,0,0,0,0,0,0,0,0,0,0,0,0,0,0,0,0,0,0,0,0,0,0,0,0,0,0,0,0,0,0,0,0,0,0,0,0,0,0,0,0,0,0,0,0,0,0,0,0,0,0,0,0,0,0,0,0,0,0,0,0,0,0,0,0,0,0,0,0,0,0,0,0,0,0,0,0,0]
costo_por_agente [161,122,56,83,28,10,88,18,80,10,6,79,94,12,50,80,130,3,82,91,9,15,110,13,18,93,28,86,74,167,101,17,32,84,19,11,33,107,5,36,28,58,64,43,5,10,24,12,38,104,108,10,2,11,10,27,13,50,9,101,58,10,21,73,38,15,24,30,69,229,197,35,122,52,22,73,31,17,15,48,19,36,104,26,48,33,20,45,86,41,34,39,121,5,59,33,61,140,6,5,129,18,5,58,33,115,141,17,21,12,33,35,18,10,154,79,14,54,59,34,212,15,32,75,232,10,144,35,65,86,141,68,38,2,28,113,67,28,125,70]
completion_time_por_agente [168,127,57,86,30,11,93,19,84,11,7,84,96,13,51,81,135,4,83,98,10,16,115,14,19,94,29,90,83,169,103,18,33,94,20,12,34,113,6,40,31,61,68,44,6,11,25,13,39,108,113,11,3,12,11,28,15,56,11,105,59,11,22,80,40,16,25,31,74,235,204,36,129,53,23,79,32,18,16,53,20,37,110,27,49,37,21,46,92,43,35,40,123,6,62,40,62,149,7,6,134,19,6,62,34,125,144,19,22,13,34,36,19,11,161,84,16,68,60,35,214,16,33,76,237,11,147,37,68,87,151,69,40,3,29,115,68,29,132,75]
tiempo_ultimo_agente_goal 237
tiempo_en_acabar 237
tiempo_promedio 58.628571
agentes_en_goal 140
push_out_count 0
RUN 37
valores_ideales [0,0,0,0,0,0,0,0,0,0,0,0,0,0,0,0,0,0,0,0,0,0,0,0,0,0,0,0,0,0,0,0,0,0,0,0,0,0,0,0,0,0,0,0,0,0,0,0,0,0,0,0,0,0,0,0,0,0,0,0,0,0,0,0,0,0,0,0,0,0,0,0,0,0,0,0,0,0,0,0,0,0,0,0,0,0,0,0,0,0,0,0,0,0,0,0,0,0,0,0,0,0,0,0,0,0,0,0,0,0,0,0,0,0,0,0,0,0,0,0,0,0,0,0,0,0,0,0,0,0,0,0,0,0,0,0,0,0,0,0]
costo_por_agente [169,152,130,33,22,12,62,20,166,14,6,219,100,12,48,112,116,3,92,59,9,13,90,15,16,89,26,54,88,133,151,19,38,110,21,15,33,67,5,108,46,82,68,115,5,10,26,12,56,140,134,12,2,9,18,25,11,42,13,41,56,18,113,131,40,19,24,28,143,103,135,53,164,66,42,107,43,17,13,62,23,54,62,24,60,45,20,41,98,19,42,37,101,5,95,23,41,108,6,5,87,20,5,258,37,67,69,17,23,12,35,31,16,10,132,85,14,54,133,56,128,15,40,63,164,12,154,107,49,86,129,58,34,2,30,75,53,26,47,66]
completion_time_por_agente [177,157,134,37,23,13,63,21,169,15,7,225,104,13,50,116,119,4,94,66,10,14,95,18,17,90,27,59,94,140,157,20,39,112,23,16,34,68,6,110,51,85,72,120,6,11,27,13,58,142,140,13,3,10,20,26,12,48,14,44,61,19,116,139,43,20,25,29,151,110,139,54,168,70,43,112,44,18,14,68,26,57,66,25,61,49,21,42,101,21,43,38,103,6,98,25,42,121,7,6,92,21,6,261,38,74,71,18,24,13,36,32,18,11,135,90,15,58,142,59,134,16,41,68,168,13,157,114,50,95,133,59,37,3,32,77,54,27,49,73]
tiempo_ultimo_agente_goal 261
tiempo_en_acabar 261
tiempo_promedio 62.042858
agentes_en_goal 140
push_out_count 0
RUN 38
valores_ideales [0,0,0,0,0,0,0,0,0,0,0,0,0,0,0,0,0,0,0,0,0,0,0,0,0,0,0,0,0,0,0,0,0,0,0,0,0,0,0,0,0,0,0,0,0,0,0,0,0,0,0,0,0,0,0,0,0,0,0,0,0,0,0,0,0,0,0,0,0,0,0,0,0,0,0,0,0,0,0,0,0,0,0,0,0,0,0,0,0,0,0,0,0,0,0,0,0,0,0,0,0,0,0,0,0,0,0,0,0,0,0,0,0,0,0,0,0,0,0,0,0,0,0,0,0,0,0,0,0,0,0,0,0,0,0,0,0,0,0,0]
costo_por_agente [79,60,60,67,20,10,92,26,98,18,4,101,82,12,42,98,86,3,118,33,7,13,72,13,16,67,28,100,80,81,91,17,38,120,19,11,33,89,7,82,26,100,86,65,5,18,26,16,44,80,50,10,2,9,10,27,9,54,19,81,68,14,93,91,46,15,24,28,65,193,177,55,198,138,22,51,31,19,13,48,15,36,86,24,56,49,26,37,58,35,48,35,143,9,45,27,33,50,8,5,111,20,7,126,51,57,31,21,19,12,33,49,16,10,96,65,18,46,41,26,130,15,32,97,280,10,118,43,119,132,121,74,58,2,20,205,67,28,45,108]
completion_time_por_agente [81,63,62,69,21,11,98,27,100,19,5,107,85,13,44,103,88,4,125,35,8,14,76,14,17,70,29,106,87,82,96,18,40,122,20,12,34,93,8,86,27,108,91,67,6,19,27,17,46,83,51,12,3,10,11,28,11,56,20,83,74,15,96,95,49,16,25,29,68,196,185,56,203,142,23,52,32,20,15,50,17,37,90,25,57,51,27,38,62,36,49,36,146,10,49,30,34,51,9,6,119,21,8,128,52,72,32,22,20,13,34,52,17,11,102,68,19,51,43,27,141,16,33,101,282,11,121,45,123,135,124,75,62,3,23,217,68,29,49,110]
tiempo_ultimo_agente_goal 282
tiempo_en_acabar 282
tiempo_promedio 56.771427
agentes_en_goal 140
push_out_count 0
RUN 39
valores_ideales [0,0,0,0,0,0,0,0,0,0,0,0,0,0,0,0,0,0,0,0,0,0,0,0,0,0,0,0,0,0,0,0,0,0,0,0,0,0,0,0,0,0,0,0,0,0,0,0,0,0,0,0,0,0,0,0,0,0,0,0,0,0,0,0,0,0,0,0,0,0,0,0,0,0,0,0,0,0,0,0,0,0,0,0,0,0,0,0,0,0,0,0,0,0,0,0,0,0,0,0,0,0,0,0,0,0,0,0,0,0,0,0,0,0,0,0,0,0,0,0,0,0,0,0,0,0,0,0,0,0,0,0,0,0,0,0,0,0,0,0]
costo_por_agente [155,86,92,49,30,10,94,18,136,6,6,173,88,12,32,76,100,3,116,39,7,13,80,13,22,107,30,78,90,47,121,13,36,200,19,9,35,61,5,106,24,52,72,107,5,14,20,14,40,104,48,10,2,11,10,25,11,44,11,169,98,12,43,101,46,21,24,30,109,131,77,37,234,92,22,51,31,17,13,78,17,32,74,22,48,23,26,59,90,43,36,53,71,5,71,33,51,48,6,5,103,22,5,44,33,55,81,17,21,12,33,39,16,10,86,103,12,46,37,70,104,15,28,53,120,10,92,101,57,98,119,56,46,2,20,155,57,30,57,94]
completion_time_por_agente [161,94,94,51,34,11,99,19,138,7,7,177,93,13,33,81,104,4,122,40,8,14,82,16,23,108,31,83,95,48,129,14,37,203,20,11,36,63,6,109,26,59,75,111,6,15,21,15,41,107,49,11,3,12,11,27,12,46,12,170,101,13,44,106,47,22,25,31,113,138,83,39,239,95,23,52,32,18,15,82,18,33,77,23,49,25,27,60,93,48,37,54,74,6,77,42,52,49,7,6,107,23,6,49,34,58,83,18,22,13,34,40,18,11,88,105,14,51,39,73,112,16,29,54,125,11,94,106,61,104,120,57,50,3,21,159,58,32,59,97]
tiempo_ultimo_agente_goal 239
tiempo_en_acabar 239
tiempo_promedio 55.542858
agentes_en_goal 140
push_out_count 0
