RUN 0
valores_ideales [0,0,0,0,0,0,0,0,0,0,0,0,0,0,0,0,0,0,0,0,0,0,0,0,0,0,0,0,0,0,0,0,0,0,0,0,0,0,0,0,0,0,0,0,0,0,0,0,0,0,0,0,0,0,0,0,0,0,0,0,0,0,0,0,0,0,0,0,0,0,0,0,0,0,0,0,0,0,0,0]
costo_por_agente [206,381,6,5,28,3,11,199,3,11,15,80,66,18,151,457,4,17,23,14,18,11,28,17,238,12,236,126,8,64,20,12,24,90,12,100,20,24,23,7,15,41,31,76,36,606,44,192,45,318,76,175,41,144,14,16,19,16,35,14,46,40,28,42,160,76,40,31,20,172,173,64,8,17,429,280,451,47,10,129]
completion_time_por_agente [207,382,7,6,29,4,12,200,4,12,16,81,67,19,152,458,5,18,24,15,19,12,29,18,239,13,237,127,9,65,21,13,25,91,13,101,21,25,24,8,16,44,32,77,37,607,46,193,46,319,77,176,43,145,15,17,20,17,36,15,47,42,31,43,163,77,41,32,22,173,174,65,9,18,430,281,454,48,11,130]
tiempo_ultimo_agente_goal 607
tiempo_en_acabar 607
tiempo_promedio 88.712502
agentes_en_goal 80
push_out_count 0
RUN 1
valores_ideales [0,0,0,0,0,0,0,0,0,0,0,0,0,0,0,0,0,0,0,0,0,0,0,0,0,0,0,0,0,0,0,0,0,0,0,0,0,0,0,0,0,0,0,0,0,0,0,0,0,0,0,0,0,0,0,0,0,0,0,0,0,0,0,0,0,0,0,0,0,0,0,0,0,0,0,0,0,0,0,0]
costo_por_agente [64,115,6,5,28,3,11,135,3,11,15,74,76,18,341,49,4,17,27,16,14,11,28,15,82,12,42,56,8,174,20,12,24,102,12,108,20,24,29,7,15,39,23,70,206,256,134,286,47,300,150,287,157,154,14,22,19,18,33,14,162,40,22,90,34,286,90,31,20,142,387,62,8,17,373,196,397,87,10,243]
completion_time_por_agente [65,116,7,6,29,4,12,136,4,12,16,75,78,19,343,52,5,18,28,17,15,12,29,16,85,13,46,60,9,175,21,13,25,103,13,109,21,25,37,8,16,43,24,71,208,257,135,287,48,301,151,288,161,156,15,23,20,19,35,15,164,46,23,92,41,287,92,32,22,144,388,65,9,18,375,197,398,88,11,244]
tiempo_ultimo_agente_goal 398
tiempo_en_acabar 398
tiempo_promedio 86.074997
agentes_en_goal 80
push_out_count 0
RUN 2
valores_ideales [0,0,0,0,0,0,0,0,0,0,0,0,0,0,0,0,0,0,0,0,0,0,0,0,0,0,0,0,0,0,0,0,0,0,0,0,0,0,0,0,0,0,0,0,0,0,0,0,0,0,0,0,0,0,0,0,0,0,0,0,0,0,0,0,0,0,0,0,0,0,0,0,0,0,0,0,0,0,0,0]
costo_por_agente [298,341,14,5,30,3,11,179,3,11,17,72,64,18,333,469,4,17,27,12,14,13,24,15,88,12,266,148,8,128,20,12,40,342,12,154,20,26,27,5,15,59,17,52,32,346,356,466,43,320,102,241,187,88,14,14,19,24,39,14,46,40,38,42,30,216,62,31,24,76,329,66,8,17,313,354,481,71,12,103]
completion_time_por_agente [299,342,15,6,31,4,12,180,4,12,18,73,65,19,334,470,5,18,28,13,15,15,25,16,89,13,268,149,9,129,21,13,41,344,13,155,21,27,29,6,16,62,18,53,33,347,357,467,44,321,103,242,188,89,15,15,20,25,41,15,47,43,41,43,31,217,63,32,26,77,330,67,9,18,315,355,483,72,13,104]
tiempo_ultimo_agente_goal 483
tiempo_en_acabar 483
tiempo_promedio 102.537498
agentes_en_goal 80
push_out_count 0
RUN 3
valores_ideales [0,0,0,0,0,0,0,0,0,0,0,0,0,0,0,0,0,0,0,0,0,0,0,0,0,0,0,0,0,0,0,0,0,0,0,0,0,0,0,0,0,0,0,0,0,0,0,0,0,0,0,0,0,0,0,0,0,0,0,0,0,0,0,0,0,0,0,0,0,0,0,0,0,0,0,0,0,0,0,0]
costo_por_agente [264,353,8,5,28,3,13,241,3,13,15,72,58,20,307,49,4,17,23,14,22,11,22,17,196,12,250,172,12,110,20,12,40,352,12,214,22,24,31,5,15,39,19,82,504,532,42,408,33,436,92,125,173,182,14,14,19,18,37,14,166,108,26,80,34,278,42,33,32,358,335,60,8,23,391,140,57,127,16,373]
completion_time_por_agente [267,354,9,6,29,4,14,242,4,14,16,73,59,21,310,50,5,18,24,15,23,12,23,18,198,13,251,173,13,111,21,13,41,355,13,216,23,25,33,6,16,40,20,83,505,533,43,409,34,438,93,126,174,183,15,15,20,19,39,15,167,111,27,82,36,281,43,34,34,361,338,61,9,24,392,141,61,128,17,374]
tiempo_ultimo_agente_goal 533
tiempo_en_acabar 533
tiempo_promedio 108.199997
agentes_en_goal 80
push_out_count 0
RUN 4
valores_ideales [0,0,0,0,0,0,0,0,0,0,0,0,0,0,0,0,0,0,0,0,0,0,0,0,0,0,0,0,0,0,0,0,0,0,0,0,0,0,0,0,0,0,0,0,0,0,0,0,0,0,0,0,0,0,0,0,0,0,0,0,0,0,0,0,0,0,0,0,0,0,0,0,0,0,0,0,0,0,0,0]
costo_por_agente [528,367,6,5,28,3,11,203,3,11,17,88,78,18,31,409,6,17,23,16,10,11,22,15,268,12,484,186,8,158,20,12,40,442,12,132,20,26,23,9,15,49,21,46,306,336,302,444,45,416,188,187,113,168,14,14,19,16,35,14,140,118,34,38,234,486,42,31,20,198,135,62,8,17,339,506,43,59,10,377]
completion_time_por_agente [530,368,7,6,29,4,12,204,4,12,18,90,79,19,32,410,7,18,24,17,11,12,23,16,271,13,486,187,9,159,21,13,42,443,13,134,21,27,24,10,16,50,22,48,308,338,304,445,46,418,189,191,114,170,15,15,20,17,37,15,141,120,36,39,236,490,43,32,21,200,136,63,9,18,340,507,44,60,11,378]
tiempo_ultimo_agente_goal 530
tiempo_en_acabar 530
tiempo_promedio 119.087502
agentes_en_goal 80
push_out_count 0
RUN 5
valores_ideales [0,0,0,0,0,0,0,0,0,0,0,0,0,0,0,0,0,0,0,0,0,0,0,0,0,0,0,0,0,0,0,0,0,0,0,0,0,0,0,0,0,0,0,0,0,0,0,0,0,0,0,0,0,0,0,0,0,0,0,0,0,0,0,0,0,0,0,0,0,0,0,0,0,0,0,0,0,0,0,0]
costo_por_agente [432,237,6,5,28,3,11,217,3,21,15,88,126,20,41,465,8,17,27,16,22,13,26,17,70,12,36,82,10,90,20,12,28,410,12,132,20,24,25,9,15,63,17,60,46,398,232,244,63,480,90,137,201,150,14,14,19,18,33,14,92,204,40,118,36,40,78,29,30,268,149,672,8,17,297,108,395,47,10,475]
completion_time_por_agente [433,238,7,6,29,4,12,218,4,22,16,89,129,21,43,470,9,18,28,17,23,14,27,18,71,13,47,84,11,91,21,13,29,411,13,134,21,25,27,10,16,65,18,61,48,399,233,245,64,481,91,139,204,152,15,16,20,19,35,15,93,206,45,119,48,45,80,30,40,270,151,675,9,18,299,109,404,48,11,476]
tiempo_ultimo_agente_goal 675
tiempo_en_acabar 675
tiempo_promedio 105.349998
agentes_en_goal 80
push_out_count 0
RUN 6
valores_ideales [0,0,0,0,0,0,0,0,0,0,0,0,0,0,0,0,0,0,0,0,0,0,0,0,0,0,0,0,0,0,0,0,0,0,0,0,0,0,0,0,0,0,0,0,0,0,0,0,0,0,0,0,0,0,0,0,0,0,0,0,0,0,0,0,0,0,0,0,0,0,0,0,0,0,0,0,0,0,0,0]
costo_por_agente [290,99,6,5,28,3,11,271,3,17,15,82,114,18,31,415,4,17,27,14,14,17,22,15,248,12,346,76,12,96,22,12,28,396,12,40,22,24,35,5,15,45,19,56,214,524,230,232,43,444,140,357,47,170,14,16,19,16,33,14,56,144,22,38,32,376,42,29,24,154,377,64,8,21,429,464,609,37,10,57]
completion_time_por_agente [291,100,7,6,29,4,12,272,4,19,16,83,115,19,33,418,5,18,28,15,15,18,23,16,250,13,349,77,13,97,23,13,29,398,13,41,23,25,38,6,16,48,20,57,216,525,232,234,44,446,141,359,51,172,15,17,20,17,35,15,57,146,23,39,33,378,43,30,25,156,378,66,9,22,431,465,611,39,11,59]
tiempo_ultimo_agente_goal 611
tiempo_en_acabar 611
tiempo_promedio 108.437500
agentes_en_goal 80
push_out_count 0
RUN 7
valores_ideales [0,0,0,0,0,0,0,0,0,0,0,0,0,0,0,0,0,0,0,0,0,0,0,0,0,0,0,0,0,0,0,0,0,0,0,0,0,0,0,0,0,0,0,0,0,0,0,0,0,0,0,0,0,0,0,0,0,0,0,0,0,0,0,0,0,0,0,0,0,0,0,0,0,0,0,0,0,0,0,0]
costo_por_agente [108,151,6,5,28,3,11,367,3,9,15,80,88,20,331,43,4,17,27,16,22,11,42,15,116,12,42,38,8,104,20,12,66,306,12,40,20,24,23,7,15,57,17,48,34,686,480,242,45,438,114,125,159,98,14,14,21,16,39,14,168,48,28,50,234,248,42,29,32,156,193,68,8,23,359,426,51,221,10,413]
completion_time_por_agente [109,152,7,6,29,4,12,368,4,10,16,81,89,21,334,47,5,18,28,17,23,12,43,16,119,13,44,40,9,105,21,13,67,307,13,42,21,25,24,8,16,59,18,49,35,687,481,243,46,439,115,126,161,99,15,15,22,17,41,15,170,51,29,51,235,250,45,30,37,157,194,69,9,24,360,427,57,224,11,416]
tiempo_ultimo_agente_goal 687
tiempo_en_acabar 687
tiempo_promedio 98.337502
agentes_en_goal 80
push_out_count 0
RUN 8
valores_ideales [0,0,0,0,0,0,0,0,0,0,0,0,0,0,0,0,0,0,0,0,0,0,0,0,0,0,0,0,0,0,0,0,0,0,0,0,0,0,0,0,0,0,0,0,0,0,0,0,0,0,0,0,0,0,0,0,0,0,0,0,0,0,0,0,0,0,0,0,0,0,0,0,0,0,0,0,0,0,0,0]
costo_por_agente [322,145,10,5,28,3,11,149,3,11,15,54,92,20,31,491,8,17,27,16,22,11,26,17,212,12,40,40,10,122,20,12,64,308,12,114,20,24,25,5,15,67,23,44,34,364,64,242,61,550,132,175,185,164,14,18,19,16,241,14,58,46,38,40,32,276,42,29,26,226,137,60,8,23,245,444,675,169,10,535]
completion_time_por_agente [324,146,12,6,29,4,12,150,4,12,16,56,93,21,32,492,9,18,28,17,23,12,27,18,213,13,46,41,11,123,21,13,66,311,13,116,21,25,26,6,16,69,24,47,36,365,67,244,64,551,133,176,187,165,15,19,20,17,242,15,59,53,42,44,35,277,43,30,29,228,140,61,9,24,247,445,676,171,11,536]
tiempo_ultimo_agente_goal 676
tiempo_en_acabar 676
tiempo_promedio 103.224998
agentes_en_goal 80
push_out_count 0
RUN 9
valores_ideales [0,0,0,0,0,0,0,0,0,0,0,0,0,0,0,0,0,0,0,0,0,0,0,0,0,0,0,0,0,0,0,0,0,0,0,0,0,0,0,0,0,0,0,0,0,0,0,0,0,0,0,0,0,0,0,0,0,0,0,0,0,0,0,0,0,0,0,0,0,0,0,0,0,0,0,0,0,0,0,0]
costo_por_agente [400,327,10,5,28,3,11,353,3,9,21,112,54,18,31,337,4,17,27,12,18,11,22,15,108,12,40,148,10,160,20,12,26,158,12,208,20,24,29,5,15,39,17,64,250,376,70,382,39,362,84,239,167,100,14,14,19,18,35,14,136,120,44,82,30,474,66,29,30,174,101,62,8,23,379,340,43,95,10,309]
completion_time_por_agente [401,328,11,6,29,4,12,354,4,10,22,113,55,19,32,339,5,18,28,13,19,12,23,16,109,13,43,149,11,161,21,13,27,159,13,209,21,25,33,6,16,43,18,65,253,377,72,383,40,363,85,241,169,101,15,15,20,19,36,15,137,124,49,84,31,477,67,30,35,175,102,63,9,24,381,341,47,96,11,310]
tiempo_ultimo_agente_goal 477
tiempo_en_acabar 477
tiempo_promedio 97.812500
agentes_en_goal 80
push_out_count 0
RUN 10
valores_ideales [0,0,0,0,0,0,0,0,0,0,0,0,0,0,0,0,0,0,0,0,0,0,0,0,0,0,0,0,0,0,0,0,0,0,0,0,0,0,0,0,0,0,0,0,0,0,0,0,0,0,0,0,0,0,0,0,0,0,0,0,0,0,0,0,0,0,0,0,0,0,0,0,0,0,0,0,0,0,0,0]
costo_por_agente [208,337,6,5,28,3,11,295,3,13,17,70,60,18,399,51,6,17,27,14,12,11,24,15,136,12,264,150,10,176,20,12,26,214,12,40,24,28,25,9,15,51,17,48,104,218,622,508,49,500,72,251,37,94,14,14,19,16,41,14,166,42,20,60,70,92,44,29,24,332,503,380,8,21,231,322,673,145,12,489]
completion_time_por_agente [209,338,7,6,29,4,12,296,4,14,18,72,61,19,402,52,7,18,28,15,13,12,25,16,137,13,265,152,11,177,21,13,27,215,13,42,25,30,27,10,16,52,18,50,107,219,623,509,50,501,73,253,40,96,15,15,20,17,45,15,167,46,22,62,71,93,45,30,26,334,504,382,9,22,232,324,674,146,13,490]
tiempo_ultimo_agente_goal 674
tiempo_en_acabar 674
tiempo_promedio 116.012497
agentes_en_goal 80
push_out_count 0
RUN 11
valores_ideales [0,0,0,0,0,0,0,0,0,0,0,0,0,0,0,0,0,0,0,0,0,0,0,0,0,0,0,0,0,0,0,0,0,0,0,0,0,0,0,0,0,0,0,0,0,0,0,0,0,0,0,0,0,0,0,0,0,0,0,0,0,0,0,0,0,0,0,0,0,0,0,0,0,0,0,0,0,0,0,0]
costo_por_agente [400,87,6,5,28,3,11,113,3,15,15,86,72,18,31,593,4,17,23,14,14,17,26,15,182,12,272,188,12,100,20,12,28,364,12,40,20,24,27,7,15,53,25,50,54,354,528,380,51,420,148,163,41,150,14,16,19,22,33,14,150,48,30,38,32,228,42,29,24,234,301,62,8,23,293,376,53,67,10,247]
completion_time_por_agente [401,88,7,6,29,4,12,114,4,16,16,87,73,19,32,594,5,18,24,15,15,18,27,16,184,13,274,190,13,101,21,13,29,366,13,41,21,25,29,8,16,54,26,52,56,356,530,381,52,421,149,164,45,151,15,17,20,23,35,15,151,51,35,40,33,230,44,30,28,235,302,64,9,24,294,377,56,68,11,248]
tiempo_ultimo_agente_goal 594
tiempo_en_acabar 594
tiempo_promedio 98.612503
agentes_en_goal 80
push_out_count 0
RUN 12
valores_ideales [0,0,0,0,0,0,0,0,0,0,0,0,0,0,0,0,0,0,0,0,0,0,0,0,0,0,0,0,0,0,0,0,0,0,0,0,0,0,0,0,0,0,0,0,0,0,0,0,0,0,0,0,0,0,0,0,0,0,0,0,0,0,0,0,0,0,0,0,0,0,0,0,0,0,0,0,0,0,0,0]
costo_por_agente [272,369,10,5,30,3,11,207,3,9,15,76,104,18,413,57,6,17,23,16,18,11,36,17,164,12,34,126,8,208,20,12,24,438,12,182,22,28,25,7,15,41,23,58,346,426,510,202,49,370,112,127,43,74,14,14,19,18,413,14,78,46,26,66,166,280,70,27,40,256,379,64,8,17,223,558,55,113,10,525]
completion_time_por_agente [275,370,12,6,31,4,12,208,4,10,16,77,105,19,414,59,7,18,24,17,19,12,37,18,165,13,35,128,9,209,21,13,25,439,13,184,23,29,26,8,16,45,24,60,351,427,513,203,50,371,113,128,48,75,15,15,20,19,415,15,80,50,28,67,170,281,71,28,43,258,383,65,9,18,224,560,59,114,11,526]
tiempo_ultimo_agente_goal 560
tiempo_en_acabar 560
tiempo_promedio 113.525002
agentes_en_goal 80
push_out_count 0
RUN 13
valores_ideales [0,0,0,0,0,0,0,0,0,0,0,0,0,0,0,0,0,0,0,0,0,0,0,0,0,0,0,0,0,0,0,0,0,0,0,0,0,0,0,0,0,0,0,0,0,0,0,0,0,0,0,0,0,0,0,0,0,0,0,0,0,0,0,0,0,0,0,0,0,0,0,0,0,0,0,0,0,0,0,0]
costo_por_agente [406,331,6,5,30,3,11,187,3,13,15,60,96,18,185,41,4,17,27,10,10,11,28,15,190,12,360,40,16,176,20,12,74,238,12,270,20,24,23,7,15,39,25,102,34,336,346,370,35,272,106,245,39,70,14,18,19,16,43,14,82,132,38,40,82,128,44,29,22,100,257,58,8,17,379,406,59,53,10,463]
completion_time_por_agente [407,332,7,6,31,4,12,188,4,14,16,61,97,19,192,42,5,18,28,11,11,12,29,16,191,13,361,41,17,177,21,13,75,239,13,275,21,25,24,8,16,41,26,103,35,337,349,371,36,273,107,246,40,71,15,19,20,17,46,15,84,135,40,44,87,129,45,30,24,101,258,59,9,18,381,408,62,54,11,464]
tiempo_ultimo_agente_goal 464
tiempo_en_acabar 464
tiempo_promedio 96.275002
agentes_en_goal 80
push_out_count 0
RUN 14
valores_ideales [0,0,0,0,0,0,0,0,0,0,0,0,0,0,0,0,0,0,0,0,0,0,0,0,0,0,0,0,0,0,0,0,0,0,0,0,0,0,0,0,0,0,0,0,0,0,0,0,0,0,0,0,0,0,0,0,0,0,0,0,0,0,0,0,0,0,0,0,0,0,0,0,0,0,0,0,0,0,0,0]
costo_por_agente [360,375,6,5,28,3,11,95,3,9,15,54,50,18,31,431,8,17,23,16,18,11,26,15,292,12,310,38,10,170,20,12,28,180,12,62,20,24,25,5,15,37,19,70,310,96,290,226,53,372,158,157,45,68,14,14,19,16,253,14,142,40,24,84,166,340,42,27,34,326,255,58,8,17,357,322,79,107,10,437]
completion_time_por_agente [361,376,7,6,29,4,12,96,4,10,16,55,51,19,32,432,9,18,24,17,19,12,27,16,294,13,311,39,11,171,21,13,29,181,13,64,21,25,26,6,16,40,20,71,312,97,292,227,54,374,159,159,50,70,15,15,20,17,255,15,143,41,25,85,167,342,44,28,37,328,256,61,9,18,359,324,82,108,11,438]
tiempo_ultimo_agente_goal 438
tiempo_en_acabar 438
tiempo_promedio 100.925003
agentes_en_goal 80
push_out_count 0
RUN 15
valores_ideales [0,0,0,0,0,0,0,0,0,0,0,0,0,0,0,0,0,0,0,0,0,0,0,0,0,0,0,0,0,0,0,0,0,0,0,0,0,0,0,0,0,0,0,0,0,0,0,0,0,0,0,0,0,0,0,0,0,0,0,0,0,0,0,0,0,0,0,0,0,0,0,0,0,0,0,0,0,0,0,0]
costo_por_agente [320,61,6,5,28,3,11,241,3,9,15,76,92,18,119,41,4,17,27,10,12,19,26,15,70,12,36,40,16,160,20,12,54,258,12,136,20,24,25,7,15,49,23,84,228,338,50,354,55,516,202,179,107,150,14,14,19,18,39,14,134,192,30,42,30,126,42,31,24,486,157,58,8,23,489,454,53,169,10,465]
completion_time_por_agente [322,62,7,6,29,4,12,242,4,10,16,77,93,19,121,42,5,18,28,11,13,20,27,16,74,13,38,41,17,161,21,13,55,260,13,137,21,25,26,8,16,51,24,86,229,339,51,355,56,517,203,181,110,151,15,15,20,19,41,15,137,193,31,43,31,127,43,32,27,488,158,59,9,24,490,456,55,170,11,466]
tiempo_ultimo_agente_goal 517
tiempo_en_acabar 517
tiempo_promedio 95.887497
agentes_en_goal 80
push_out_count 0
RUN 16
valores_ideales [0,0,0,0,0,0,0,0,0,0,0,0,0,0,0,0,0,0,0,0,0,0,0,0,0,0,0,0,0,0,0,0,0,0,0,0,0,0,0,0,0,0,0,0,0,0,0,0,0,0,0,0,0,0,0,0,0,0,0,0,0,0,0,0,0,0,0,0,0,0,0,0,0,0,0,0,0,0,0,0]
costo_por_agente [290,269,18,5,28,3,13,187,3,17,15,62,78,18,415,53,6,17,27,12,12,11,36,15,316,12,44,40,14,190,20,12,32,348,12,90,22,24,23,5,15,43,25,50,32,402,44,376,75,458,116,243,37,100,14,14,19,22,33,14,178,114,28,38,44,330,52,29,22,368,373,64,8,23,271,208,61,57,10,537]
completion_time_por_agente [292,270,19,6,29,4,14,188,4,18,16,63,79,19,417,54,7,18,28,13,14,12,37,16,317,13,48,42,15,191,21,13,33,350,13,91,23,25,25,6,16,44,26,51,35,403,47,377,76,459,117,244,39,101,15,15,20,23,36,15,179,117,31,40,49,332,54,30,24,369,375,66,9,24,272,209,64,58,11,538]
tiempo_ultimo_agente_goal 538
tiempo_en_acabar 538
tiempo_promedio 98.412498
agentes_en_goal 80
push_out_count 0
RUN 17
valores_ideales [0,0,0,0,0,0,0,0,0,0,0,0,0,0,0,0,0,0,0,0,0,0,0,0,0,0,0,0,0,0,0,0,0,0,0,0,0,0,0,0,0,0,0,0,0,0,0,0,0,0,0,0,0,0,0,0,0,0,0,0,0,0,0,0,0,0,0,0,0,0,0,0,0,0,0,0,0,0,0,0]
costo_por_agente [224,345,6,5,28,3,13,141,3,13,15,84,74,18,255,267,4,17,23,16,18,11,24,17,214,12,186,312,18,176,20,12,24,268,12,68,20,24,25,5,15,41,17,56,398,518,60,290,47,358,94,133,39,280,14,14,19,18,39,14,298,78,24,112,34,312,80,31,28,80,145,364,8,23,425,442,43,41,10,511]
completion_time_por_agente [225,346,7,6,29,4,14,143,4,14,16,85,75,19,256,270,5,18,24,17,19,12,25,18,215,13,189,313,19,178,21,13,25,269,13,69,21,25,26,6,16,42,19,58,402,520,61,291,48,359,97,134,44,281,15,15,20,19,40,15,299,79,25,114,35,314,81,32,34,82,148,366,9,24,426,443,47,42,11,512]
tiempo_ultimo_agente_goal 520
tiempo_en_acabar 520
tiempo_promedio 108.562500
agentes_en_goal 80
push_out_count 0
RUN 18
valores_ideales [0,0,0,0,0,0,0,0,0,0,0,0,0,0,0,0,0,0,0,0,0,0,0,0,0,0,0,0,0,0,0,0,0,0,0,0,0,0,0,0,0,0,0,0,0,0,0,0,0,0,0,0,0,0,0,0,0,0,0,0,0,0,0,0,0,0,0,0,0,0,0,0,0,0,0,0,0,0,0,0]
costo_por_agente [310,71,6,5,28,3,11,175,3,9,15,78,92,20,31,463,4,17,25,14,22,11,24,17,246,12,404,84,8,82,20,12,62,476,12,40,24,24,65,7,15,85,19,62,352,366,42,256,47,452,120,295,169,54,14,14,19,16,39,14,48,118,24,96,34,262,46,29,24,200,259,494,8,19,345,92,539,195,10,233]
completion_time_por_agente [312,74,7,6,29,4,12,178,4,10,16,79,93,21,32,465,5,18,26,15,23,12,25,18,249,13,405,87,9,83,21,13,66,479,13,45,25,25,72,8,16,87,21,65,356,368,45,257,63,453,121,296,170,72,15,15,20,17,45,15,68,123,28,97,38,263,66,30,30,201,260,496,9,20,346,94,541,196,11,234]
tiempo_ultimo_agente_goal 541
tiempo_en_acabar 541
tiempo_promedio 109.562500
agentes_en_goal 80
push_out_count 0
RUN 19
valores_ideales [0,0,0,0,0,0,0,0,0,0,0,0,0,0,0,0,0,0,0,0,0,0,0,0,0,0,0,0,0,0,0,0,0,0,0,0,0,0,0,0,0,0,0,0,0,0,0,0,0,0,0,0,0,0,0,0,0,0,0,0,0,0,0,0,0,0,0,0,0,0,0,0,0,0,0,0,0,0,0,0]
costo_por_agente [294,357,8,5,28,3,11,205,3,9,15,88,98,18,31,43,4,17,23,16,12,11,24,17,236,12,296,82,8,96,20,12,28,416,12,58,20,34,23,7,15,43,19,68,324,552,44,396,55,260,88,289,41,98,14,16,19,16,399,14,124,40,46,56,96,460,60,27,22,96,245,338,8,19,297,250,659,109,10,473]
completion_time_por_agente [296,358,9,6,29,4,12,207,4,10,16,90,99,19,32,45,5,18,24,17,13,12,25,18,237,13,298,87,9,97,21,13,29,418,13,59,21,35,24,8,16,44,20,69,325,553,49,397,56,261,89,291,43,100,15,17,20,17,401,15,125,46,47,57,98,462,61,28,24,98,246,340,9,20,298,251,663,110,11,474]
tiempo_ultimo_agente_goal 663
tiempo_en_acabar 663
tiempo_promedio 112.699997
agentes_en_goal 80
push_out_count 0
RUN 20
valores_ideales [0,0,0,0,0,0,0,0,0,0,0,0,0,0,0,0,0,0,0,0,0,0,0,0,0,0,0,0,0,0,0,0,0,0,0,0,0,0,0,0,0,0,0,0,0,0,0,0,0,0,0,0,0,0,0,0,0,0,0,0,0,0,0,0,0,0,0,0,0,0,0,0,0,0,0,0,0,0,0,0]
costo_por_agente [258,279,10,5,28,3,11,133,3,11,15,60,62,18,31,45,6,17,27,10,10,11,24,15,172,12,36,122,10,134,20,12,26,144,12,44,20,24,23,7,15,39,23,62,44,480,58,268,57,496,140,199,237,84,14,14,19,16,33,14,102,40,44,42,264,344,42,29,20,146,541,58,8,17,493,566,543,81,10,549]
completion_time_por_agente [259,280,11,6,29,4,12,134,4,12,16,61,64,19,32,46,7,18,28,11,11,12,25,16,173,13,38,123,11,135,21,13,27,145,13,46,21,25,24,8,16,41,24,63,46,481,59,269,58,497,141,200,238,85,15,15,20,17,34,15,103,42,47,45,266,346,43,30,21,148,542,59,9,18,494,567,544,82,11,551]
tiempo_ultimo_agente_goal 567
tiempo_en_acabar 567
tiempo_promedio 103.187500
agentes_en_goal 80
push_out_count 0
RUN 21
valores_ideales [0,0,0,0,0,0,0,0,0,0,0,0,0,0,0,0,0,0,0,0,0,0,0,0,0,0,0,0,0,0,0,0,0,0,0,0,0,0,0,0,0,0,0,0,0,0,0,0,0,0,0,0,0,0,0,0,0,0,0,0,0,0,0,0,0,0,0,0,0,0,0,0,0,0,0,0,0,0,0,0]
costo_por_agente [286,111,6,5,28,3,11,225,3,21,27,70,74,18,31,421,4,17,27,10,10,11,22,15,156,12,318,40,10,174,20,12,68,184,12,176,20,24,25,5,15,53,19,76,78,432,174,326,47,434,148,169,43,176,14,14,19,18,391,14,80,50,30,38,130,40,82,29,32,288,105,62,8,23,291,174,429,47,10,287]
completion_time_por_agente [288,113,7,6,29,4,12,226,4,23,28,72,76,19,32,424,5,18,28,11,11,12,23,16,158,13,320,41,11,175,21,13,69,186,13,178,22,25,26,6,16,54,21,77,79,434,176,327,48,435,150,170,45,177,15,15,20,19,392,15,83,52,34,41,132,41,83,30,34,290,106,64,9,24,293,175,431,48,11,288]
tiempo_ultimo_agente_goal 435
tiempo_en_acabar 435
tiempo_promedio 96.474998
agentes_en_goal 80
push_out_count 0
RUN 22
valores_ideales [0,0,0,0,0,0,0,0,0,0,0,0,0,0,0,0,0,0,0,0,0,0,0,0,0,0,0,0,0,0,0,0,0,0,0,0,0,0,0,0,0,0,0,0,0,0,0,0,0,0,0,0,0,0,0,0,0,0,0,0,0,0,0,0,0,0,0,0,0,0,0,0,0,0,0,0,0,0,0,0]
costo_por_agente [252,143,6,5,28,3,11,159,3,25,15,56,92,20,275,499,4,17,25,18,12,11,24,15,240,12,220,42,8,120,20,12,28,330,12,46,20,24,25,9,15,61,19,50,86,498,448,206,43,318,74,109,131,90,14,18,19,20,273,14,142,44,20,40,198,206,72,29,26,208,317,64,8,19,313,378,693,133,12,153]
completion_time_por_agente [254,145,7,6,29,4,12,160,4,26,16,58,93,21,276,502,5,18,26,19,14,12,25,16,241,13,221,44,9,121,21,13,29,331,13,49,21,25,26,10,16,62,21,52,87,499,451,208,44,320,75,110,133,91,15,19,20,21,275,15,143,46,22,41,201,210,73,30,28,210,318,65,9,20,315,379,695,134,13,154]
tiempo_ultimo_agente_goal 695
tiempo_en_acabar 695
tiempo_promedio 107.187500
agentes_en_goal 80
push_out_count 0
RUN 23
valores_ideales [0,0,0,0,0,0,0,0,0,0,0,0,0,0,0,0,0,0,0,0,0,0,0,0,0,0,0,0,0,0,0,0,0,0,0,0,0,0,0,0,0,0,0,0,0,0,0,0,0,0,0,0,0,0,0,0,0,0,0,0,0,0,0,0,0,0,0,0,0,0,0,0,0,0,0,0,0,0,0,0]
costo_por_agente [282,103,12,5,28,3,13,269,3,17,15,120,52,18,55,53,6,17,27,16,20,11,36,17,232,12,340,86,8,164,20,12,28,288,12,36,20,24,23,5,15,55,19,64,72,428,258,296,55,296,118,159,255,140,14,18,19,22,39,14,94,48,26,60,50,288,40,29,28,192,307,578,8,21,367,402,43,55,10,513]
completion_time_por_agente [284,104,13,6,29,4,14,270,4,18,16,123,53,19,58,55,7,18,28,17,21,12,37,18,234,13,342,88,9,166,21,13,29,290,13,37,21,25,24,6,16,61,21,66,75,429,259,297,58,297,119,160,256,141,15,19,20,23,41,15,95,51,29,66,54,289,41,30,29,193,308,582,9,22,368,403,46,58,11,514]
tiempo_ultimo_agente_goal 582
tiempo_en_acabar 582
tiempo_promedio 101.812500
agentes_en_goal 80
push_out_count 0
RUN 24
valores_ideales [0,0,0,0,0,0,0,0,0,0,0,0,0,0,0,0,0,0,0,0,0,0,0,0,0,0,0,0,0,0,0,0,0,0,0,0,0,0,0,0,0,0,0,0,0,0,0,0,0,0,0,0,0,0,0,0,0,0,0,0,0,0,0,0,0,0,0,0,0,0,0,0,0,0,0,0,0,0,0,0]
costo_por_agente [116,337,6,5,28,3,11,205,3,9,17,60,62,18,421,559,4,17,27,16,10,11,22,17,122,12,40,42,8,116,20,12,30,370,12,162,20,24,25,5,15,41,19,128,36,400,546,440,37,258,130,333,107,82,14,14,19,16,39,14,122,40,28,38,66,328,52,29,32,268,471,58,8,19,293,222,51,71,12,603]
completion_time_por_agente [117,338,7,6,29,4,12,206,4,10,18,61,63,19,424,560,5,18,28,17,11,12,23,18,123,13,43,43,9,117,21,13,31,371,13,164,21,25,27,6,16,42,20,129,38,401,548,441,38,259,131,334,108,83,15,15,20,17,41,15,124,43,30,39,68,330,55,30,33,269,472,60,9,20,295,223,52,72,13,604]
tiempo_ultimo_agente_goal 604
tiempo_en_acabar 604
tiempo_promedio 107.525002
agentes_en_goal 80
push_out_count 0
RUN 25
valores_ideales [0,0,0,0,0,0,0,0,0,0,0,0,0,0,0,0,0,0,0,0,0,0,0,0,0,0,0,0,0,0,0,0,0,0,0,0,0,0,0,0,0,0,0,0,0,0,0,0,0,0,0,0,0,0,0,0,0,0,0,0,0,0,0,0,0,0,0,0,0,0,0,0,0,0,0,0,0,0,0,0]
costo_por_agente [126,269,8,5,28,3,11,237,3,11,15,58,62,18,31,311,6,17,23,14,16,17,24,15,170,12,34,222,16,92,20,12,26,308,12,238,20,24,23,5,15,45,17,88,338,374,528,238,59,292,94,191,41,106,14,14,19,24,33,14,106,40,26,84,164,400,48,29,20,234,101,472,8,19,385,538,61,73,10,581]
completion_time_por_agente [127,270,9,6,29,4,12,239,4,12,16,59,63,19,32,313,7,18,24,15,17,18,25,16,171,13,36,223,18,93,21,13,27,309,13,240,21,25,24,6,16,47,18,89,341,375,532,239,60,293,95,192,44,107,15,15,20,25,34,15,107,41,28,85,167,401,50,30,21,235,102,474,9,21,386,540,62,74,11,582]
tiempo_ultimo_agente_goal 582
tiempo_en_acabar 582
tiempo_promedio 107.562500
agentes_en_goal 80
push_out_count 0
RUN 26
valores_ideales [0,0,0,0,0,0,0,0,0,0,0,0,0,0,0,0,0,0,0,0,0,0,0,0,0,0,0,0,0,0,0,0,0,0,0,0,0,0,0,0,0,0,0,0,0,0,0,0,0,0,0,0,0,0,0,0,0,0,0,0,0,0,0,0,0,0,0,0,0,0,0,0,0,0,0,0,0,0,0,0]
costo_por_agente [358,333,8,5,28,3,11,301,3,9,15,70,82,18,35,207,4,17,29,14,16,23,24,15,106,12,408,42,8,236,20,12,28,236,14,160,20,24,23,5,15,45,19,72,482,508,306,462,71,378,70,217,37,42,14,14,19,22,33,14,40,124,48,68,138,330,40,31,22,270,155,60,8,23,335,374,685,135,10,149]
completion_time_por_agente [359,334,9,6,29,4,12,302,4,10,16,71,83,19,37,209,5,18,30,15,17,24,25,16,107,13,409,45,9,237,21,13,30,237,15,161,21,25,24,6,16,46,20,73,484,509,308,465,72,379,71,218,40,44,15,15,20,23,35,15,42,126,49,69,140,331,43,32,24,272,157,61,9,24,336,375,688,136,11,150]
tiempo_ultimo_agente_goal 688
tiempo_en_acabar 688
tiempo_promedio 112.125000
agentes_en_goal 80
push_out_count 0
RUN 27
valores_ideales [0,0,0,0,0,0,0,0,0,0,0,0,0,0,0,0,0,0,0,0,0,0,0,0,0,0,0,0,0,0,0,0,0,0,0,0,0,0,0,0,0,0,0,0,0,0,0,0,0,0,0,0,0,0,0,0,0,0,0,0,0,0,0,0,0,0,0,0,0,0,0,0,0,0,0,0,0,0,0,0]
costo_por_agente [390,395,6,5,30,3,11,281,3,9,19,48,82,18,297,735,6,17,27,12,16,11,24,15,212,12,278,40,8,152,20,12,42,358,12,80,20,26,23,7,15,49,23,54,34,298,58,324,53,382,114,397,171,76,14,16,19,16,43,14,200,48,52,96,142,198,38,31,28,258,383,64,8,17,245,628,451,73,10,367]
completion_time_por_agente [391,396,7,6,31,4,12,282,4,10,20,50,83,19,299,737,7,18,28,13,17,12,25,16,213,13,280,41,9,153,21,13,43,360,13,81,21,27,24,8,16,51,24,55,37,299,59,325,54,383,115,399,172,77,15,18,20,17,44,15,201,51,56,98,143,199,39,32,30,259,386,66,9,18,246,629,453,74,11,368]
tiempo_ultimo_agente_goal 737
tiempo_en_acabar 737
tiempo_promedio 117.125000
agentes_en_goal 80
push_out_count 0
RUN 28
valores_ideales [0,0,0,0,0,0,0,0,0,0,0,0,0,0,0,0,0,0,0,0,0,0,0,0,0,0,0,0,0,0,0,0,0,0,0,0,0,0,0,0,0,0,0,0,0,0,0,0,0,0,0,0,0,0,0,0,0,0,0,0,0,0,0,0,0,0,0,0,0,0,0,0,0,0,0,0,0,0,0,0]
costo_por_agente [72,283,10,5,32,3,11,311,3,9,15,64,66,18,267,45,4,17,27,16,12,11,28,15,164,12,40,40,10,146,20,12,24,348,12,62,22,28,29,5,15,45,17,64,84,456,96,276,33,454,128,115,155,88,14,14,19,18,35,14,222,124,22,74,86,362,58,33,22,74,83,60,8,23,393,518,533,97,12,265]
completion_time_por_agente [73,284,11,6,33,4,12,312,4,10,16,66,68,19,268,47,5,18,28,17,13,12,29,16,165,13,41,43,11,147,21,13,25,349,13,63,23,29,32,6,16,47,18,66,86,457,97,279,34,456,129,116,156,90,15,15,20,19,38,15,223,126,24,75,87,363,60,34,25,76,84,63,9,24,394,521,534,99,13,267]
tiempo_ultimo_agente_goal 534
tiempo_en_acabar 534
tiempo_promedio 95.437500
agentes_en_goal 80
push_out_count 0
RUN 29
valores_ideales [0,0,0,0,0,0,0,0,0,0,0,0,0,0,0,0,0,0,0,0,0,0,0,0,0,0,0,0,0,0,0,0,0,0,0,0,0,0,0,0,0,0,0,0,0,0,0,0,0,0,0,0,0,0,0,0,0,0,0,0,0,0,0,0,0,0,0,0,0,0,0,0,0,0,0,0,0,0,0,0]
costo_por_agente [408,417,6,5,28,3,11,281,3,11,15,70,74,18,287,501,6,17,27,12,14,11,26,15,140,12,286,88,8,110,20,12,26,144,12,92,24,24,25,9,15,41,21,58,100,538,36,316,45,542,94,161,169,132,14,14,19,16,33,14,180,108,50,70,88,196,38,29,20,384,331,66,8,23,187,388,51,115,10,71]
completion_time_por_agente [412,418,7,6,29,4,12,282,4,12,16,71,75,19,288,502,7,18,28,13,15,12,27,17,142,13,288,90,9,111,21,13,27,146,13,94,25,25,26,10,16,44,22,59,103,539,38,317,48,543,96,162,171,133,15,15,20,17,35,15,181,110,55,71,91,199,39,30,22,385,332,67,9,24,188,389,54,118,11,73]
tiempo_ultimo_agente_goal 543
tiempo_en_acabar 543
tiempo_promedio 102.537498
agentes_en_goal 80
push_out_count 0
RUN 30
valores_ideales [0,0,0,0,0,0,0,0,0,0,0,0,0,0,0,0,0,0,0,0,0,0,0,0,0,0,0,0,0,0,0,0,0,0,0,0,0,0,0,0,0,0,0,0,0,0,0,0,0,0,0,0,0,0,0,0,0,0,0,0,0,0,0,0,0,0,0,0,0,0,0,0,0,0,0,0,0,0,0,0]
costo_por_agente [362,125,8,5,28,3,13,349,3,11,25,60,68,18,349,51,6,17,27,10,20,11,28,15,92,12,372,48,22,202,20,12,30,232,12,84,22,24,27,9,15,43,19,54,34,350,126,246,45,386,102,283,97,194,14,18,19,20,33,14,90,44,28,80,150,76,50,29,22,90,313,60,8,23,337,564,699,85,12,455]
completion_time_por_agente [363,127,9,6,29,4,14,350,4,12,26,61,69,19,350,54,7,18,28,11,21,12,29,16,94,13,375,52,23,203,21,13,33,233,13,85,23,25,28,10,16,44,21,56,36,351,127,247,46,387,103,284,100,195,15,19,20,21,36,15,91,45,30,81,155,77,53,30,24,91,314,62,9,24,338,565,702,88,13,456]
tiempo_ultimo_agente_goal 702
tiempo_en_acabar 702
tiempo_promedio 103.375000
agentes_en_goal 80
push_out_count 0
RUN 31
valores_ideales [0,0,0,0,0,0,0,0,0,0,0,0,0,0,0,0,0,0,0,0,0,0,0,0,0,0,0,0,0,0,0,0,0,0,0,0,0,0,0,0,0,0,0,0,0,0,0,0,0,0,0,0,0,0,0,0,0,0,0,0,0,0,0,0,0,0,0,0,0,0,0,0,0,0,0,0,0,0,0,0]
costo_por_agente [238,165,6,5,28,3,11,97,3,13,15,98,66,18,35,575,4,17,23,14,10,11,28,17,244,12,444,38,8,56,20,12,26,220,12,128,22,24,23,7,15,43,17,58,36,392,58,256,41,378,100,185,41,212,14,14,19,30,35,14,144,108,26,38,114,224,76,29,24,162,65,60,8,23,451,136,379,137,10,361]
completion_time_por_agente [239,166,7,6,29,4,12,98,4,14,16,99,67,19,37,576,5,18,24,15,11,12,29,18,246,13,446,39,9,57,21,13,28,221,13,129,23,25,24,8,16,45,18,59,38,393,60,257,42,379,102,188,43,213,15,15,20,31,38,15,145,109,30,39,117,225,77,30,25,163,67,61,9,24,452,137,381,138,11,362]
tiempo_ultimo_agente_goal 576
tiempo_en_acabar 576
tiempo_promedio 92.862503
agentes_en_goal 80
push_out_count 0
RUN 32
valores_ideales [0,0,0,0,0,0,0,0,0,0,0,0,0,0,0,0,0,0,0,0,0,0,0,0,0,0,0,0,0,0,0,0,0,0,0,0,0,0,0,0,0,0,0,0,0,0,0,0,0,0,0,0,0,0,0,0,0,0,0,0,0,0,0,0,0,0,0,0,0,0,0,0,0,0,0,0,0,0,0,0]
costo_por_agente [250,365,6,5,28,3,13,327,3,9,15,58,82,18,33,45,6,17,23,16,12,11,22,15,168,12,262,44,16,244,20,12,24,246,12,146,24,28,33,7,15,41,19,76,34,508,408,372,43,376,80,175,147,202,14,18,19,18,33,14,82,132,22,56,32,124,42,33,24,200,427,62,8,21,233,618,501,95,10,369]
completion_time_por_agente [251,367,7,6,29,4,14,328,4,10,16,59,83,19,34,46,7,18,24,17,13,12,23,16,169,13,264,48,17,245,21,13,25,247,13,147,25,29,35,8,16,42,21,78,38,509,410,373,44,377,81,176,149,203,15,19,20,19,34,15,83,133,23,57,33,126,44,34,26,202,428,63,9,22,235,621,503,96,11,370]
tiempo_ultimo_agente_goal 621
tiempo_en_acabar 621
tiempo_promedio 106.050003
agentes_en_goal 80
push_out_count 0
RUN 33
valores_ideales [0,0,0,0,0,0,0,0,0,0,0,0,0,0,0,0,0,0,0,0,0,0,0,0,0,0,0,0,0,0,0,0,0,0,0,0,0,0,0,0,0,0,0,0,0,0,0,0,0,0,0,0,0,0,0,0,0,0,0,0,0,0,0,0,0,0,0,0,0,0,0,0,0,0,0,0,0,0,0,0]
costo_por_agente [266,213,8,5,28,3,11,265,3,17,15,62,74,18,371,381,6,17,23,16,10,11,24,17,152,12,300,62,8,126,20,12,30,290,12,184,22,24,35,5,15,51,19,60,38,310,356,268,55,394,116,171,195,112,14,14,19,18,39,14,198,48,34,90,36,238,70,29,38,116,447,60,8,19,421,466,491,127,10,425]
completion_time_por_agente [267,214,9,6,29,4,12,266,4,18,16,64,75,19,375,384,7,18,24,17,11,12,25,18,153,13,301,63,9,127,21,13,33,291,13,185,23,25,40,6,16,53,20,61,43,311,358,269,58,396,117,172,196,113,15,15,20,19,45,15,199,54,41,91,40,239,72,30,39,117,448,62,9,20,423,467,493,129,11,430]
tiempo_ultimo_agente_goal 493
tiempo_en_acabar 493
tiempo_promedio 111.699997
agentes_en_goal 80
push_out_count 0
RUN 34
valores_ideales [0,0,0,0,0,0,0,0,0,0,0,0,0,0,0,0,0,0,0,0,0,0,0,0,0,0,0,0,0,0,0,0,0,0,0,0,0,0,0,0,0,0,0,0,0,0,0,0,0,0,0,0,0,0,0,0,0,0,0,0,0,0,0,0,0,0,0,0,0,0,0,0,0,0,0,0,0,0,0,0]
costo_por_agente [100,269,6,5,28,3,11,327,3,11,15,66,50,18,31,47,4,17,27,12,16,11,26,15,116,12,38,56,12,78,20,12,26,362,12,74,20,24,31,7,15,51,19,50,120,306,176,184,39,258,136,163,151,124,14,14,19,26,35,14,212,48,38,72,100,234,38,29,20,90,263,568,8,17,273,302,41,33,10,159]
completion_time_por_agente [103,270,7,6,29,4,12,328,4,12,16,68,52,19,32,50,5,18,28,13,17,12,27,16,117,13,40,58,13,79,21,13,28,363,13,75,21,25,33,8,16,52,20,51,122,307,181,185,43,259,137,164,153,125,15,16,20,27,36,15,213,56,43,73,102,236,39,30,22,92,264,570,9,19,274,303,44,34,11,160]
tiempo_ultimo_agente_goal 570
tiempo_en_acabar 570
tiempo_promedio 82.574997
agentes_en_goal 80
push_out_count 0
RUN 35
valores_ideales [0,0,0,0,0,0,0,0,0,0,0,0,0,0,0,0,0,0,0,0,0,0,0,0,0,0,0,0,0,0,0,0,0,0,0,0,0,0,0,0,0,0,0,0,0,0,0,0,0,0,0,0,0,0,0,0,0,0,0,0,0,0,0,0,0,0,0,0,0,0,0,0,0,0,0,0,0,0,0,0]
costo_por_agente [98,137,8,5,28,3,11,279,3,11,15,78,76,18,41,49,4,17,27,14,10,11,22,15,230,12,276,92,8,192,20,12,38,66,12,52,20,26,25,5,15,43,19,54,306,312,144,366,43,502,88,197,293,116,14,18,19,18,313,14,114,178,28,70,32,250,92,31,24,102,211,64,8,19,261,350,503,177,12,155]
completion_time_por_agente [99,138,9,6,29,4,12,280,4,12,16,79,77,19,43,51,5,18,28,15,11,12,23,16,231,13,277,94,9,193,21,13,40,68,13,53,21,27,26,6,16,45,20,55,307,313,145,367,44,504,89,198,294,117,15,19,20,19,315,15,115,181,30,71,33,252,93,32,25,103,212,65,9,20,263,351,507,178,13,156]
tiempo_ultimo_agente_goal 507
tiempo_en_acabar 507
tiempo_promedio 96.712502
agentes_en_goal 80
push_out_count 0
RUN 36
valores_ideales [0,0,0,0,0,0,0,0,0,0,0,0,0,0,0,0,0,0,0,0,0,0,0,0,0,0,0,0,0,0,0,0,0,0,0,0,0,0,0,0,0,0,0,0,0,0,0,0,0,0,0,0,0,0,0,0,0,0,0,0,0,0,0,0,0,0,0,0,0,0,0,0,0,0,0,0,0,0,0,0]
costo_por_agente [378,407,6,5,28,3,11,147,3,11,21,64,80,20,111,51,6,17,27,16,12,11,32,15,88,12,242,44,8,136,20,12,28,368,12,208,20,26,23,7,15,39,23,124,410,384,46,434,57,356,180,171,191,176,14,18,19,18,35,14,136,78,24,54,30,296,76,27,22,240,249,58,8,19,317,256,47,55,10,511]
completion_time_por_agente [380,408,7,6,29,4,12,148,4,12,22,65,81,21,112,53,7,18,28,17,13,12,33,16,89,13,245,52,9,137,21,13,29,370,13,209,21,27,25,8,16,44,25,125,413,385,52,435,58,357,181,173,195,177,15,19,20,19,37,15,137,81,25,55,31,297,81,28,23,241,250,60,9,20,318,257,53,56,11,512]
tiempo_ultimo_agente_goal 512
tiempo_en_acabar 512
tiempo_promedio 101.187500
agentes_en_goal 80
push_out_count 0
RUN 37
valores_ideales [0,0,0,0,0,0,0,0,0,0,0,0,0,0,0,0,0,0,0,0,0,0,0,0,0,0,0,0,0,0,0,0,0,0,0,0,0,0,0,0,0,0,0,0,0,0,0,0,0,0,0,0,0,0,0,0,0,0,0,0,0,0,0,0,0,0,0,0,0,0,0,0,0,0,0,0,0,0,0,0]
costo_por_agente [288,191,6,5,28,3,11,295,3,17,15,72,98,20,57,433,4,17,25,16,12,11,32,15,70,12,46,44,8,200,22,12,24,372,12,184,20,24,25,5,15,45,17,82,278,690,60,362,43,468,90,287,45,66,14,18,19,18,33,14,98,50,30,106,30,156,42,31,20,170,333,68,8,19,473,178,571,121,10,307]
completion_time_por_agente [290,193,7,6,29,4,12,296,4,19,16,74,99,21,65,436,5,18,26,17,14,12,33,16,72,13,50,45,9,201,23,13,25,373,13,187,21,25,26,6,16,48,18,83,279,691,63,363,44,469,91,288,49,67,15,19,20,19,34,15,100,55,35,107,31,158,43,32,23,172,334,69,9,20,474,179,573,123,11,308]
tiempo_ultimo_agente_goal 691
tiempo_en_acabar 691
tiempo_promedio 104.512497
agentes_en_goal 80
push_out_count 0
RUN 38
valores_ideales [0,0,0,0,0,0,0,0,0,0,0,0,0,0,0,0,0,0,0,0,0,0,0,0,0,0,0,0,0,0,0,0,0,0,0,0,0,0,0,0,0,0,0,0,0,0,0,0,0,0,0,0,0,0,0,0,0,0,0,0,0,0,0,0,0,0,0,0,0,0,0,0,0,0,0,0,0,0,0,0]
costo_por_agente [308,437,8,5,28,3,11,111,3,17,15,80,78,22,31,323,4,17,27,16,10,11,22,15,290,12,350,74,8,178,20,12,28,366,12,42,20,24,29,5,15,41,31,48,226,490,78,296,47,462,212,201,37,82,14,14,19,18,33,14,62,52,34,72,36,170,60,31,26,250,447,420,8,19,205,440,403,147,10,155]
completion_time_por_agente [309,438,9,6,29,4,12,112,4,18,16,81,80,23,32,325,5,18,28,17,11,12,23,16,291,13,353,75,9,179,21,13,29,369,13,43,21,25,31,6,16,44,32,50,230,491,79,297,48,463,213,203,38,83,15,15,20,19,35,15,63,55,38,73,37,172,61,32,29,252,449,422,9,20,207,441,405,148,11,156]
tiempo_ultimo_agente_goal 491
tiempo_en_acabar 491
tiempo_promedio 107.562500
agentes_en_goal 80
push_out_count 0
RUN 39
valores_ideales [0,0,0,0,0,0,0,0,0,0,0,0,0,0,0,0,0,0,0,0,0,0,0,0,0,0,0,0,0,0,0,0,0,0,0,0,0,0,0,0,0,0,0,0,0,0,0,0,0,0,0,0,0,0,0,0,0,0,0,0,0,0,0,0,0,0,0,0,0,0,0,0,0,0,0,0,0,0,0,0]
costo_por_agente [334,367,8,5,28,3,11,313,3,11,15,52,100,18,31,51,4,17,23,14,10,11,22,15,140,12,40,128,12,160,20,12,30,238,12,136,20,24,25,5,15,39,25,50,318,506,48,310,55,478,150,249,37,84,14,16,19,16,33,14,186,98,22,44,30,264,60,29,22,366,329,58,8,17,261,550,49,53,10,275]
completion_time_por_agente [336,368,9,6,29,4,12,314,4,12,16,53,101,19,32,53,5,18,24,15,11,12,23,16,142,13,41,130,13,161,21,13,31,239,13,137,21,25,26,6,16,40,26,52,320,507,49,311,57,480,152,250,38,88,15,18,20,17,35,15,188,99,23,45,31,267,61,30,23,367,330,60,9,18,262,551,50,54,11,276]
tiempo_ultimo_agente_goal 551
tiempo_en_acabar 551
tiempo_promedio 97.312500
agentes_en_goal 80
push_out_count 0
