RUN 0
valores_ideales [17,8,22,29,36,22,26,31,22,15,38,38,7,14,30,21,32,22,2,38,28,11,12,16,11,27,16,16,10,30,29,34,41,17,15,17,31,23,18,12,12,19,14,29,35,25,17,10,16,24,16,19,14,14,2,10,18,9,46,11,14,26,29,15,20,2,28,15,13,31,27,21,24,17,19,19,14,5,21,16,19,18,34,10,25,33,25,20,12,42,12,15,18,30,21,5,14,15,26,11,11,20,16,20,33,17,11,12,8,27,22,2,15,33,16,17,12,23,18,19,15,34,25,17,15,19,22,4,16,16,19,11,42,21,18,9,4,6,31,40,11,24,17,33,37,17,33,17,14,15]
costo_por_agente [17,16,22,33,36,22,26,31,24,17,38,38,17,18,30,23,32,24,2,38,36,11,18,16,11,29,16,16,16,30,29,34,41,21,17,25,31,23,18,12,24,19,14,29,35,25,23,12,16,26,18,19,14,18,2,10,18,9,46,11,24,26,31,19,22,2,30,15,13,31,27,23,24,21,19,19,14,5,25,20,21,20,34,12,25,35,25,22,12,42,20,17,18,32,25,5,14,15,26,11,21,20,16,20,33,19,11,14,12,27,22,12,19,33,22,21,12,25,24,23,17,34,25,19,15,19,26,4,18,16,21,11,42,21,20,17,4,6,31,40,11,30,17,33,37,21,33,21,18,21]
completion_time_por_agente [17,20,23,37,37,22,29,36,28,17,38,38,20,25,30,23,34,30,2,39,47,11,23,16,11,32,19,16,21,30,29,36,42,27,18,33,33,25,18,12,30,19,17,29,36,26,27,12,16,27,21,21,15,22,2,11,19,9,46,11,29,27,31,21,22,2,30,16,13,33,28,24,24,22,19,20,14,5,31,22,21,22,34,13,26,39,30,22,12,42,35,20,19,32,29,6,14,15,32,13,24,20,20,26,34,21,13,17,15,28,22,26,20,33,28,22,12,29,27,23,22,34,28,25,21,19,30,4,24,16,22,11,42,21,21,22,7,9,33,42,11,38,20,33,37,27,38,23,20,28]
tiempo_ultimo_agente_goal 47
tiempo_en_acabar 47
tiempo_promedio 23.713333
agentes_en_goal 150
bad_good_total_rate_pred [8602,8226,16828,0.5]
push_out_count 24
RUN 1
valores_ideales [17,8,22,29,36,22,26,31,22,15,38,38,7,14,30,21,32,22,2,38,28,11,12,16,11,27,16,16,10,30,29,34,41,17,15,17,31,23,18,12,12,19,14,29,35,25,17,10,16,24,16,19,14,14,2,10,18,9,46,11,14,26,29,15,20,2,28,15,13,31,27,21,24,17,19,19,14,5,21,16,19,18,34,10,25,33,25,20,12,42,12,15,18,30,21,5,14,15,26,11,11,20,16,20,33,17,11,12,8,27,22,2,15,33,16,17,12,23,18,19,15,34,25,17,15,19,22,4,16,16,19,11,42,21,18,9,4,6,31,40,11,24,17,33,37,17,33,17,14,15]
costo_por_agente [17,8,22,33,36,24,30,33,28,19,42,38,19,24,30,21,32,26,2,38,32,11,20,16,19,27,16,16,20,32,29,36,41,19,23,27,33,25,18,12,24,25,14,29,35,25,21,12,16,26,24,19,14,20,4,10,22,9,46,11,26,28,29,15,26,2,28,15,13,31,27,23,24,19,19,21,14,5,23,18,21,18,34,12,25,33,25,22,12,42,18,19,18,32,29,7,14,15,26,11,11,22,16,20,35,19,19,22,12,27,22,2,17,33,18,19,14,23,20,19,15,34,25,23,19,19,24,8,22,16,21,13,42,21,24,11,6,6,33,40,11,24,17,33,39,23,33,17,22,19]
completion_time_por_agente [17,8,23,39,41,25,35,36,37,20,48,40,19,31,30,21,32,30,2,39,36,11,24,16,22,31,18,16,33,33,29,44,41,24,24,38,38,27,19,13,34,26,18,30,36,27,28,12,18,26,27,19,15,27,4,12,23,9,46,11,33,30,29,15,26,2,28,16,13,33,28,26,24,19,19,23,15,5,26,20,23,24,34,14,26,34,29,23,13,43,21,25,19,34,34,10,14,16,28,13,13,23,20,22,35,19,24,25,16,29,22,4,20,38,24,21,16,28,24,23,17,36,30,28,19,19,24,9,23,16,24,13,42,21,37,14,8,6,35,42,11,25,17,33,39,26,33,17,28,26]
tiempo_ultimo_agente_goal 48
tiempo_en_acabar 48
tiempo_promedio 24.193333
agentes_en_goal 150
bad_good_total_rate_pred [9647,8375,18022,0.5]
push_out_count 49
RUN 2
valores_ideales [17,8,22,29,36,22,26,31,22,15,38,38,7,14,30,21,32,22,2,38,28,11,12,16,11,27,16,16,10,30,29,34,41,17,15,17,31,23,18,12,12,19,14,29,35,25,17,10,16,24,16,19,14,14,2,10,18,9,46,11,14,26,29,15,20,2,28,15,13,31,27,21,24,17,19,19,14,5,21,16,19,18,34,10,25,33,25,20,12,42,12,15,18,30,21,5,14,15,26,11,11,20,16,20,33,17,11,12,8,27,22,2,15,33,16,17,12,23,18,19,15,34,25,17,15,19,22,4,16,16,19,11,42,21,18,9,4,6,31,40,11,24,17,33,37,17,33,17,14,15]
costo_por_agente [17,8,22,29,36,22,30,33,22,19,38,38,23,20,30,21,32,24,4,38,28,13,20,16,21,29,18,16,18,30,29,34,41,19,19,21,31,23,18,12,22,19,14,29,35,27,21,12,16,24,16,19,14,22,2,10,20,9,46,13,16,30,29,17,24,2,28,17,13,31,27,21,24,19,19,19,16,5,25,18,21,22,34,10,25,33,27,22,14,42,14,15,18,34,23,9,14,15,30,13,17,22,24,24,35,17,13,14,8,27,22,2,23,33,22,21,12,23,20,23,15,34,25,21,23,19,22,4,18,16,19,11,42,21,20,9,4,6,31,40,11,26,17,33,37,19,33,19,22,15]
completion_time_por_agente [17,8,23,29,40,22,31,38,24,25,38,38,32,22,30,21,36,28,4,39,30,13,22,16,23,34,19,16,26,30,29,36,43,19,24,26,33,25,19,12,25,22,14,30,36,29,24,12,16,24,17,20,14,23,3,11,25,9,46,13,20,32,30,17,25,2,29,18,13,32,28,21,25,21,19,19,16,5,31,19,25,31,34,10,26,36,28,22,14,42,20,16,21,34,25,10,14,15,37,14,18,23,35,26,35,21,14,20,9,28,22,4,27,35,30,26,12,23,20,31,19,34,31,26,24,19,23,4,18,16,25,11,42,21,22,11,5,6,34,40,11,26,17,34,37,20,33,20,29,17]
tiempo_ultimo_agente_goal 46
tiempo_en_acabar 46
tiempo_promedio 23.219999
agentes_en_goal 150
bad_good_total_rate_pred [8443,8108,16551,0.5]
push_out_count 69
RUN 3
valores_ideales [17,8,22,29,36,22,26,31,22,15,38,38,7,14,30,21,32,22,2,38,28,11,12,16,11,27,16,16,10,30,29,34,41,17,15,17,31,23,18,12,12,19,14,29,35,25,17,10,16,24,16,19,14,14,2,10,18,9,46,11,14,26,29,15,20,2,28,15,13,31,27,21,24,17,19,19,14,5,21,16,19,18,34,10,25,33,25,20,12,42,12,15,18,30,21,5,14,15,26,11,11,20,16,20,33,17,11,12,8,27,22,2,15,33,16,17,12,23,18,19,15,34,25,17,15,19,22,4,16,16,19,11,42,21,18,9,4,6,31,40,11,24,17,33,37,17,33,17,14,15]
costo_por_agente [17,8,30,29,36,22,28,33,24,19,38,38,19,22,30,21,34,26,2,38,28,11,18,16,21,33,18,16,18,32,29,36,41,29,17,27,35,25,18,12,22,21,18,29,35,25,17,12,16,24,18,19,14,20,2,12,22,13,46,11,14,32,29,15,22,2,28,17,15,31,27,21,24,19,19,19,14,5,25,18,21,18,34,12,25,33,29,22,12,42,12,21,18,34,27,5,14,15,28,11,17,22,16,20,33,17,13,14,10,29,24,2,19,33,16,17,12,23,22,25,15,34,25,21,15,19,24,4,20,18,21,11,42,21,20,9,4,6,33,40,11,24,17,33,37,25,33,21,24,17]
completion_time_por_agente [17,9,38,30,36,23,29,36,29,23,38,41,24,29,30,23,36,36,2,39,29,11,20,16,26,41,20,17,23,34,29,41,41,31,22,35,36,26,18,12,27,21,19,29,36,25,22,12,16,25,19,19,14,22,4,14,24,17,46,11,14,34,29,16,22,2,29,18,15,32,29,21,24,21,20,20,15,5,31,20,23,22,34,13,26,35,30,22,12,42,16,28,20,37,33,6,14,18,29,11,25,24,20,20,33,17,18,17,12,34,24,4,26,37,16,21,12,25,23,33,19,34,29,25,15,19,26,4,21,19,24,11,42,25,22,11,6,8,34,40,11,26,18,33,37,31,34,21,29,21]
tiempo_ultimo_agente_goal 46
tiempo_en_acabar 46
tiempo_promedio 23.613333
agentes_en_goal 150
bad_good_total_rate_pred [8703,7865,16568,0.5]
push_out_count 90
RUN 4
valores_ideales [17,8,22,29,36,22,26,31,22,15,38,38,7,14,30,21,32,22,2,38,28,11,12,16,11,27,16,16,10,30,29,34,41,17,15,17,31,23,18,12,12,19,14,29,35,25,17,10,16,24,16,19,14,14,2,10,18,9,46,11,14,26,29,15,20,2,28,15,13,31,27,21,24,17,19,19,14,5,21,16,19,18,34,10,25,33,25,20,12,42,12,15,18,30,21,5,14,15,26,11,11,20,16,20,33,17,11,12,8,27,22,2,15,33,16,17,12,23,18,19,15,34,25,17,15,19,22,4,16,16,19,11,42,21,18,9,4,6,31,40,11,24,17,33,37,17,33,17,14,15]
costo_por_agente [17,8,24,31,36,22,26,39,24,17,38,38,13,20,30,21,32,22,2,38,30,11,18,18,17,27,20,16,10,30,29,34,41,23,21,21,33,23,20,12,20,23,16,29,35,25,21,10,16,24,18,19,14,24,4,10,22,11,46,11,20,28,31,19,26,2,28,15,13,37,27,23,24,17,19,19,14,5,25,18,21,24,34,12,25,33,27,22,12,42,18,21,24,30,25,5,14,15,26,11,15,22,18,22,33,21,15,16,16,27,22,2,15,33,20,17,12,23,20,21,19,34,29,23,17,19,22,24,18,16,19,11,42,21,22,11,4,6,33,40,11,24,17,33,37,19,33,17,14,15]
completion_time_por_agente [17,8,30,34,36,22,29,48,24,20,39,39,19,24,30,21,32,27,4,42,33,11,19,19,18,32,21,16,10,30,29,36,41,33,27,26,34,26,24,12,25,25,16,30,36,26,24,10,16,25,26,19,14,34,4,11,27,11,46,11,21,29,35,22,32,2,29,15,13,45,28,23,24,20,19,23,15,5,28,18,25,33,34,14,26,35,34,22,12,42,21,26,26,33,28,6,14,15,28,13,18,23,20,23,33,24,20,17,19,29,22,2,18,35,25,20,12,28,21,22,22,35,33,31,20,19,23,42,19,19,25,11,42,21,27,11,7,6,36,40,11,28,19,34,37,19,34,22,16,18]
tiempo_ultimo_agente_goal 48
tiempo_en_acabar 48
tiempo_promedio 23.793333
agentes_en_goal 150
bad_good_total_rate_pred [8303,8095,16398,0.5]
push_out_count 124
RUN 5
valores_ideales [17,8,22,29,36,22,26,31,22,15,38,38,7,14,30,21,32,22,2,38,28,11,12,16,11,27,16,16,10,30,29,34,41,17,15,17,31,23,18,12,12,19,14,29,35,25,17,10,16,24,16,19,14,14,2,10,18,9,46,11,14,26,29,15,20,2,28,15,13,31,27,21,24,17,19,19,14,5,21,16,19,18,34,10,25,33,25,20,12,42,12,15,18,30,21,5,14,15,26,11,11,20,16,20,33,17,11,12,8,27,22,2,15,33,16,17,12,23,18,19,15,34,25,17,15,19,22,4,16,16,19,11,42,21,18,9,4,6,31,40,11,24,17,33,37,17,33,17,14,15]
costo_por_agente [17,8,22,31,36,22,26,31,28,17,38,38,23,20,30,21,34,24,2,38,34,11,20,18,25,31,16,16,14,30,29,34,41,23,21,25,33,23,18,12,14,21,22,33,37,25,27,10,16,26,16,19,16,14,4,10,20,15,46,11,14,28,29,15,22,2,28,15,13,31,27,25,24,21,19,21,16,5,25,18,23,24,34,10,25,33,25,22,12,42,12,17,20,32,23,5,14,15,28,11,13,20,16,20,33,19,19,16,14,29,22,2,25,33,30,23,12,23,26,25,15,34,31,17,17,19,22,4,20,20,21,11,42,21,28,11,10,14,35,40,11,24,17,41,37,19,33,17,24,17]
completion_time_por_agente [17,8,23,36,36,24,28,32,35,19,39,38,40,30,30,21,40,31,2,39,40,11,25,20,35,34,17,17,19,30,29,38,41,31,27,33,40,25,18,12,14,25,23,39,37,25,36,10,16,28,22,21,18,15,7,12,24,15,46,11,15,29,29,16,24,2,29,15,13,32,29,30,24,23,19,23,18,5,29,20,29,30,35,11,26,35,26,23,13,42,13,17,23,33,25,6,14,15,32,12,14,20,20,21,33,19,28,17,18,34,22,2,31,33,35,33,12,25,30,30,16,34,35,25,18,19,24,4,24,23,24,11,42,21,33,13,15,15,37,41,11,31,17,50,37,21,34,18,31,20]
tiempo_ultimo_agente_goal 50
tiempo_en_acabar 50
tiempo_promedio 24.393333
agentes_en_goal 150
bad_good_total_rate_pred [9522,8450,17972,0.5]
push_out_count 151
RUN 6
valores_ideales [17,8,22,29,36,22,26,31,22,15,38,38,7,14,30,21,32,22,2,38,28,11,12,16,11,27,16,16,10,30,29,34,41,17,15,17,31,23,18,12,12,19,14,29,35,25,17,10,16,24,16,19,14,14,2,10,18,9,46,11,14,26,29,15,20,2,28,15,13,31,27,21,24,17,19,19,14,5,21,16,19,18,34,10,25,33,25,20,12,42,12,15,18,30,21,5,14,15,26,11,11,20,16,20,33,17,11,12,8,27,22,2,15,33,16,17,12,23,18,19,15,34,25,17,15,19,22,4,16,16,19,11,42,21,18,9,4,6,31,40,11,24,17,33,37,17,33,17,14,15]
costo_por_agente [17,10,24,29,36,22,32,35,24,21,38,38,13,18,30,21,36,28,2,38,28,11,20,16,17,37,18,16,22,30,29,34,41,25,17,21,33,23,18,12,28,19,14,29,35,25,27,10,16,24,18,19,14,20,4,14,20,13,46,11,26,26,29,19,22,2,30,17,13,33,27,21,28,17,19,19,14,5,25,16,21,18,38,12,25,33,27,22,12,42,16,29,18,34,29,7,14,15,26,17,21,22,16,20,33,21,11,14,12,29,22,2,15,33,18,21,14,23,22,31,15,34,29,19,17,19,22,4,34,16,19,11,42,21,22,13,4,6,33,40,11,30,17,33,37,23,35,19,24,17]
completion_time_por_agente [18,11,26,29,38,24,35,41,28,27,40,40,21,22,30,22,36,32,2,39,28,11,22,16,23,52,18,17,22,30,29,36,42,31,18,26,37,25,18,13,42,22,14,32,36,27,39,10,16,28,19,19,15,24,4,16,23,17,46,12,41,26,30,22,22,2,33,17,13,35,28,22,35,21,19,19,14,5,27,20,23,19,41,13,26,33,29,22,13,43,20,41,21,38,32,10,14,15,28,21,26,23,18,20,33,21,11,17,16,31,22,4,16,35,20,24,15,29,22,40,16,34,32,28,17,19,23,4,38,16,21,11,42,21,24,17,7,6,34,40,11,31,17,34,37,30,36,22,39,20]
tiempo_ultimo_agente_goal 52
tiempo_en_acabar 52
tiempo_promedio 24.393333
agentes_en_goal 150
bad_good_total_rate_pred [9812,8469,18281,0.5]
push_out_count 180
RUN 7
valores_ideales [17,8,22,29,36,22,26,31,22,15,38,38,7,14,30,21,32,22,2,38,28,11,12,16,11,27,16,16,10,30,29,34,41,17,15,17,31,23,18,12,12,19,14,29,35,25,17,10,16,24,16,19,14,14,2,10,18,9,46,11,14,26,29,15,20,2,28,15,13,31,27,21,24,17,19,19,14,5,21,16,19,18,34,10,25,33,25,20,12,42,12,15,18,30,21,5,14,15,26,11,11,20,16,20,33,17,11,12,8,27,22,2,15,33,16,17,12,23,18,19,15,34,25,17,15,19,22,4,16,16,19,11,42,21,18,9,4,6,31,40,11,24,17,33,37,17,33,17,14,15]
costo_por_agente [17,8,22,31,36,22,32,31,26,17,38,38,13,28,30,21,34,24,4,38,30,11,20,16,15,31,16,16,16,30,29,34,41,19,23,19,31,23,18,12,16,19,16,29,37,25,19,10,16,24,16,19,16,14,2,10,20,9,46,19,14,30,35,15,22,2,28,15,13,31,27,21,24,21,19,19,16,5,23,26,19,22,34,12,25,35,27,22,12,42,14,19,24,32,23,5,14,15,26,15,11,22,16,22,35,19,11,16,14,29,22,2,21,33,16,21,14,27,20,25,15,34,27,17,15,19,22,4,24,16,19,11,42,21,18,9,4,6,33,40,11,24,17,33,37,19,35,19,16,15]
completion_time_por_agente [17,8,24,33,41,23,38,32,32,19,38,38,18,33,30,21,40,30,4,39,35,11,23,16,18,32,18,17,23,30,29,35,41,22,30,26,35,26,18,12,20,20,18,29,42,25,27,10,16,28,17,19,16,15,3,10,26,9,46,30,19,32,41,15,23,2,28,16,13,32,28,21,25,22,19,20,18,5,25,28,20,30,34,13,26,40,30,22,12,42,18,26,36,32,28,5,14,15,28,17,15,23,18,27,36,22,11,18,18,29,22,2,26,39,16,29,14,28,23,30,18,34,31,23,16,19,24,4,28,17,22,11,45,21,23,11,7,7,34,40,11,26,18,33,37,19,36,20,17,15]
tiempo_ultimo_agente_goal 46
tiempo_en_acabar 46
tiempo_promedio 23.426666
agentes_en_goal 150
bad_good_total_rate_pred [8663,8129,16792,0.5]
push_out_count 205
RUN 8
valores_ideales [17,8,22,29,36,22,26,31,22,15,38,38,7,14,30,21,32,22,2,38,28,11,12,16,11,27,16,16,10,30,29,34,41,17,15,17,31,23,18,12,12,19,14,29,35,25,17,10,16,24,16,19,14,14,2,10,18,9,46,11,14,26,29,15,20,2,28,15,13,31,27,21,24,17,19,19,14,5,21,16,19,18,34,10,25,33,25,20,12,42,12,15,18,30,21,5,14,15,26,11,11,20,16,20,33,17,11,12,8,27,22,2,15,33,16,17,12,23,18,19,15,34,25,17,15,19,22,4,16,16,19,11,42,21,18,9,4,6,31,40,11,24,17,33,37,17,33,17,14,15]
costo_por_agente [17,8,28,29,36,22,26,35,32,15,38,38,13,22,30,21,36,28,2,38,28,11,18,16,11,27,18,16,12,30,29,42,41,27,21,29,33,25,18,12,20,23,14,29,35,27,25,10,16,24,16,19,14,16,2,10,22,9,46,13,20,30,29,15,20,2,28,15,13,31,27,21,26,19,19,19,14,5,23,20,25,32,34,12,25,33,29,22,14,42,20,19,20,30,25,7,14,15,26,11,15,22,16,22,33,21,15,20,10,27,24,2,27,37,24,21,12,23,22,19,19,34,27,17,25,19,22,4,20,18,19,11,42,21,20,9,6,6,33,40,11,24,17,35,39,25,33,17,14,15]
completion_time_por_agente [18,8,31,32,37,23,29,41,46,15,39,38,21,32,30,24,43,33,2,39,29,11,21,17,11,27,21,16,13,30,29,52,41,40,28,32,34,28,18,12,21,27,16,29,36,28,36,10,16,26,16,19,16,21,2,11,27,9,46,14,28,31,29,16,20,2,30,15,13,32,29,21,27,24,19,19,16,5,25,21,29,42,34,14,27,35,31,22,14,42,23,21,21,34,31,9,14,15,28,11,17,23,19,25,33,25,20,33,13,34,25,4,40,38,29,28,12,23,24,24,22,39,28,24,31,19,23,4,21,18,24,11,43,21,20,10,11,8,36,40,11,25,17,43,42,31,34,18,22,15]
tiempo_ultimo_agente_goal 52
tiempo_en_acabar 52
tiempo_promedio 24.240000
agentes_en_goal 150
bad_good_total_rate_pred [9100,8641,17741,0.5]
push_out_count 234
RUN 9
valores_ideales [17,8,22,29,36,22,26,31,22,15,38,38,7,14,30,21,32,22,2,38,28,11,12,16,11,27,16,16,10,30,29,34,41,17,15,17,31,23,18,12,12,19,14,29,35,25,17,10,16,24,16,19,14,14,2,10,18,9,46,11,14,26,29,15,20,2,28,15,13,31,27,21,24,17,19,19,14,5,21,16,19,18,34,10,25,33,25,20,12,42,12,15,18,30,21,5,14,15,26,11,11,20,16,20,33,17,11,12,8,27,22,2,15,33,16,17,12,23,18,19,15,34,25,17,15,19,22,4,16,16,19,11,42,21,18,9,4,6,31,40,11,24,17,33,37,17,33,17,14,15]
costo_por_agente [17,8,22,29,36,26,28,35,26,21,38,38,11,26,30,23,32,24,2,38,28,11,22,16,19,31,18,18,10,30,29,34,41,29,19,27,35,23,18,12,22,19,16,29,35,27,21,10,16,30,16,19,14,18,4,10,20,9,46,15,20,28,29,15,24,2,36,15,13,31,27,21,26,19,19,19,14,5,23,16,21,20,34,14,25,33,25,22,14,42,14,29,22,40,31,7,14,15,26,11,15,22,16,20,35,19,19,26,12,29,22,2,19,33,16,21,12,23,26,19,17,34,29,21,19,19,22,4,18,16,19,11,42,21,18,11,4,6,33,40,11,28,17,33,39,25,33,17,16,15]
completion_time_por_agente [17,8,24,30,37,32,33,40,34,26,39,39,14,29,30,25,32,31,2,40,31,11,27,17,23,38,19,19,11,30,29,37,41,31,24,38,40,25,18,12,31,21,17,33,36,27,25,10,16,39,18,19,15,22,4,11,21,9,46,16,22,28,30,16,32,2,48,16,13,35,28,22,28,22,19,19,15,5,27,18,24,21,34,15,26,36,29,22,16,42,14,37,25,46,34,8,14,15,28,15,21,22,18,23,35,19,27,31,14,29,22,4,25,35,22,27,12,26,30,22,18,34,32,28,26,19,25,4,18,19,20,11,42,21,21,13,5,6,34,40,11,39,17,33,39,26,33,17,24,28]
tiempo_ultimo_agente_goal 48
tiempo_en_acabar 48
tiempo_promedio 24.213333
agentes_en_goal 150
bad_good_total_rate_pred [9105,8372,17477,0.5]
push_out_count 267
RUN 10
valores_ideales [17,8,22,29,36,22,26,31,22,15,38,38,7,14,30,21,32,22,2,38,28,11,12,16,11,27,16,16,10,30,29,34,41,17,15,17,31,23,18,12,12,19,14,29,35,25,17,10,16,24,16,19,14,14,2,10,18,9,46,11,14,26,29,15,20,2,28,15,13,31,27,21,24,17,19,19,14,5,21,16,19,18,34,10,25,33,25,20,12,42,12,15,18,30,21,5,14,15,26,11,11,20,16,20,33,17,11,12,8,27,22,2,15,33,16,17,12,23,18,19,15,34,25,17,15,19,22,4,16,16,19,11,42,21,18,9,4,6,31,40,11,24,17,33,37,17,33,17,14,15]
costo_por_agente [19,8,22,33,36,22,26,33,28,23,38,38,11,20,30,23,32,30,4,38,30,11,18,20,11,29,16,16,16,30,29,34,41,25,29,25,31,23,18,12,22,19,16,29,35,25,23,12,16,24,20,19,14,26,4,10,20,9,46,11,30,30,29,17,22,2,28,15,13,31,27,23,24,29,19,19,14,5,25,24,23,26,34,10,25,33,27,22,12,42,28,17,22,32,27,5,14,15,34,17,11,22,16,20,35,17,17,22,14,27,22,2,27,33,28,29,12,23,20,21,15,34,29,21,19,19,24,4,18,16,19,11,42,21,18,11,16,8,31,40,11,24,17,33,37,23,33,19,24,17]
completion_time_por_agente [19,10,24,34,36,22,30,37,36,28,39,39,11,22,30,27,34,40,4,38,30,11,21,24,11,33,19,16,21,30,29,37,41,32,38,34,39,28,21,12,26,22,20,29,36,27,29,12,16,28,30,19,14,31,5,11,25,9,46,11,38,31,31,18,25,2,29,16,13,34,28,26,24,32,19,19,14,5,27,29,26,31,36,12,26,37,31,23,13,44,32,19,24,34,30,5,14,16,45,21,13,23,20,20,35,17,19,28,21,28,22,2,31,33,38,34,13,25,20,29,19,35,30,27,21,19,28,5,21,16,21,11,42,21,22,14,22,9,33,41,11,25,17,34,37,27,33,20,32,18]
tiempo_ultimo_agente_goal 46
tiempo_en_acabar 46
tiempo_promedio 24.626667
agentes_en_goal 150
bad_good_total_rate_pred [9314,8577,17891,0.5]
push_out_count 294
RUN 11
valores_ideales [17,8,22,29,36,22,26,31,22,15,38,38,7,14,30,21,32,22,2,38,28,11,12,16,11,27,16,16,10,30,29,34,41,17,15,17,31,23,18,12,12,19,14,29,35,25,17,10,16,24,16,19,14,14,2,10,18,9,46,11,14,26,29,15,20,2,28,15,13,31,27,21,24,17,19,19,14,5,21,16,19,18,34,10,25,33,25,20,12,42,12,15,18,30,21,5,14,15,26,11,11,20,16,20,33,17,11,12,8,27,22,2,15,33,16,17,12,23,18,19,15,34,25,17,15,19,22,4,16,16,19,11,42,21,18,9,4,6,31,40,11,24,17,33,37,17,33,17,14,15]
costo_por_agente [17,8,24,29,36,22,26,31,24,23,38,38,9,24,30,21,32,26,2,38,28,11,18,16,17,29,22,16,18,32,29,36,41,19,21,27,31,23,18,12,18,19,14,29,35,25,17,10,16,26,18,19,14,14,2,10,20,13,46,15,20,28,29,15,32,2,30,15,13,31,27,21,24,17,19,19,14,5,29,24,23,24,34,16,25,33,27,22,12,42,14,21,26,32,25,9,14,15,28,13,11,22,18,20,33,19,17,16,10,27,22,2,27,33,32,21,16,23,24,23,17,34,27,19,21,19,22,4,18,16,25,11,42,21,20,23,4,6,33,40,11,24,17,33,37,25,33,17,24,19]
completion_time_por_agente [17,8,26,29,36,23,29,33,28,32,41,38,12,33,30,21,34,32,2,39,28,11,20,16,17,32,23,16,27,32,29,42,41,22,27,43,33,25,18,12,25,22,16,30,36,27,19,10,18,29,21,19,14,18,4,12,22,15,46,16,31,30,30,16,35,2,31,16,13,32,27,24,24,18,19,23,16,5,38,27,25,34,35,19,26,35,30,22,13,42,14,23,29,35,27,14,14,16,29,13,12,23,20,22,33,20,23,21,13,30,22,4,39,33,37,23,29,31,27,26,21,35,33,22,24,19,26,4,20,17,32,11,45,21,32,38,5,7,36,41,11,25,17,34,37,30,34,17,32,20]
tiempo_ultimo_agente_goal 46
tiempo_en_acabar 46
tiempo_promedio 24.413334
agentes_en_goal 150
bad_good_total_rate_pred [9916,8502,18418,0.5]
push_out_count 320
RUN 12
valores_ideales [17,8,22,29,36,22,26,31,22,15,38,38,7,14,30,21,32,22,2,38,28,11,12,16,11,27,16,16,10,30,29,34,41,17,15,17,31,23,18,12,12,19,14,29,35,25,17,10,16,24,16,19,14,14,2,10,18,9,46,11,14,26,29,15,20,2,28,15,13,31,27,21,24,17,19,19,14,5,21,16,19,18,34,10,25,33,25,20,12,42,12,15,18,30,21,5,14,15,26,11,11,20,16,20,33,17,11,12,8,27,22,2,15,33,16,17,12,23,18,19,15,34,25,17,15,19,22,4,16,16,19,11,42,21,18,9,4,6,31,40,11,24,17,33,37,17,33,17,14,15]
costo_por_agente [17,8,26,29,36,22,26,31,22,17,38,38,11,22,30,21,34,30,4,38,28,11,20,16,13,29,16,16,16,32,29,36,41,23,17,27,33,25,18,12,16,19,16,29,35,25,25,10,16,28,26,19,14,14,4,10,18,11,46,11,14,28,29,17,22,2,28,17,13,31,27,25,24,17,19,19,14,5,25,16,21,20,34,10,25,33,27,22,14,42,14,21,22,32,25,5,14,15,26,17,13,22,18,22,35,19,11,18,12,27,22,2,27,35,16,25,12,25,20,19,17,34,31,19,15,19,22,4,24,16,21,11,42,21,22,11,4,6,33,40,11,24,17,33,37,23,33,17,22,17]
completion_time_por_agente [18,8,31,29,37,23,30,36,26,18,38,38,11,32,30,23,36,35,4,40,28,11,21,18,18,32,17,17,22,32,29,37,41,31,24,36,39,26,18,12,20,20,17,30,36,25,34,10,17,33,41,21,15,14,4,12,21,11,46,12,18,29,30,18,22,2,32,17,13,33,27,29,24,17,19,19,15,5,27,18,24,28,34,11,26,34,31,22,14,43,16,26,22,33,28,6,14,15,28,21,14,23,20,23,35,20,17,22,14,30,22,4,33,36,17,28,12,27,22,22,19,36,34,20,15,19,23,4,25,17,21,12,42,21,28,14,7,8,35,41,11,26,17,35,37,29,33,19,28,23]
tiempo_ultimo_agente_goal 46
tiempo_en_acabar 46
tiempo_promedio 23.473333
agentes_en_goal 150
bad_good_total_rate_pred [8986,8089,17075,0.5]
push_out_count 340
RUN 13
valores_ideales [17,8,22,29,36,22,26,31,22,15,38,38,7,14,30,21,32,22,2,38,28,11,12,16,11,27,16,16,10,30,29,34,41,17,15,17,31,23,18,12,12,19,14,29,35,25,17,10,16,24,16,19,14,14,2,10,18,9,46,11,14,26,29,15,20,2,28,15,13,31,27,21,24,17,19,19,14,5,21,16,19,18,34,10,25,33,25,20,12,42,12,15,18,30,21,5,14,15,26,11,11,20,16,20,33,17,11,12,8,27,22,2,15,33,16,17,12,23,18,19,15,34,25,17,15,19,22,4,16,16,19,11,42,21,18,9,4,6,31,40,11,24,17,33,37,17,33,17,14,15]
costo_por_agente [17,10,22,31,36,22,26,31,24,25,38,38,15,24,30,21,34,26,2,38,30,11,28,16,11,29,16,16,14,30,29,34,41,25,17,33,31,23,18,12,26,19,14,29,39,25,23,12,16,24,18,19,14,14,4,10,20,13,46,11,22,28,29,17,28,2,28,15,15,31,27,23,26,27,19,19,14,5,27,20,21,18,34,12,25,35,27,22,12,42,16,15,28,32,27,5,14,15,26,13,15,22,20,20,35,17,15,18,14,27,22,2,21,33,22,29,12,25,24,19,19,34,25,19,17,19,22,4,16,16,19,15,42,21,18,9,4,6,33,40,25,24,17,33,37,23,39,23,16,17]
completion_time_por_agente [17,10,23,32,36,27,29,33,27,32,39,39,17,38,32,21,37,31,2,39,32,11,38,17,11,32,17,16,15,30,29,37,41,35,18,47,33,25,19,13,31,22,14,30,46,27,28,12,16,25,21,19,14,15,4,11,22,13,46,13,28,31,31,21,32,2,29,15,15,35,28,26,28,37,19,19,16,5,30,22,24,24,34,13,26,35,30,22,12,43,20,17,34,35,38,5,14,15,28,15,23,23,20,21,36,17,18,26,16,28,22,4,23,39,30,36,12,34,32,23,22,36,26,22,19,19,23,4,19,16,24,15,42,21,22,9,7,8,36,40,41,25,17,34,40,33,42,26,16,21]
tiempo_ultimo_agente_goal 47
tiempo_en_acabar 47
tiempo_promedio 24.446667
agentes_en_goal 150
bad_good_total_rate_pred [9368,8603,17971,0.5]
push_out_count 375
RUN 14
valores_ideales [17,8,22,29,36,22,26,31,22,15,38,38,7,14,30,21,32,22,2,38,28,11,12,16,11,27,16,16,10,30,29,34,41,17,15,17,31,23,18,12,12,19,14,29,35,25,17,10,16,24,16,19,14,14,2,10,18,9,46,11,14,26,29,15,20,2,28,15,13,31,27,21,24,17,19,19,14,5,21,16,19,18,34,10,25,33,25,20,12,42,12,15,18,30,21,5,14,15,26,11,11,20,16,20,33,17,11,12,8,27,22,2,15,33,16,17,12,23,18,19,15,34,25,17,15,19,22,4,16,16,19,11,42,21,18,9,4,6,31,40,11,24,17,33,37,17,33,17,14,15]
costo_por_agente [17,10,22,33,38,22,30,31,26,21,38,38,11,28,30,21,32,22,2,38,28,11,16,16,19,29,16,22,28,30,29,34,41,19,19,27,31,23,18,12,20,29,18,29,35,25,17,10,18,26,18,19,14,20,2,14,20,13,46,11,24,30,33,15,26,2,28,15,13,31,27,25,24,17,19,19,14,5,25,20,21,26,34,12,25,33,25,22,12,42,14,17,22,34,25,5,14,15,26,11,15,24,20,20,35,17,29,16,10,27,22,2,23,33,22,17,12,23,26,23,21,34,27,19,23,21,22,4,22,20,19,11,42,21,26,11,6,6,33,40,11,24,17,33,37,17,33,17,22,19]
completion_time_por_agente [17,11,23,39,42,23,38,33,38,29,38,41,13,36,30,21,37,27,2,41,31,11,21,17,22,35,17,22,39,30,29,36,41,22,27,33,37,28,21,12,22,43,19,29,36,27,17,10,18,29,21,21,16,27,2,18,26,13,46,12,31,31,39,18,31,2,28,15,13,32,28,29,24,17,19,20,15,5,27,23,27,38,34,13,26,37,27,22,12,42,15,18,28,38,33,5,14,15,29,12,17,25,20,21,35,19,39,20,11,31,22,2,29,35,27,17,12,28,30,29,26,34,32,25,37,21,27,4,24,20,21,11,42,21,34,11,10,8,35,40,12,26,17,33,37,18,34,17,41,29]
tiempo_ultimo_agente_goal 46
tiempo_en_acabar 46
tiempo_promedio 24.733334
agentes_en_goal 150
bad_good_total_rate_pred [9626,8337,17963,0.5]
push_out_count 410
RUN 15
valores_ideales [17,8,22,29,36,22,26,31,22,15,38,38,7,14,30,21,32,22,2,38,28,11,12,16,11,27,16,16,10,30,29,34,41,17,15,17,31,23,18,12,12,19,14,29,35,25,17,10,16,24,16,19,14,14,2,10,18,9,46,11,14,26,29,15,20,2,28,15,13,31,27,21,24,17,19,19,14,5,21,16,19,18,34,10,25,33,25,20,12,42,12,15,18,30,21,5,14,15,26,11,11,20,16,20,33,17,11,12,8,27,22,2,15,33,16,17,12,23,18,19,15,34,25,17,15,19,22,4,16,16,19,11,42,21,18,9,4,6,31,40,11,24,17,33,37,17,33,17,14,15]
costo_por_agente [17,8,22,31,36,22,36,31,24,15,38,38,9,20,30,23,32,28,2,44,28,11,18,16,13,29,16,16,16,30,29,34,41,27,21,25,31,27,20,12,16,19,18,29,35,25,23,10,16,24,16,19,14,28,2,10,22,11,46,11,28,30,29,15,22,2,30,19,13,35,27,25,24,19,19,19,14,5,23,18,21,24,34,12,25,33,27,22,12,42,20,17,18,32,31,5,14,15,26,13,23,22,18,20,33,21,13,26,8,29,22,2,21,33,18,19,14,25,20,21,19,34,27,19,15,19,22,4,20,16,21,17,42,21,22,13,4,6,33,40,11,24,17,33,37,19,33,19,22,17]
completion_time_por_agente [18,8,23,34,36,22,44,33,26,15,38,38,10,23,30,23,34,33,2,53,28,11,22,17,14,32,18,17,21,30,29,36,42,31,30,31,34,29,20,12,22,20,19,30,36,25,25,10,16,28,17,19,15,44,2,12,25,13,46,12,34,32,30,15,23,2,33,25,13,44,28,29,28,23,19,23,14,5,27,21,22,31,34,13,26,36,30,23,13,42,25,17,18,32,40,6,14,17,33,17,27,23,21,23,33,21,14,42,9,34,22,4,24,33,21,20,14,26,23,29,21,34,33,24,16,19,23,4,20,17,22,27,42,21,24,18,7,7,34,41,11,26,17,34,37,24,33,20,29,17]
tiempo_ultimo_agente_goal 53
tiempo_en_acabar 53
tiempo_promedio 24.033333
agentes_en_goal 150
bad_good_total_rate_pred [9366,8547,17913,0.5]
push_out_count 447
RUN 16
valores_ideales [17,8,22,29,36,22,26,31,22,15,38,38,7,14,30,21,32,22,2,38,28,11,12,16,11,27,16,16,10,30,29,34,41,17,15,17,31,23,18,12,12,19,14,29,35,25,17,10,16,24,16,19,14,14,2,10,18,9,46,11,14,26,29,15,20,2,28,15,13,31,27,21,24,17,19,19,14,5,21,16,19,18,34,10,25,33,25,20,12,42,12,15,18,30,21,5,14,15,26,11,11,20,16,20,33,17,11,12,8,27,22,2,15,33,16,17,12,23,18,19,15,34,25,17,15,19,22,4,16,16,19,11,42,21,18,9,4,6,31,40,11,24,17,33,37,17,33,17,14,15]
costo_por_agente [17,8,22,29,38,22,28,31,22,17,38,38,13,18,30,21,32,24,2,38,28,13,24,16,17,29,16,16,10,30,29,34,41,29,19,27,31,23,18,12,14,23,16,29,35,25,19,12,16,24,16,19,16,16,2,10,18,11,46,11,22,26,31,19,22,2,28,15,13,31,27,23,24,21,19,21,14,5,25,16,21,20,34,12,25,33,25,22,12,42,12,23,22,34,25,7,14,15,30,13,13,22,16,22,35,19,21,14,12,27,22,2,17,33,16,21,12,27,20,19,19,34,27,21,17,19,24,4,24,16,21,11,42,21,22,9,8,6,33,40,11,24,17,33,37,23,33,17,26,23]
completion_time_por_agente [17,8,25,32,39,22,28,37,25,25,38,38,17,22,30,23,33,33,3,39,34,13,25,16,18,34,17,16,13,30,29,35,43,36,24,29,33,25,20,12,16,26,19,29,36,27,24,12,16,26,18,19,17,18,4,11,19,11,46,11,24,26,31,21,22,2,28,15,13,32,28,24,25,24,19,23,16,5,29,16,22,27,34,13,26,34,28,23,13,42,15,28,26,36,28,8,14,17,35,14,13,24,21,30,36,21,31,17,16,29,22,4,18,35,16,28,12,27,21,26,28,34,28,27,17,19,26,4,29,16,22,11,43,21,26,10,11,8,36,40,11,25,17,33,37,25,33,17,39,29]
tiempo_ultimo_agente_goal 46
tiempo_en_acabar 46
tiempo_promedio 23.440001
agentes_en_goal 150
bad_good_total_rate_pred [8671,8149,16820,0.5]
push_out_count 461
RUN 17
valores_ideales [17,8,22,29,36,22,26,31,22,15,38,38,7,14,30,21,32,22,2,38,28,11,12,16,11,27,16,16,10,30,29,34,41,17,15,17,31,23,18,12,12,19,14,29,35,25,17,10,16,24,16,19,14,14,2,10,18,9,46,11,14,26,29,15,20,2,28,15,13,31,27,21,24,17,19,19,14,5,21,16,19,18,34,10,25,33,25,20,12,42,12,15,18,30,21,5,14,15,26,11,11,20,16,20,33,17,11,12,8,27,22,2,15,33,16,17,12,23,18,19,15,34,25,17,15,19,22,4,16,16,19,11,42,21,18,9,4,6,31,40,11,24,17,33,37,17,33,17,14,15]
costo_por_agente [17,8,22,35,36,22,26,31,24,17,38,38,11,18,30,21,32,26,2,38,32,15,24,16,13,29,18,16,16,30,29,36,41,21,23,29,31,25,22,12,20,19,26,29,35,25,21,12,16,26,20,19,14,18,2,10,18,11,46,11,16,30,29,17,22,2,28,15,13,31,27,21,24,17,19,21,14,5,27,18,19,18,34,16,25,33,25,22,12,42,22,17,24,34,25,5,14,15,26,11,11,24,18,28,33,19,11,12,10,29,24,2,21,33,20,19,14,23,22,19,15,34,25,21,17,19,30,4,22,16,21,11,42,21,18,9,4,6,33,40,11,26,17,35,39,25,35,19,16,19]
completion_time_por_agente [17,8,24,36,36,22,29,36,26,19,39,38,12,23,30,22,36,37,4,39,35,16,30,16,20,34,19,16,23,30,29,41,41,23,27,39,35,25,28,12,24,23,31,29,36,26,28,12,16,29,27,19,14,18,4,11,19,13,46,12,20,31,29,18,23,2,29,15,13,34,28,21,24,17,19,28,17,5,31,18,24,19,34,23,27,36,26,22,12,42,28,17,27,36,30,5,14,15,28,14,11,24,20,30,33,19,11,20,13,29,24,3,24,35,25,23,14,24,23,21,18,36,25,25,24,19,34,4,24,18,27,12,43,21,23,11,7,6,34,40,11,28,17,38,40,25,35,19,16,21]
tiempo_ultimo_agente_goal 46
tiempo_en_acabar 46
tiempo_promedio 23.580000
agentes_en_goal 150
bad_good_total_rate_pred [8563,8161,16724,0.5]
push_out_count 480
RUN 18
valores_ideales [17,8,22,29,36,22,26,31,22,15,38,38,7,14,30,21,32,22,2,38,28,11,12,16,11,27,16,16,10,30,29,34,41,17,15,17,31,23,18,12,12,19,14,29,35,25,17,10,16,24,16,19,14,14,2,10,18,9,46,11,14,26,29,15,20,2,28,15,13,31,27,21,24,17,19,19,14,5,21,16,19,18,34,10,25,33,25,20,12,42,12,15,18,30,21,5,14,15,26,11,11,20,16,20,33,17,11,12,8,27,22,2,15,33,16,17,12,23,18,19,15,34,25,17,15,19,22,4,16,16,19,11,42,21,18,9,4,6,31,40,11,24,17,33,37,17,33,17,14,15]
costo_por_agente [21,8,22,33,36,22,26,31,26,21,38,38,11,22,30,23,32,22,2,38,28,13,30,16,17,29,16,20,10,30,29,38,41,25,19,21,33,23,20,12,16,21,14,33,35,25,23,10,16,26,24,19,14,16,4,14,18,13,46,15,24,28,29,19,22,2,28,17,13,33,27,21,24,17,19,19,14,5,23,18,19,30,34,18,27,33,25,22,12,42,22,15,30,34,23,5,14,17,26,17,11,24,18,22,33,19,13,14,10,31,22,2,21,33,16,19,14,23,20,25,19,34,25,21,17,21,22,4,24,18,21,11,42,21,20,11,4,6,33,40,11,24,17,33,37,21,33,19,16,17]
completion_time_por_agente [22,9,23,37,38,23,30,32,33,23,38,38,14,32,30,23,36,23,2,39,31,13,34,16,18,31,16,20,10,30,29,43,41,32,22,24,41,25,20,12,17,22,15,34,37,28,32,10,16,26,26,19,14,17,4,16,19,13,46,15,26,30,30,20,22,2,32,17,13,33,28,26,24,20,19,20,15,5,25,19,20,44,35,29,31,36,29,23,13,42,34,19,34,37,29,5,16,17,28,22,12,25,20,25,35,19,16,16,12,33,22,2,24,34,17,26,18,25,22,35,22,37,25,24,20,21,23,4,25,19,25,12,42,21,20,12,5,7,34,42,12,24,17,35,37,24,33,21,17,20]
tiempo_ultimo_agente_goal 46
tiempo_en_acabar 46
tiempo_promedio 23.773333
agentes_en_goal 150
bad_good_total_rate_pred [8918,8157,17075,0.5]
push_out_count 506
RUN 19
valores_ideales [17,8,22,29,36,22,26,31,22,15,38,38,7,14,30,21,32,22,2,38,28,11,12,16,11,27,16,16,10,30,29,34,41,17,15,17,31,23,18,12,12,19,14,29,35,25,17,10,16,24,16,19,14,14,2,10,18,9,46,11,14,26,29,15,20,2,28,15,13,31,27,21,24,17,19,19,14,5,21,16,19,18,34,10,25,33,25,20,12,42,12,15,18,30,21,5,14,15,26,11,11,20,16,20,33,17,11,12,8,27,22,2,15,33,16,17,12,23,18,19,15,34,25,17,15,19,22,4,16,16,19,11,42,21,18,9,4,6,31,40,11,24,17,33,37,17,33,17,14,15]
costo_por_agente [17,8,22,31,38,22,32,31,28,23,38,38,13,18,30,21,32,26,2,38,28,11,14,16,11,31,18,16,18,30,29,36,41,21,19,23,31,23,18,12,16,21,14,29,35,25,29,12,16,24,16,19,14,22,2,10,22,9,46,13,20,32,29,17,22,2,28,15,13,31,27,23,24,19,19,19,14,5,29,20,21,28,36,12,25,33,25,22,14,42,20,15,20,32,25,5,14,15,26,11,13,22,16,20,33,19,19,14,12,27,22,2,21,33,16,29,14,23,20,23,17,34,27,19,19,19,26,4,22,16,19,11,42,21,28,11,4,6,33,40,11,24,17,33,37,23,33,21,28,15]
completion_time_por_agente [17,10,23,31,38,23,35,32,40,34,38,38,21,19,30,23,36,33,2,40,31,11,19,16,11,33,21,16,22,30,29,40,42,25,23,33,36,25,18,12,18,22,15,29,36,27,42,12,16,24,18,19,14,24,4,12,22,9,46,13,26,33,31,17,22,2,28,15,13,35,28,25,24,25,19,20,15,5,35,22,22,43,37,16,26,36,31,22,16,45,25,15,25,33,28,6,14,15,28,12,16,23,20,21,33,19,26,19,13,29,22,4,24,35,16,37,15,25,21,30,20,35,29,25,21,19,34,4,26,16,22,11,42,21,29,11,5,9,34,43,11,25,17,35,37,29,33,22,39,15]
tiempo_ultimo_agente_goal 46
tiempo_en_acabar 46
tiempo_promedio 23.866667
agentes_en_goal 150
bad_good_total_rate_pred [9243,8190,17433,0.5]
push_out_count 533
RUN 20
valores_ideales [17,8,22,29,36,22,26,31,22,15,38,38,7,14,30,21,32,22,2,38,28,11,12,16,11,27,16,16,10,30,29,34,41,17,15,17,31,23,18,12,12,19,14,29,35,25,17,10,16,24,16,19,14,14,2,10,18,9,46,11,14,26,29,15,20,2,28,15,13,31,27,21,24,17,19,19,14,5,21,16,19,18,34,10,25,33,25,20,12,42,12,15,18,30,21,5,14,15,26,11,11,20,16,20,33,17,11,12,8,27,22,2,15,33,16,17,12,23,18,19,15,34,25,17,15,19,22,4,16,16,19,11,42,21,18,9,4,6,31,40,11,24,17,33,37,17,33,17,14,15]
costo_por_agente [19,26,22,31,36,22,26,37,24,17,38,38,21,22,30,23,34,26,2,38,28,11,26,18,17,29,16,18,18,30,29,36,41,19,19,27,31,23,18,12,16,21,16,29,35,25,19,10,16,24,16,19,14,20,2,10,20,23,46,11,28,28,29,15,22,2,30,19,13,31,27,25,24,19,19,19,14,5,27,18,21,28,34,12,25,33,25,22,14,42,20,19,20,34,23,9,14,15,26,11,13,22,20,20,33,19,13,20,12,27,22,2,19,33,18,19,12,23,20,19,19,34,25,17,15,19,22,4,18,16,23,11,42,21,22,11,4,6,33,40,11,24,17,33,37,25,33,17,28,17]
completion_time_por_agente [20,38,23,31,36,25,27,44,28,18,38,38,24,27,30,23,34,28,3,38,33,11,29,19,31,37,18,18,26,30,29,36,41,23,24,30,35,25,19,12,19,24,17,30,38,25,23,10,18,25,19,19,14,22,4,11,25,37,49,12,38,30,30,16,22,2,33,20,13,33,28,30,24,24,19,19,15,6,33,19,22,42,34,14,26,36,27,22,16,42,27,24,26,35,26,16,14,15,28,12,18,23,28,21,33,19,14,25,15,28,22,4,21,36,19,22,12,25,21,21,21,34,28,24,15,19,22,5,20,17,25,11,44,22,28,13,5,6,34,40,11,26,17,34,38,31,33,17,36,17]
tiempo_ultimo_agente_goal 49
tiempo_en_acabar 49
tiempo_promedio 24.120001
agentes_en_goal 150
bad_good_total_rate_pred [8857,8329,17186,0.5]
push_out_count 570
RUN 21
valores_ideales [17,8,22,29,36,22,26,31,22,15,38,38,7,14,30,21,32,22,2,38,28,11,12,16,11,27,16,16,10,30,29,34,41,17,15,17,31,23,18,12,12,19,14,29,35,25,17,10,16,24,16,19,14,14,2,10,18,9,46,11,14,26,29,15,20,2,28,15,13,31,27,21,24,17,19,19,14,5,21,16,19,18,34,10,25,33,25,20,12,42,12,15,18,30,21,5,14,15,26,11,11,20,16,20,33,17,11,12,8,27,22,2,15,33,16,17,12,23,18,19,15,34,25,17,15,19,22,4,16,16,19,11,42,21,18,9,4,6,31,40,11,24,17,33,37,17,33,17,14,15]
costo_por_agente [17,8,24,29,36,22,30,31,26,15,38,38,11,20,30,23,32,24,2,38,28,11,20,16,21,29,18,20,16,30,29,36,41,25,23,19,31,23,18,12,20,19,18,29,35,25,23,10,16,30,22,19,18,14,6,12,18,9,46,13,14,28,29,19,24,2,28,15,13,31,27,23,24,19,19,19,16,7,23,16,23,24,34,12,25,33,27,22,16,42,12,19,18,32,37,5,14,15,26,15,15,24,16,22,33,19,21,12,16,27,24,2,29,33,16,27,12,23,20,19,19,34,25,19,23,21,26,4,24,16,19,11,42,21,26,15,4,6,33,40,11,24,17,33,37,25,33,17,22,21]
completion_time_por_agente [17,8,24,30,36,22,34,37,33,17,39,39,17,23,30,23,34,30,2,39,28,11,21,17,33,30,20,20,22,31,29,40,47,35,28,21,34,25,20,12,22,20,21,29,36,25,26,10,16,33,27,19,20,18,6,14,19,9,46,13,15,29,29,22,24,2,29,15,13,33,29,25,24,20,19,20,18,9,28,16,23,34,35,16,27,36,29,22,17,43,12,20,22,34,51,6,14,15,28,17,18,25,20,23,33,19,27,13,21,29,25,3,36,33,17,29,13,23,22,21,23,35,28,25,26,21,27,4,29,16,22,11,42,21,32,21,6,6,34,41,11,25,17,33,37,31,33,19,32,27]
tiempo_ultimo_agente_goal 51
tiempo_en_acabar 51
tiempo_promedio 23.946667
agentes_en_goal 150
bad_good_total_rate_pred [8838,8336,17174,0.5]
push_out_count 595
RUN 22
valores_ideales [17,8,22,29,36,22,26,31,22,15,38,38,7,14,30,21,32,22,2,38,28,11,12,16,11,27,16,16,10,30,29,34,41,17,15,17,31,23,18,12,12,19,14,29,35,25,17,10,16,24,16,19,14,14,2,10,18,9,46,11,14,26,29,15,20,2,28,15,13,31,27,21,24,17,19,19,14,5,21,16,19,18,34,10,25,33,25,20,12,42,12,15,18,30,21,5,14,15,26,11,11,20,16,20,33,17,11,12,8,27,22,2,15,33,16,17,12,23,18,19,15,34,25,17,15,19,22,4,16,16,19,11,42,21,18,9,4,6,31,40,11,24,17,33,37,17,33,17,14,15]
costo_por_agente [19,20,22,29,36,22,26,31,26,19,38,38,11,16,30,21,32,28,2,38,28,11,20,16,29,29,20,16,10,30,29,38,41,19,21,23,31,23,20,12,22,19,16,29,35,25,19,12,16,24,18,19,14,18,4,16,20,9,46,11,26,26,29,15,36,2,28,15,13,31,27,21,24,17,19,21,18,5,23,18,25,28,34,16,25,33,29,22,12,42,14,17,20,34,27,7,14,15,26,11,13,22,18,20,33,19,15,20,10,27,24,2,27,33,28,17,12,23,20,21,21,34,27,19,17,19,24,4,20,16,19,11,42,21,20,9,4,6,33,40,11,26,17,33,37,19,33,17,22,17]
completion_time_por_agente [19,32,23,30,36,22,29,32,36,22,39,38,17,18,30,21,36,38,2,39,30,11,25,16,43,31,20,16,12,30,29,46,41,21,26,26,34,25,22,12,25,20,21,30,37,27,20,12,16,25,19,19,14,20,4,25,21,9,46,11,35,26,29,16,44,2,29,16,13,32,28,22,24,21,19,25,18,5,29,20,25,48,34,22,26,35,29,22,13,42,14,19,26,35,29,12,14,15,28,12,13,23,20,22,33,19,17,29,13,28,24,4,39,35,44,18,12,25,27,22,26,34,30,23,19,19,24,4,20,17,20,11,45,21,23,10,7,7,33,40,11,26,18,36,37,20,34,18,35,19]
tiempo_ultimo_agente_goal 48
tiempo_en_acabar 48
tiempo_promedio 24.020000
agentes_en_goal 150
bad_good_total_rate_pred [8864,8130,16994,0.5]
push_out_count 632
RUN 23
valores_ideales [17,8,22,29,36,22,26,31,22,15,38,38,7,14,30,21,32,22,2,38,28,11,12,16,11,27,16,16,10,30,29,34,41,17,15,17,31,23,18,12,12,19,14,29,35,25,17,10,16,24,16,19,14,14,2,10,18,9,46,11,14,26,29,15,20,2,28,15,13,31,27,21,24,17,19,19,14,5,21,16,19,18,34,10,25,33,25,20,12,42,12,15,18,30,21,5,14,15,26,11,11,20,16,20,33,17,11,12,8,27,22,2,15,33,16,17,12,23,18,19,15,34,25,17,15,19,22,4,16,16,19,11,42,21,18,9,4,6,31,40,11,24,17,33,37,17,33,17,14,15]
costo_por_agente [21,10,28,31,36,24,26,31,22,21,38,38,9,24,30,21,32,26,2,40,30,11,20,16,15,29,16,22,18,30,29,34,41,19,23,25,33,23,18,12,22,21,16,29,35,25,17,10,16,34,18,19,14,18,4,10,22,15,46,11,16,34,29,19,26,2,28,17,13,31,27,23,24,17,19,19,14,9,25,16,21,20,34,12,25,33,27,22,12,42,16,21,20,30,25,5,14,17,28,13,19,22,18,20,35,17,11,18,8,27,22,2,17,35,20,27,12,25,24,19,21,34,27,23,15,19,22,6,20,16,25,11,42,21,20,15,4,6,31,40,11,24,17,33,37,17,33,17,20,21]
completion_time_por_agente [23,10,39,34,37,26,28,33,28,29,38,38,11,32,30,21,32,30,3,45,35,11,21,16,15,35,17,24,21,30,29,37,41,22,29,39,38,28,18,12,26,23,18,29,36,27,22,10,16,36,18,19,14,19,5,11,26,15,46,11,19,35,30,21,38,2,32,17,13,34,28,23,24,17,19,20,15,11,27,22,24,26,35,12,26,34,28,22,12,44,20,23,22,35,26,5,14,20,31,14,26,23,20,21,35,20,12,32,9,28,22,2,24,35,25,38,12,28,25,23,27,39,30,26,15,19,23,7,20,16,27,11,42,21,25,15,7,6,35,40,11,25,17,33,37,19,33,19,23,23]
tiempo_ultimo_agente_goal 46
tiempo_en_acabar 46
tiempo_promedio 23.886667
agentes_en_goal 150
bad_good_total_rate_pred [8856,7962,16818,0.5]
push_out_count 650
RUN 24
valores_ideales [17,8,22,29,36,22,26,31,22,15,38,38,7,14,30,21,32,22,2,38,28,11,12,16,11,27,16,16,10,30,29,34,41,17,15,17,31,23,18,12,12,19,14,29,35,25,17,10,16,24,16,19,14,14,2,10,18,9,46,11,14,26,29,15,20,2,28,15,13,31,27,21,24,17,19,19,14,5,21,16,19,18,34,10,25,33,25,20,12,42,12,15,18,30,21,5,14,15,26,11,11,20,16,20,33,17,11,12,8,27,22,2,15,33,16,17,12,23,18,19,15,34,25,17,15,19,22,4,16,16,19,11,42,21,18,9,4,6,31,40,11,24,17,33,37,17,33,17,14,15]
costo_por_agente [17,8,22,29,36,26,26,35,22,15,38,38,9,20,30,21,32,28,2,38,28,13,18,16,15,29,18,16,18,30,29,36,41,25,23,19,33,25,18,12,26,19,16,29,37,25,19,10,16,26,22,19,14,14,2,10,20,13,46,11,20,28,29,15,24,2,28,15,13,35,27,21,24,17,19,19,14,5,25,18,21,22,34,12,25,33,27,22,12,42,16,21,22,38,27,5,14,15,26,11,15,24,18,20,33,19,13,20,14,29,22,2,15,33,18,21,12,25,18,23,17,34,25,17,25,19,24,4,22,16,27,11,42,21,18,17,4,8,33,40,11,24,17,33,37,21,33,19,22,15]
completion_time_por_agente [17,8,22,29,39,33,29,42,23,15,38,38,9,21,30,21,32,37,2,39,29,13,21,18,23,32,21,16,28,31,29,36,42,40,35,23,37,26,20,12,31,19,16,30,40,26,22,10,16,28,25,19,14,16,2,10,22,13,46,13,22,31,30,15,27,2,28,15,13,44,29,21,24,17,19,20,15,5,27,21,24,26,34,12,26,33,30,22,12,42,18,29,24,45,34,5,14,15,28,12,16,25,19,23,33,19,16,23,18,34,22,2,17,39,25,22,12,26,20,27,22,34,25,24,34,19,32,4,28,18,33,11,42,22,21,25,6,9,34,40,12,26,18,33,37,24,38,21,33,18]
tiempo_ultimo_agente_goal 46
tiempo_en_acabar 46
tiempo_promedio 23.766666
agentes_en_goal 150
bad_good_total_rate_pred [8759,8081,16840,0.5]
push_out_count 686
RUN 25
valores_ideales [17,8,22,29,36,22,26,31,22,15,38,38,7,14,30,21,32,22,2,38,28,11,12,16,11,27,16,16,10,30,29,34,41,17,15,17,31,23,18,12,12,19,14,29,35,25,17,10,16,24,16,19,14,14,2,10,18,9,46,11,14,26,29,15,20,2,28,15,13,31,27,21,24,17,19,19,14,5,21,16,19,18,34,10,25,33,25,20,12,42,12,15,18,30,21,5,14,15,26,11,11,20,16,20,33,17,11,12,8,27,22,2,15,33,16,17,12,23,18,19,15,34,25,17,15,19,22,4,16,16,19,11,42,21,18,9,4,6,31,40,11,24,17,33,37,17,33,17,14,15]
costo_por_agente [21,8,24,29,36,22,32,31,26,27,38,38,9,22,30,21,32,24,2,38,28,11,22,16,19,31,16,16,10,30,29,34,41,21,19,23,35,25,18,12,20,23,14,29,35,25,27,12,16,26,18,19,16,16,4,10,20,15,46,13,24,28,31,17,26,2,28,15,13,33,27,21,24,19,19,19,14,7,25,18,21,30,36,14,25,33,29,22,12,42,28,17,18,32,29,5,14,15,28,11,11,22,16,20,33,17,15,14,18,29,22,4,27,33,28,17,12,31,22,19,19,34,25,19,15,19,22,4,18,16,21,13,42,21,28,9,4,6,33,40,11,26,17,33,37,23,33,17,18,27]
completion_time_por_agente [21,8,27,29,41,27,40,36,34,44,38,38,9,33,30,23,32,31,2,39,28,11,24,16,29,37,17,16,11,30,29,37,41,22,24,33,39,26,21,13,25,32,15,29,39,27,43,12,16,28,21,19,16,16,5,11,22,15,46,13,33,29,32,18,34,2,28,15,13,35,28,21,24,23,19,23,15,7,29,24,22,43,37,15,26,37,35,22,13,42,46,22,18,32,34,5,14,15,29,12,12,23,17,23,34,19,17,20,20,35,22,6,36,39,41,21,12,39,23,21,22,35,28,25,20,19,22,4,19,16,22,16,43,21,41,10,5,9,34,42,11,31,17,34,37,29,33,17,31,37]
tiempo_ultimo_agente_goal 46
tiempo_en_acabar 46
tiempo_promedio 24.780001
agentes_en_goal 150
bad_good_total_rate_pred [9777,8706,18483,0.5]
push_out_count 728
RUN 26
valores_ideales [17,8,22,29,36,22,26,31,22,15,38,38,7,14,30,21,32,22,2,38,28,11,12,16,11,27,16,16,10,30,29,34,41,17,15,17,31,23,18,12,12,19,14,29,35,25,17,10,16,24,16,19,14,14,2,10,18,9,46,11,14,26,29,15,20,2,28,15,13,31,27,21,24,17,19,19,14,5,21,16,19,18,34,10,25,33,25,20,12,42,12,15,18,30,21,5,14,15,26,11,11,20,16,20,33,17,11,12,8,27,22,2,15,33,16,17,12,23,18,19,15,34,25,17,15,19,22,4,16,16,19,11,42,21,18,9,4,6,31,40,11,24,17,33,37,17,33,17,14,15]
costo_por_agente [17,8,22,29,38,22,26,31,24,21,38,38,15,24,30,21,32,26,2,38,28,11,24,16,13,33,20,16,12,30,29,34,41,21,21,25,31,23,18,12,26,19,14,29,45,25,23,12,16,24,18,19,14,18,4,12,18,9,46,11,18,28,31,15,22,2,28,15,13,31,27,21,28,17,19,19,16,5,23,16,19,24,34,12,27,33,25,22,12,42,20,19,22,36,25,7,14,15,26,13,13,24,16,22,33,21,11,14,12,31,24,2,19,35,16,19,16,23,24,25,17,34,33,19,17,19,22,4,24,16,29,11,42,21,20,9,4,6,33,40,11,28,17,35,37,25,33,17,16,15]
completion_time_por_agente [17,8,23,29,43,23,29,32,30,25,38,38,18,28,30,23,34,29,2,39,28,11,35,16,14,36,20,16,14,30,29,35,41,27,28,29,34,26,19,12,41,19,15,29,55,27,26,12,16,28,23,19,15,23,4,15,20,9,46,12,24,29,35,17,22,2,29,16,13,34,28,21,28,18,19,20,16,5,25,19,19,25,34,14,30,37,25,22,12,42,23,19,36,40,32,8,16,15,28,14,17,26,18,27,33,22,12,27,13,35,24,3,24,40,17,23,16,25,30,38,19,34,40,26,20,19,23,5,29,16,30,11,44,21,21,9,7,6,33,41,11,35,17,37,37,40,33,19,26,19]
tiempo_ultimo_agente_goal 55
tiempo_en_acabar 55
tiempo_promedio 24.006666
agentes_en_goal 150
bad_good_total_rate_pred [9114,8228,17342,0.5]
push_out_count 758
RUN 27
valores_ideales [17,8,22,29,36,22,26,31,22,15,38,38,7,14,30,21,32,22,2,38,28,11,12,16,11,27,16,16,10,30,29,34,41,17,15,17,31,23,18,12,12,19,14,29,35,25,17,10,16,24,16,19,14,14,2,10,18,9,46,11,14,26,29,15,20,2,28,15,13,31,27,21,24,17,19,19,14,5,21,16,19,18,34,10,25,33,25,20,12,42,12,15,18,30,21,5,14,15,26,11,11,20,16,20,33,17,11,12,8,27,22,2,15,33,16,17,12,23,18,19,15,34,25,17,15,19,22,4,16,16,19,11,42,21,18,9,4,6,31,40,11,24,17,33,37,17,33,17,14,15]
costo_por_agente [17,16,22,29,36,24,36,31,28,15,38,38,19,20,30,21,32,22,2,38,28,11,26,18,17,31,16,16,10,30,29,34,41,17,19,27,31,25,18,12,12,19,14,29,45,25,25,12,16,24,18,19,16,20,4,10,24,11,46,11,22,28,31,15,22,2,28,23,15,31,27,23,24,19,19,19,14,5,25,20,19,24,34,12,25,35,27,22,14,42,20,21,22,32,25,7,14,17,26,17,11,22,18,20,33,17,13,24,10,27,22,2,17,35,18,17,12,27,24,27,15,34,25,19,15,19,24,4,22,16,23,11,42,21,20,11,12,6,33,40,13,36,17,33,37,23,33,17,16,15]
completion_time_por_agente [17,19,23,31,41,24,49,32,34,16,42,38,21,30,30,23,33,26,2,39,29,11,29,19,17,36,17,16,11,31,29,35,41,22,24,34,33,26,19,12,15,20,19,29,56,30,33,12,16,29,19,19,16,21,5,12,25,12,46,11,29,30,35,18,22,2,28,26,18,32,29,27,24,19,19,19,15,5,29,21,24,30,34,14,26,40,29,23,19,42,22,28,29,32,26,8,14,17,28,19,14,23,20,23,33,17,18,36,14,29,22,4,18,37,18,18,12,27,28,36,18,34,28,26,15,19,24,4,24,16,24,11,42,21,24,11,24,6,34,40,13,49,17,34,37,28,34,19,23,15]
tiempo_ultimo_agente_goal 56
tiempo_en_acabar 56
tiempo_promedio 24.120001
agentes_en_goal 150
bad_good_total_rate_pred [8788,8427,17215,0.5]
push_out_count 792
RUN 28
valores_ideales [17,8,22,29,36,22,26,31,22,15,38,38,7,14,30,21,32,22,2,38,28,11,12,16,11,27,16,16,10,30,29,34,41,17,15,17,31,23,18,12,12,19,14,29,35,25,17,10,16,24,16,19,14,14,2,10,18,9,46,11,14,26,29,15,20,2,28,15,13,31,27,21,24,17,19,19,14,5,21,16,19,18,34,10,25,33,25,20,12,42,12,15,18,30,21,5,14,15,26,11,11,20,16,20,33,17,11,12,8,27,22,2,15,33,16,17,12,23,18,19,15,34,25,17,15,19,22,4,16,16,19,11,42,21,18,9,4,6,31,40,11,24,17,33,37,17,33,17,14,15]
costo_por_agente [19,10,24,33,36,22,28,31,30,19,38,40,11,20,30,23,32,26,4,42,28,11,22,16,21,27,18,20,10,30,29,34,41,23,15,25,33,23,18,12,26,19,14,29,39,25,23,10,16,26,16,19,14,22,2,10,22,15,46,11,20,28,31,17,26,2,28,17,13,31,27,23,24,21,19,19,14,5,23,20,27,24,34,12,25,33,25,22,14,42,12,17,24,32,29,11,14,15,26,11,27,20,26,26,33,19,11,24,14,27,22,2,25,35,20,27,12,23,22,21,21,34,27,19,21,19,22,18,24,16,23,11,42,21,24,11,4,8,33,40,11,24,17,33,37,23,33,17,30,19]
completion_time_por_agente [20,11,26,36,37,22,39,33,42,21,40,40,13,23,30,23,33,29,4,48,32,11,24,17,22,32,19,20,10,31,29,37,41,27,15,35,38,26,18,12,37,21,14,30,47,25,28,10,18,30,18,19,14,29,3,15,26,17,46,12,30,28,31,17,32,2,30,17,13,34,29,26,25,21,19,19,15,5,29,22,31,28,34,13,26,36,30,22,14,42,12,19,34,38,36,18,14,15,28,12,38,20,34,26,34,19,13,36,18,28,22,4,39,38,25,34,12,27,25,29,25,34,33,22,22,19,23,23,31,17,25,11,48,21,25,14,6,8,34,42,11,28,17,36,37,24,33,17,48,20]
tiempo_ultimo_agente_goal 48
tiempo_en_acabar 48
tiempo_promedio 24.973333
agentes_en_goal 150
bad_good_total_rate_pred [9802,9051,18853,0.5]
push_out_count 835
RUN 29
valores_ideales [17,8,22,29,36,22,26,31,22,15,38,38,7,14,30,21,32,22,2,38,28,11,12,16,11,27,16,16,10,30,29,34,41,17,15,17,31,23,18,12,12,19,14,29,35,25,17,10,16,24,16,19,14,14,2,10,18,9,46,11,14,26,29,15,20,2,28,15,13,31,27,21,24,17,19,19,14,5,21,16,19,18,34,10,25,33,25,20,12,42,12,15,18,30,21,5,14,15,26,11,11,20,16,20,33,17,11,12,8,27,22,2,15,33,16,17,12,23,18,19,15,34,25,17,15,19,22,4,16,16,19,11,42,21,18,9,4,6,31,40,11,24,17,33,37,17,33,17,14,15]
costo_por_agente [25,8,22,29,38,24,28,35,22,15,38,38,19,16,30,21,32,26,2,38,28,11,22,16,13,29,16,16,12,30,29,34,41,23,21,21,31,23,18,12,24,23,24,29,35,25,21,12,16,24,22,19,14,22,4,10,22,15,46,13,20,30,29,15,26,2,28,15,13,31,27,21,24,19,19,21,16,5,25,22,19,26,34,16,25,33,25,22,12,42,12,15,18,32,29,11,14,15,28,13,17,22,16,20,33,17,15,16,14,29,22,2,17,33,26,23,14,23,20,23,19,34,25,19,19,19,22,4,22,16,19,11,42,21,24,27,8,10,33,40,13,26,17,33,37,25,33,17,24,15]
completion_time_por_agente [29,8,23,30,42,25,30,41,24,15,39,39,24,19,30,21,32,31,2,40,28,11,23,16,22,35,16,16,13,30,29,37,41,27,27,25,33,25,18,12,31,32,36,29,40,26,26,12,16,26,32,19,16,28,5,12,28,16,47,13,23,31,32,16,26,2,28,15,13,32,28,21,27,21,19,24,19,5,27,26,19,28,34,28,26,36,29,22,13,42,13,16,18,32,43,14,15,15,28,16,24,23,20,20,33,17,20,21,18,34,22,4,17,36,29,33,14,23,20,26,22,36,25,27,21,19,22,4,29,17,21,11,43,21,30,42,11,11,34,40,14,28,17,34,38,29,33,19,34,17]
tiempo_ultimo_agente_goal 47
tiempo_en_acabar 47
tiempo_promedio 24.286667
agentes_en_goal 150
bad_good_total_rate_pred [8694,8412,17106,0.5]
push_out_count 871
RUN 30
valores_ideales [17,8,22,29,36,22,26,31,22,15,38,38,7,14,30,21,32,22,2,38,28,11,12,16,11,27,16,16,10,30,29,34,41,17,15,17,31,23,18,12,12,19,14,29,35,25,17,10,16,24,16,19,14,14,2,10,18,9,46,11,14,26,29,15,20,2,28,15,13,31,27,21,24,17,19,19,14,5,21,16,19,18,34,10,25,33,25,20,12,42,12,15,18,30,21,5,14,15,26,11,11,20,16,20,33,17,11,12,8,27,22,2,15,33,16,17,12,23,18,19,15,34,25,17,15,19,22,4,16,16,19,11,42,21,18,9,4,6,31,40,11,24,17,33,37,17,33,17,14,15]
costo_por_agente [17,8,22,29,36,24,26,31,26,15,38,38,9,24,30,21,32,24,4,38,32,11,18,16,15,29,16,16,10,30,29,34,41,25,19,19,33,23,18,12,14,23,16,29,35,25,19,12,16,24,18,19,14,16,6,10,22,9,46,13,14,32,29,17,22,2,28,15,13,31,27,21,24,17,19,19,16,5,25,16,23,20,34,12,25,33,27,22,14,42,16,21,24,30,25,7,14,15,30,11,11,22,16,20,33,19,13,18,12,31,22,2,19,33,18,19,12,25,32,19,17,34,27,21,17,19,24,4,24,16,23,11,42,21,18,9,4,6,33,40,11,24,17,33,37,19,33,19,24,17]
completion_time_por_agente [17,8,27,30,37,25,30,33,29,15,38,38,10,29,30,23,33,30,4,39,38,11,19,16,18,33,17,16,11,31,29,35,41,32,29,21,36,25,19,12,19,25,17,30,36,26,23,12,16,26,19,19,14,18,6,11,27,9,46,13,17,35,33,20,22,2,32,16,13,32,29,21,24,18,19,19,18,5,25,18,28,21,34,13,26,33,31,22,15,44,21,23,25,34,32,8,14,15,36,14,13,23,20,24,33,19,19,26,16,31,22,2,27,36,18,21,13,29,45,22,21,34,30,23,20,19,25,4,24,18,28,11,42,21,25,11,5,7,34,41,11,25,18,33,37,25,36,19,29,20]
tiempo_ultimo_agente_goal 46
tiempo_en_acabar 46
tiempo_promedio 23.253334
agentes_en_goal 150
bad_good_total_rate_pred [8691,7981,16672,0.5]
push_out_count 885
RUN 31
valores_ideales [17,8,22,29,36,22,26,31,22,15,38,38,7,14,30,21,32,22,2,38,28,11,12,16,11,27,16,16,10,30,29,34,41,17,15,17,31,23,18,12,12,19,14,29,35,25,17,10,16,24,16,19,14,14,2,10,18,9,46,11,14,26,29,15,20,2,28,15,13,31,27,21,24,17,19,19,14,5,21,16,19,18,34,10,25,33,25,20,12,42,12,15,18,30,21,5,14,15,26,11,11,20,16,20,33,17,11,12,8,27,22,2,15,33,16,17,12,23,18,19,15,34,25,17,15,19,22,4,16,16,19,11,42,21,18,9,4,6,31,40,11,24,17,33,37,17,33,17,14,15]
costo_por_agente [17,8,22,29,36,24,26,31,24,19,38,40,11,20,30,21,32,24,2,38,28,11,16,16,11,29,16,16,18,30,29,34,41,21,19,21,31,23,18,12,16,19,16,29,35,25,27,12,16,24,20,19,14,18,2,12,26,9,46,15,16,26,29,17,22,2,30,17,13,37,27,21,24,17,19,19,14,5,23,18,23,24,34,12,25,33,25,22,12,42,22,17,18,34,27,5,14,17,26,13,23,22,16,20,33,17,15,20,18,27,22,2,15,35,18,19,14,25,22,27,17,34,29,21,15,19,22,4,22,16,19,13,42,21,24,13,10,6,33,40,11,24,17,33,37,17,33,17,24,17]
completion_time_por_agente [17,9,23,30,37,24,29,32,25,22,40,40,16,34,30,23,33,30,2,39,29,11,19,16,11,32,18,16,22,31,29,35,41,21,24,25,33,25,18,12,18,23,17,30,37,25,30,12,18,24,22,19,14,20,4,13,29,9,46,16,17,26,31,19,22,2,33,17,13,45,29,22,24,18,19,19,15,5,25,18,26,32,38,14,26,35,25,23,13,42,23,18,20,34,30,5,14,18,28,15,29,23,20,20,33,21,16,22,23,29,22,4,16,40,21,21,17,29,23,31,22,37,34,29,15,19,22,4,25,17,22,13,43,21,24,13,13,7,36,40,11,25,17,33,37,18,34,17,29,19]
tiempo_ultimo_agente_goal 46
tiempo_en_acabar 46
tiempo_promedio 23.219999
agentes_en_goal 150
bad_good_total_rate_pred [8745,7782,16527,0.5]
push_out_count 897
RUN 32
valores_ideales [17,8,22,29,36,22,26,31,22,15,38,38,7,14,30,21,32,22,2,38,28,11,12,16,11,27,16,16,10,30,29,34,41,17,15,17,31,23,18,12,12,19,14,29,35,25,17,10,16,24,16,19,14,14,2,10,18,9,46,11,14,26,29,15,20,2,28,15,13,31,27,21,24,17,19,19,14,5,21,16,19,18,34,10,25,33,25,20,12,42,12,15,18,30,21,5,14,15,26,11,11,20,16,20,33,17,11,12,8,27,22,2,15,33,16,17,12,23,18,19,15,34,25,17,15,19,22,4,16,16,19,11,42,21,18,9,4,6,31,40,11,24,17,33,37,17,33,17,14,15]
costo_por_agente [17,8,24,29,36,22,26,31,32,25,40,40,9,20,30,23,34,30,2,38,30,11,20,16,13,31,16,16,16,30,29,38,41,19,19,25,37,23,18,12,20,21,14,31,35,29,27,10,16,26,16,19,14,16,10,12,24,11,46,11,20,30,29,17,24,2,28,27,13,37,29,27,26,23,19,19,18,5,23,20,21,30,34,12,25,35,29,22,14,42,18,15,18,30,31,7,14,15,28,15,11,22,20,22,35,19,17,26,14,29,22,2,23,35,16,23,14,25,18,21,17,34,27,21,19,19,22,4,24,16,19,25,42,21,26,9,8,6,33,40,11,26,17,35,37,25,33,19,34,15]
completion_time_por_agente [17,8,24,32,38,25,29,32,48,31,42,42,9,31,30,24,39,38,2,41,33,11,21,17,17,33,17,17,20,31,29,43,41,23,21,32,42,25,21,12,27,22,14,31,36,32,32,10,16,26,23,21,14,18,10,15,31,14,46,12,28,31,32,17,25,2,28,40,13,43,30,30,26,24,19,23,18,5,25,32,23,49,36,13,26,37,35,22,15,42,21,19,20,34,40,8,14,15,33,16,15,22,22,23,36,22,23,39,18,33,22,4,28,38,21,24,15,31,21,22,21,37,29,22,21,19,23,5,27,18,23,43,44,21,39,10,12,7,34,41,12,32,17,40,38,31,33,19,52,19]
tiempo_ultimo_agente_goal 52
tiempo_en_acabar 52
tiempo_promedio 25.433332
agentes_en_goal 150
bad_good_total_rate_pred [10555,8671,19226,0.5]
push_out_count 952
RUN 33
valores_ideales [17,8,22,29,36,22,26,31,22,15,38,38,7,14,30,21,32,22,2,38,28,11,12,16,11,27,16,16,10,30,29,34,41,17,15,17,31,23,18,12,12,19,14,29,35,25,17,10,16,24,16,19,14,14,2,10,18,9,46,11,14,26,29,15,20,2,28,15,13,31,27,21,24,17,19,19,14,5,21,16,19,18,34,10,25,33,25,20,12,42,12,15,18,30,21,5,14,15,26,11,11,20,16,20,33,17,11,12,8,27,22,2,15,33,16,17,12,23,18,19,15,34,25,17,15,19,22,4,16,16,19,11,42,21,18,9,4,6,31,40,11,24,17,33,37,17,33,17,14,15]
costo_por_agente [17,10,22,29,36,22,34,33,24,15,40,38,13,16,30,21,32,26,2,38,30,11,18,16,19,31,16,16,22,30,29,34,41,23,23,21,33,25,18,12,22,19,16,29,35,25,27,10,16,28,16,19,14,18,4,10,20,13,46,11,18,28,29,15,24,2,28,15,13,31,27,21,24,19,19,19,18,5,23,24,23,24,34,12,25,33,29,22,12,42,20,15,20,32,23,5,14,15,26,27,11,22,16,20,33,19,13,16,20,27,22,2,15,33,20,17,12,25,20,23,17,34,25,19,15,19,22,4,18,16,23,11,42,21,20,11,4,6,33,40,11,26,17,33,37,21,33,25,22,23]
completion_time_por_agente [17,10,24,31,36,23,36,36,26,15,44,38,17,19,30,23,36,34,2,39,32,11,22,18,23,39,18,16,37,31,29,36,42,27,27,25,35,26,18,12,32,22,17,29,36,27,38,10,16,32,17,19,15,22,4,12,21,14,46,12,23,29,30,15,26,2,29,16,13,32,29,21,24,19,19,20,19,5,23,27,26,32,34,12,26,36,34,22,13,42,27,16,27,33,26,5,15,15,29,36,13,23,20,22,33,21,17,18,29,29,22,4,19,35,20,17,13,28,22,27,23,34,29,25,19,19,22,4,22,16,26,11,42,21,23,12,5,6,34,40,11,28,19,35,39,22,33,26,27,27]
tiempo_ultimo_agente_goal 46
tiempo_en_acabar 46
tiempo_promedio 23.733334
agentes_en_goal 150
bad_good_total_rate_pred [9057,8068,17125,0.5]
push_out_count 972
RUN 34
valores_ideales [17,8,22,29,36,22,26,31,22,15,38,38,7,14,30,21,32,22,2,38,28,11,12,16,11,27,16,16,10,30,29,34,41,17,15,17,31,23,18,12,12,19,14,29,35,25,17,10,16,24,16,19,14,14,2,10,18,9,46,11,14,26,29,15,20,2,28,15,13,31,27,21,24,17,19,19,14,5,21,16,19,18,34,10,25,33,25,20,12,42,12,15,18,30,21,5,14,15,26,11,11,20,16,20,33,17,11,12,8,27,22,2,15,33,16,17,12,23,18,19,15,34,25,17,15,19,22,4,16,16,19,11,42,21,18,9,4,6,31,40,11,24,17,33,37,17,33,17,14,15]
costo_por_agente [17,8,22,29,36,22,28,31,26,15,42,38,9,16,30,21,32,34,2,38,32,13,18,20,15,33,16,16,26,30,29,34,41,17,21,19,31,23,20,12,18,19,18,29,35,25,21,12,16,24,26,19,14,16,2,10,22,9,46,13,14,32,31,15,26,2,28,17,13,31,27,23,24,19,19,19,14,5,27,18,23,20,34,12,25,33,29,22,12,42,14,17,26,34,33,5,14,15,26,11,13,22,18,20,35,21,13,26,14,27,22,2,19,33,16,19,12,25,22,25,29,34,25,23,17,19,22,4,22,18,21,15,42,21,22,13,4,6,35,40,13,28,17,37,39,33,33,17,20,15]
completion_time_por_agente [17,8,23,31,36,22,33,32,34,18,46,38,9,18,30,22,33,46,2,40,42,13,22,20,22,34,17,16,39,31,29,36,41,19,25,20,33,28,20,12,24,22,19,29,37,26,24,12,16,25,37,19,14,17,4,12,25,9,47,14,17,33,32,16,26,2,30,17,13,32,29,23,25,20,19,23,16,5,38,22,24,24,35,16,26,34,35,22,13,42,16,18,31,37,46,5,14,15,28,12,17,23,21,23,36,23,17,43,17,28,22,2,22,36,21,23,12,28,23,31,40,35,27,25,18,19,22,4,29,19,25,16,43,21,27,16,5,6,38,40,14,35,20,43,40,53,33,18,29,18]
tiempo_ultimo_agente_goal 53
tiempo_en_acabar 53
tiempo_promedio 24.440001
agentes_en_goal 150
bad_good_total_rate_pred [8590,8630,17220,0.5]
push_out_count 1014
RUN 35
valores_ideales [17,8,22,29,36,22,26,31,22,15,38,38,7,14,30,21,32,22,2,38,28,11,12,16,11,27,16,16,10,30,29,34,41,17,15,17,31,23,18,12,12,19,14,29,35,25,17,10,16,24,16,19,14,14,2,10,18,9,46,11,14,26,29,15,20,2,28,15,13,31,27,21,24,17,19,19,14,5,21,16,19,18,34,10,25,33,25,20,12,42,12,15,18,30,21,5,14,15,26,11,11,20,16,20,33,17,11,12,8,27,22,2,15,33,16,17,12,23,18,19,15,34,25,17,15,19,22,4,16,16,19,11,42,21,18,9,4,6,31,40,11,24,17,33,37,17,33,17,14,15]
costo_por_agente [19,8,22,29,36,22,26,31,22,15,38,38,15,26,30,21,34,32,8,38,30,11,24,16,13,33,16,16,18,30,29,36,41,19,29,19,31,23,18,12,22,19,14,29,35,25,21,12,16,24,16,19,14,14,2,10,30,11,46,11,18,30,31,15,22,2,28,17,13,31,27,21,24,17,19,19,14,5,23,18,21,22,36,12,25,33,27,22,12,42,18,17,28,34,35,5,14,15,26,13,13,22,16,22,33,19,11,24,20,27,22,2,17,33,16,17,12,23,22,23,15,34,25,17,17,19,22,4,20,16,21,11,42,23,22,9,8,6,33,40,11,30,17,33,37,23,33,17,28,17]
completion_time_por_agente [20,8,25,30,41,27,31,32,24,19,38,38,21,32,30,23,36,43,9,39,30,11,28,16,14,34,17,16,23,30,29,38,41,21,39,21,33,25,18,12,28,19,17,29,36,26,25,12,16,25,18,19,14,15,3,12,35,11,46,11,21,31,32,15,22,2,28,17,13,33,28,21,24,17,19,23,15,5,25,19,23,30,39,13,26,36,32,22,12,42,21,18,31,34,49,6,14,15,28,14,14,23,20,26,33,19,13,31,25,29,22,2,20,35,17,17,12,26,25,26,20,34,28,27,17,19,23,4,21,18,23,13,44,23,27,11,14,8,34,40,11,35,17,34,39,28,33,18,29,20]
tiempo_ultimo_agente_goal 49
tiempo_en_acabar 49
tiempo_promedio 23.606667
agentes_en_goal 150
bad_good_total_rate_pred [8884,7902,16786,0.5]
push_out_count 1026
RUN 36
valores_ideales [17,8,22,29,36,22,26,31,22,15,38,38,7,14,30,21,32,22,2,38,28,11,12,16,11,27,16,16,10,30,29,34,41,17,15,17,31,23,18,12,12,19,14,29,35,25,17,10,16,24,16,19,14,14,2,10,18,9,46,11,14,26,29,15,20,2,28,15,13,31,27,21,24,17,19,19,14,5,21,16,19,18,34,10,25,33,25,20,12,42,12,15,18,30,21,5,14,15,26,11,11,20,16,20,33,17,11,12,8,27,22,2,15,33,16,17,12,23,18,19,15,34,25,17,15,19,22,4,16,16,19,11,42,21,18,9,4,6,31,40,11,24,17,33,37,17,33,17,14,15]
costo_por_agente [19,8,22,29,36,24,26,33,30,15,38,38,15,24,30,23,32,26,2,38,28,11,22,18,25,29,16,16,10,30,29,34,41,21,17,17,35,23,18,12,18,21,16,29,35,27,23,12,16,26,16,19,14,14,2,10,18,13,46,13,16,28,29,17,26,2,30,17,13,31,29,21,24,17,19,19,18,5,31,16,19,22,34,12,25,33,25,22,12,42,14,19,22,32,27,5,14,15,26,11,23,22,16,20,35,19,13,12,16,29,22,2,17,33,24,17,12,23,20,21,15,34,25,19,15,19,22,4,22,16,19,11,42,21,22,23,4,6,31,40,11,24,17,33,37,17,33,17,26,17]
completion_time_por_agente [20,8,23,29,37,25,26,36,40,18,38,38,18,32,30,23,33,35,2,39,28,11,24,18,40,33,17,16,12,30,29,35,42,21,18,21,39,25,18,12,31,22,17,29,36,27,28,12,16,29,20,19,14,20,4,10,19,13,46,13,19,28,31,18,26,2,31,18,13,32,29,22,25,18,19,19,19,5,44,20,19,25,34,12,26,34,25,22,12,42,19,24,25,40,32,6,14,15,28,12,28,23,18,23,35,19,14,14,21,29,22,4,17,35,32,21,14,29,21,24,16,34,28,25,15,19,22,4,23,16,21,11,44,21,23,30,7,6,35,40,12,25,19,33,37,26,37,17,37,19]
tiempo_ultimo_agente_goal 46
tiempo_en_acabar 46
tiempo_promedio 23.420000
agentes_en_goal 150
bad_good_total_rate_pred [8347,7787,16134,0.5]
push_out_count 1050
RUN 37
valores_ideales [17,8,22,29,36,22,26,31,22,15,38,38,7,14,30,21,32,22,2,38,28,11,12,16,11,27,16,16,10,30,29,34,41,17,15,17,31,23,18,12,12,19,14,29,35,25,17,10,16,24,16,19,14,14,2,10,18,9,46,11,14,26,29,15,20,2,28,15,13,31,27,21,24,17,19,19,14,5,21,16,19,18,34,10,25,33,25,20,12,42,12,15,18,30,21,5,14,15,26,11,11,20,16,20,33,17,11,12,8,27,22,2,15,33,16,17,12,23,18,19,15,34,25,17,15,19,22,4,16,16,19,11,42,21,18,9,4,6,31,40,11,24,17,33,37,17,33,17,14,15]
costo_por_agente [17,24,22,31,36,22,32,31,24,17,38,38,9,18,30,21,32,22,2,38,30,11,16,16,13,29,18,16,14,30,29,34,41,17,23,19,31,23,18,12,14,27,16,29,35,25,21,10,16,24,16,19,14,16,4,10,22,11,46,11,22,32,37,17,32,2,28,15,13,31,29,23,24,17,19,21,14,5,27,18,19,18,34,10,25,33,27,22,12,42,14,19,22,32,23,5,14,15,28,11,11,20,22,20,33,19,13,22,12,27,22,2,19,33,18,21,12,25,24,23,17,34,27,17,17,19,22,4,20,16,21,11,42,21,20,13,4,8,33,40,11,24,17,33,37,19,33,17,18,15]
completion_time_por_agente [17,29,23,32,38,22,41,33,28,19,38,38,12,19,30,21,32,26,2,43,36,11,19,16,14,32,21,18,19,30,29,36,41,21,36,24,37,25,18,13,18,41,17,29,36,27,27,10,16,26,16,19,14,21,6,12,23,11,48,11,24,33,44,20,33,2,32,16,13,32,29,23,24,17,19,23,14,5,32,21,22,18,34,11,26,35,34,22,12,42,16,23,26,35,33,5,16,15,32,16,11,20,22,20,33,20,17,24,15,29,22,2,23,35,18,22,12,29,27,30,22,34,29,23,19,19,23,4,21,17,27,11,42,21,22,17,6,9,36,40,11,26,17,33,37,23,34,20,27,18]
tiempo_ultimo_agente_goal 48
tiempo_en_acabar 48
tiempo_promedio 23.433332
agentes_en_goal 150
bad_good_total_rate_pred [8796,7974,16770,0.5]
push_out_count 1075
RUN 38
valores_ideales [17,8,22,29,36,22,26,31,22,15,38,38,7,14,30,21,32,22,2,38,28,11,12,16,11,27,16,16,10,30,29,34,41,17,15,17,31,23,18,12,12,19,14,29,35,25,17,10,16,24,16,19,14,14,2,10,18,9,46,11,14,26,29,15,20,2,28,15,13,31,27,21,24,17,19,19,14,5,21,16,19,18,34,10,25,33,25,20,12,42,12,15,18,30,21,5,14,15,26,11,11,20,16,20,33,17,11,12,8,27,22,2,15,33,16,17,12,23,18,19,15,34,25,17,15,19,22,4,16,16,19,11,42,21,18,9,4,6,31,40,11,24,17,33,37,17,33,17,14,15]
costo_por_agente [17,10,26,29,36,24,28,31,22,17,38,38,9,18,30,23,32,22,4,38,28,13,20,16,17,29,16,16,14,30,29,34,41,17,25,17,33,23,20,12,14,19,16,29,35,25,19,10,16,26,18,19,14,26,4,10,28,9,46,11,16,30,29,15,22,2,28,17,13,31,27,23,26,21,19,27,14,5,25,26,21,28,34,12,25,33,27,22,14,42,14,17,22,34,23,7,14,15,26,17,21,22,16,20,35,19,17,18,12,29,22,2,17,35,16,23,12,33,20,25,19,34,25,19,17,19,24,8,20,16,27,11,42,21,20,11,6,6,31,40,11,28,17,33,37,23,33,23,20,15]
completion_time_por_agente [17,10,31,29,36,25,31,33,24,18,38,38,11,25,30,23,32,24,4,39,28,13,28,16,20,34,17,17,16,30,29,37,41,17,36,20,33,25,20,12,20,22,19,29,36,27,23,10,16,32,19,19,15,33,5,11,36,9,46,11,24,33,31,15,23,2,29,17,13,34,29,26,26,22,19,33,16,5,25,27,23,33,34,13,26,36,28,23,14,43,22,17,22,40,29,8,14,17,28,26,23,23,18,21,35,19,19,25,12,30,22,4,22,42,16,29,12,39,22,33,20,36,29,26,17,19,27,8,23,16,37,11,43,22,22,11,8,7,34,40,11,35,17,33,37,25,33,24,26,16]
tiempo_ultimo_agente_goal 46
tiempo_en_acabar 46
tiempo_promedio 23.793333
agentes_en_goal 150
bad_good_total_rate_pred [8298,8061,16359,0.5]
push_out_count 1101
RUN 39
valores_ideales [17,8,22,29,36,22,26,31,22,15,38,38,7,14,30,21,32,22,2,38,28,11,12,16,11,27,16,16,10,30,29,34,41,17,15,17,31,23,18,12,12,19,14,29,35,25,17,10,16,24,16,19,14,14,2,10,18,9,46,11,14,26,29,15,20,2,28,15,13,31,27,21,24,17,19,19,14,5,21,16,19,18,34,10,25,33,25,20,12,42,12,15,18,30,21,5,14,15,26,11,11,20,16,20,33,17,11,12,8,27,22,2,15,33,16,17,12,23,18,19,15,34,25,17,15,19,22,4,16,16,19,11,42,21,18,9,4,6,31,40,11,24,17,33,37,17,33,17,14,15]
costo_por_agente [17,14,22,29,36,24,28,31,26,15,38,38,19,28,30,21,32,26,2,38,34,13,18,16,13,37,16,16,18,30,29,34,41,25,15,27,31,23,18,12,24,21,16,29,35,25,25,12,16,30,16,19,16,14,4,10,18,9,46,13,20,28,29,17,20,2,28,19,13,31,27,23,24,19,19,21,14,9,25,18,21,18,34,12,25,33,29,22,12,42,16,15,18,32,23,5,14,15,26,11,15,22,16,20,35,19,15,22,12,27,22,2,19,33,18,19,12,23,20,19,17,34,25,23,23,19,22,4,20,16,21,13,42,21,18,23,6,6,33,40,11,26,17,33,37,25,33,21,28,19]
completion_time_por_agente [17,14,23,30,36,25,30,36,34,15,38,38,20,36,30,22,33,31,2,43,34,14,20,17,13,44,18,17,28,30,29,38,42,38,18,31,33,26,18,12,28,26,17,29,36,27,35,12,16,38,21,19,17,16,5,11,19,9,46,13,20,29,31,17,22,2,29,20,13,34,28,26,24,19,19,23,14,9,33,19,23,19,35,12,26,34,30,23,13,42,19,17,18,34,24,5,14,15,29,12,15,23,17,23,36,19,19,27,14,29,22,4,31,35,18,20,12,27,21,21,22,37,28,25,23,19,22,4,24,16,23,14,42,21,21,25,8,6,36,40,11,26,17,34,37,31,33,23,37,22]
tiempo_ultimo_agente_goal 46
tiempo_en_acabar 46
tiempo_promedio 23.653334
agentes_en_goal 150
bad_good_total_rate_pred [8800,8030,16830,0.5]
push_out_count 1124
