RUN 0
valores_ideales [0,0,0,0,0,0,0,0,0,0,0,0,0,0,0,0,0,0,0,0,0,0,0,0,0,0,0,0,0,0,0,0,0,0,0,0,0,0,0,0,0,0,0,0,0,0,0,0,0,0]
costo_por_agente [76,298,14,54,10,19,40,10,15,15,151,26,40,15,34,158,31,33,264,27,124,3,287,98,44,9,25,50,8,7,17,18,25,25,16,20,27,395,16,24,75,28,17,80,5,15,25,19,2,49]
completion_time_por_agente [77,299,15,55,11,20,42,11,16,16,152,27,41,16,35,159,32,34,265,29,127,4,289,99,45,10,26,51,9,8,18,19,26,26,17,21,28,396,17,25,76,29,18,81,6,16,26,20,3,50]
tiempo_ultimo_agente_goal 396
tiempo_en_acabar 396
tiempo_promedio 58.759998
agentes_en_goal 50
push_out_count 0
RUN 1
valores_ideales [0,0,0,0,0,0,0,0,0,0,0,0,0,0,0,0,0,0,0,0,0,0,0,0,0,0,0,0,0,0,0,0,0,0,0,0,0,0,0,0,0,0,0,0,0,0,0,0,0,0]
costo_por_agente [106,352,14,70,10,19,196,10,15,15,37,26,34,15,32,56,31,39,284,27,388,3,325,242,42,9,23,66,8,7,17,18,25,25,16,16,27,297,16,28,63,28,17,80,5,15,25,27,2,57]
completion_time_por_agente [107,353,15,71,11,20,197,11,16,16,39,27,35,16,33,57,32,40,286,28,389,4,326,243,43,10,24,67,9,8,18,19,26,26,17,17,28,298,17,29,64,29,18,81,6,16,26,28,3,58]
tiempo_ultimo_agente_goal 389
tiempo_en_acabar 389
tiempo_promedio 67.139999
agentes_en_goal 50
push_out_count 0
RUN 2
valores_ideales [0,0,0,0,0,0,0,0,0,0,0,0,0,0,0,0,0,0,0,0,0,0,0,0,0,0,0,0,0,0,0,0,0,0,0,0,0,0,0,0,0,0,0,0,0,0,0,0,0,0]
costo_por_agente [58,316,8,90,10,19,88,10,17,15,35,26,32,17,34,120,31,35,126,27,86,3,459,306,44,9,25,50,8,7,17,18,29,25,16,16,27,329,16,22,55,28,17,70,5,15,25,19,2,87]
completion_time_por_agente [59,317,9,91,11,20,89,11,18,16,37,27,33,18,35,121,32,36,127,28,88,4,460,307,45,10,26,51,9,8,18,19,30,26,17,17,28,330,17,23,56,29,18,71,6,16,26,20,3,88]
tiempo_ultimo_agente_goal 460
tiempo_en_acabar 460
tiempo_promedio 60.020000
agentes_en_goal 50
push_out_count 0
RUN 3
valores_ideales [0,0,0,0,0,0,0,0,0,0,0,0,0,0,0,0,0,0,0,0,0,0,0,0,0,0,0,0,0,0,0,0,0,0,0,0,0,0,0,0,0,0,0,0,0,0,0,0,0,0]
costo_por_agente [98,252,8,52,10,19,42,10,15,15,331,26,32,15,32,64,31,43,86,27,106,3,693,210,50,9,25,42,8,7,17,18,25,27,16,16,27,377,18,22,77,30,17,68,5,15,29,19,2,51]
completion_time_por_agente [99,253,9,53,11,21,43,11,16,16,334,27,33,16,33,65,32,45,87,28,108,4,694,212,51,10,26,43,9,8,18,19,26,28,17,17,28,378,19,23,78,31,18,69,6,16,30,20,3,52]
tiempo_ultimo_agente_goal 694
tiempo_en_acabar 694
tiempo_promedio 65.860001
agentes_en_goal 50
push_out_count 0
RUN 4
valores_ideales [0,0,0,0,0,0,0,0,0,0,0,0,0,0,0,0,0,0,0,0,0,0,0,0,0,0,0,0,0,0,0,0,0,0,0,0,0,0,0,0,0,0,0,0,0,0,0,0,0,0]
costo_por_agente [118,416,8,22,10,21,158,10,15,15,467,26,34,15,32,294,31,47,86,29,284,3,475,314,396,9,25,64,8,7,17,18,25,27,16,20,29,405,16,24,81,28,17,46,5,15,29,23,2,49]
completion_time_por_agente [119,417,9,23,11,22,160,11,16,16,468,27,35,16,33,295,32,48,87,30,286,4,478,315,398,10,26,65,9,8,18,19,26,28,17,21,30,407,17,25,82,29,18,47,6,16,30,24,3,50]
tiempo_ultimo_agente_goal 478
tiempo_en_acabar 478
tiempo_promedio 87.739998
agentes_en_goal 50
push_out_count 0
RUN 5
valores_ideales [0,0,0,0,0,0,0,0,0,0,0,0,0,0,0,0,0,0,0,0,0,0,0,0,0,0,0,0,0,0,0,0,0,0,0,0,0,0,0,0,0,0,0,0,0,0,0,0,0,0]
costo_por_agente [126,308,14,104,10,21,130,10,19,15,35,26,34,15,34,162,31,35,80,31,268,3,215,198,46,9,25,44,8,7,17,18,25,25,16,20,27,367,16,28,35,28,17,48,5,15,27,19,2,95]
completion_time_por_agente [127,309,15,107,11,22,131,11,21,16,37,27,39,16,35,163,32,36,81,36,270,4,217,199,51,10,26,45,9,8,18,19,26,26,17,21,28,368,17,29,38,29,18,49,6,16,30,20,3,96]
tiempo_ultimo_agente_goal 368
tiempo_en_acabar 368
tiempo_promedio 59.700001
agentes_en_goal 50
push_out_count 0
RUN 6
valores_ideales [0,0,0,0,0,0,0,0,0,0,0,0,0,0,0,0,0,0,0,0,0,0,0,0,0,0,0,0,0,0,0,0,0,0,0,0,0,0,0,0,0,0,0,0,0,0,0,0,0,0]
costo_por_agente [86,136,8,22,10,19,54,10,15,15,77,26,32,15,32,28,31,47,164,27,110,3,489,58,44,11,25,60,8,7,17,18,25,27,16,16,29,199,16,22,61,28,17,32,5,15,35,21,2,111]
completion_time_por_agente [87,138,9,23,11,20,55,11,16,16,78,27,33,16,33,29,32,49,166,28,112,4,490,59,45,12,26,61,9,8,18,19,26,28,17,17,30,200,17,23,63,29,18,33,6,16,36,22,3,112]
tiempo_ultimo_agente_goal 490
tiempo_en_acabar 490
tiempo_promedio 48.720001
agentes_en_goal 50
push_out_count 0
RUN 7
valores_ideales [0,0,0,0,0,0,0,0,0,0,0,0,0,0,0,0,0,0,0,0,0,0,0,0,0,0,0,0,0,0,0,0,0,0,0,0,0,0,0,0,0,0,0,0,0,0,0,0,0,0]
costo_por_agente [60,386,8,52,12,19,68,10,19,15,35,26,36,15,32,142,31,25,152,89,314,3,615,444,46,9,25,50,8,7,17,18,25,25,16,14,27,391,18,22,37,28,21,64,5,21,31,19,2,97]
completion_time_por_agente [61,387,9,53,13,20,69,11,20,16,36,27,40,16,33,143,32,26,153,93,316,4,617,445,48,10,26,51,9,8,18,19,26,26,17,16,28,392,19,23,38,29,22,65,6,22,36,20,3,98]
tiempo_ultimo_agente_goal 617
tiempo_en_acabar 617
tiempo_promedio 74.300003
agentes_en_goal 50
push_out_count 0
RUN 8
valores_ideales [0,0,0,0,0,0,0,0,0,0,0,0,0,0,0,0,0,0,0,0,0,0,0,0,0,0,0,0,0,0,0,0,0,0,0,0,0,0,0,0,0,0,0,0,0,0,0,0,0,0]
costo_por_agente [114,106,8,22,10,21,64,10,17,15,39,26,46,15,36,148,31,45,106,31,34,3,275,192,44,9,25,40,8,7,17,18,25,27,16,16,29,297,16,24,31,28,17,40,5,15,33,23,2,69]
completion_time_por_agente [115,107,9,23,11,22,65,11,18,16,40,27,48,16,37,149,32,46,107,35,36,4,277,193,46,10,26,41,9,8,18,19,26,28,17,17,30,298,17,25,33,29,18,41,6,16,36,24,3,70]
tiempo_ultimo_agente_goal 298
tiempo_en_acabar 298
tiempo_promedio 47.099998
agentes_en_goal 50
push_out_count 0
RUN 9
valores_ideales [0,0,0,0,0,0,0,0,0,0,0,0,0,0,0,0,0,0,0,0,0,0,0,0,0,0,0,0,0,0,0,0,0,0,0,0,0,0,0,0,0,0,0,0,0,0,0,0,0,0]
costo_por_agente [76,276,8,22,10,21,48,10,15,15,37,26,32,15,36,104,31,47,60,71,372,3,149,304,46,9,25,26,8,7,17,18,25,25,16,16,29,327,16,22,43,28,17,44,5,15,33,19,2,75]
completion_time_por_agente [77,277,9,23,11,22,49,11,16,16,38,27,34,16,38,105,32,48,61,72,374,4,150,305,48,10,26,29,9,8,18,19,26,26,17,17,30,328,17,23,44,29,18,45,6,16,35,20,3,76]
tiempo_ultimo_agente_goal 374
tiempo_en_acabar 374
tiempo_promedio 55.160000
agentes_en_goal 50
push_out_count 0
RUN 10
valores_ideales [0,0,0,0,0,0,0,0,0,0,0,0,0,0,0,0,0,0,0,0,0,0,0,0,0,0,0,0,0,0,0,0,0,0,0,0,0,0,0,0,0,0,0,0,0,0,0,0,0,0]
costo_por_agente [134,146,8,94,10,21,38,10,15,15,37,26,34,15,34,122,31,55,110,143,84,3,219,72,340,9,23,72,8,7,17,18,25,25,16,16,27,239,16,22,41,28,17,76,5,15,35,21,2,57]
completion_time_por_agente [135,147,9,95,11,22,40,11,16,16,38,27,35,16,35,123,32,57,111,146,86,4,220,73,342,10,24,73,9,8,18,19,26,26,17,17,28,240,17,23,42,29,18,77,6,16,36,22,3,58]
tiempo_ultimo_agente_goal 342
tiempo_en_acabar 342
tiempo_promedio 54.180000
agentes_en_goal 50
push_out_count 0
RUN 11
valores_ideales [0,0,0,0,0,0,0,0,0,0,0,0,0,0,0,0,0,0,0,0,0,0,0,0,0,0,0,0,0,0,0,0,0,0,0,0,0,0,0,0,0,0,0,0,0,0,0,0,0,0]
costo_por_agente [64,200,8,22,10,21,94,10,15,15,221,26,36,15,32,28,31,47,132,57,66,3,151,390,58,9,25,26,8,7,17,18,25,27,16,16,29,431,16,22,53,28,17,44,5,15,35,19,2,55]
completion_time_por_agente [65,201,9,23,11,23,95,11,16,16,222,27,38,16,33,29,32,48,133,58,68,4,155,391,59,10,26,27,9,8,18,19,26,28,17,17,30,432,17,23,54,29,18,45,6,16,36,20,3,56]
tiempo_ultimo_agente_goal 432
tiempo_en_acabar 432
tiempo_promedio 55.459999
agentes_en_goal 50
push_out_count 0
RUN 12
valores_ideales [0,0,0,0,0,0,0,0,0,0,0,0,0,0,0,0,0,0,0,0,0,0,0,0,0,0,0,0,0,0,0,0,0,0,0,0,0,0,0,0,0,0,0,0,0,0,0,0,0,0]
costo_por_agente [44,82,8,46,10,23,178,10,15,15,35,26,36,15,32,90,31,49,156,29,178,3,125,98,52,9,25,52,8,7,17,18,25,27,16,16,27,505,18,22,31,30,17,76,5,15,33,19,2,99]
completion_time_por_agente [45,83,9,47,11,24,179,11,16,16,36,27,37,16,33,92,32,50,157,30,180,4,127,99,53,10,26,53,9,8,18,19,26,28,17,17,28,506,19,23,33,31,18,77,6,16,34,21,3,100]
tiempo_ultimo_agente_goal 506
tiempo_en_acabar 506
tiempo_promedio 51.200001
agentes_en_goal 50
push_out_count 0
RUN 13
valores_ideales [0,0,0,0,0,0,0,0,0,0,0,0,0,0,0,0,0,0,0,0,0,0,0,0,0,0,0,0,0,0,0,0,0,0,0,0,0,0,0,0,0,0,0,0,0,0,0,0,0,0]
costo_por_agente [114,552,8,22,10,19,64,10,15,15,37,26,32,17,32,218,31,37,96,37,160,3,507,68,44,9,25,48,8,7,17,18,25,25,16,16,29,327,20,26,45,28,17,84,5,17,33,23,2,73]
completion_time_por_agente [115,553,9,23,11,20,65,11,16,16,39,27,33,18,33,219,32,39,97,38,162,4,508,69,45,10,26,49,9,8,18,19,26,26,17,17,30,328,21,27,46,29,18,85,6,18,34,24,3,74]
tiempo_ultimo_agente_goal 553
tiempo_en_acabar 553
tiempo_promedio 63.400002
agentes_en_goal 50
push_out_count 0
RUN 14
valores_ideales [0,0,0,0,0,0,0,0,0,0,0,0,0,0,0,0,0,0,0,0,0,0,0,0,0,0,0,0,0,0,0,0,0,0,0,0,0,0,0,0,0,0,0,0,0,0,0,0,0,0]
costo_por_agente [60,414,14,52,10,19,208,10,17,15,35,26,32,15,32,202,31,49,70,27,44,3,381,180,44,9,25,46,8,7,17,18,25,25,16,16,27,299,20,24,61,28,17,32,5,17,25,19,2,91]
completion_time_por_agente [61,415,15,53,11,20,209,11,18,16,36,27,33,16,33,203,32,51,71,28,46,4,382,181,45,10,26,47,9,8,18,19,26,26,17,17,28,300,21,25,62,29,18,33,6,18,26,20,3,92]
tiempo_ultimo_agente_goal 415
tiempo_en_acabar 415
tiempo_promedio 58.419998
agentes_en_goal 50
push_out_count 0
RUN 15
valores_ideales [0,0,0,0,0,0,0,0,0,0,0,0,0,0,0,0,0,0,0,0,0,0,0,0,0,0,0,0,0,0,0,0,0,0,0,0,0,0,0,0,0,0,0,0,0,0,0,0,0,0]
costo_por_agente [98,240,8,134,10,21,66,10,15,15,37,26,34,15,32,108,31,33,186,37,58,3,575,120,50,9,25,78,8,7,17,18,25,27,16,20,27,357,16,24,45,28,17,90,5,15,35,33,2,55]
completion_time_por_agente [99,241,9,135,11,22,67,11,16,16,39,27,35,16,33,109,32,34,187,38,60,4,577,121,51,10,26,79,9,8,18,19,26,28,17,21,28,358,17,25,46,29,18,91,6,16,37,34,3,56]
tiempo_ultimo_agente_goal 577
tiempo_en_acabar 577
tiempo_promedio 60.299999
agentes_en_goal 50
push_out_count 0
RUN 16
valores_ideales [0,0,0,0,0,0,0,0,0,0,0,0,0,0,0,0,0,0,0,0,0,0,0,0,0,0,0,0,0,0,0,0,0,0,0,0,0,0,0,0,0,0,0,0,0,0,0,0,0,0]
costo_por_agente [76,294,8,90,10,19,146,10,15,15,245,26,32,15,34,84,31,43,114,31,110,3,43,222,430,11,25,36,8,7,17,18,25,27,16,16,27,437,16,26,57,28,17,80,5,15,31,19,2,77]
completion_time_por_agente [77,295,9,91,11,20,147,11,16,16,247,27,33,16,35,85,32,45,115,33,112,4,44,223,431,12,26,37,9,8,18,19,26,28,17,17,28,438,17,27,58,29,18,81,6,16,32,20,3,78]
tiempo_ultimo_agente_goal 438
tiempo_en_acabar 438
tiempo_promedio 64.860001
agentes_en_goal 50
push_out_count 0
RUN 17
valores_ideales [0,0,0,0,0,0,0,0,0,0,0,0,0,0,0,0,0,0,0,0,0,0,0,0,0,0,0,0,0,0,0,0,0,0,0,0,0,0,0,0,0,0,0,0,0,0,0,0,0,0]
costo_por_agente [124,138,8,94,10,21,186,10,17,15,323,26,40,15,32,46,31,25,82,33,96,3,147,66,44,9,25,46,8,7,17,18,25,27,16,16,29,445,16,22,59,28,17,118,5,15,33,23,2,87]
completion_time_por_agente [125,139,9,95,11,22,188,11,18,16,324,27,41,16,33,47,32,26,83,34,98,4,148,67,45,10,26,47,9,8,18,19,26,28,17,17,30,446,17,23,60,29,18,119,6,16,34,24,3,88]
tiempo_ultimo_agente_goal 446
tiempo_en_acabar 446
tiempo_promedio 55.939999
agentes_en_goal 50
push_out_count 0
RUN 18
valores_ideales [0,0,0,0,0,0,0,0,0,0,0,0,0,0,0,0,0,0,0,0,0,0,0,0,0,0,0,0,0,0,0,0,0,0,0,0,0,0,0,0,0,0,0,0,0,0,0,0,0,0]
costo_por_agente [58,392,8,56,10,21,192,10,19,15,35,26,44,15,40,180,31,57,84,27,354,3,43,236,52,13,25,72,8,7,17,18,25,27,16,16,27,233,16,22,67,28,17,74,5,17,35,23,2,69]
completion_time_por_agente [59,394,9,57,11,22,193,11,20,16,36,27,45,16,41,181,32,58,85,29,356,4,44,237,53,14,26,73,9,8,18,19,26,28,17,17,28,234,17,23,68,29,18,75,6,18,36,24,3,70]
tiempo_ultimo_agente_goal 394
tiempo_en_acabar 394
tiempo_promedio 58.799999
agentes_en_goal 50
push_out_count 0
RUN 19
valores_ideales [0,0,0,0,0,0,0,0,0,0,0,0,0,0,0,0,0,0,0,0,0,0,0,0,0,0,0,0,0,0,0,0,0,0,0,0,0,0,0,0,0,0,0,0,0,0,0,0,0,0]
costo_por_agente [68,266,8,82,10,25,40,10,19,15,35,26,36,15,32,72,31,25,46,27,320,3,411,278,48,9,25,42,8,7,17,18,25,27,16,20,27,311,16,26,81,28,17,68,5,15,31,19,2,49]
completion_time_por_agente [69,267,9,83,11,26,41,11,20,16,36,27,37,16,33,73,32,26,47,28,322,4,412,279,49,10,26,43,9,8,18,19,26,28,17,21,28,312,17,27,82,29,18,69,6,16,32,20,3,50]
tiempo_ultimo_agente_goal 412
tiempo_en_acabar 412
tiempo_promedio 58.160000
agentes_en_goal 50
push_out_count 0
RUN 20
valores_ideales [0,0,0,0,0,0,0,0,0,0,0,0,0,0,0,0,0,0,0,0,0,0,0,0,0,0,0,0,0,0,0,0,0,0,0,0,0,0,0,0,0,0,0,0,0,0,0,0,0,0]
costo_por_agente [128,412,8,22,10,19,132,10,15,15,49,26,32,15,32,148,31,47,86,27,284,3,395,54,56,11,25,46,8,7,17,18,25,27,16,16,29,163,18,24,37,30,17,70,5,17,37,19,2,81]
completion_time_por_agente [129,413,9,23,11,20,133,11,16,16,50,27,34,16,33,149,32,49,87,29,286,4,396,55,57,12,26,47,9,8,18,19,26,28,17,17,30,164,19,25,38,31,18,71,6,18,38,20,3,82]
tiempo_ultimo_agente_goal 413
tiempo_en_acabar 413
tiempo_promedio 57.500000
agentes_en_goal 50
push_out_count 0
RUN 21
valores_ideales [0,0,0,0,0,0,0,0,0,0,0,0,0,0,0,0,0,0,0,0,0,0,0,0,0,0,0,0,0,0,0,0,0,0,0,0,0,0,0,0,0,0,0,0,0,0,0,0,0,0]
costo_por_agente [62,56,8,22,10,19,130,10,15,15,187,26,36,15,32,192,31,33,56,67,246,3,231,196,44,9,25,66,8,7,17,18,25,27,16,16,29,421,18,24,69,30,17,142,5,15,29,19,2,87]
completion_time_por_agente [63,57,9,23,11,20,131,11,16,16,189,27,37,16,33,193,32,34,57,68,248,4,232,197,45,10,26,67,9,8,18,19,26,28,17,17,30,422,19,25,70,31,18,143,6,16,30,20,3,88]
tiempo_ultimo_agente_goal 422
tiempo_en_acabar 422
tiempo_promedio 58.700001
agentes_en_goal 50
push_out_count 0
RUN 22
valores_ideales [0,0,0,0,0,0,0,0,0,0,0,0,0,0,0,0,0,0,0,0,0,0,0,0,0,0,0,0,0,0,0,0,0,0,0,0,0,0,0,0,0,0,0,0,0,0,0,0,0,0]
costo_por_agente [84,112,8,22,10,21,134,10,15,15,41,26,34,17,34,62,31,37,128,25,372,3,437,392,42,9,25,64,8,7,17,18,25,27,16,16,29,513,18,22,55,30,17,68,5,19,25,23,2,93]
completion_time_por_agente [85,113,9,23,11,22,136,11,16,16,42,27,35,18,35,63,32,38,129,27,373,4,438,393,43,10,26,65,9,8,18,19,26,28,17,17,30,514,19,23,56,31,18,69,6,20,26,24,3,94]
tiempo_ultimo_agente_goal 514
tiempo_en_acabar 514
tiempo_promedio 66.300003
agentes_en_goal 50
push_out_count 0
RUN 23
valores_ideales [0,0,0,0,0,0,0,0,0,0,0,0,0,0,0,0,0,0,0,0,0,0,0,0,0,0,0,0,0,0,0,0,0,0,0,0,0,0,0,0,0,0,0,0,0,0,0,0,0,0]
costo_por_agente [58,280,14,22,10,19,112,10,17,15,333,26,42,15,32,42,31,43,114,33,32,3,47,194,282,9,25,76,8,7,17,18,25,25,16,16,29,303,16,20,75,28,17,36,5,15,25,23,2,69]
completion_time_por_agente [59,281,15,23,11,20,113,11,18,16,334,27,43,16,33,43,32,45,115,34,34,4,48,195,284,10,26,77,9,8,18,19,26,26,17,17,30,304,17,21,76,29,18,37,6,16,26,24,3,70]
tiempo_ultimo_agente_goal 334
tiempo_en_acabar 334
tiempo_promedio 55.680000
agentes_en_goal 50
push_out_count 0
RUN 24
valores_ideales [0,0,0,0,0,0,0,0,0,0,0,0,0,0,0,0,0,0,0,0,0,0,0,0,0,0,0,0,0,0,0,0,0,0,0,0,0,0,0,0,0,0,0,0,0,0,0,0,0,0]
costo_por_agente [134,476,8,52,10,19,52,10,15,15,259,26,54,15,32,244,31,25,208,27,336,3,451,186,48,9,25,48,8,7,17,18,25,25,16,16,27,383,16,26,67,28,17,112,5,15,35,19,2,49]
completion_time_por_agente [135,477,9,54,11,20,53,11,16,16,260,27,57,16,33,245,32,26,209,28,338,4,453,187,50,10,26,49,9,8,18,19,26,26,17,17,28,384,17,27,68,29,18,113,6,16,37,20,3,50]
tiempo_ultimo_agente_goal 477
tiempo_en_acabar 477
tiempo_promedio 76.160004
agentes_en_goal 50
push_out_count 0
RUN 25
valores_ideales [0,0,0,0,0,0,0,0,0,0,0,0,0,0,0,0,0,0,0,0,0,0,0,0,0,0,0,0,0,0,0,0,0,0,0,0,0,0,0,0,0,0,0,0,0,0,0,0,0,0]
costo_por_agente [124,202,8,22,16,19,186,10,15,15,325,26,48,15,32,78,31,65,80,29,430,3,461,86,46,9,25,40,8,7,17,18,25,27,16,14,29,445,16,22,73,28,17,64,5,15,29,23,2,47]
completion_time_por_agente [125,203,9,23,17,20,187,11,16,16,327,27,49,16,33,79,32,66,81,30,432,4,462,87,49,10,26,41,9,8,18,19,26,28,17,15,30,446,17,23,74,29,18,65,6,16,30,24,3,48]
tiempo_ultimo_agente_goal 462
tiempo_en_acabar 462
tiempo_promedio 68.940002
agentes_en_goal 50
push_out_count 0
RUN 26
valores_ideales [0,0,0,0,0,0,0,0,0,0,0,0,0,0,0,0,0,0,0,0,0,0,0,0,0,0,0,0,0,0,0,0,0,0,0,0,0,0,0,0,0,0,0,0,0,0,0,0,0,0]
costo_por_agente [106,498,8,52,10,19,144,10,15,15,37,26,32,15,32,48,31,33,138,31,142,3,305,196,44,9,25,32,8,7,17,18,25,25,16,16,27,463,22,22,47,28,17,48,5,15,25,19,2,65]
completion_time_por_agente [107,499,9,53,11,20,146,11,16,16,39,27,33,16,33,49,32,35,139,32,144,4,306,197,45,10,26,33,9,8,18,19,26,26,17,17,28,464,23,23,48,29,18,49,6,16,26,20,3,66]
tiempo_ultimo_agente_goal 499
tiempo_en_acabar 499
tiempo_promedio 60.939999
agentes_en_goal 50
push_out_count 0
RUN 27
valores_ideales [0,0,0,0,0,0,0,0,0,0,0,0,0,0,0,0,0,0,0,0,0,0,0,0,0,0,0,0,0,0,0,0,0,0,0,0,0,0,0,0,0,0,0,0,0,0,0,0,0,0]
costo_por_agente [42,490,8,52,10,19,48,10,15,15,41,26,50,15,32,230,31,47,76,39,36,3,355,214,392,9,25,44,8,7,17,18,25,27,16,16,27,313,16,28,79,28,17,74,5,15,29,19,2,101]
completion_time_por_agente [43,491,9,53,11,20,49,11,16,16,42,27,51,16,33,231,32,49,77,41,38,4,356,215,394,10,26,46,9,8,18,19,26,28,17,17,28,314,17,29,80,29,18,75,6,16,31,20,3,102]
tiempo_ultimo_agente_goal 491
tiempo_en_acabar 491
tiempo_promedio 66.339996
agentes_en_goal 50
push_out_count 0
RUN 28
valores_ideales [0,0,0,0,0,0,0,0,0,0,0,0,0,0,0,0,0,0,0,0,0,0,0,0,0,0,0,0,0,0,0,0,0,0,0,0,0,0,0,0,0,0,0,0,0,0,0,0,0,0]
costo_por_agente [60,390,8,110,10,21,142,10,15,15,39,26,36,15,32,70,31,23,90,27,238,3,589,232,44,9,25,48,8,7,17,18,25,27,16,20,27,291,20,22,59,28,17,48,5,17,41,19,2,51]
completion_time_por_agente [61,391,9,111,11,22,143,11,16,16,40,27,37,16,33,71,32,25,92,29,239,4,591,233,45,10,26,49,9,8,18,19,26,28,17,21,28,292,21,23,60,29,18,49,6,18,42,20,3,52]
tiempo_ultimo_agente_goal 591
tiempo_en_acabar 591
tiempo_promedio 63.939999
agentes_en_goal 50
push_out_count 0
RUN 29
valores_ideales [0,0,0,0,0,0,0,0,0,0,0,0,0,0,0,0,0,0,0,0,0,0,0,0,0,0,0,0,0,0,0,0,0,0,0,0,0,0,0,0,0,0,0,0,0,0,0,0,0,0]
costo_por_agente [58,452,12,22,12,19,44,10,17,15,49,26,32,15,32,228,31,61,166,27,428,3,427,146,58,11,25,74,8,7,17,18,25,25,16,16,29,329,20,26,65,28,17,120,5,17,25,19,2,57]
completion_time_por_agente [59,453,13,23,13,20,45,11,18,16,50,27,33,16,33,229,32,62,167,28,430,4,428,147,60,12,26,76,9,8,18,19,26,26,17,17,30,330,21,27,66,29,18,121,6,18,26,20,3,58]
tiempo_ultimo_agente_goal 453
tiempo_en_acabar 453
tiempo_promedio 68.879997
agentes_en_goal 50
push_out_count 0
RUN 30
valores_ideales [0,0,0,0,0,0,0,0,0,0,0,0,0,0,0,0,0,0,0,0,0,0,0,0,0,0,0,0,0,0,0,0,0,0,0,0,0,0,0,0,0,0,0,0,0,0,0,0,0,0]
costo_por_agente [116,412,14,22,10,19,150,10,15,15,37,26,36,15,34,78,31,33,110,27,298,3,281,216,44,9,25,52,8,7,17,18,25,25,16,14,29,411,16,22,57,28,17,50,5,15,25,19,2,47]
completion_time_por_agente [117,414,15,23,11,20,151,11,16,16,38,27,37,16,35,79,32,34,111,29,301,4,282,217,45,10,26,53,9,8,18,19,26,26,17,15,30,412,17,23,58,29,18,51,6,16,26,20,3,48]
tiempo_ultimo_agente_goal 414
tiempo_en_acabar 414
tiempo_promedio 61.299999
agentes_en_goal 50
push_out_count 0
RUN 31
valores_ideales [0,0,0,0,0,0,0,0,0,0,0,0,0,0,0,0,0,0,0,0,0,0,0,0,0,0,0,0,0,0,0,0,0,0,0,0,0,0,0,0,0,0,0,0,0,0,0,0,0,0]
costo_por_agente [90,298,8,22,10,19,102,10,15,15,287,26,36,17,48,172,31,27,246,27,274,3,529,206,494,9,25,48,8,7,17,18,25,27,16,16,29,279,20,28,47,28,17,36,5,17,35,19,2,87]
completion_time_por_agente [91,300,9,23,11,20,103,11,16,16,293,27,42,18,54,173,32,36,247,32,276,4,531,209,495,10,26,49,9,8,18,19,26,28,17,17,30,280,21,29,48,29,18,47,6,18,42,20,3,88]
tiempo_ultimo_agente_goal 531
tiempo_en_acabar 531
tiempo_promedio 79.500000
agentes_en_goal 50
push_out_count 0
RUN 32
valores_ideales [0,0,0,0,0,0,0,0,0,0,0,0,0,0,0,0,0,0,0,0,0,0,0,0,0,0,0,0,0,0,0,0,0,0,0,0,0,0,0,0,0,0,0,0,0,0,0,0,0,0]
costo_por_agente [74,390,14,104,10,21,38,10,15,15,41,26,38,15,34,166,31,25,78,29,242,3,335,196,44,9,25,38,8,7,17,18,25,25,16,20,29,369,16,24,67,28,17,74,5,15,27,23,2,87]
completion_time_por_agente [75,391,15,105,11,22,44,11,16,16,47,27,39,16,35,167,32,29,80,32,244,4,336,198,46,10,26,39,9,8,18,19,26,26,17,21,30,370,17,25,68,29,18,75,6,16,28,24,3,88]
tiempo_ultimo_agente_goal 391
tiempo_en_acabar 391
tiempo_promedio 61.080002
agentes_en_goal 50
push_out_count 0
RUN 33
valores_ideales [0,0,0,0,0,0,0,0,0,0,0,0,0,0,0,0,0,0,0,0,0,0,0,0,0,0,0,0,0,0,0,0,0,0,0,0,0,0,0,0,0,0,0,0,0,0,0,0,0,0]
costo_por_agente [172,422,16,90,10,19,122,10,15,15,95,26,36,15,32,90,31,27,116,35,280,3,467,104,44,9,25,44,8,7,17,18,25,27,16,14,27,167,16,24,67,28,17,66,5,15,45,19,2,75]
completion_time_por_agente [173,423,17,91,11,20,124,11,16,16,96,27,37,16,33,91,32,28,117,36,282,4,469,105,45,10,26,45,9,8,18,19,26,28,17,15,28,168,17,25,68,29,18,68,6,16,47,20,3,76]
tiempo_ultimo_agente_goal 469
tiempo_en_acabar 469
tiempo_promedio 62.599998
agentes_en_goal 50
push_out_count 0
RUN 34
valores_ideales [0,0,0,0,0,0,0,0,0,0,0,0,0,0,0,0,0,0,0,0,0,0,0,0,0,0,0,0,0,0,0,0,0,0,0,0,0,0,0,0,0,0,0,0,0,0,0,0,0,0]
costo_por_agente [158,388,8,22,10,23,98,10,15,15,37,26,36,15,32,56,31,43,112,81,152,3,279,176,52,9,25,42,8,7,17,18,25,27,16,16,29,381,18,24,49,30,17,102,5,15,45,25,2,115]
completion_time_por_agente [159,389,9,23,11,24,99,11,16,16,39,27,37,16,33,57,32,45,113,83,154,4,281,177,53,10,26,43,9,8,18,19,26,28,17,17,30,382,19,25,50,31,18,103,6,16,47,26,3,116]
tiempo_ultimo_agente_goal 389
tiempo_en_acabar 389
tiempo_promedio 60.020000
agentes_en_goal 50
push_out_count 0
RUN 35
valores_ideales [0,0,0,0,0,0,0,0,0,0,0,0,0,0,0,0,0,0,0,0,0,0,0,0,0,0,0,0,0,0,0,0,0,0,0,0,0,0,0,0,0,0,0,0,0,0,0,0,0,0]
costo_por_agente [74,196,8,70,10,19,174,10,15,15,35,26,32,15,32,144,31,37,190,29,242,3,243,78,44,9,25,24,8,7,17,18,25,25,16,22,27,369,16,22,59,28,17,48,5,15,27,23,2,91]
completion_time_por_agente [75,197,9,71,11,20,175,11,16,16,36,27,34,16,33,145,32,38,191,31,244,4,244,79,45,10,26,25,9,8,18,19,26,26,17,23,28,370,17,23,60,29,18,49,6,16,28,24,3,92]
tiempo_ultimo_agente_goal 370
tiempo_en_acabar 370
tiempo_promedio 55.400002
agentes_en_goal 50
push_out_count 0
RUN 36
valores_ideales [0,0,0,0,0,0,0,0,0,0,0,0,0,0,0,0,0,0,0,0,0,0,0,0,0,0,0,0,0,0,0,0,0,0,0,0,0,0,0,0,0,0,0,0,0,0,0,0,0,0]
costo_por_agente [68,394,8,22,10,19,124,10,15,15,35,26,34,15,32,56,31,45,192,29,142,3,543,156,46,9,25,66,8,7,17,18,25,27,16,16,29,361,16,22,55,28,17,116,5,17,29,21,2,143]
completion_time_por_agente [69,395,9,23,11,20,125,11,16,16,36,27,35,16,33,57,32,46,193,31,144,4,545,157,48,10,26,67,9,8,18,19,26,28,17,17,30,362,17,23,56,29,18,117,6,18,30,22,3,144]
tiempo_ultimo_agente_goal 545
tiempo_en_acabar 545
tiempo_promedio 64.379997
agentes_en_goal 50
push_out_count 0
RUN 37
valores_ideales [0,0,0,0,0,0,0,0,0,0,0,0,0,0,0,0,0,0,0,0,0,0,0,0,0,0,0,0,0,0,0,0,0,0,0,0,0,0,0,0,0,0,0,0,0,0,0,0,0,0]
costo_por_agente [56,310,8,86,10,21,98,10,15,15,35,26,38,15,38,122,31,59,78,31,214,3,41,78,362,9,25,24,8,7,17,18,25,27,16,22,27,219,16,24,47,28,17,56,5,17,33,25,2,69]
completion_time_por_agente [57,311,9,88,11,22,99,11,16,16,36,27,39,16,40,123,32,60,79,33,216,4,44,79,363,10,26,26,9,8,18,19,26,28,17,23,28,220,17,25,48,29,18,57,6,18,35,27,3,70]
tiempo_ultimo_agente_goal 363
tiempo_en_acabar 363
tiempo_promedio 52.840000
agentes_en_goal 50
push_out_count 0
RUN 38
valores_ideales [0,0,0,0,0,0,0,0,0,0,0,0,0,0,0,0,0,0,0,0,0,0,0,0,0,0,0,0,0,0,0,0,0,0,0,0,0,0,0,0,0,0,0,0,0,0,0,0,0,0]
costo_por_agente [96,664,14,22,10,19,78,10,15,15,305,26,36,15,36,156,31,23,152,97,32,3,513,184,410,9,23,46,8,7,17,18,25,27,16,22,29,303,18,26,43,30,17,72,5,15,27,19,2,67]
completion_time_por_agente [97,665,15,23,11,20,79,11,16,16,306,27,37,16,38,157,32,24,153,98,34,4,514,185,411,10,24,47,9,8,18,19,26,28,17,23,30,304,19,27,44,31,18,73,6,16,29,20,3,68]
tiempo_ultimo_agente_goal 665
tiempo_en_acabar 665
tiempo_promedio 78.120003
agentes_en_goal 50
push_out_count 0
RUN 39
valores_ideales [0,0,0,0,0,0,0,0,0,0,0,0,0,0,0,0,0,0,0,0,0,0,0,0,0,0,0,0,0,0,0,0,0,0,0,0,0,0,0,0,0,0,0,0,0,0,0,0,0,0]
costo_por_agente [66,256,8,22,10,19,74,10,15,15,37,26,34,15,32,194,31,69,78,27,300,3,547,320,54,9,25,44,8,7,17,18,25,25,16,18,29,305,18,22,51,28,17,134,5,15,27,19,2,35]
completion_time_por_agente [67,257,9,23,11,20,75,11,16,16,39,27,35,16,33,196,32,70,79,28,302,4,549,321,55,10,26,45,9,8,18,19,26,26,17,20,30,306,19,23,52,29,18,135,6,16,28,20,3,37]
tiempo_ultimo_agente_goal 549
tiempo_en_acabar 549
tiempo_promedio 64.739998
agentes_en_goal 50
push_out_count 0
