RUN 0
valores_ideales [6,37,32,35,23,24,31,32,15,2,10,21,15,17,35,9,24,18,43,6,44,15,31,13,45,20,7,20,52,34,4,24,34,46,33,11,41,45,43,35,1,27,35,27,15,34,18,25,16,5,42,16,24,3,28,5,31,11,24,31,30,38,40,44,37,17,26,22,22,43,35,28,44,41,25,35,4,48,39,21,14,18,17,17,38,41,21,38,33,3,21,8,16,36,12,7,12,12,2,45,28,32,5,21,31,16,8,26,45,12,29,14,28,35,10,38,28,21,48,7,33,37,31,29,17,10,25,15,15,45,6,42,26,27,13,20,7,43,11,35,23,30,12,17,10,1,17,12,7,10,36,51,21,48,26,3,40,46,34,23,16,18,36,16,29,15,40,46,17,36,7,25,25,19,12,7,39,26,19,31,18,16,38,2,36,14,17,16,7,9]
costo_por_agente [8,205,244,165,209,24,265,146,19,2,96,39,287,31,215,9,264,88,119,10,196,285,105,17,225,20,7,22,60,196,4,26,246,208,209,11,155,201,95,293,1,269,215,177,15,34,22,135,16,5,88,150,24,3,150,11,215,19,166,211,218,202,180,250,51,17,128,22,236,229,189,212,260,209,281,193,8,130,187,55,14,18,157,143,212,183,25,64,241,3,25,12,82,78,20,7,18,12,2,129,110,114,5,241,31,34,8,264,135,12,29,16,190,247,50,42,128,21,184,9,161,233,239,279,113,62,107,61,17,255,6,244,26,131,17,22,7,77,13,59,217,248,18,235,10,1,19,14,9,10,220,221,55,72,26,5,268,70,176,35,78,100,62,16,95,17,84,176,19,144,13,27,25,21,12,11,205,218,19,59,60,250,58,4,204,84,17,158,13,9]
completion_time_por_agente [8,374,435,298,334,25,322,237,24,2,149,64,470,44,327,10,492,154,194,13,285,474,151,24,403,20,7,26,85,336,4,31,353,322,294,11,274,334,160,509,1,444,379,256,15,36,26,202,21,5,131,274,24,3,221,13,369,24,315,337,388,325,265,401,62,22,229,22,369,346,286,334,435,351,412,341,13,187,316,98,16,18,231,232,328,300,31,110,353,3,29,22,129,103,24,8,26,12,2,232,198,181,5,450,33,34,8,420,256,12,31,22,255,445,87,47,231,22,319,15,286,342,355,389,237,100,159,105,18,420,7,358,27,207,19,30,8,124,16,110,350,451,27,388,10,1,24,21,11,10,386,335,104,121,26,6,468,101,307,50,100,190,118,16,153,17,130,275,23,215,23,34,26,24,12,11,318,354,19,81,78,343,83,7,368,141,19,276,15,11]
tiempo_ultimo_agente_goal 509
tiempo_en_acabar 509
tiempo_promedio 166.584213
agentes_en_goal 190
bad_good_total_rate_pred [272947,126525,399472,0.3]
push_out_count 2301
RUN 1
valores_ideales [6,37,32,35,23,24,31,32,15,2,10,21,15,17,35,9,24,18,43,6,44,15,31,13,45,20,7,20,52,34,4,24,34,46,33,11,41,45,43,35,1,27,35,27,15,34,18,25,16,5,42,16,24,3,28,5,31,11,24,31,30,38,40,44,37,17,26,22,22,43,35,28,44,41,25,35,4,48,39,21,14,18,17,17,38,41,21,38,33,3,21,8,16,36,12,7,12,12,2,45,28,32,5,21,31,16,8,26,45,12,29,14,28,35,10,38,28,21,48,7,33,37,31,29,17,10,25,15,15,45,6,42,26,27,13,20,7,43,11,35,23,30,12,17,10,1,17,12,7,10,36,51,21,48,26,3,40,46,34,23,16,18,36,16,29,15,40,46,17,36,7,25,25,19,12,7,39,26,19,31,18,16,38,2,36,14,17,16,7,9]
costo_por_agente [6,287,160,197,193,26,321,154,17,2,340,91,323,31,217,11,350,132,175,6,318,269,295,15,389,20,7,22,84,396,4,26,350,308,175,11,261,233,409,341,1,247,359,287,15,34,18,215,16,5,108,90,24,3,118,9,367,17,24,133,180,216,384,206,63,19,232,22,206,193,319,274,198,97,467,319,214,246,385,103,14,18,383,335,348,49,21,194,351,3,23,12,130,94,14,7,16,14,2,335,220,302,5,223,31,16,10,342,69,18,29,16,138,151,94,50,92,25,102,11,315,221,139,163,109,330,347,97,15,49,6,344,28,55,13,20,7,83,15,123,423,312,12,261,10,1,23,16,9,12,82,451,107,72,28,3,298,128,380,157,66,22,126,20,303,17,284,62,19,72,41,255,33,23,12,15,283,360,19,41,22,420,206,2,282,144,17,178,13,11]
completion_time_por_agente [6,458,252,280,315,29,573,273,22,2,478,149,448,57,347,12,600,217,248,8,550,472,483,16,586,20,7,29,155,662,4,30,607,529,282,12,409,366,623,582,1,404,571,397,16,34,18,358,19,5,186,160,24,3,176,10,564,17,30,246,284,289,542,309,100,23,389,23,355,324,502,434,277,178,629,475,375,349,628,189,16,18,586,521,554,73,21,323,527,4,29,12,190,162,15,7,20,16,3,522,369,516,5,371,33,16,11,509,104,18,30,17,222,221,175,70,143,31,179,15,488,332,233,248,216,520,599,161,15,81,7,520,29,72,13,22,8,123,23,168,679,519,19,458,11,1,26,29,11,16,152,705,177,104,28,3,513,210,525,223,99,29,195,22,504,17,461,102,20,96,80,435,46,26,12,16,505,609,19,61,25,640,399,6,423,258,17,306,13,11]
tiempo_ultimo_agente_goal 705
tiempo_en_acabar 705
tiempo_promedio 218.547363
agentes_en_goal 190
bad_good_total_rate_pred [333697,154438,488135,0.3]
push_out_count 5643
RUN 2
valores_ideales [6,37,32,35,23,24,31,32,15,2,10,21,15,17,35,9,24,18,43,6,44,15,31,13,45,20,7,20,52,34,4,24,34,46,33,11,41,45,43,35,1,27,35,27,15,34,18,25,16,5,42,16,24,3,28,5,31,11,24,31,30,38,40,44,37,17,26,22,22,43,35,28,44,41,25,35,4,48,39,21,14,18,17,17,38,41,21,38,33,3,21,8,16,36,12,7,12,12,2,45,28,32,5,21,31,16,8,26,45,12,29,14,28,35,10,38,28,21,48,7,33,37,31,29,17,10,25,15,15,45,6,42,26,27,13,20,7,43,11,35,23,30,12,17,10,1,17,12,7,10,36,51,21,48,26,3,40,46,34,23,16,18,36,16,29,15,40,46,17,36,7,25,25,19,12,7,39,26,19,31,18,16,38,2,36,14,17,16,7,9]
costo_por_agente [8,119,370,305,193,28,279,366,25,2,186,99,193,21,227,9,158,122,125,20,256,421,147,15,113,20,7,24,60,250,4,24,242,168,225,11,209,367,169,265,1,233,273,37,15,34,18,39,16,17,170,70,24,3,44,7,119,17,112,297,182,348,280,332,111,17,170,24,300,331,303,214,238,401,181,97,14,124,261,39,14,18,389,81,348,271,21,104,199,3,23,12,84,160,40,7,20,14,2,243,340,296,5,113,31,16,8,560,173,14,29,18,266,91,148,64,176,23,346,13,229,345,417,373,75,114,219,139,27,49,6,378,26,225,13,20,7,185,13,83,155,96,20,177,56,1,21,16,7,10,98,209,59,78,26,3,116,94,502,55,336,24,152,16,85,17,220,230,37,154,85,45,27,25,12,9,293,192,19,75,58,452,110,2,302,64,17,348,13,9]
completion_time_por_agente [8,221,582,499,272,28,396,502,39,2,271,161,311,28,333,10,240,197,225,30,437,603,226,17,178,21,7,27,81,369,4,26,339,263,375,11,368,564,316,407,1,397,509,57,17,34,19,43,18,28,266,120,25,3,58,11,202,20,233,481,265,575,385,499,168,18,234,24,454,577,475,337,373,676,262,144,22,222,432,52,16,18,575,105,586,441,21,184,315,3,26,15,165,227,54,7,31,14,2,421,604,469,5,179,31,16,9,806,360,16,30,21,402,154,276,95,269,26,634,14,376,486,676,600,143,185,388,234,30,71,7,566,28,334,15,25,8,287,13,137,273,148,29,269,96,1,28,26,8,10,113,352,106,104,26,3,173,145,804,79,477,30,204,18,109,19,312,370,48,263,173,52,30,26,14,9,503,310,19,111,85,684,146,3,395,92,18,551,13,10]
tiempo_ultimo_agente_goal 806
tiempo_en_acabar 806
tiempo_promedio 199.305267
agentes_en_goal 190
bad_good_total_rate_pred [319006,136162,455168,0.3]
push_out_count 8616
RUN 3
valores_ideales [6,37,32,35,23,24,31,32,15,2,10,21,15,17,35,9,24,18,43,6,44,15,31,13,45,20,7,20,52,34,4,24,34,46,33,11,41,45,43,35,1,27,35,27,15,34,18,25,16,5,42,16,24,3,28,5,31,11,24,31,30,38,40,44,37,17,26,22,22,43,35,28,44,41,25,35,4,48,39,21,14,18,17,17,38,41,21,38,33,3,21,8,16,36,12,7,12,12,2,45,28,32,5,21,31,16,8,26,45,12,29,14,28,35,10,38,28,21,48,7,33,37,31,29,17,10,25,15,15,45,6,42,26,27,13,20,7,43,11,35,23,30,12,17,10,1,17,12,7,10,36,51,21,48,26,3,40,46,34,23,16,18,36,16,29,15,40,46,17,36,7,25,25,19,12,7,39,26,19,31,18,16,38,2,36,14,17,16,7,9]
costo_por_agente [8,263,306,321,199,24,245,252,19,2,272,55,105,17,69,9,346,76,253,6,100,227,377,19,75,20,7,22,68,348,4,24,300,330,331,11,151,211,283,289,1,155,383,385,15,34,24,89,16,5,148,72,24,3,100,9,327,15,58,251,314,208,320,186,37,19,216,22,264,149,167,226,198,77,275,269,48,126,123,145,14,18,171,263,108,63,21,116,209,3,21,10,96,188,18,7,16,22,2,243,332,156,5,183,31,16,8,52,279,12,29,18,240,103,18,38,66,25,150,7,177,327,39,215,303,44,319,211,15,45,6,304,28,53,13,20,7,309,17,79,237,100,24,201,20,1,35,16,7,12,176,225,81,58,26,5,290,300,232,75,30,72,198,20,97,17,330,60,21,122,47,25,27,21,12,13,63,188,19,57,222,34,104,4,222,136,17,68,21,9]
completion_time_por_agente [8,479,440,500,358,26,369,384,25,2,398,110,188,19,96,10,518,88,423,6,168,327,585,20,120,20,7,29,98,507,4,27,465,561,578,12,262,345,521,431,1,239,593,613,16,35,28,102,24,9,225,128,24,3,178,11,499,15,96,420,503,330,528,277,38,21,360,22,408,240,280,382,325,137,414,409,107,205,190,241,16,18,277,394,135,99,24,226,336,3,24,15,128,303,19,7,30,23,2,366,553,222,5,320,32,17,8,78,444,13,29,20,354,171,20,40,89,26,233,9,270,516,43,331,452,61,497,322,15,62,7,486,32,77,13,25,8,568,20,135,412,136,39,401,27,1,51,21,10,16,274,371,144,74,26,5,487,534,330,128,36,144,376,21,152,19,563,71,30,207,96,27,29,22,13,18,88,308,19,74,326,39,162,6,380,241,17,88,32,9]
tiempo_ultimo_agente_goal 613
tiempo_en_acabar 613
tiempo_promedio 180.936844
agentes_en_goal 190
bad_good_total_rate_pred [254555,123746,378301,0.3]
push_out_count 11486
RUN 4
valores_ideales [6,37,32,35,23,24,31,32,15,2,10,21,15,17,35,9,24,18,43,6,44,15,31,13,45,20,7,20,52,34,4,24,34,46,33,11,41,45,43,35,1,27,35,27,15,34,18,25,16,5,42,16,24,3,28,5,31,11,24,31,30,38,40,44,37,17,26,22,22,43,35,28,44,41,25,35,4,48,39,21,14,18,17,17,38,41,21,38,33,3,21,8,16,36,12,7,12,12,2,45,28,32,5,21,31,16,8,26,45,12,29,14,28,35,10,38,28,21,48,7,33,37,31,29,17,10,25,15,15,45,6,42,26,27,13,20,7,43,11,35,23,30,12,17,10,1,17,12,7,10,36,51,21,48,26,3,40,46,34,23,16,18,36,16,29,15,40,46,17,36,7,25,25,19,12,7,39,26,19,31,18,16,38,2,36,14,17,16,7,9]
costo_por_agente [8,285,242,325,311,26,147,244,19,2,110,49,435,19,201,11,298,226,337,8,238,437,359,13,145,20,7,22,222,216,4,26,188,150,165,11,79,227,171,305,1,289,397,27,17,34,22,35,16,7,64,74,24,3,136,23,199,23,126,277,226,326,98,210,133,19,234,24,242,149,355,132,238,57,307,251,88,106,337,77,14,18,43,127,424,407,21,290,341,3,21,14,134,256,12,7,40,12,2,445,120,364,5,161,31,16,10,378,223,16,31,20,460,261,98,44,176,21,110,9,111,131,211,319,297,260,293,101,15,55,6,242,26,417,13,22,7,69,11,51,145,142,34,93,12,1,19,14,9,12,100,233,117,54,26,5,276,116,432,135,166,20,204,16,191,17,328,52,31,114,53,31,51,25,12,19,115,262,19,163,26,168,88,8,168,104,17,446,15,9]
completion_time_por_agente [9,476,383,594,553,26,231,380,23,2,176,60,656,23,348,13,493,369,525,11,344,645,544,14,242,21,7,26,382,317,4,27,314,260,325,11,130,374,284,440,1,446,640,27,24,34,23,44,20,13,97,130,24,3,218,41,308,27,224,385,380,437,137,329,171,20,362,25,310,257,527,181,384,80,504,392,175,161,519,94,17,20,66,214,698,665,22,483,518,3,26,21,206,396,14,7,82,14,2,681,195,580,5,224,32,18,12,542,387,18,33,23,661,458,160,55,290,22,188,12,182,209,345,480,527,389,478,173,15,76,8,415,27,608,15,28,8,111,11,63,223,218,62,145,13,1,23,20,11,13,180,324,226,73,26,6,421,192,689,241,263,28,370,19,304,19,559,71,37,158,118,37,66,26,12,30,202,353,19,256,27,231,120,10,292,132,17,662,15,9]
tiempo_ultimo_agente_goal 698
tiempo_en_acabar 698
tiempo_promedio 200.226318
agentes_en_goal 190
bad_good_total_rate_pred [292062,133892,425954,0.3]
push_out_count 14609
RUN 5
valores_ideales [6,37,32,35,23,24,31,32,15,2,10,21,15,17,35,9,24,18,43,6,44,15,31,13,45,20,7,20,52,34,4,24,34,46,33,11,41,45,43,35,1,27,35,27,15,34,18,25,16,5,42,16,24,3,28,5,31,11,24,31,30,38,40,44,37,17,26,22,22,43,35,28,44,41,25,35,4,48,39,21,14,18,17,17,38,41,21,38,33,3,21,8,16,36,12,7,12,12,2,45,28,32,5,21,31,16,8,26,45,12,29,14,28,35,10,38,28,21,48,7,33,37,31,29,17,10,25,15,15,45,6,42,26,27,13,20,7,43,11,35,23,30,12,17,10,1,17,12,7,10,36,51,21,48,26,3,40,46,34,23,16,18,36,16,29,15,40,46,17,36,7,25,25,19,12,7,39,26,19,31,18,16,38,2,36,14,17,16,7,9]
costo_por_agente [8,93,324,271,199,28,311,78,19,2,224,31,279,21,231,9,238,100,241,10,240,341,387,15,349,20,9,22,88,380,4,26,110,362,289,11,269,383,133,495,1,385,333,353,15,34,20,401,24,7,274,80,24,3,312,9,177,13,130,155,216,310,302,130,59,27,224,24,402,95,139,206,510,157,291,87,14,330,113,111,14,18,355,301,456,365,31,62,419,3,23,12,50,238,24,9,24,14,2,547,136,434,5,373,31,16,8,404,59,14,29,18,446,237,26,72,320,25,256,13,117,333,303,355,211,64,451,65,21,107,8,110,28,425,15,20,7,325,13,115,343,152,16,139,24,1,23,36,7,10,328,89,59,90,26,3,188,136,352,85,62,28,144,16,427,17,172,158,23,384,31,35,29,25,14,7,257,346,19,77,84,366,92,2,266,162,23,322,13,11]
completion_time_por_agente [9,121,476,451,325,36,436,124,21,2,370,51,479,22,390,11,350,158,390,13,471,499,694,16,603,20,9,28,126,543,4,31,152,629,486,12,377,563,162,752,1,734,494,551,16,36,26,618,32,7,429,129,24,3,488,10,254,17,248,253,342,512,448,230,69,34,359,24,648,135,219,370,870,273,428,116,19,513,172,167,16,19,530,479,760,606,40,93,621,3,28,16,67,386,27,9,41,15,2,859,241,725,5,606,31,18,8,656,89,17,30,19,774,359,38,109,485,30,375,18,175,433,458,571,354,131,727,109,21,180,8,168,30,647,15,27,8,472,18,204,510,221,16,228,34,1,31,52,7,12,553,126,101,166,26,3,305,261,547,147,77,50,203,17,706,19,265,251,30,653,57,52,33,26,14,9,403,627,19,120,115,586,153,4,404,253,26,505,13,13]
tiempo_ultimo_agente_goal 870
tiempo_en_acabar 870
tiempo_promedio 230.452637
agentes_en_goal 190
bad_good_total_rate_pred [345752,162794,508546,0.3]
push_out_count 18425
RUN 6
valores_ideales [6,37,32,35,23,24,31,32,15,2,10,21,15,17,35,9,24,18,43,6,44,15,31,13,45,20,7,20,52,34,4,24,34,46,33,11,41,45,43,35,1,27,35,27,15,34,18,25,16,5,42,16,24,3,28,5,31,11,24,31,30,38,40,44,37,17,26,22,22,43,35,28,44,41,25,35,4,48,39,21,14,18,17,17,38,41,21,38,33,3,21,8,16,36,12,7,12,12,2,45,28,32,5,21,31,16,8,26,45,12,29,14,28,35,10,38,28,21,48,7,33,37,31,29,17,10,25,15,15,45,6,42,26,27,13,20,7,43,11,35,23,30,12,17,10,1,17,12,7,10,36,51,21,48,26,3,40,46,34,23,16,18,36,16,29,15,40,46,17,36,7,25,25,19,12,7,39,26,19,31,18,16,38,2,36,14,17,16,7,9]
costo_por_agente [6,147,414,207,135,28,181,38,19,2,150,133,227,21,321,9,370,246,229,14,316,345,63,13,79,20,7,30,54,172,4,24,342,148,169,11,153,215,303,207,1,235,183,295,17,34,18,63,22,9,152,80,24,3,106,9,441,15,120,71,168,80,220,260,67,17,294,24,182,87,231,216,172,359,211,227,28,120,253,55,14,18,49,65,328,161,21,492,351,5,25,12,42,92,18,9,16,16,2,181,200,92,5,373,33,16,8,356,307,14,31,20,340,395,70,46,98,21,248,15,127,147,319,173,225,380,375,89,35,61,6,134,26,53,15,24,7,115,11,81,239,324,20,237,20,1,21,26,17,10,138,185,165,72,28,3,200,168,418,43,32,36,242,16,41,17,374,80,19,222,7,31,41,21,12,21,213,362,19,101,38,386,102,2,142,170,17,328,11,17]
completion_time_por_agente [6,237,553,335,198,29,263,49,24,2,256,246,345,23,591,12,569,392,389,18,510,511,98,14,106,20,7,37,67,249,4,25,489,235,283,14,297,288,406,360,1,389,244,458,19,35,19,75,30,12,248,126,26,3,149,14,663,17,226,107,238,108,317,411,102,17,490,24,306,130,362,314,298,591,304,367,53,148,410,83,16,18,63,74,579,283,22,676,604,5,32,17,73,165,19,10,20,18,2,275,313,148,5,609,36,18,8,513,539,17,35,27,537,648,102,60,158,22,441,17,209,228,509,309,343,650,593,157,35,96,7,208,27,59,17,31,8,191,11,97,374,544,28,377,23,1,31,31,26,12,216,256,283,96,34,3,301,265,544,75,59,50,435,16,56,19,644,107,20,351,12,38,77,22,13,27,339,581,19,162,55,555,152,6,212,306,17,528,12,26]
tiempo_ultimo_agente_goal 676
tiempo_en_acabar 676
tiempo_promedio 189.136841
agentes_en_goal 190
bad_good_total_rate_pred [259637,121595,381232,0.3]
push_out_count 21419
RUN 7
valores_ideales [6,37,32,35,23,24,31,32,15,2,10,21,15,17,35,9,24,18,43,6,44,15,31,13,45,20,7,20,52,34,4,24,34,46,33,11,41,45,43,35,1,27,35,27,15,34,18,25,16,5,42,16,24,3,28,5,31,11,24,31,30,38,40,44,37,17,26,22,22,43,35,28,44,41,25,35,4,48,39,21,14,18,17,17,38,41,21,38,33,3,21,8,16,36,12,7,12,12,2,45,28,32,5,21,31,16,8,26,45,12,29,14,28,35,10,38,28,21,48,7,33,37,31,29,17,10,25,15,15,45,6,42,26,27,13,20,7,43,11,35,23,30,12,17,10,1,17,12,7,10,36,51,21,48,26,3,40,46,34,23,16,18,36,16,29,15,40,46,17,36,7,25,25,19,12,7,39,26,19,31,18,16,38,2,36,14,17,16,7,9]
costo_por_agente [6,55,288,343,167,26,309,168,21,2,360,173,351,99,307,9,310,398,123,6,216,77,389,15,275,20,7,26,138,384,4,26,128,354,117,11,241,139,411,349,1,285,193,323,17,34,22,397,20,5,202,110,24,3,478,7,479,15,24,377,422,58,180,142,49,17,242,24,228,151,187,286,288,175,479,241,8,408,173,109,14,18,301,205,306,65,21,360,233,5,31,10,216,120,16,7,16,14,2,315,284,460,5,347,31,16,8,332,65,14,31,18,348,57,24,64,132,21,134,9,343,113,87,333,297,268,399,181,15,335,6,248,26,249,15,20,7,293,11,333,443,294,20,341,36,1,39,22,9,12,184,275,57,56,26,3,146,282,186,55,68,96,448,20,329,21,444,238,19,192,59,123,113,355,12,9,341,314,19,59,60,508,52,4,154,242,17,224,17,13]
completion_time_por_agente [7,74,453,539,243,28,452,232,28,2,527,334,524,138,465,11,533,594,201,6,305,134,562,16,448,20,7,37,208,598,4,27,195,619,168,12,406,206,650,585,1,427,289,493,18,34,29,646,26,9,317,158,24,3,748,9,721,19,26,537,752,75,255,219,63,17,378,24,351,260,264,475,416,298,744,364,8,618,244,163,16,18,462,327,477,85,22,667,353,8,42,15,379,163,16,8,25,17,2,461,440,727,5,557,31,17,12,512,107,16,36,24,528,97,33,96,169,24,210,10,478,151,114,512,503,480,622,266,15,524,7,385,26,399,20,27,8,428,11,580,695,496,26,606,59,1,67,30,13,12,274,429,94,76,26,4,208,497,297,80,92,159,709,21,503,28,748,452,20,386,104,184,202,543,14,15,524,514,19,88,86,762,77,7,265,342,17,368,19,13]
tiempo_ultimo_agente_goal 762
tiempo_en_acabar 762
tiempo_promedio 237.689468
agentes_en_goal 190
bad_good_total_rate_pred [354579,157892,512471,0.3]
push_out_count 25170
RUN 8
valores_ideales [6,37,32,35,23,24,31,32,15,2,10,21,15,17,35,9,24,18,43,6,44,15,31,13,45,20,7,20,52,34,4,24,34,46,33,11,41,45,43,35,1,27,35,27,15,34,18,25,16,5,42,16,24,3,28,5,31,11,24,31,30,38,40,44,37,17,26,22,22,43,35,28,44,41,25,35,4,48,39,21,14,18,17,17,38,41,21,38,33,3,21,8,16,36,12,7,12,12,2,45,28,32,5,21,31,16,8,26,45,12,29,14,28,35,10,38,28,21,48,7,33,37,31,29,17,10,25,15,15,45,6,42,26,27,13,20,7,43,11,35,23,30,12,17,10,1,17,12,7,10,36,51,21,48,26,3,40,46,34,23,16,18,36,16,29,15,40,46,17,36,7,25,25,19,12,7,39,26,19,31,18,16,38,2,36,14,17,16,7,9]
costo_por_agente [6,145,292,409,133,24,253,376,19,2,450,65,363,29,97,9,530,326,103,10,346,387,425,15,347,20,7,22,54,288,4,34,190,384,257,11,101,427,465,495,1,159,325,67,21,34,20,83,20,5,274,20,24,3,98,13,459,19,284,421,404,338,344,308,153,25,328,24,218,135,405,154,328,443,181,219,6,114,465,87,16,24,179,377,254,279,21,120,411,9,25,14,42,260,14,9,14,12,2,319,112,526,5,285,33,16,10,374,81,12,31,18,398,57,34,52,138,27,130,11,475,487,51,155,101,136,279,31,23,59,6,290,26,349,21,28,7,391,19,137,257,488,24,91,24,1,23,22,9,12,110,399,41,94,26,3,454,184,238,41,98,26,62,16,453,17,430,74,19,154,353,281,29,57,12,15,391,354,19,103,28,38,68,2,284,156,17,376,9,11]
completion_time_por_agente [6,246,435,652,214,31,400,577,27,2,626,87,653,38,133,12,814,486,159,15,479,623,741,17,527,20,7,30,64,447,4,41,321,555,384,11,166,683,710,758,1,268,534,110,25,36,21,122,30,9,454,24,24,3,158,15,816,19,547,660,702,514,563,509,293,29,486,26,356,243,650,259,505,643,267,327,12,166,835,133,18,28,268,544,376,487,21,156,582,11,28,18,79,428,15,9,14,14,2,497,149,817,5,459,34,17,14,555,145,12,34,23,628,74,51,74,187,35,214,11,787,706,61,258,175,235,411,55,23,92,7,432,26,500,24,38,8,627,25,211,391,780,26,149,34,1,31,39,9,15,161,616,72,170,26,3,716,296,362,64,162,37,101,16,732,19,731,105,20,243,546,464,35,99,12,18,626,556,19,149,30,48,106,4,390,229,17,564,13,13]
tiempo_ultimo_agente_goal 835
tiempo_en_acabar 835
tiempo_promedio 239.442108
agentes_en_goal 190
bad_good_total_rate_pred [358070,159256,517326,0.3]
push_out_count 29010
RUN 9
valores_ideales [6,37,32,35,23,24,31,32,15,2,10,21,15,17,35,9,24,18,43,6,44,15,31,13,45,20,7,20,52,34,4,24,34,46,33,11,41,45,43,35,1,27,35,27,15,34,18,25,16,5,42,16,24,3,28,5,31,11,24,31,30,38,40,44,37,17,26,22,22,43,35,28,44,41,25,35,4,48,39,21,14,18,17,17,38,41,21,38,33,3,21,8,16,36,12,7,12,12,2,45,28,32,5,21,31,16,8,26,45,12,29,14,28,35,10,38,28,21,48,7,33,37,31,29,17,10,25,15,15,45,6,42,26,27,13,20,7,43,11,35,23,30,12,17,10,1,17,12,7,10,36,51,21,48,26,3,40,46,34,23,16,18,36,16,29,15,40,46,17,36,7,25,25,19,12,7,39,26,19,31,18,16,38,2,36,14,17,16,7,9]
costo_por_agente [6,327,234,295,153,26,433,130,17,2,222,91,391,17,233,9,104,440,295,6,218,303,83,17,163,20,7,24,156,316,4,28,214,302,289,11,311,297,295,309,1,131,267,89,17,34,22,225,16,17,156,44,24,3,128,9,353,25,36,205,356,194,380,102,151,17,482,22,214,83,217,190,58,345,381,419,12,138,309,39,14,20,223,309,292,73,21,82,173,13,25,12,186,162,18,9,12,14,2,261,278,160,5,325,31,16,8,262,175,12,31,24,282,167,38,56,58,25,186,7,315,165,107,251,287,296,449,409,17,55,6,380,30,445,13,20,7,279,21,231,381,100,20,119,12,1,21,70,11,12,254,261,41,60,26,3,386,116,332,57,388,54,68,16,443,17,406,242,21,208,11,139,35,67,12,15,167,262,19,87,52,264,108,34,170,66,17,228,13,9]
completion_time_por_agente [6,540,421,488,210,31,631,197,24,2,342,134,697,21,322,10,145,759,504,7,336,495,142,23,288,20,7,27,248,475,4,28,341,496,413,11,480,413,447,520,1,209,410,144,17,34,24,349,20,30,233,87,24,3,217,14,575,28,52,343,554,340,590,157,214,19,806,23,337,146,348,344,77,502,577,607,18,227,458,63,16,20,346,511,480,123,22,135,265,14,27,19,284,246,19,10,13,15,2,393,472,235,5,512,31,19,9,359,288,13,31,33,412,278,66,84,83,26,256,12,524,268,147,332,441,497,795,613,22,88,8,598,33,648,15,23,8,440,23,450,581,160,25,176,12,1,26,77,14,15,413,385,73,80,26,3,607,211,501,77,652,78,88,16,690,17,638,383,22,328,15,228,44,80,12,19,268,444,19,116,86,403,171,68,301,104,18,362,13,9]
tiempo_ultimo_agente_goal 806
tiempo_en_acabar 806
tiempo_promedio 217.042099
agentes_en_goal 190
bad_good_total_rate_pred [325200,147224,472424,0.3]
push_out_count 32458
RUN 10
valores_ideales [6,37,32,35,23,24,31,32,15,2,10,21,15,17,35,9,24,18,43,6,44,15,31,13,45,20,7,20,52,34,4,24,34,46,33,11,41,45,43,35,1,27,35,27,15,34,18,25,16,5,42,16,24,3,28,5,31,11,24,31,30,38,40,44,37,17,26,22,22,43,35,28,44,41,25,35,4,48,39,21,14,18,17,17,38,41,21,38,33,3,21,8,16,36,12,7,12,12,2,45,28,32,5,21,31,16,8,26,45,12,29,14,28,35,10,38,28,21,48,7,33,37,31,29,17,10,25,15,15,45,6,42,26,27,13,20,7,43,11,35,23,30,12,17,10,1,17,12,7,10,36,51,21,48,26,3,40,46,34,23,16,18,36,16,29,15,40,46,17,36,7,25,25,19,12,7,39,26,19,31,18,16,38,2,36,14,17,16,7,9]
costo_por_agente [6,107,342,361,249,26,365,234,27,2,206,63,371,17,271,11,222,248,297,10,124,415,353,15,89,20,9,24,66,70,4,36,384,320,381,11,229,335,293,177,1,287,401,39,25,34,18,441,16,5,66,58,24,3,108,11,265,15,58,429,402,398,496,384,97,17,388,26,416,127,475,346,394,71,475,259,14,108,189,81,16,18,39,351,478,439,23,142,499,3,23,22,200,80,18,7,48,12,2,503,166,220,5,163,31,16,8,476,93,14,31,22,488,63,66,52,118,21,188,7,327,287,299,353,253,370,169,61,17,53,6,444,28,95,15,54,7,183,85,93,325,230,16,169,18,1,21,24,9,10,412,505,63,50,26,3,254,92,404,75,164,38,108,16,181,17,238,364,19,132,9,61,97,29,14,7,99,314,19,61,34,392,274,4,158,38,17,436,11,9]
completion_time_por_agente [7,189,537,552,372,28,559,386,40,2,300,94,587,22,390,12,386,418,489,11,186,611,615,18,160,20,9,29,83,87,4,49,574,524,626,11,395,551,455,268,1,452,587,56,35,34,21,638,19,5,103,92,24,3,164,20,454,16,97,643,707,610,788,644,137,20,623,28,655,222,742,558,608,111,748,395,15,180,268,118,18,18,63,532,730,713,23,248,758,3,28,30,277,126,19,7,82,13,2,794,315,359,5,252,32,17,8,771,180,15,31,25,690,108,121,73,172,21,338,10,539,396,423,604,399,538,281,124,18,66,8,719,38,126,18,88,8,321,132,132,516,337,18,310,18,1,30,42,9,13,619,769,114,59,26,3,420,135,578,132,259,60,161,16,348,20,426,680,22,212,14,87,144,32,14,9,175,499,19,74,44,592,522,8,240,52,17,746,11,9]
tiempo_ultimo_agente_goal 794
tiempo_en_acabar 794
tiempo_promedio 236.647369
agentes_en_goal 190
bad_good_total_rate_pred [373110,167438,540548,0.3]
push_out_count 36235
RUN 11
valores_ideales [6,37,32,35,23,24,31,32,15,2,10,21,15,17,35,9,24,18,43,6,44,15,31,13,45,20,7,20,52,34,4,24,34,46,33,11,41,45,43,35,1,27,35,27,15,34,18,25,16,5,42,16,24,3,28,5,31,11,24,31,30,38,40,44,37,17,26,22,22,43,35,28,44,41,25,35,4,48,39,21,14,18,17,17,38,41,21,38,33,3,21,8,16,36,12,7,12,12,2,45,28,32,5,21,31,16,8,26,45,12,29,14,28,35,10,38,28,21,48,7,33,37,31,29,17,10,25,15,15,45,6,42,26,27,13,20,7,43,11,35,23,30,12,17,10,1,17,12,7,10,36,51,21,48,26,3,40,46,34,23,16,18,36,16,29,15,40,46,17,36,7,25,25,19,12,7,39,26,19,31,18,16,38,2,36,14,17,16,7,9]
costo_por_agente [16,259,206,307,77,26,489,52,17,2,192,43,127,449,97,9,256,92,219,10,146,489,451,13,215,20,7,24,114,258,4,24,530,286,189,11,151,149,299,227,1,343,449,65,19,34,18,379,18,5,124,66,24,3,96,7,283,17,94,447,226,152,284,96,265,17,176,22,330,75,399,158,398,71,195,97,26,264,397,65,14,18,49,373,350,341,21,378,497,5,23,20,136,360,14,7,28,16,2,231,236,444,5,267,31,16,28,336,75,16,29,18,190,121,26,46,216,37,104,21,275,367,291,257,329,218,399,141,25,87,6,356,26,165,15,22,7,293,21,169,153,114,76,283,16,1,25,22,11,10,142,63,191,74,26,3,272,128,328,67,386,30,116,20,339,17,308,148,25,228,7,219,41,27,12,15,169,170,19,93,28,34,220,310,374,138,17,332,9,9]
completion_time_por_agente [20,465,313,533,96,35,794,86,22,2,299,60,192,693,128,10,406,167,380,14,235,806,697,14,379,20,7,33,192,379,4,25,827,509,325,11,269,192,450,379,1,543,700,83,20,34,19,579,20,5,182,102,24,3,176,8,413,19,151,679,382,209,493,122,434,17,266,24,544,109,599,236,618,114,293,131,44,459,627,108,14,19,66,567,588,554,21,621,801,8,31,28,240,643,15,7,44,19,2,344,379,681,5,425,32,16,55,514,118,20,29,20,344,213,33,59,407,63,160,31,436,559,476,403,568,379,705,234,28,146,6,552,26,290,17,25,8,470,30,333,264,175,148,534,16,1,41,38,16,12,223,81,325,108,26,3,407,183,493,119,633,35,170,26,484,17,530,236,26,385,10,341,46,35,12,16,267,267,19,150,47,55,406,436,609,215,18,582,9,9]
tiempo_ultimo_agente_goal 827
tiempo_en_acabar 827
tiempo_promedio 227.836838
agentes_en_goal 190
bad_good_total_rate_pred [324004,158766,482770,0.3]
push_out_count 40048
RUN 12
valores_ideales [6,37,32,35,23,24,31,32,15,2,10,21,15,17,35,9,24,18,43,6,44,15,31,13,45,20,7,20,52,34,4,24,34,46,33,11,41,45,43,35,1,27,35,27,15,34,18,25,16,5,42,16,24,3,28,5,31,11,24,31,30,38,40,44,37,17,26,22,22,43,35,28,44,41,25,35,4,48,39,21,14,18,17,17,38,41,21,38,33,3,21,8,16,36,12,7,12,12,2,45,28,32,5,21,31,16,8,26,45,12,29,14,28,35,10,38,28,21,48,7,33,37,31,29,17,10,25,15,15,45,6,42,26,27,13,20,7,43,11,35,23,30,12,17,10,1,17,12,7,10,36,51,21,48,26,3,40,46,34,23,16,18,36,16,29,15,40,46,17,36,7,25,25,19,12,7,39,26,19,31,18,16,38,2,36,14,17,16,7,9]
costo_por_agente [6,125,504,347,281,24,469,124,19,2,128,121,475,23,543,13,428,290,281,8,522,403,365,15,311,20,7,26,68,124,4,26,516,216,469,11,85,417,517,551,1,387,413,45,21,34,18,351,18,5,320,42,24,3,78,23,383,15,40,465,158,212,532,136,61,17,388,22,174,85,469,254,240,343,523,129,4,112,395,131,14,18,463,207,492,479,21,378,533,7,21,14,94,330,18,9,20,12,4,445,314,352,5,157,31,16,34,150,89,18,31,32,480,295,78,52,164,31,88,9,283,89,103,437,333,362,505,297,21,75,6,94,26,571,27,36,7,83,25,159,475,318,18,327,10,1,21,18,13,10,366,107,61,82,26,3,320,166,534,69,110,94,380,20,179,17,352,246,21,334,491,273,25,33,12,7,459,328,19,45,34,572,68,6,554,100,17,390,13,9]
completion_time_por_agente [6,230,846,520,485,30,799,174,25,2,238,175,821,29,863,18,684,521,415,11,754,567,572,17,562,20,7,36,98,212,4,28,828,338,737,11,116,742,765,841,1,576,618,67,23,34,22,524,20,7,501,69,24,3,113,46,594,17,63,765,287,340,741,188,80,17,648,24,303,110,763,438,351,595,788,197,4,193,634,266,16,19,692,311,756,810,23,650,868,11,22,18,180,527,19,11,28,13,5,712,513,562,5,246,31,19,66,212,150,18,34,53,806,516,122,66,244,38,131,16,436,132,152,674,592,504,809,471,21,121,7,155,27,877,39,52,8,124,47,256,772,479,25,491,10,1,25,31,15,10,618,172,93,130,26,3,513,275,810,102,150,177,649,23,274,17,541,379,23,560,814,399,27,46,14,9,715,584,19,65,60,814,108,11,759,194,20,608,23,11]
tiempo_ultimo_agente_goal 877
tiempo_en_acabar 877
tiempo_promedio 278.621063
agentes_en_goal 190
bad_good_total_rate_pred [408045,186478,594523,0.3]
push_out_count 44637
RUN 13
valores_ideales [6,37,32,35,23,24,31,32,15,2,10,21,15,17,35,9,24,18,43,6,44,15,31,13,45,20,7,20,52,34,4,24,34,46,33,11,41,45,43,35,1,27,35,27,15,34,18,25,16,5,42,16,24,3,28,5,31,11,24,31,30,38,40,44,37,17,26,22,22,43,35,28,44,41,25,35,4,48,39,21,14,18,17,17,38,41,21,38,33,3,21,8,16,36,12,7,12,12,2,45,28,32,5,21,31,16,8,26,45,12,29,14,28,35,10,38,28,21,48,7,33,37,31,29,17,10,25,15,15,45,6,42,26,27,13,20,7,43,11,35,23,30,12,17,10,1,17,12,7,10,36,51,21,48,26,3,40,46,34,23,16,18,36,16,29,15,40,46,17,36,7,25,25,19,12,7,39,26,19,31,18,16,38,2,36,14,17,16,7,9]
costo_por_agente [10,119,374,319,65,24,557,96,15,2,44,39,367,21,363,9,206,256,379,14,104,285,395,13,237,20,7,22,66,308,4,24,630,228,379,11,231,357,427,421,1,251,505,325,15,34,18,35,16,5,142,64,24,3,214,9,463,15,52,97,210,254,354,388,63,23,398,24,172,73,295,276,534,83,457,273,96,142,365,119,14,18,281,401,106,389,21,144,571,7,23,10,74,136,18,7,20,12,2,401,182,230,5,339,31,16,8,426,61,14,29,14,552,107,30,80,214,21,204,9,243,339,353,387,451,190,459,107,19,55,6,378,30,143,13,20,7,153,19,65,541,88,48,169,12,1,25,14,11,10,372,75,47,108,28,3,214,180,174,67,220,22,198,20,289,19,314,50,29,122,27,127,85,67,12,9,311,200,19,41,32,594,98,30,456,296,17,258,11,15]
completion_time_por_agente [10,176,533,509,87,27,883,141,18,2,66,54,530,26,552,10,306,397,612,17,155,458,580,14,371,22,7,28,91,435,4,26,918,332,694,12,410,564,752,645,1,397,785,541,16,34,18,47,21,6,224,115,24,3,372,11,762,18,93,145,359,454,529,587,80,27,694,27,259,125,436,451,835,121,700,429,183,227,656,178,16,19,411,538,171,672,21,216,882,8,24,11,135,263,25,7,25,13,2,544,283,379,5,545,31,17,8,682,87,15,29,15,853,179,45,115,378,22,352,11,385,578,531,596,795,342,686,200,22,75,7,540,39,191,14,29,8,262,30,94,761,150,90,298,16,1,31,21,15,11,539,118,70,184,28,3,329,293,264,114,349,30,393,28,407,21,500,61,43,208,54,186,141,89,13,9,510,297,19,53,49,897,157,50,689,504,17,403,12,25]
tiempo_ultimo_agente_goal 918
tiempo_en_acabar 918
tiempo_promedio 239.431580
agentes_en_goal 190
bad_good_total_rate_pred [343978,156846,500824,0.3]
push_out_count 48522
RUN 14
valores_ideales [6,37,32,35,23,24,31,32,15,2,10,21,15,17,35,9,24,18,43,6,44,15,31,13,45,20,7,20,52,34,4,24,34,46,33,11,41,45,43,35,1,27,35,27,15,34,18,25,16,5,42,16,24,3,28,5,31,11,24,31,30,38,40,44,37,17,26,22,22,43,35,28,44,41,25,35,4,48,39,21,14,18,17,17,38,41,21,38,33,3,21,8,16,36,12,7,12,12,2,45,28,32,5,21,31,16,8,26,45,12,29,14,28,35,10,38,28,21,48,7,33,37,31,29,17,10,25,15,15,45,6,42,26,27,13,20,7,43,11,35,23,30,12,17,10,1,17,12,7,10,36,51,21,48,26,3,40,46,34,23,16,18,36,16,29,15,40,46,17,36,7,25,25,19,12,7,39,26,19,31,18,16,38,2,36,14,17,16,7,9]
costo_por_agente [10,121,120,405,277,26,199,212,25,2,224,145,73,17,379,9,232,274,477,6,280,119,415,15,175,20,7,24,66,88,4,26,158,140,129,13,227,119,467,413,1,419,389,91,15,40,18,243,20,5,260,52,24,3,44,9,189,13,24,191,278,306,380,150,225,17,436,22,276,63,161,280,248,309,293,91,24,272,323,89,14,20,201,277,220,43,21,330,347,7,27,8,502,392,20,7,20,12,2,391,434,486,5,91,31,16,8,330,235,18,31,18,312,417,72,86,98,23,90,15,219,279,53,199,311,252,497,89,15,71,6,212,26,83,15,20,7,171,19,173,317,304,16,249,12,1,23,24,15,10,134,171,45,92,28,3,256,126,268,53,444,28,428,18,385,19,342,70,23,340,11,57,43,375,12,9,73,242,19,117,52,90,120,4,224,90,17,234,13,11]
completion_time_por_agente [12,201,196,655,471,26,286,312,35,2,354,236,92,18,590,10,310,495,800,8,429,212,610,17,287,22,7,37,88,151,4,31,272,231,167,14,370,183,816,649,1,681,698,133,16,45,18,383,22,5,423,94,24,3,59,13,270,15,31,318,473,488,633,229,358,18,727,22,469,90,243,418,437,480,449,141,47,401,500,163,16,23,299,445,374,60,21,546,606,10,37,13,753,583,31,7,32,13,2,579,677,770,5,136,33,17,8,529,391,20,35,21,455,705,130,144,165,27,130,18,311,422,67,327,512,439,743,138,18,124,7,385,27,110,18,24,8,295,29,284,445,404,21,404,15,1,29,30,20,11,220,276,89,129,29,4,342,200,378,90,726,40,692,22,677,20,513,90,28,511,13,66,61,588,12,12,98,429,19,173,74,110,225,5,340,159,19,359,15,11]
tiempo_ultimo_agente_goal 816
tiempo_en_acabar 816
tiempo_promedio 221.800003
agentes_en_goal 190
bad_good_total_rate_pred [311434,146688,458122,0.3]
push_out_count 52186
RUN 15
valores_ideales [6,37,32,35,23,24,31,32,15,2,10,21,15,17,35,9,24,18,43,6,44,15,31,13,45,20,7,20,52,34,4,24,34,46,33,11,41,45,43,35,1,27,35,27,15,34,18,25,16,5,42,16,24,3,28,5,31,11,24,31,30,38,40,44,37,17,26,22,22,43,35,28,44,41,25,35,4,48,39,21,14,18,17,17,38,41,21,38,33,3,21,8,16,36,12,7,12,12,2,45,28,32,5,21,31,16,8,26,45,12,29,14,28,35,10,38,28,21,48,7,33,37,31,29,17,10,25,15,15,45,6,42,26,27,13,20,7,43,11,35,23,30,12,17,10,1,17,12,7,10,36,51,21,48,26,3,40,46,34,23,16,18,36,16,29,15,40,46,17,36,7,25,25,19,12,7,39,26,19,31,18,16,38,2,36,14,17,16,7,9]
costo_por_agente [6,95,344,249,83,28,333,408,21,2,328,45,165,37,477,9,228,92,57,14,306,451,283,17,105,20,9,26,192,488,4,30,328,376,337,11,247,327,229,347,1,343,343,205,17,34,18,47,18,5,220,78,24,3,68,7,367,17,40,359,200,362,368,344,41,23,256,22,202,293,161,438,452,197,431,251,6,234,103,45,14,20,437,363,290,157,23,118,471,3,25,14,154,202,34,7,36,14,4,411,234,316,5,153,31,16,10,388,139,20,29,20,388,149,130,98,236,23,118,7,301,165,159,301,293,318,255,277,15,71,6,392,26,381,13,26,7,417,17,161,383,112,26,349,12,1,25,16,7,10,180,417,101,86,26,3,202,114,308,95,46,54,182,22,221,17,218,172,21,260,199,33,25,449,12,15,149,274,19,79,42,374,48,2,294,74,17,414,15,9]
completion_time_por_agente [6,160,513,400,114,36,527,628,28,2,492,65,274,49,648,10,355,143,81,19,478,641,445,20,161,20,9,34,343,729,4,33,513,524,507,11,424,526,360,590,1,590,467,295,20,36,20,62,23,6,358,150,24,3,106,9,588,20,62,505,324,555,543,519,56,32,409,24,300,458,248,675,699,290,675,458,7,361,133,66,16,20,649,583,418,262,23,207,663,4,28,21,250,324,48,8,60,18,6,636,415,518,5,223,33,16,16,667,252,24,29,26,590,234,238,174,418,30,175,9,433,285,210,444,509,535,430,395,16,112,7,601,26,613,15,30,8,613,31,297,532,175,53,551,12,1,41,27,9,12,247,641,176,118,27,3,349,165,517,115,69,92,310,26,366,19,368,303,22,418,362,52,29,627,12,19,256,487,19,131,65,535,67,3,493,142,17,623,16,9]
tiempo_ultimo_agente_goal 729
tiempo_en_acabar 729
tiempo_promedio 235.647369
agentes_en_goal 190
bad_good_total_rate_pred [365709,163265,528974,0.3]
push_out_count 55752
RUN 16
valores_ideales [6,37,32,35,23,24,31,32,15,2,10,21,15,17,35,9,24,18,43,6,44,15,31,13,45,20,7,20,52,34,4,24,34,46,33,11,41,45,43,35,1,27,35,27,15,34,18,25,16,5,42,16,24,3,28,5,31,11,24,31,30,38,40,44,37,17,26,22,22,43,35,28,44,41,25,35,4,48,39,21,14,18,17,17,38,41,21,38,33,3,21,8,16,36,12,7,12,12,2,45,28,32,5,21,31,16,8,26,45,12,29,14,28,35,10,38,28,21,48,7,33,37,31,29,17,10,25,15,15,45,6,42,26,27,13,20,7,43,11,35,23,30,12,17,10,1,17,12,7,10,36,51,21,48,26,3,40,46,34,23,16,18,36,16,29,15,40,46,17,36,7,25,25,19,12,7,39,26,19,31,18,16,38,2,36,14,17,16,7,9]
costo_por_agente [8,419,318,365,201,28,405,166,21,2,238,35,491,19,465,9,536,260,71,6,164,429,491,13,125,20,7,24,70,270,4,26,80,74,197,11,261,155,433,257,1,593,399,449,17,34,18,27,16,7,76,62,24,3,104,7,489,13,90,423,444,144,364,290,363,17,350,24,306,91,193,332,244,157,383,303,12,320,477,235,14,18,259,57,204,441,21,306,369,3,23,10,152,168,12,9,56,12,2,423,110,558,5,447,31,16,8,456,79,12,31,20,196,423,24,46,260,23,474,9,389,181,183,447,477,100,555,151,19,87,6,322,30,279,13,20,7,291,19,379,411,336,14,287,10,1,45,20,7,12,306,393,81,72,26,3,278,264,478,55,278,504,78,18,329,19,476,52,19,420,111,159,53,43,12,9,417,336,19,71,40,312,96,84,226,124,17,472,9,9]
completion_time_por_agente [8,721,543,553,333,33,677,262,26,2,404,59,799,20,739,10,820,475,119,12,264,610,734,14,180,21,7,31,103,456,4,31,131,106,308,11,437,254,688,390,1,834,561,703,18,35,22,34,16,7,105,121,24,3,169,10,786,14,168,636,721,218,615,465,544,18,467,25,519,119,314,463,413,240,568,524,16,448,717,361,16,18,379,76,323,674,21,502,597,4,28,17,230,294,14,11,96,13,2,640,162,804,5,657,32,17,12,721,124,16,32,28,281,656,28,56,452,24,822,12,687,257,360,700,813,166,834,273,21,114,9,482,35,410,13,23,8,431,28,633,605,509,20,386,10,1,79,29,9,13,469,601,135,104,26,4,440,438,755,86,417,865,112,18,508,21,884,69,19,616,189,277,91,58,12,14,631,518,19,94,47,441,157,163,347,205,17,704,10,9]
tiempo_ultimo_agente_goal 884
tiempo_en_acabar 884
tiempo_promedio 267.794739
agentes_en_goal 190
bad_good_total_rate_pred [384137,174795,558932,0.3]
push_out_count 59988
RUN 17
valores_ideales [6,37,32,35,23,24,31,32,15,2,10,21,15,17,35,9,24,18,43,6,44,15,31,13,45,20,7,20,52,34,4,24,34,46,33,11,41,45,43,35,1,27,35,27,15,34,18,25,16,5,42,16,24,3,28,5,31,11,24,31,30,38,40,44,37,17,26,22,22,43,35,28,44,41,25,35,4,48,39,21,14,18,17,17,38,41,21,38,33,3,21,8,16,36,12,7,12,12,2,45,28,32,5,21,31,16,8,26,45,12,29,14,28,35,10,38,28,21,48,7,33,37,31,29,17,10,25,15,15,45,6,42,26,27,13,20,7,43,11,35,23,30,12,17,10,1,17,12,7,10,36,51,21,48,26,3,40,46,34,23,16,18,36,16,29,15,40,46,17,36,7,25,25,19,12,7,39,26,19,31,18,16,38,2,36,14,17,16,7,9]
costo_por_agente [6,447,376,401,123,24,437,416,23,2,96,67,191,17,431,9,386,406,273,8,276,453,159,13,201,20,7,24,130,216,4,24,148,248,377,11,93,331,355,509,1,419,409,39,19,36,22,365,18,5,364,474,24,3,112,9,147,17,182,229,120,350,170,276,113,39,270,28,406,119,219,268,82,441,457,239,60,102,407,95,14,20,207,265,192,367,21,52,409,9,23,20,72,304,18,9,46,12,2,407,262,334,5,191,31,16,12,330,139,16,29,16,250,107,50,46,72,23,282,9,241,439,155,147,205,92,133,171,39,377,6,424,26,261,15,24,7,129,23,191,265,286,16,293,12,1,25,16,13,10,258,135,27,170,26,3,304,170,396,85,144,44,278,18,273,17,90,358,27,154,107,59,79,125,12,11,229,222,19,41,32,410,52,100,422,48,17,294,9,11]
completion_time_por_agente [6,646,541,617,228,29,620,661,30,2,135,112,356,21,626,10,686,700,429,12,517,706,275,14,336,20,7,29,180,343,4,27,250,425,611,13,138,540,586,724,1,685,661,54,22,38,22,513,22,5,556,672,24,3,181,11,240,22,356,338,186,536,264,386,165,55,490,28,587,201,348,393,130,681,698,366,119,119,644,150,18,26,302,461,286,598,23,83,664,10,29,24,116,428,22,9,72,13,3,608,466,508,5,286,31,21,16,569,236,18,29,19,378,184,94,52,125,25,440,10,407,709,218,228,375,170,202,297,51,650,7,596,26,402,15,29,8,195,33,316,371,491,18,476,13,1,36,22,18,12,367,205,39,291,27,3,457,290,624,167,220,75,507,18,496,19,148,615,41,244,174,79,148,159,12,13,368,352,19,45,41,605,69,139,656,78,18,427,10,11]
tiempo_ultimo_agente_goal 724
tiempo_en_acabar 724
tiempo_promedio 237.678940
agentes_en_goal 190
bad_good_total_rate_pred [358338,164767,523105,0.3]
push_out_count 63797
RUN 18
valores_ideales [6,37,32,35,23,24,31,32,15,2,10,21,15,17,35,9,24,18,43,6,44,15,31,13,45,20,7,20,52,34,4,24,34,46,33,11,41,45,43,35,1,27,35,27,15,34,18,25,16,5,42,16,24,3,28,5,31,11,24,31,30,38,40,44,37,17,26,22,22,43,35,28,44,41,25,35,4,48,39,21,14,18,17,17,38,41,21,38,33,3,21,8,16,36,12,7,12,12,2,45,28,32,5,21,31,16,8,26,45,12,29,14,28,35,10,38,28,21,48,7,33,37,31,29,17,10,25,15,15,45,6,42,26,27,13,20,7,43,11,35,23,30,12,17,10,1,17,12,7,10,36,51,21,48,26,3,40,46,34,23,16,18,36,16,29,15,40,46,17,36,7,25,25,19,12,7,39,26,19,31,18,16,38,2,36,14,17,16,7,9]
costo_por_agente [6,341,290,449,267,24,275,356,17,2,266,101,355,49,327,9,490,340,401,8,200,537,353,13,301,20,7,24,112,214,4,24,208,250,221,11,231,467,373,387,1,433,225,55,23,34,18,223,20,37,100,32,24,3,134,9,465,15,24,225,94,468,272,186,61,21,464,24,76,183,225,294,372,329,431,59,6,108,223,53,14,20,59,105,450,431,21,152,443,3,23,12,124,288,26,17,28,12,2,147,210,126,5,119,31,18,8,514,499,12,31,16,370,103,60,38,160,27,146,15,375,209,143,197,77,94,343,161,19,363,6,262,26,297,27,26,7,303,13,281,277,128,22,455,16,1,29,18,7,18,302,299,79,86,26,13,346,160,174,55,26,28,210,18,121,19,320,190,19,142,463,167,31,21,12,11,329,226,19,39,110,302,178,44,406,44,17,292,17,9]
completion_time_por_agente [6,561,446,746,447,25,429,516,20,2,434,173,569,85,474,11,774,611,622,8,293,746,552,14,475,20,7,28,200,301,4,26,349,364,328,11,345,744,577,620,1,648,352,74,23,34,19,374,24,67,172,49,24,3,182,10,756,15,25,355,167,784,412,259,104,25,722,26,118,309,372,446,565,506,692,99,10,178,331,80,16,20,81,161,674,665,22,252,672,4,27,14,154,547,37,28,51,13,3,195,345,210,5,181,33,21,11,772,777,16,31,19,568,144,109,39,250,31,238,22,560,328,203,305,147,178,488,288,19,558,8,365,28,490,38,31,8,478,16,471,446,194,28,681,21,1,46,24,9,19,498,457,145,131,29,17,571,235,271,82,36,49,429,18,196,23,504,325,24,198,718,271,39,22,13,12,448,350,20,51,162,435,313,84,667,71,17,548,18,9]
tiempo_ultimo_agente_goal 784
tiempo_en_acabar 784
tiempo_promedio 235.868423
agentes_en_goal 190
bad_good_total_rate_pred [352805,156063,508868,0.3]
push_out_count 67481
RUN 19
valores_ideales [6,37,32,35,23,24,31,32,15,2,10,21,15,17,35,9,24,18,43,6,44,15,31,13,45,20,7,20,52,34,4,24,34,46,33,11,41,45,43,35,1,27,35,27,15,34,18,25,16,5,42,16,24,3,28,5,31,11,24,31,30,38,40,44,37,17,26,22,22,43,35,28,44,41,25,35,4,48,39,21,14,18,17,17,38,41,21,38,33,3,21,8,16,36,12,7,12,12,2,45,28,32,5,21,31,16,8,26,45,12,29,14,28,35,10,38,28,21,48,7,33,37,31,29,17,10,25,15,15,45,6,42,26,27,13,20,7,43,11,35,23,30,12,17,10,1,17,12,7,10,36,51,21,48,26,3,40,46,34,23,16,18,36,16,29,15,40,46,17,36,7,25,25,19,12,7,39,26,19,31,18,16,38,2,36,14,17,16,7,9]
costo_por_agente [8,95,262,317,199,24,353,70,15,2,176,193,213,95,53,9,354,184,275,16,224,423,67,17,105,20,7,20,342,360,4,24,348,232,309,11,237,275,167,379,1,155,453,45,15,34,18,31,26,5,132,26,24,3,44,7,325,15,54,329,200,426,366,218,113,17,186,22,226,57,377,174,58,45,381,179,46,220,155,29,16,18,187,255,416,55,21,222,237,5,21,14,52,138,22,9,20,12,2,117,68,316,5,245,31,16,8,442,343,16,29,22,396,353,142,44,154,25,102,9,161,141,87,173,233,288,377,161,15,49,6,276,30,269,13,26,7,125,11,167,225,68,18,249,28,1,19,16,9,12,72,305,25,54,26,3,116,62,120,41,40,46,48,16,291,17,294,62,21,256,133,37,25,51,12,7,147,374,19,43,38,476,76,4,168,108,17,432,9,9]
completion_time_por_agente [8,187,430,441,349,24,539,90,20,2,230,293,315,138,78,12,596,288,499,23,353,625,99,25,179,20,7,25,565,544,4,27,462,368,486,11,382,386,272,574,1,221,659,48,19,34,19,36,34,6,227,37,24,3,63,9,527,17,79,510,323,688,544,313,203,18,301,27,364,81,553,246,77,58,548,304,85,375,246,44,18,21,306,462,632,80,21,342,374,9,25,18,65,232,28,10,23,14,2,205,125,495,5,350,33,18,8,665,585,19,29,30,681,576,246,51,251,29,143,12,224,239,144,264,415,505,604,266,18,71,7,495,34,378,14,28,8,238,12,273,369,82,20,353,36,1,25,21,14,13,100,459,35,74,27,3,199,90,167,59,46,83,58,16,473,19,500,92,24,433,247,43,27,60,13,7,241,605,19,59,45,706,105,6,253,168,17,617,9,11]
tiempo_ultimo_agente_goal 706
tiempo_en_acabar 706
tiempo_promedio 192.478943
agentes_en_goal 190
bad_good_total_rate_pred [274899,129955,404854,0.3]
push_out_count 70534
RUN 20
valores_ideales [6,37,32,35,23,24,31,32,15,2,10,21,15,17,35,9,24,18,43,6,44,15,31,13,45,20,7,20,52,34,4,24,34,46,33,11,41,45,43,35,1,27,35,27,15,34,18,25,16,5,42,16,24,3,28,5,31,11,24,31,30,38,40,44,37,17,26,22,22,43,35,28,44,41,25,35,4,48,39,21,14,18,17,17,38,41,21,38,33,3,21,8,16,36,12,7,12,12,2,45,28,32,5,21,31,16,8,26,45,12,29,14,28,35,10,38,28,21,48,7,33,37,31,29,17,10,25,15,15,45,6,42,26,27,13,20,7,43,11,35,23,30,12,17,10,1,17,12,7,10,36,51,21,48,26,3,40,46,34,23,16,18,36,16,29,15,40,46,17,36,7,25,25,19,12,7,39,26,19,31,18,16,38,2,36,14,17,16,7,9]
costo_por_agente [6,101,274,351,179,26,425,144,23,2,10,37,321,29,297,11,366,366,645,14,248,379,585,13,95,20,7,24,274,150,4,32,80,356,227,11,149,311,521,197,1,623,329,179,19,34,20,39,18,5,322,92,26,3,174,7,589,17,24,373,430,62,352,242,209,17,250,24,348,259,131,324,296,459,249,405,12,96,623,31,14,20,143,211,426,199,21,98,399,3,23,14,154,328,24,7,34,12,2,361,94,490,5,163,31,16,10,320,377,12,29,18,384,217,146,44,286,25,338,13,121,285,337,275,147,30,149,109,33,181,6,484,28,35,15,22,7,397,31,135,307,80,28,319,14,1,21,20,7,12,256,293,45,104,26,3,444,356,278,79,24,32,494,22,577,17,470,174,21,414,447,325,59,295,12,11,145,506,19,53,58,38,134,2,236,70,17,384,17,11]
completion_time_por_agente [6,156,430,559,285,29,667,211,28,2,10,60,574,36,477,12,628,588,943,22,405,598,904,14,157,20,7,28,458,229,4,44,110,676,342,11,271,484,793,324,1,984,494,259,22,34,21,52,23,5,535,155,26,3,279,11,892,21,26,597,678,99,550,349,358,20,445,24,521,420,202,450,424,711,455,668,20,155,935,43,16,21,258,334,697,346,21,179,616,3,28,20,272,588,26,7,46,13,2,503,147,845,5,269,33,17,12,496,585,15,29,20,564,385,260,57,531,31,576,19,212,466,511,428,205,39,215,168,39,251,7,743,28,41,26,29,8,587,46,214,501,109,47,563,21,1,24,42,9,14,400,427,83,180,26,4,714,543,441,129,33,49,848,24,968,17,694,311,29,708,625,447,88,433,12,12,214,860,19,68,74,50,235,3,401,119,17,604,21,13]
tiempo_ultimo_agente_goal 984
tiempo_en_acabar 984
tiempo_promedio 257.884216
agentes_en_goal 190
bad_good_total_rate_pred [394319,180305,574624,0.3]
push_out_count 74666
RUN 21
valores_ideales [6,37,32,35,23,24,31,32,15,2,10,21,15,17,35,9,24,18,43,6,44,15,31,13,45,20,7,20,52,34,4,24,34,46,33,11,41,45,43,35,1,27,35,27,15,34,18,25,16,5,42,16,24,3,28,5,31,11,24,31,30,38,40,44,37,17,26,22,22,43,35,28,44,41,25,35,4,48,39,21,14,18,17,17,38,41,21,38,33,3,21,8,16,36,12,7,12,12,2,45,28,32,5,21,31,16,8,26,45,12,29,14,28,35,10,38,28,21,48,7,33,37,31,29,17,10,25,15,15,45,6,42,26,27,13,20,7,43,11,35,23,30,12,17,10,1,17,12,7,10,36,51,21,48,26,3,40,46,34,23,16,18,36,16,29,15,40,46,17,36,7,25,25,19,12,7,39,26,19,31,18,16,38,2,36,14,17,16,7,9]
costo_por_agente [8,139,338,375,493,26,313,304,49,2,190,39,243,37,337,13,426,164,271,10,206,399,195,21,201,20,7,20,70,238,4,26,376,430,389,11,277,153,99,451,1,289,107,41,21,34,18,75,22,13,82,94,24,3,52,19,469,17,146,393,402,458,394,232,123,17,440,22,370,157,269,302,310,65,545,177,10,258,401,43,14,20,157,359,100,55,21,202,331,3,21,16,112,52,18,7,16,16,2,339,112,144,5,141,31,16,8,582,123,16,29,26,536,69,86,48,52,33,114,9,453,115,175,473,167,166,495,51,21,245,6,360,26,83,17,30,7,205,19,183,223,432,38,125,42,1,35,40,13,12,290,221,51,68,26,5,272,82,342,105,22,96,184,16,177,17,416,412,25,162,61,269,33,23,12,7,303,332,19,37,22,600,68,236,228,108,17,370,9,11]
completion_time_por_agente [10,226,567,622,795,26,473,473,82,2,263,58,378,51,528,19,737,245,467,17,308,606,308,32,342,21,7,23,112,406,4,28,571,686,519,11,480,265,186,790,1,461,166,50,22,35,18,91,37,31,132,161,26,3,78,30,738,18,270,695,651,719,578,342,228,21,711,22,546,315,410,468,482,89,858,250,14,443,688,52,16,23,205,585,180,104,21,359,498,3,23,21,205,92,23,7,23,17,2,519,178,226,5,262,32,16,8,847,190,16,29,39,808,124,164,60,68,47,184,10,707,189,269,836,274,256,789,75,27,451,7,539,26,92,18,39,8,334,24,295,342,761,61,203,77,1,59,74,17,14,493,345,87,99,26,5,438,133,582,166,30,176,346,16,298,19,633,685,29,272,92,349,47,24,12,7,496,525,19,40,30,873,91,377,382,186,17,680,11,11]
tiempo_ultimo_agente_goal 873
tiempo_en_acabar 873
tiempo_promedio 236.547363
agentes_en_goal 190
bad_good_total_rate_pred [337936,159216,497152,0.3]
push_out_count 78850
RUN 22
valores_ideales [6,37,32,35,23,24,31,32,15,2,10,21,15,17,35,9,24,18,43,6,44,15,31,13,45,20,7,20,52,34,4,24,34,46,33,11,41,45,43,35,1,27,35,27,15,34,18,25,16,5,42,16,24,3,28,5,31,11,24,31,30,38,40,44,37,17,26,22,22,43,35,28,44,41,25,35,4,48,39,21,14,18,17,17,38,41,21,38,33,3,21,8,16,36,12,7,12,12,2,45,28,32,5,21,31,16,8,26,45,12,29,14,28,35,10,38,28,21,48,7,33,37,31,29,17,10,25,15,15,45,6,42,26,27,13,20,7,43,11,35,23,30,12,17,10,1,17,12,7,10,36,51,21,48,26,3,40,46,34,23,16,18,36,16,29,15,40,46,17,36,7,25,25,19,12,7,39,26,19,31,18,16,38,2,36,14,17,16,7,9]
costo_por_agente [8,155,322,321,187,24,341,346,21,2,196,63,353,17,271,13,476,242,447,12,244,291,271,17,419,20,7,28,64,106,4,40,304,478,383,11,441,131,397,459,1,403,397,215,17,34,18,73,20,13,112,50,24,3,70,9,237,17,454,179,114,262,250,346,63,21,366,24,374,109,285,334,110,259,251,191,200,418,491,61,14,20,611,343,402,99,21,68,83,3,23,14,136,78,16,9,32,12,2,331,320,426,5,419,31,18,12,282,205,14,31,20,426,445,12,72,208,23,268,9,509,373,375,317,257,278,305,121,21,71,6,158,28,109,17,36,7,331,11,99,253,456,16,387,34,1,21,56,7,10,178,449,57,104,26,3,272,124,344,559,226,68,132,24,205,19,488,50,17,148,89,397,69,21,12,13,189,406,19,57,22,554,50,2,432,384,19,230,15,9]
completion_time_por_agente [8,272,492,493,322,24,511,539,21,2,280,94,547,18,405,14,797,390,701,18,384,410,404,21,613,20,7,36,87,164,4,59,418,767,617,11,601,198,666,686,1,605,650,344,17,34,21,93,28,19,176,83,25,3,114,10,384,17,726,289,205,416,377,527,95,25,553,25,595,154,471,505,219,386,362,277,308,641,751,110,18,23,956,501,639,165,22,102,132,5,26,18,239,129,17,10,49,12,2,556,565,674,5,669,33,19,12,451,328,17,34,25,661,701,13,110,361,23,409,11,763,560,568,513,396,442,406,166,29,107,7,248,31,161,17,54,8,524,12,145,396,778,18,571,60,1,26,110,8,12,288,734,94,142,26,3,437,221,567,968,315,137,256,25,343,21,732,59,20,209,132,566,112,22,12,16,296,675,19,90,26,789,71,3,605,592,20,352,18,9]
tiempo_ultimo_agente_goal 968
tiempo_en_acabar 968
tiempo_promedio 256.121063
agentes_en_goal 190
bad_good_total_rate_pred [373853,166044,539897,0.3]
push_out_count 82836
RUN 23
valores_ideales [6,37,32,35,23,24,31,32,15,2,10,21,15,17,35,9,24,18,43,6,44,15,31,13,45,20,7,20,52,34,4,24,34,46,33,11,41,45,43,35,1,27,35,27,15,34,18,25,16,5,42,16,24,3,28,5,31,11,24,31,30,38,40,44,37,17,26,22,22,43,35,28,44,41,25,35,4,48,39,21,14,18,17,17,38,41,21,38,33,3,21,8,16,36,12,7,12,12,2,45,28,32,5,21,31,16,8,26,45,12,29,14,28,35,10,38,28,21,48,7,33,37,31,29,17,10,25,15,15,45,6,42,26,27,13,20,7,43,11,35,23,30,12,17,10,1,17,12,7,10,36,51,21,48,26,3,40,46,34,23,16,18,36,16,29,15,40,46,17,36,7,25,25,19,12,7,39,26,19,31,18,16,38,2,36,14,17,16,7,9]
costo_por_agente [6,137,408,493,143,26,269,256,23,2,84,41,385,29,91,9,318,342,163,16,226,353,461,15,341,20,7,22,66,156,4,32,356,180,133,11,283,155,147,345,1,201,447,85,17,34,20,53,18,5,56,58,24,3,92,7,293,19,392,73,294,112,410,292,45,17,330,22,214,61,281,308,366,57,455,59,12,308,321,141,14,18,459,79,502,87,21,64,445,3,23,14,440,254,14,7,20,20,2,223,330,186,5,331,31,16,8,446,255,16,29,16,468,43,28,68,288,21,284,9,339,349,87,385,237,214,299,91,17,73,6,450,26,97,19,24,11,87,17,301,313,312,14,347,22,1,23,22,7,12,90,95,67,144,26,5,202,116,480,55,176,140,336,16,157,17,170,204,21,294,155,273,51,21,12,7,445,218,19,173,32,412,112,356,140,38,17,110,15,11]
completion_time_por_agente [6,232,670,686,234,32,397,403,34,2,123,68,558,37,139,10,496,546,256,19,346,545,645,16,532,20,7,26,89,250,4,39,649,346,185,11,462,257,250,548,1,324,687,111,19,34,20,85,21,6,82,99,24,3,139,8,463,21,698,101,442,155,651,488,60,21,487,23,326,101,475,503,597,86,723,78,19,518,515,227,16,19,613,102,719,121,22,97,680,4,26,21,659,438,17,7,30,26,2,329,482,276,5,562,33,17,8,696,428,17,29,18,681,57,49,97,439,21,478,10,455,544,121,625,384,316,570,123,23,125,7,679,29,136,24,31,18,150,27,423,515,512,17,521,33,1,31,39,13,13,156,162,104,240,26,5,298,187,662,85,254,210,491,16,272,20,256,361,24,482,275,444,74,22,14,7,682,325,19,294,36,585,159,563,232,63,18,173,22,13]
tiempo_ultimo_agente_goal 723
tiempo_en_acabar 723
tiempo_promedio 225.278946
agentes_en_goal 190
bad_good_total_rate_pred [319241,147687,466928,0.3]
push_out_count 86287
RUN 24
valores_ideales [6,37,32,35,23,24,31,32,15,2,10,21,15,17,35,9,24,18,43,6,44,15,31,13,45,20,7,20,52,34,4,24,34,46,33,11,41,45,43,35,1,27,35,27,15,34,18,25,16,5,42,16,24,3,28,5,31,11,24,31,30,38,40,44,37,17,26,22,22,43,35,28,44,41,25,35,4,48,39,21,14,18,17,17,38,41,21,38,33,3,21,8,16,36,12,7,12,12,2,45,28,32,5,21,31,16,8,26,45,12,29,14,28,35,10,38,28,21,48,7,33,37,31,29,17,10,25,15,15,45,6,42,26,27,13,20,7,43,11,35,23,30,12,17,10,1,17,12,7,10,36,51,21,48,26,3,40,46,34,23,16,18,36,16,29,15,40,46,17,36,7,25,25,19,12,7,39,26,19,31,18,16,38,2,36,14,17,16,7,9]
costo_por_agente [6,71,330,255,327,26,369,146,17,2,64,67,209,27,345,9,400,108,427,6,252,47,341,15,331,20,7,22,128,258,4,24,58,288,173,11,63,431,433,461,1,387,241,53,17,34,20,203,20,23,118,92,24,3,68,7,407,15,288,269,442,400,338,182,43,17,396,22,268,121,79,310,344,365,259,361,60,302,147,459,14,18,121,127,276,307,21,50,225,3,29,10,90,246,16,7,18,14,2,109,246,454,5,321,31,16,10,256,335,26,31,18,244,171,70,74,248,25,182,7,275,275,221,149,157,272,409,71,19,47,6,266,26,237,15,20,7,77,11,125,269,398,32,187,18,1,23,44,7,12,82,217,61,48,26,5,154,178,390,59,68,68,62,22,389,17,346,260,21,302,369,29,29,43,12,9,299,376,19,101,46,20,78,4,220,38,17,332,9,9]
completion_time_por_agente [6,92,539,424,472,27,558,205,20,2,91,107,352,44,498,9,656,175,665,7,445,81,567,16,573,20,7,24,202,369,5,25,89,514,234,11,106,715,614,684,1,616,387,72,18,34,22,313,24,39,188,154,24,3,98,9,670,16,507,439,642,625,485,298,50,19,624,24,469,182,137,468,571,610,409,563,123,523,234,722,16,21,175,172,422,427,21,79,368,4,31,13,162,433,17,7,27,14,2,152,415,682,5,543,33,17,10,374,534,43,31,29,378,283,141,94,357,25,281,10,455,454,352,208,268,455,664,130,20,55,7,422,26,405,15,23,8,112,12,210,399,652,38,275,30,1,28,67,8,12,121,340,104,55,27,6,227,311,620,89,97,123,95,27,661,19,553,417,22,546,602,38,32,67,13,13,465,644,19,160,61,22,98,5,340,63,18,506,10,9]
tiempo_ultimo_agente_goal 722
tiempo_en_acabar 722
tiempo_promedio 220.873688
agentes_en_goal 190
bad_good_total_rate_pred [315744,148469,464213,0.3]
push_out_count 89910
RUN 25
valores_ideales [6,37,32,35,23,24,31,32,15,2,10,21,15,17,35,9,24,18,43,6,44,15,31,13,45,20,7,20,52,34,4,24,34,46,33,11,41,45,43,35,1,27,35,27,15,34,18,25,16,5,42,16,24,3,28,5,31,11,24,31,30,38,40,44,37,17,26,22,22,43,35,28,44,41,25,35,4,48,39,21,14,18,17,17,38,41,21,38,33,3,21,8,16,36,12,7,12,12,2,45,28,32,5,21,31,16,8,26,45,12,29,14,28,35,10,38,28,21,48,7,33,37,31,29,17,10,25,15,15,45,6,42,26,27,13,20,7,43,11,35,23,30,12,17,10,1,17,12,7,10,36,51,21,48,26,3,40,46,34,23,16,18,36,16,29,15,40,46,17,36,7,25,25,19,12,7,39,26,19,31,18,16,38,2,36,14,17,16,7,9]
costo_por_agente [6,327,288,309,151,26,127,220,23,2,254,69,191,175,281,9,150,158,97,6,258,315,199,15,127,20,7,22,196,320,4,26,246,256,211,11,247,419,103,147,1,137,355,299,19,34,18,171,16,7,216,62,30,3,114,11,133,15,28,363,194,212,198,364,109,17,340,22,304,281,355,266,224,317,263,197,48,196,197,77,14,18,331,179,188,307,21,68,309,3,25,18,28,110,14,9,22,14,2,313,194,336,5,249,31,18,8,192,125,14,29,16,338,97,90,40,244,27,134,19,197,77,181,267,307,62,337,131,15,61,8,314,28,49,13,24,7,159,19,105,285,182,20,191,16,1,33,18,63,12,256,223,41,104,26,5,326,146,386,67,172,42,120,18,329,17,338,334,21,160,83,279,33,21,12,9,231,298,19,45,88,26,38,44,336,260,17,392,15,9]
completion_time_por_agente [6,535,463,483,214,29,216,353,29,2,400,111,299,291,438,10,248,243,149,6,385,480,315,17,207,20,7,28,351,471,4,27,347,432,347,12,413,598,148,205,1,237,620,434,20,34,19,266,22,8,361,93,36,3,203,17,237,18,34,567,336,391,271,501,158,18,562,24,491,455,620,400,363,445,455,328,96,329,298,156,16,19,538,253,298,507,22,113,424,4,33,22,37,153,16,9,37,15,3,455,300,563,5,384,31,19,8,287,235,16,30,18,435,139,187,42,456,36,220,21,288,109,268,429,525,83,541,227,16,88,8,483,30,59,14,29,8,240,28,164,461,245,20,290,20,1,38,24,97,12,422,355,63,174,27,5,497,241,563,95,219,74,222,18,582,20,545,601,24,249,145,424,37,22,12,10,357,472,19,54,118,35,39,67,513,477,18,575,20,10]
tiempo_ultimo_agente_goal 620
tiempo_en_acabar 620
tiempo_promedio 204.931580
agentes_en_goal 190
bad_good_total_rate_pred [316825,139898,456723,0.3]
push_out_count 93059
RUN 26
valores_ideales [6,37,32,35,23,24,31,32,15,2,10,21,15,17,35,9,24,18,43,6,44,15,31,13,45,20,7,20,52,34,4,24,34,46,33,11,41,45,43,35,1,27,35,27,15,34,18,25,16,5,42,16,24,3,28,5,31,11,24,31,30,38,40,44,37,17,26,22,22,43,35,28,44,41,25,35,4,48,39,21,14,18,17,17,38,41,21,38,33,3,21,8,16,36,12,7,12,12,2,45,28,32,5,21,31,16,8,26,45,12,29,14,28,35,10,38,28,21,48,7,33,37,31,29,17,10,25,15,15,45,6,42,26,27,13,20,7,43,11,35,23,30,12,17,10,1,17,12,7,10,36,51,21,48,26,3,40,46,34,23,16,18,36,16,29,15,40,46,17,36,7,25,25,19,12,7,39,26,19,31,18,16,38,2,36,14,17,16,7,9]
costo_por_agente [6,67,372,291,341,26,213,162,21,2,222,67,251,21,291,9,428,138,417,18,378,411,251,17,123,20,7,20,90,278,4,26,158,168,261,11,153,299,405,343,1,341,347,269,17,34,18,233,16,5,48,118,24,3,78,7,331,13,28,299,354,214,190,234,43,21,284,22,246,265,275,218,402,127,335,189,66,136,287,97,14,18,191,239,160,325,23,62,345,3,21,8,126,124,14,7,14,14,4,361,220,424,5,257,33,16,10,446,89,16,29,22,418,51,72,106,90,31,308,15,203,209,55,137,365,98,425,65,21,53,34,468,26,233,13,26,7,217,11,291,343,292,18,153,36,1,27,28,7,10,370,65,41,96,26,5,274,144,254,57,212,54,100,16,65,17,172,356,19,378,49,317,41,193,12,17,165,424,19,65,314,22,80,336,258,42,17,210,11,9]
completion_time_por_agente [6,106,537,460,528,31,371,255,27,2,362,106,394,31,447,12,704,214,659,23,637,647,421,20,219,20,7,26,147,452,4,26,246,304,375,11,277,467,721,550,1,524,636,407,20,35,20,333,19,7,69,226,24,3,134,8,526,16,34,432,625,344,303,336,59,26,428,25,378,429,414,315,584,220,540,319,91,198,475,180,16,19,263,354,245,521,23,82,527,3,26,8,223,210,21,7,15,15,6,609,382,672,5,446,35,17,11,658,148,16,32,28,712,78,128,131,130,42,524,19,330,329,68,226,599,174,730,113,32,73,66,701,27,310,15,38,8,355,11,465,499,499,28,228,61,1,41,36,14,12,636,94,59,160,26,5,432,251,355,97,337,95,158,16,106,19,277,634,25,587,97,466,56,293,13,24,225,619,19,96,453,28,129,623,431,53,19,294,12,9]
tiempo_ultimo_agente_goal 730
tiempo_en_acabar 730
tiempo_promedio 223.363159
agentes_en_goal 190
bad_good_total_rate_pred [321155,151826,472981,0.3]
push_out_count 96797
RUN 27
valores_ideales [6,37,32,35,23,24,31,32,15,2,10,21,15,17,35,9,24,18,43,6,44,15,31,13,45,20,7,20,52,34,4,24,34,46,33,11,41,45,43,35,1,27,35,27,15,34,18,25,16,5,42,16,24,3,28,5,31,11,24,31,30,38,40,44,37,17,26,22,22,43,35,28,44,41,25,35,4,48,39,21,14,18,17,17,38,41,21,38,33,3,21,8,16,36,12,7,12,12,2,45,28,32,5,21,31,16,8,26,45,12,29,14,28,35,10,38,28,21,48,7,33,37,31,29,17,10,25,15,15,45,6,42,26,27,13,20,7,43,11,35,23,30,12,17,10,1,17,12,7,10,36,51,21,48,26,3,40,46,34,23,16,18,36,16,29,15,40,46,17,36,7,25,25,19,12,7,39,26,19,31,18,16,38,2,36,14,17,16,7,9]
costo_por_agente [6,337,326,351,305,26,293,100,23,2,178,47,261,85,389,9,462,82,233,6,260,333,433,13,235,20,7,22,54,452,4,28,540,254,433,13,247,447,167,417,1,379,481,41,19,36,18,457,16,11,60,180,24,3,254,9,123,15,118,477,268,420,460,342,41,17,154,26,356,71,455,242,428,459,421,273,4,136,367,157,16,18,247,297,532,281,21,62,119,3,21,10,120,156,30,7,36,16,4,281,226,410,5,375,31,22,8,254,163,18,29,14,546,199,10,46,364,21,130,7,167,331,451,261,61,84,417,75,23,385,8,244,26,203,17,30,7,285,11,143,455,206,38,191,12,1,23,24,9,12,72,257,47,126,26,7,228,82,322,357,42,28,126,24,157,17,358,50,21,156,89,41,27,413,12,9,251,434,19,53,64,520,40,4,262,192,17,372,9,11]
completion_time_por_agente [6,530,520,525,531,33,462,149,29,2,274,87,446,113,638,10,738,143,370,7,403,514,693,14,380,20,7,27,58,668,4,30,731,434,712,13,399,679,253,709,1,588,762,64,24,39,19,749,18,19,94,290,24,3,421,12,211,16,218,687,436,700,757,524,45,20,226,26,548,116,774,386,706,697,603,438,6,203,635,244,18,19,345,400,798,468,24,104,177,5,24,16,189,247,44,8,65,17,5,489,314,654,5,617,32,23,8,394,268,21,29,15,787,314,10,59,608,21,239,12,271,539,729,406,83,134,663,138,29,634,9,382,26,291,17,43,8,418,12,223,643,294,66,285,13,1,30,37,9,14,116,406,83,206,26,8,352,147,491,509,66,49,199,29,316,19,633,59,26,290,166,57,36,600,12,10,453,670,19,72,78,779,46,7,403,297,17,503,9,11]
tiempo_ultimo_agente_goal 798
tiempo_en_acabar 798
tiempo_promedio 249.073685
agentes_en_goal 190
bad_good_total_rate_pred [391836,174255,566091,0.3]
push_out_count 100649
RUN 28
valores_ideales [6,37,32,35,23,24,31,32,15,2,10,21,15,17,35,9,24,18,43,6,44,15,31,13,45,20,7,20,52,34,4,24,34,46,33,11,41,45,43,35,1,27,35,27,15,34,18,25,16,5,42,16,24,3,28,5,31,11,24,31,30,38,40,44,37,17,26,22,22,43,35,28,44,41,25,35,4,48,39,21,14,18,17,17,38,41,21,38,33,3,21,8,16,36,12,7,12,12,2,45,28,32,5,21,31,16,8,26,45,12,29,14,28,35,10,38,28,21,48,7,33,37,31,29,17,10,25,15,15,45,6,42,26,27,13,20,7,43,11,35,23,30,12,17,10,1,17,12,7,10,36,51,21,48,26,3,40,46,34,23,16,18,36,16,29,15,40,46,17,36,7,25,25,19,12,7,39,26,19,31,18,16,38,2,36,14,17,16,7,9]
costo_por_agente [6,119,342,343,109,26,207,364,19,2,396,77,383,35,625,9,440,354,439,14,264,581,419,23,187,20,7,26,70,88,4,24,462,544,345,11,423,375,433,471,1,271,649,261,17,36,22,55,22,5,78,34,24,3,44,9,191,23,126,125,322,366,132,476,159,21,608,24,282,57,337,396,130,65,505,235,108,324,427,85,16,22,125,319,134,109,21,416,149,3,23,22,116,318,14,7,14,12,2,323,138,182,5,283,31,16,8,488,77,24,29,22,622,147,44,44,284,25,190,11,307,409,567,401,145,156,471,73,21,59,8,208,26,411,13,22,7,63,11,135,437,182,22,399,32,1,31,40,9,12,88,303,41,166,26,3,310,184,96,55,392,62,356,20,95,17,424,94,27,254,85,43,25,55,14,11,241,562,19,59,38,636,46,108,178,96,21,452,9,11]
completion_time_por_agente [6,187,524,525,167,27,268,503,24,2,623,128,621,59,954,11,708,509,684,22,408,981,708,30,302,20,7,31,103,142,4,25,807,863,569,11,678,643,680,799,1,435,968,423,18,36,23,68,31,5,114,53,24,3,63,10,295,26,237,194,539,610,209,715,312,24,941,27,458,85,496,579,247,95,773,349,188,499,629,169,19,22,198,439,208,180,22,647,203,3,26,32,189,475,17,7,19,14,2,485,224,301,5,422,32,17,8,753,150,31,30,28,984,266,64,53,423,28,301,18,495,654,955,591,264,274,753,129,22,85,10,328,26,564,13,23,8,82,12,231,688,293,36,629,47,1,44,72,10,12,108,501,70,279,28,4,479,298,155,81,600,128,604,27,125,21,688,152,32,374,180,52,28,74,15,12,390,860,19,82,61,955,62,149,300,170,21,643,10,12]
tiempo_ultimo_agente_goal 984
tiempo_en_acabar 984
tiempo_promedio 257.257904
agentes_en_goal 190
bad_good_total_rate_pred [356801,171131,527932,0.3]
push_out_count 105068
RUN 29
valores_ideales [6,37,32,35,23,24,31,32,15,2,10,21,15,17,35,9,24,18,43,6,44,15,31,13,45,20,7,20,52,34,4,24,34,46,33,11,41,45,43,35,1,27,35,27,15,34,18,25,16,5,42,16,24,3,28,5,31,11,24,31,30,38,40,44,37,17,26,22,22,43,35,28,44,41,25,35,4,48,39,21,14,18,17,17,38,41,21,38,33,3,21,8,16,36,12,7,12,12,2,45,28,32,5,21,31,16,8,26,45,12,29,14,28,35,10,38,28,21,48,7,33,37,31,29,17,10,25,15,15,45,6,42,26,27,13,20,7,43,11,35,23,30,12,17,10,1,17,12,7,10,36,51,21,48,26,3,40,46,34,23,16,18,36,16,29,15,40,46,17,36,7,25,25,19,12,7,39,26,19,31,18,16,38,2,36,14,17,16,7,9]
costo_por_agente [8,185,382,363,191,26,377,390,21,2,332,115,323,21,291,9,328,98,65,10,328,317,297,13,191,20,7,22,74,140,4,28,136,84,95,11,155,67,171,333,1,337,425,85,21,34,18,297,18,15,410,24,24,3,62,5,363,23,214,125,282,398,166,90,43,19,362,26,314,47,131,242,376,63,303,317,26,256,307,61,14,20,261,273,360,305,21,276,437,3,21,10,180,112,12,7,16,14,2,373,252,168,5,79,31,16,8,100,75,12,31,16,416,183,62,38,68,23,302,11,277,97,45,125,109,24,285,81,21,299,6,382,26,223,15,24,7,439,13,245,383,146,16,105,18,1,19,24,9,12,370,377,63,74,26,3,346,116,444,25,64,72,282,18,199,17,272,336,19,226,31,241,31,25,12,7,209,326,19,373,94,132,56,20,182,214,17,412,9,9]
completion_time_por_agente [8,327,563,644,348,32,614,581,21,2,553,193,505,28,494,10,467,151,97,14,562,509,515,14,350,21,7,25,97,193,4,33,213,129,130,11,276,104,298,589,1,587,608,146,27,35,19,490,20,21,647,40,24,3,108,8,608,26,416,213,485,622,247,131,54,23,587,29,464,57,204,381,628,83,464,526,39,422,454,90,16,24,388,399,596,499,21,445,675,5,24,15,316,168,15,7,23,14,2,587,402,255,5,107,31,16,8,150,129,17,31,20,619,282,137,39,108,26,509,13,445,126,50,178,191,40,417,151,21,547,7,549,26,332,15,32,8,635,16,384,548,232,22,171,26,1,20,36,14,13,574,623,113,105,29,3,517,199,656,27,81,138,433,18,286,21,394,574,20,375,42,339,34,26,12,10,338,498,19,555,120,151,81,35,264,457,19,628,12,13]
tiempo_ultimo_agente_goal 675
tiempo_en_acabar 675
tiempo_promedio 215.810532
agentes_en_goal 190
bad_good_total_rate_pred [322448,146960,469408,0.3]
push_out_count 108480
RUN 30
valores_ideales [6,37,32,35,23,24,31,32,15,2,10,21,15,17,35,9,24,18,43,6,44,15,31,13,45,20,7,20,52,34,4,24,34,46,33,11,41,45,43,35,1,27,35,27,15,34,18,25,16,5,42,16,24,3,28,5,31,11,24,31,30,38,40,44,37,17,26,22,22,43,35,28,44,41,25,35,4,48,39,21,14,18,17,17,38,41,21,38,33,3,21,8,16,36,12,7,12,12,2,45,28,32,5,21,31,16,8,26,45,12,29,14,28,35,10,38,28,21,48,7,33,37,31,29,17,10,25,15,15,45,6,42,26,27,13,20,7,43,11,35,23,30,12,17,10,1,17,12,7,10,36,51,21,48,26,3,40,46,34,23,16,18,36,16,29,15,40,46,17,36,7,25,25,19,12,7,39,26,19,31,18,16,38,2,36,14,17,16,7,9]
costo_por_agente [8,165,112,239,177,26,119,292,19,2,290,45,295,129,277,9,96,160,89,10,272,279,341,15,173,20,7,26,118,240,4,24,238,244,241,11,263,279,307,139,1,189,269,131,17,34,18,83,16,5,238,46,24,3,90,9,165,17,98,285,326,272,368,260,83,19,214,22,154,95,393,380,314,261,425,253,30,72,369,31,14,18,337,229,354,333,23,74,269,3,25,12,66,172,20,9,68,16,2,145,86,148,5,137,31,16,8,310,283,16,35,18,280,123,74,40,72,25,196,11,191,93,109,165,307,164,353,95,55,257,6,258,36,299,13,24,7,265,17,73,257,134,22,171,12,1,23,20,21,12,58,193,91,74,28,5,324,80,332,33,100,72,72,16,347,17,362,68,21,292,7,345,25,27,12,11,253,268,19,85,24,318,70,2,228,184,17,110,9,9]
completion_time_por_agente [8,272,186,419,309,29,180,425,23,2,504,82,452,212,423,10,149,274,148,13,430,429,532,18,307,20,7,34,189,407,4,26,340,361,343,11,417,425,467,213,1,308,426,171,18,34,19,121,19,6,370,75,24,3,135,11,298,18,193,433,536,429,596,379,102,23,317,22,231,141,615,539,448,410,593,411,52,102,566,46,16,19,518,327,565,489,24,112,416,3,32,16,82,302,23,9,125,16,2,213,111,250,5,216,32,16,8,432,484,27,40,20,449,198,142,41,104,26,299,12,297,144,145,271,556,237,604,129,71,408,7,433,40,468,15,27,8,412,19,101,433,239,29,309,13,1,28,26,37,15,95,282,152,121,31,5,525,129,476,43,133,134,112,16,519,20,585,106,24,549,12,532,29,35,12,12,396,389,19,116,26,483,90,3,357,302,17,196,10,9]
tiempo_ultimo_agente_goal 615
tiempo_en_acabar 615
tiempo_promedio 195.715790
agentes_en_goal 190
bad_good_total_rate_pred [308882,136333,445215,0.3]
push_out_count 111362
RUN 31
valores_ideales [6,37,32,35,23,24,31,32,15,2,10,21,15,17,35,9,24,18,43,6,44,15,31,13,45,20,7,20,52,34,4,24,34,46,33,11,41,45,43,35,1,27,35,27,15,34,18,25,16,5,42,16,24,3,28,5,31,11,24,31,30,38,40,44,37,17,26,22,22,43,35,28,44,41,25,35,4,48,39,21,14,18,17,17,38,41,21,38,33,3,21,8,16,36,12,7,12,12,2,45,28,32,5,21,31,16,8,26,45,12,29,14,28,35,10,38,28,21,48,7,33,37,31,29,17,10,25,15,15,45,6,42,26,27,13,20,7,43,11,35,23,30,12,17,10,1,17,12,7,10,36,51,21,48,26,3,40,46,34,23,16,18,36,16,29,15,40,46,17,36,7,25,25,19,12,7,39,26,19,31,18,16,38,2,36,14,17,16,7,9]
costo_por_agente [6,119,256,399,333,40,101,206,17,2,146,111,219,21,385,9,272,312,297,8,174,43,293,13,101,20,7,22,114,150,4,24,72,120,387,11,97,81,307,325,1,353,187,31,17,34,22,69,22,5,158,56,24,3,164,11,345,15,30,183,324,224,278,202,213,17,244,22,210,93,161,80,192,129,159,135,12,90,259,187,14,20,153,97,206,239,21,314,107,5,23,10,78,162,14,7,52,12,2,189,276,302,5,171,31,16,10,440,95,12,31,18,368,79,20,46,270,29,94,11,335,251,169,161,225,102,351,159,17,53,6,344,26,51,13,24,7,147,11,303,243,348,24,367,30,1,21,32,9,12,196,137,187,92,26,3,338,106,106,23,28,122,240,16,323,19,292,56,17,114,49,85,39,43,12,7,219,282,19,53,314,380,44,36,134,62,17,342,13,13]
completion_time_por_agente [6,196,390,644,543,43,135,322,21,2,203,203,339,25,604,12,464,434,445,12,295,51,507,14,158,20,7,28,191,227,4,26,101,218,627,12,165,119,465,518,1,444,306,33,24,34,23,88,31,6,266,97,24,3,235,14,539,15,41,286,532,369,419,326,348,20,358,22,358,150,233,126,333,192,236,226,14,142,415,312,16,20,279,129,390,445,21,500,149,5,27,14,123,242,16,7,99,18,3,299,477,467,5,322,31,17,12,617,150,14,31,22,604,110,29,66,421,41,139,13,449,375,252,278,378,141,616,271,25,67,6,578,27,66,16,29,8,229,13,542,367,572,36,538,55,1,26,55,12,14,312,224,376,127,26,3,533,180,182,26,34,231,383,16,485,20,468,85,18,159,79,116,57,63,14,10,338,489,19,63,474,661,63,83,188,81,17,580,13,15]
tiempo_ultimo_agente_goal 661
tiempo_en_acabar 661
tiempo_promedio 190.421051
agentes_en_goal 190
bad_good_total_rate_pred [268533,127672,396205,0.3]
push_out_count 114426
RUN 32
valores_ideales [6,37,32,35,23,24,31,32,15,2,10,21,15,17,35,9,24,18,43,6,44,15,31,13,45,20,7,20,52,34,4,24,34,46,33,11,41,45,43,35,1,27,35,27,15,34,18,25,16,5,42,16,24,3,28,5,31,11,24,31,30,38,40,44,37,17,26,22,22,43,35,28,44,41,25,35,4,48,39,21,14,18,17,17,38,41,21,38,33,3,21,8,16,36,12,7,12,12,2,45,28,32,5,21,31,16,8,26,45,12,29,14,28,35,10,38,28,21,48,7,33,37,31,29,17,10,25,15,15,45,6,42,26,27,13,20,7,43,11,35,23,30,12,17,10,1,17,12,7,10,36,51,21,48,26,3,40,46,34,23,16,18,36,16,29,15,40,46,17,36,7,25,25,19,12,7,39,26,19,31,18,16,38,2,36,14,17,16,7,9]
costo_por_agente [6,129,230,381,171,26,459,180,29,2,10,39,387,21,223,9,150,168,339,6,260,459,353,21,131,20,7,36,88,84,4,26,68,440,149,11,179,469,345,365,1,241,439,219,27,34,18,35,16,9,256,458,24,3,66,7,73,17,42,477,402,58,474,216,39,17,164,22,176,147,443,338,422,417,479,445,12,272,335,113,14,18,59,229,470,465,23,316,491,5,25,18,174,380,18,7,16,12,2,137,246,334,5,307,31,16,8,464,109,14,29,16,268,287,62,82,72,23,262,13,269,89,279,103,225,120,209,93,15,49,10,200,26,157,15,32,7,189,13,105,87,256,32,317,28,1,23,24,7,12,224,79,27,82,26,5,160,166,510,73,82,76,158,18,39,17,306,68,17,204,61,391,61,27,12,11,493,454,19,37,26,492,68,2,332,68,17,468,15,9]
completion_time_por_agente [6,236,344,573,262,27,725,316,41,2,12,55,603,25,346,10,250,293,488,6,386,709,600,24,207,20,7,50,143,117,4,27,94,732,249,12,294,706,530,638,1,383,625,369,29,35,19,40,18,11,443,650,24,3,109,9,121,20,67,670,608,93,770,310,41,21,274,22,274,232,676,498,715,747,686,775,22,439,486,179,16,18,72,304,723,752,23,580,743,5,30,26,317,613,21,7,17,13,2,199,368,551,5,510,32,17,8,637,138,14,30,19,439,463,101,138,110,28,461,15,382,118,395,142,396,172,325,145,17,59,13,319,26,205,19,40,8,325,16,140,125,387,56,488,46,1,38,33,10,15,355,129,48,98,28,5,240,284,744,116,115,113,262,21,49,19,486,105,17,325,120,571,105,32,12,16,791,703,19,42,34,721,81,3,522,108,18,707,16,12]
tiempo_ultimo_agente_goal 791
tiempo_en_acabar 791
tiempo_promedio 225.794739
agentes_en_goal 190
bad_good_total_rate_pred [333286,152635,485921,0.3]
push_out_count 117995
RUN 33
valores_ideales [6,37,32,35,23,24,31,32,15,2,10,21,15,17,35,9,24,18,43,6,44,15,31,13,45,20,7,20,52,34,4,24,34,46,33,11,41,45,43,35,1,27,35,27,15,34,18,25,16,5,42,16,24,3,28,5,31,11,24,31,30,38,40,44,37,17,26,22,22,43,35,28,44,41,25,35,4,48,39,21,14,18,17,17,38,41,21,38,33,3,21,8,16,36,12,7,12,12,2,45,28,32,5,21,31,16,8,26,45,12,29,14,28,35,10,38,28,21,48,7,33,37,31,29,17,10,25,15,15,45,6,42,26,27,13,20,7,43,11,35,23,30,12,17,10,1,17,12,7,10,36,51,21,48,26,3,40,46,34,23,16,18,36,16,29,15,40,46,17,36,7,25,25,19,12,7,39,26,19,31,18,16,38,2,36,14,17,16,7,9]
costo_por_agente [6,51,224,171,183,126,339,268,25,2,228,29,317,17,243,9,408,148,355,8,140,461,367,15,261,20,7,32,68,206,4,24,234,190,167,11,191,147,305,493,1,495,285,183,17,36,20,171,18,5,210,122,24,3,50,7,201,17,134,347,242,124,428,228,99,47,290,22,288,83,453,372,184,109,297,207,14,172,195,73,14,18,265,243,272,321,29,46,257,5,23,12,100,236,16,9,28,12,2,287,186,470,5,225,31,16,12,168,303,14,29,14,378,69,108,38,62,21,132,11,189,299,291,169,329,176,385,175,17,59,6,320,34,219,13,22,7,251,23,89,311,280,30,317,34,1,25,16,15,12,278,211,45,106,26,3,242,120,248,43,122,42,210,18,43,17,148,172,23,98,19,27,39,371,12,11,335,296,19,51,52,308,96,6,216,164,17,214,15,9]
completion_time_por_agente [6,66,336,287,272,187,492,469,36,2,314,40,488,18,332,11,769,241,632,10,225,718,611,17,416,21,7,42,101,323,4,26,317,337,257,11,302,237,498,736,1,771,442,332,18,36,24,224,22,5,335,190,24,3,79,8,353,18,279,472,379,180,634,364,158,53,501,23,411,135,736,605,276,199,463,291,22,280,267,124,16,18,364,410,430,506,38,62,412,7,24,15,160,362,17,9,47,14,2,485,306,754,5,393,31,16,14,297,468,16,29,16,531,93,167,40,85,21,208,17,286,440,480,234,534,283,601,253,18,94,9,440,41,335,14,25,8,379,34,119,487,455,46,532,63,1,43,18,22,12,426,332,78,176,26,4,349,206,363,54,169,76,341,18,65,19,202,302,29,144,29,29,57,569,12,12,511,439,19,65,67,421,173,8,374,252,17,389,15,9]
tiempo_ultimo_agente_goal 771
tiempo_en_acabar 771
tiempo_promedio 210.568420
agentes_en_goal 190
bad_good_total_rate_pred [324305,139855,464160,0.3]
push_out_count 121360
RUN 34
valores_ideales [6,37,32,35,23,24,31,32,15,2,10,21,15,17,35,9,24,18,43,6,44,15,31,13,45,20,7,20,52,34,4,24,34,46,33,11,41,45,43,35,1,27,35,27,15,34,18,25,16,5,42,16,24,3,28,5,31,11,24,31,30,38,40,44,37,17,26,22,22,43,35,28,44,41,25,35,4,48,39,21,14,18,17,17,38,41,21,38,33,3,21,8,16,36,12,7,12,12,2,45,28,32,5,21,31,16,8,26,45,12,29,14,28,35,10,38,28,21,48,7,33,37,31,29,17,10,25,15,15,45,6,42,26,27,13,20,7,43,11,35,23,30,12,17,10,1,17,12,7,10,36,51,21,48,26,3,40,46,34,23,16,18,36,16,29,15,40,46,17,36,7,25,25,19,12,7,39,26,19,31,18,16,38,2,36,14,17,16,7,9]
costo_por_agente [8,103,336,139,147,36,277,228,17,2,278,97,365,17,251,9,376,318,189,10,292,227,135,13,85,20,7,22,332,198,4,24,314,288,323,11,365,289,413,173,1,393,373,203,17,34,18,37,16,9,226,40,24,3,154,7,75,15,26,197,232,296,250,308,137,19,284,22,222,223,321,190,356,345,365,303,44,214,381,33,14,20,139,241,266,317,21,210,289,3,23,10,38,84,12,7,20,14,2,355,56,448,5,383,31,18,8,250,345,22,33,20,200,71,16,44,178,23,182,19,163,317,241,259,279,90,351,189,15,273,6,340,58,173,17,26,7,269,17,129,229,354,16,63,12,1,29,18,7,12,262,165,31,124,26,5,366,106,242,67,40,24,138,16,67,19,92,92,21,102,7,351,31,21,12,17,249,274,19,61,36,262,56,22,208,102,17,278,15,9]
completion_time_por_agente [8,157,513,225,213,39,428,372,24,2,417,139,586,19,426,12,653,547,314,14,492,359,215,14,133,20,7,32,524,361,4,25,495,464,472,12,555,413,660,267,1,691,553,325,22,35,18,51,19,14,386,77,24,3,260,9,133,17,26,273,366,435,404,456,264,22,473,22,383,396,498,353,513,534,545,430,68,345,627,50,16,23,227,376,419,478,22,348,385,4,29,17,60,145,17,7,30,14,2,521,75,674,5,567,31,19,8,389,539,33,36,21,257,78,24,54,273,25,303,26,267,446,347,388,439,158,560,276,15,419,7,580,74,254,19,35,8,436,28,168,403,650,24,96,13,1,45,28,9,15,417,243,50,190,26,5,591,166,425,95,51,33,272,16,111,19,146,140,23,155,13,486,42,24,13,18,423,390,19,85,56,357,99,45,407,172,18,469,18,9]
tiempo_ultimo_agente_goal 691
tiempo_en_acabar 691
tiempo_promedio 209.868423
agentes_en_goal 190
bad_good_total_rate_pred [330087,143377,473464,0.3]
push_out_count 124562
RUN 35
valores_ideales [6,37,32,35,23,24,31,32,15,2,10,21,15,17,35,9,24,18,43,6,44,15,31,13,45,20,7,20,52,34,4,24,34,46,33,11,41,45,43,35,1,27,35,27,15,34,18,25,16,5,42,16,24,3,28,5,31,11,24,31,30,38,40,44,37,17,26,22,22,43,35,28,44,41,25,35,4,48,39,21,14,18,17,17,38,41,21,38,33,3,21,8,16,36,12,7,12,12,2,45,28,32,5,21,31,16,8,26,45,12,29,14,28,35,10,38,28,21,48,7,33,37,31,29,17,10,25,15,15,45,6,42,26,27,13,20,7,43,11,35,23,30,12,17,10,1,17,12,7,10,36,51,21,48,26,3,40,46,34,23,16,18,36,16,29,15,40,46,17,36,7,25,25,19,12,7,39,26,19,31,18,16,38,2,36,14,17,16,7,9]
costo_por_agente [6,89,128,303,145,30,263,180,19,2,24,37,301,121,173,9,438,292,355,12,174,147,303,15,393,20,11,24,80,262,4,26,338,130,173,11,133,97,303,353,1,401,249,83,15,34,20,45,24,5,58,64,26,3,178,9,329,21,28,363,160,330,322,180,223,19,296,22,282,169,333,356,366,57,325,385,40,136,407,147,14,18,187,251,222,363,21,222,393,3,25,12,48,334,22,7,16,14,2,235,386,312,5,393,31,18,8,248,55,18,29,16,422,343,64,146,238,21,372,15,347,131,131,373,223,282,391,83,15,55,6,160,32,183,15,20,7,221,11,409,329,412,24,231,20,1,21,40,17,10,198,161,65,140,28,3,278,236,148,107,38,40,94,20,441,17,320,64,19,74,107,173,29,57,18,7,147,236,19,119,32,60,322,16,174,116,17,350,21,9]
completion_time_por_agente [6,151,224,516,271,35,388,256,30,2,30,53,515,154,281,10,660,397,596,17,277,221,501,19,627,20,11,30,134,456,4,27,504,251,310,11,218,169,457,545,1,629,402,111,18,35,26,54,30,5,91,119,26,3,279,11,553,21,32,561,254,553,527,279,376,25,510,22,498,265,569,544,603,86,484,642,79,214,576,296,16,18,294,375,425,550,22,422,668,3,32,15,65,528,27,8,21,16,3,378,654,496,5,600,32,20,8,383,76,18,30,19,619,618,126,269,401,21,632,20,545,191,185,677,383,424,582,149,16,70,7,252,38,256,17,23,8,347,11,609,506,600,36,366,31,1,26,59,22,15,335,244,106,176,28,3,409,355,208,205,46,66,133,21,663,20,500,109,19,128,168,245,35,77,19,7,261,369,19,174,42,86,494,34,302,207,17,577,26,10]
tiempo_ultimo_agente_goal 677
tiempo_en_acabar 677
tiempo_promedio 221.689468
agentes_en_goal 190
bad_good_total_rate_pred [327516,149035,476551,0.3]
push_out_count 128126
RUN 36
valores_ideales [6,37,32,35,23,24,31,32,15,2,10,21,15,17,35,9,24,18,43,6,44,15,31,13,45,20,7,20,52,34,4,24,34,46,33,11,41,45,43,35,1,27,35,27,15,34,18,25,16,5,42,16,24,3,28,5,31,11,24,31,30,38,40,44,37,17,26,22,22,43,35,28,44,41,25,35,4,48,39,21,14,18,17,17,38,41,21,38,33,3,21,8,16,36,12,7,12,12,2,45,28,32,5,21,31,16,8,26,45,12,29,14,28,35,10,38,28,21,48,7,33,37,31,29,17,10,25,15,15,45,6,42,26,27,13,20,7,43,11,35,23,30,12,17,10,1,17,12,7,10,36,51,21,48,26,3,40,46,34,23,16,18,36,16,29,15,40,46,17,36,7,25,25,19,12,7,39,26,19,31,18,16,38,2,36,14,17,16,7,9]
costo_por_agente [8,187,364,267,271,26,215,82,21,2,176,33,339,19,139,9,286,266,197,8,174,241,279,15,247,20,7,20,68,264,4,26,52,294,347,11,265,93,379,319,1,245,291,85,17,34,18,45,16,23,90,52,24,3,66,13,209,21,74,299,284,48,318,90,51,19,144,22,266,53,353,302,348,137,125,375,86,102,365,83,14,18,255,387,214,103,21,244,349,3,21,12,132,88,16,7,12,12,2,323,124,196,5,255,31,16,10,326,95,14,33,16,416,311,36,42,196,23,156,9,301,177,277,325,337,204,311,63,15,83,8,212,26,103,17,22,7,219,17,201,393,176,26,345,12,1,25,20,13,10,354,81,49,178,26,5,208,194,292,99,34,28,208,20,297,17,134,72,21,188,55,85,45,105,14,9,213,270,19,67,44,174,56,50,272,104,17,242,17,9]
completion_time_por_agente [10,339,573,435,388,26,348,104,29,2,316,49,522,22,176,10,462,398,318,10,285,370,444,18,381,20,9,30,97,424,4,27,61,427,545,14,482,128,577,463,1,392,445,143,20,35,18,61,19,41,142,89,24,3,103,20,294,27,103,483,448,57,484,136,72,26,242,22,430,78,553,424,532,199,178,592,178,157,586,153,16,19,385,559,318,182,23,401,498,3,30,18,183,155,18,7,13,12,2,458,194,336,5,411,31,18,11,511,171,16,39,19,594,478,53,51,326,28,249,11,447,288,443,545,576,291,489,118,16,102,9,344,29,176,17,25,8,340,23,355,609,241,43,526,15,1,36,23,18,10,564,123,76,274,27,6,288,306,460,158,50,42,288,24,449,19,231,99,29,322,88,96,72,149,16,10,378,378,19,95,60,246,80,103,439,172,18,383,25,9]
tiempo_ultimo_agente_goal 609
tiempo_en_acabar 609
tiempo_promedio 194.942108
agentes_en_goal 190
bad_good_total_rate_pred [276241,125161,401402,0.3]
push_out_count 131059
RUN 37
valores_ideales [6,37,32,35,23,24,31,32,15,2,10,21,15,17,35,9,24,18,43,6,44,15,31,13,45,20,7,20,52,34,4,24,34,46,33,11,41,45,43,35,1,27,35,27,15,34,18,25,16,5,42,16,24,3,28,5,31,11,24,31,30,38,40,44,37,17,26,22,22,43,35,28,44,41,25,35,4,48,39,21,14,18,17,17,38,41,21,38,33,3,21,8,16,36,12,7,12,12,2,45,28,32,5,21,31,16,8,26,45,12,29,14,28,35,10,38,28,21,48,7,33,37,31,29,17,10,25,15,15,45,6,42,26,27,13,20,7,43,11,35,23,30,12,17,10,1,17,12,7,10,36,51,21,48,26,3,40,46,34,23,16,18,36,16,29,15,40,46,17,36,7,25,25,19,12,7,39,26,19,31,18,16,38,2,36,14,17,16,7,9]
costo_por_agente [6,305,172,447,149,24,549,288,23,2,300,41,425,159,473,9,284,292,229,10,230,569,581,17,121,20,7,22,350,132,4,24,54,252,397,11,111,347,405,193,1,447,307,147,19,34,18,395,18,13,382,42,24,3,52,11,381,23,26,487,258,456,512,258,149,19,320,24,320,77,511,452,468,425,611,345,108,506,231,85,14,20,417,39,438,375,23,330,399,3,23,10,206,120,14,7,16,14,2,507,118,576,5,159,31,16,8,454,429,12,29,16,570,215,30,72,384,25,188,7,229,349,241,331,257,154,225,373,21,55,6,466,26,397,15,20,7,255,21,111,301,248,14,335,58,1,21,28,19,12,324,87,93,220,26,5,510,170,376,95,258,118,112,18,53,17,324,366,17,254,11,461,31,447,12,15,211,428,19,67,30,418,78,34,444,64,17,584,19,9]
completion_time_por_agente [6,552,275,658,272,25,802,466,42,2,520,74,686,235,701,10,447,483,333,13,332,923,871,19,194,20,7,27,627,177,4,27,71,407,562,11,153,581,669,337,1,686,477,243,20,34,18,575,22,21,605,61,24,3,82,15,606,27,31,753,386,703,695,450,227,20,486,25,459,110,770,753,798,707,902,524,205,901,351,156,16,21,649,62,694,632,24,522,630,4,26,11,316,182,16,7,27,17,3,828,175,842,5,280,33,16,8,697,681,13,29,19,795,373,48,113,591,31,280,10,303,497,415,521,453,227,327,573,23,82,8,713,26,583,17,26,8,413,35,213,437,429,16,573,95,1,32,46,22,12,552,124,166,404,26,5,874,322,599,145,372,233,188,19,60,19,479,608,18,441,20,711,40,718,12,25,370,697,19,108,36,641,117,81,655,105,18,912,20,9]
tiempo_ultimo_agente_goal 923
tiempo_en_acabar 923
tiempo_promedio 286.173676
agentes_en_goal 190
bad_good_total_rate_pred [458919,199139,658058,0.3]
push_out_count 135573
RUN 38
valores_ideales [6,37,32,35,23,24,31,32,15,2,10,21,15,17,35,9,24,18,43,6,44,15,31,13,45,20,7,20,52,34,4,24,34,46,33,11,41,45,43,35,1,27,35,27,15,34,18,25,16,5,42,16,24,3,28,5,31,11,24,31,30,38,40,44,37,17,26,22,22,43,35,28,44,41,25,35,4,48,39,21,14,18,17,17,38,41,21,38,33,3,21,8,16,36,12,7,12,12,2,45,28,32,5,21,31,16,8,26,45,12,29,14,28,35,10,38,28,21,48,7,33,37,31,29,17,10,25,15,15,45,6,42,26,27,13,20,7,43,11,35,23,30,12,17,10,1,17,12,7,10,36,51,21,48,26,3,40,46,34,23,16,18,36,16,29,15,40,46,17,36,7,25,25,19,12,7,39,26,19,31,18,16,38,2,36,14,17,16,7,9]
costo_por_agente [6,141,390,353,317,24,115,120,19,2,126,29,213,19,399,9,384,398,317,12,348,317,305,15,255,20,7,28,58,232,4,26,116,108,233,11,203,487,277,249,1,57,437,77,23,34,18,419,18,5,224,62,24,3,64,7,249,15,28,485,214,450,180,480,233,21,398,22,432,47,95,302,368,71,449,435,6,136,259,459,16,30,359,127,458,333,21,396,105,3,23,14,100,198,16,7,22,12,2,413,182,318,5,289,31,18,8,404,83,16,29,18,390,53,28,40,108,21,256,17,333,251,183,329,283,84,347,135,15,199,6,304,26,367,17,22,7,275,11,283,325,70,16,175,12,1,21,18,21,10,80,411,231,116,28,3,348,238,422,149,28,48,82,16,277,19,244,396,19,296,15,403,25,31,12,11,261,396,19,135,38,98,46,6,272,166,17,416,13,9]
completion_time_por_agente [6,209,624,524,585,25,186,177,23,2,221,50,362,20,681,10,662,715,527,13,566,470,517,16,427,20,7,38,75,383,4,31,167,158,385,12,306,719,502,436,1,85,677,109,29,35,18,653,24,6,357,94,24,3,108,10,396,16,37,638,397,687,253,733,331,29,641,24,652,60,168,478,537,115,675,713,7,197,464,673,18,42,598,231,728,540,21,695,172,3,27,14,113,297,19,7,36,13,2,668,262,509,5,462,31,19,8,595,118,18,33,27,613,81,36,42,177,23,405,23,536,339,276,531,509,155,582,248,19,347,6,450,28,595,18,26,8,487,11,472,466,94,28,249,13,1,29,28,27,13,134,653,390,200,29,3,487,435,655,258,35,87,135,16,418,20,420,674,20,517,28,631,29,38,14,18,367,639,19,193,46,154,60,10,441,281,17,651,18,9]
tiempo_ultimo_agente_goal 733
tiempo_en_acabar 733
tiempo_promedio 239.926315
agentes_en_goal 190
bad_good_total_rate_pred [357318,157012,514330,0.3]
push_out_count 139527
RUN 39
valores_ideales [6,37,32,35,23,24,31,32,15,2,10,21,15,17,35,9,24,18,43,6,44,15,31,13,45,20,7,20,52,34,4,24,34,46,33,11,41,45,43,35,1,27,35,27,15,34,18,25,16,5,42,16,24,3,28,5,31,11,24,31,30,38,40,44,37,17,26,22,22,43,35,28,44,41,25,35,4,48,39,21,14,18,17,17,38,41,21,38,33,3,21,8,16,36,12,7,12,12,2,45,28,32,5,21,31,16,8,26,45,12,29,14,28,35,10,38,28,21,48,7,33,37,31,29,17,10,25,15,15,45,6,42,26,27,13,20,7,43,11,35,23,30,12,17,10,1,17,12,7,10,36,51,21,48,26,3,40,46,34,23,16,18,36,16,29,15,40,46,17,36,7,25,25,19,12,7,39,26,19,31,18,16,38,2,36,14,17,16,7,9]
costo_por_agente [8,291,232,299,169,24,239,346,21,2,270,45,297,19,229,11,316,104,125,8,292,375,317,15,147,20,7,36,88,204,4,24,376,226,367,11,217,187,327,359,1,323,377,43,17,34,20,321,22,5,192,164,24,3,42,11,85,17,228,359,66,266,344,222,95,27,166,24,302,121,263,172,256,217,243,119,12,182,323,289,14,22,31,233,284,231,21,88,215,3,27,24,140,168,16,7,24,12,2,353,94,384,5,245,31,18,8,236,95,14,31,20,256,75,78,66,144,29,82,11,323,285,223,231,383,256,349,103,15,47,6,160,30,219,13,20,7,131,21,69,401,266,20,243,12,1,21,18,9,14,200,207,107,70,26,3,290,126,270,63,32,50,252,16,51,15,308,50,19,144,85,69,57,353,12,9,183,338,19,77,32,310,172,2,166,304,17,322,15,13]
completion_time_por_agente [8,479,354,426,252,24,372,581,31,2,441,78,477,22,338,14,476,167,206,8,497,573,514,17,235,21,7,52,138,326,4,26,541,354,512,13,374,299,492,584,1,512,547,54,17,35,22,449,27,5,347,277,25,3,65,20,103,17,446,589,100,460,502,406,160,37,223,26,429,207,378,318,412,370,402,149,13,315,483,469,16,27,46,327,481,382,21,141,310,3,43,27,187,287,17,7,37,14,2,552,151,563,5,384,32,21,9,391,171,14,35,22,410,132,136,95,239,33,113,15,529,490,336,338,591,419,554,197,19,54,11,234,38,348,13,23,8,184,27,98,561,399,28,392,13,1,24,29,12,17,333,319,173,93,26,3,490,224,433,95,40,88,439,16,71,16,496,63,23,226,203,79,95,518,12,9,291,583,19,111,38,456,290,3,256,532,17,522,16,22]
tiempo_ultimo_agente_goal 591
tiempo_en_acabar 591
tiempo_promedio 207.257889
agentes_en_goal 190
bad_good_total_rate_pred [298836,135703,434539,0.3]
push_out_count 142831
