RUN 0
valores_ideales [0,0,0,0,0,0,0,0,0,0,0,0,0,0,0,0,0,0,0,0,0,0,0,0,0,0,0,0,0,0,0,0,0,0,0,0,0,0,0,0,0,0,0,0,0,0,0,0,0,0,0,0,0,0,0,0,0,0,0,0,0,0,0,0,0,0,0,0,0,0]
costo_por_agente [18,22,13,11,23,6,22,22,35,28,32,5,15,31,6,21,4,13,29,15,31,7,7,33,10,9,3,8,25,44,41,7,7,13,3,6,21,21,21,25,23,37,14,37,14,9,31,36,7,34,20,17,4,15,6,39,21,35,32,19,15,10,36,8,22,27,19,42,17,15]
completion_time_por_agente [19,23,14,12,24,7,23,23,36,29,33,6,16,32,7,22,5,14,30,16,32,8,8,34,11,10,4,9,26,45,42,8,8,14,4,7,22,22,22,26,24,38,15,38,15,10,32,37,8,35,21,18,5,16,7,40,22,36,33,20,16,11,37,9,23,28,20,43,18,16]
tiempo_ultimo_agente_goal 45
tiempo_en_acabar 45
tiempo_promedio 20.628571
agentes_en_goal 70
push_out_count 0
RUN 1
valores_ideales [0,0,0,0,0,0,0,0,0,0,0,0,0,0,0,0,0,0,0,0,0,0,0,0,0,0,0,0,0,0,0,0,0,0,0,0,0,0,0,0,0,0,0,0,0,0,0,0,0,0,0,0,0,0,0,0,0,0,0,0,0,0,0,0,0,0,0,0,0,0]
costo_por_agente [18,22,13,11,21,6,22,22,33,26,32,5,15,31,6,25,4,13,29,17,31,7,7,33,12,9,3,8,25,44,41,9,7,13,3,6,21,21,21,25,15,37,14,35,16,9,31,32,7,34,20,17,8,9,6,31,23,35,32,23,15,10,34,8,22,27,19,42,17,9]
completion_time_por_agente [19,23,14,12,22,7,23,23,34,27,33,6,16,32,7,26,5,14,30,18,32,8,8,34,13,10,4,9,26,45,42,10,8,14,4,7,22,22,22,26,16,38,15,36,17,10,32,33,8,35,21,18,9,10,7,32,24,36,33,24,16,11,35,9,23,28,20,43,18,10]
tiempo_ultimo_agente_goal 45
tiempo_en_acabar 45
tiempo_promedio 20.342857
agentes_en_goal 70
push_out_count 0
RUN 2
valores_ideales [0,0,0,0,0,0,0,0,0,0,0,0,0,0,0,0,0,0,0,0,0,0,0,0,0,0,0,0,0,0,0,0,0,0,0,0,0,0,0,0,0,0,0,0,0,0,0,0,0,0,0,0,0,0,0,0,0,0,0,0,0,0,0,0,0,0,0,0,0,0]
costo_por_agente [18,22,13,11,21,6,24,22,31,28,32,5,17,33,6,23,4,13,29,17,31,7,7,33,22,9,3,8,33,44,41,7,9,13,3,6,23,21,21,25,15,35,12,37,16,9,31,32,7,34,20,17,4,9,6,31,21,33,32,23,15,10,34,8,22,27,17,42,21,9]
completion_time_por_agente [19,23,14,12,22,7,25,23,32,29,33,6,18,34,7,24,5,14,30,18,32,8,8,34,23,10,4,9,34,45,42,8,10,14,4,7,24,22,22,26,16,36,13,38,17,10,32,33,8,35,21,18,5,10,7,32,22,34,33,24,16,11,35,9,23,28,18,43,22,10]
tiempo_ultimo_agente_goal 45
tiempo_en_acabar 45
tiempo_promedio 20.571428
agentes_en_goal 70
push_out_count 0
RUN 3
valores_ideales [0,0,0,0,0,0,0,0,0,0,0,0,0,0,0,0,0,0,0,0,0,0,0,0,0,0,0,0,0,0,0,0,0,0,0,0,0,0,0,0,0,0,0,0,0,0,0,0,0,0,0,0,0,0,0,0,0,0,0,0,0,0,0,0,0,0,0,0,0,0]
costo_por_agente [18,22,13,11,25,6,24,24,31,32,32,5,19,41,6,21,4,13,29,19,31,7,7,33,16,9,3,8,25,48,41,7,9,13,3,6,23,23,21,25,15,35,14,37,14,9,31,32,7,34,20,17,8,9,6,31,23,35,32,19,15,10,34,8,22,27,17,42,19,15]
completion_time_por_agente [19,23,14,12,26,7,25,25,32,33,33,6,20,42,7,22,5,14,30,20,32,8,8,34,17,10,4,9,26,49,42,8,10,14,4,7,24,24,22,26,16,36,15,38,15,10,32,33,8,35,21,18,9,10,7,32,24,36,33,20,16,11,35,9,23,28,18,43,20,16]
tiempo_ultimo_agente_goal 49
tiempo_en_acabar 49
tiempo_promedio 20.857143
agentes_en_goal 70
push_out_count 0
RUN 4
valores_ideales [0,0,0,0,0,0,0,0,0,0,0,0,0,0,0,0,0,0,0,0,0,0,0,0,0,0,0,0,0,0,0,0,0,0,0,0,0,0,0,0,0,0,0,0,0,0,0,0,0,0,0,0,0,0,0,0,0,0,0,0,0,0,0,0,0,0,0,0,0,0]
costo_por_agente [18,22,13,11,25,6,24,22,33,26,32,5,17,31,6,25,4,13,31,17,31,7,9,33,10,9,3,8,25,56,41,9,5,13,3,6,21,21,21,25,15,45,12,35,14,9,31,32,7,34,20,17,4,9,6,31,19,39,32,23,15,10,36,8,22,27,17,42,21,9]
completion_time_por_agente [19,23,14,12,26,7,25,23,34,27,33,6,18,32,7,26,5,14,32,18,32,8,10,34,11,10,4,9,26,57,42,10,6,14,4,7,22,22,22,26,16,46,13,36,15,10,32,33,8,35,21,18,5,10,7,32,20,40,33,24,16,11,37,9,23,28,18,43,22,10]
tiempo_ultimo_agente_goal 57
tiempo_en_acabar 57
tiempo_promedio 20.685715
agentes_en_goal 70
push_out_count 0
RUN 5
valores_ideales [0,0,0,0,0,0,0,0,0,0,0,0,0,0,0,0,0,0,0,0,0,0,0,0,0,0,0,0,0,0,0,0,0,0,0,0,0,0,0,0,0,0,0,0,0,0,0,0,0,0,0,0,0,0,0,0,0,0,0,0,0,0,0,0,0,0,0,0,0,0]
costo_por_agente [18,22,13,11,25,6,22,22,39,30,32,5,17,33,6,23,4,13,29,19,31,7,7,33,10,9,3,8,25,44,41,7,7,13,3,6,27,23,21,25,15,39,14,39,14,9,31,32,7,34,20,17,4,13,6,31,19,33,32,21,15,10,36,8,22,27,17,42,21,11]
completion_time_por_agente [19,23,14,12,26,7,23,23,40,31,33,6,18,34,7,24,5,14,30,20,32,8,8,34,11,10,4,9,26,45,42,8,8,14,4,7,28,24,22,26,16,40,15,40,15,10,32,33,8,35,21,18,5,14,7,32,20,34,33,22,16,11,37,9,23,28,18,43,22,12]
tiempo_ultimo_agente_goal 45
tiempo_en_acabar 45
tiempo_promedio 20.685715
agentes_en_goal 70
push_out_count 0
RUN 6
valores_ideales [0,0,0,0,0,0,0,0,0,0,0,0,0,0,0,0,0,0,0,0,0,0,0,0,0,0,0,0,0,0,0,0,0,0,0,0,0,0,0,0,0,0,0,0,0,0,0,0,0,0,0,0,0,0,0,0,0,0,0,0,0,0,0,0,0,0,0,0,0,0]
costo_por_agente [18,22,13,11,25,6,24,24,33,26,32,5,15,35,6,23,4,13,29,19,31,7,9,33,20,9,3,8,25,44,41,7,11,13,3,6,21,21,21,25,17,39,14,35,14,9,31,32,7,34,20,17,4,9,6,31,23,35,32,23,15,10,34,8,22,27,19,42,17,9]
completion_time_por_agente [19,23,14,12,26,7,25,25,34,27,33,6,16,36,7,24,5,14,30,20,32,8,10,34,21,10,4,9,26,45,42,8,12,14,4,7,22,22,22,26,18,40,15,36,15,10,32,33,8,35,21,18,5,10,7,32,24,36,33,24,16,11,35,9,23,28,20,43,18,10]
tiempo_ultimo_agente_goal 45
tiempo_en_acabar 45
tiempo_promedio 20.657143
agentes_en_goal 70
push_out_count 0
RUN 7
valores_ideales [0,0,0,0,0,0,0,0,0,0,0,0,0,0,0,0,0,0,0,0,0,0,0,0,0,0,0,0,0,0,0,0,0,0,0,0,0,0,0,0,0,0,0,0,0,0,0,0,0,0,0,0,0,0,0,0,0,0,0,0,0,0,0,0,0,0,0,0,0,0]
costo_por_agente [18,22,13,13,19,6,24,22,35,32,32,5,17,39,6,19,4,13,29,17,33,7,7,33,10,9,3,8,25,44,41,9,7,13,3,6,23,21,21,23,15,45,14,37,14,9,31,34,7,34,20,19,4,11,6,35,23,33,32,21,15,10,34,8,22,27,17,42,17,9]
completion_time_por_agente [19,23,14,14,20,7,25,23,36,33,33,6,18,40,7,20,5,14,30,18,34,8,8,34,11,10,4,9,26,45,42,10,8,14,4,7,24,22,22,24,16,46,15,38,15,10,32,35,8,35,21,20,5,12,7,36,24,34,33,22,16,11,35,9,23,28,18,43,18,10]
tiempo_ultimo_agente_goal 46
tiempo_en_acabar 46
tiempo_promedio 20.657143
agentes_en_goal 70
push_out_count 0
RUN 8
valores_ideales [0,0,0,0,0,0,0,0,0,0,0,0,0,0,0,0,0,0,0,0,0,0,0,0,0,0,0,0,0,0,0,0,0,0,0,0,0,0,0,0,0,0,0,0,0,0,0,0,0,0,0,0,0,0,0,0,0,0,0,0,0,0,0,0,0,0,0,0,0,0]
costo_por_agente [18,22,13,11,23,6,22,24,31,28,32,5,17,33,6,21,4,13,29,19,39,7,7,33,10,9,3,8,25,44,41,7,7,13,3,6,21,21,21,25,19,35,14,41,14,9,31,36,7,34,20,19,4,9,6,35,19,35,32,21,15,10,34,8,22,27,17,42,19,17]
completion_time_por_agente [19,23,14,12,24,7,23,25,32,29,33,6,18,34,7,22,5,14,30,20,40,8,8,34,11,10,4,9,26,45,42,8,8,14,4,7,22,22,22,26,20,36,15,42,15,10,32,37,8,35,21,20,5,10,7,36,20,36,33,22,16,11,35,9,23,28,18,43,20,18]
tiempo_ultimo_agente_goal 45
tiempo_en_acabar 45
tiempo_promedio 20.685715
agentes_en_goal 70
push_out_count 0
RUN 9
valores_ideales [0,0,0,0,0,0,0,0,0,0,0,0,0,0,0,0,0,0,0,0,0,0,0,0,0,0,0,0,0,0,0,0,0,0,0,0,0,0,0,0,0,0,0,0,0,0,0,0,0,0,0,0,0,0,0,0,0,0,0,0,0,0,0,0,0,0,0,0,0,0]
costo_por_agente [18,22,13,11,25,6,22,24,35,26,32,5,15,31,6,21,4,13,29,17,43,7,7,35,16,9,3,8,25,44,41,7,9,13,3,6,21,21,21,23,15,47,14,41,20,9,31,36,7,36,20,17,4,9,6,31,19,37,32,27,15,10,36,8,22,27,19,42,27,11]
completion_time_por_agente [19,23,14,12,26,7,23,25,36,27,33,6,16,32,7,22,5,14,30,18,44,8,8,36,17,10,4,9,26,45,42,8,10,14,4,7,22,22,22,24,16,48,15,42,21,10,32,37,8,37,21,18,5,10,7,32,20,38,33,28,16,11,37,9,23,28,20,43,28,12]
tiempo_ultimo_agente_goal 48
tiempo_en_acabar 48
tiempo_promedio 21.171429
agentes_en_goal 70
push_out_count 0
RUN 10
valores_ideales [0,0,0,0,0,0,0,0,0,0,0,0,0,0,0,0,0,0,0,0,0,0,0,0,0,0,0,0,0,0,0,0,0,0,0,0,0,0,0,0,0,0,0,0,0,0,0,0,0,0,0,0,0,0,0,0,0,0,0,0,0,0,0,0,0,0,0,0,0,0]
costo_por_agente [18,22,13,11,21,6,24,22,33,26,32,5,17,31,6,21,4,13,29,19,31,7,7,37,10,11,3,8,25,44,41,7,7,13,3,6,21,21,21,25,17,39,14,35,14,9,31,34,7,34,20,19,4,9,6,31,19,39,32,19,19,10,34,8,22,27,17,42,17,9]
completion_time_por_agente [19,23,14,12,22,7,25,23,34,27,33,6,18,32,7,22,5,14,30,20,32,8,8,38,11,12,4,9,26,45,42,8,8,14,4,7,22,22,22,26,18,40,15,36,15,10,32,35,8,35,21,20,5,10,7,32,20,40,33,20,20,11,35,9,23,28,18,43,18,10]
tiempo_ultimo_agente_goal 45
tiempo_en_acabar 45
tiempo_promedio 20.400000
agentes_en_goal 70
push_out_count 0
RUN 11
valores_ideales [0,0,0,0,0,0,0,0,0,0,0,0,0,0,0,0,0,0,0,0,0,0,0,0,0,0,0,0,0,0,0,0,0,0,0,0,0,0,0,0,0,0,0,0,0,0,0,0,0,0,0,0,0,0,0,0,0,0,0,0,0,0,0,0,0,0,0,0,0,0]
costo_por_agente [18,22,13,11,21,6,22,22,31,28,32,5,15,31,6,23,4,13,29,15,31,7,9,33,10,9,3,8,25,44,41,7,9,13,3,6,21,21,21,25,15,37,14,37,14,9,31,32,7,34,20,17,4,11,6,31,19,39,32,23,17,10,36,8,22,27,19,42,17,13]
completion_time_por_agente [19,23,14,12,22,7,23,23,32,29,33,6,16,32,7,24,5,14,30,16,32,8,10,34,11,10,4,9,26,45,42,8,10,14,4,7,22,22,22,26,16,38,15,38,15,10,32,33,8,35,21,18,5,12,7,32,20,40,33,24,18,11,37,9,23,28,20,43,18,14]
tiempo_ultimo_agente_goal 45
tiempo_en_acabar 45
tiempo_promedio 20.371429
agentes_en_goal 70
push_out_count 0
RUN 12
valores_ideales [0,0,0,0,0,0,0,0,0,0,0,0,0,0,0,0,0,0,0,0,0,0,0,0,0,0,0,0,0,0,0,0,0,0,0,0,0,0,0,0,0,0,0,0,0,0,0,0,0,0,0,0,0,0,0,0,0,0,0,0,0,0,0,0,0,0,0,0,0,0]
costo_por_agente [18,22,13,11,21,6,24,22,31,30,32,5,17,31,6,19,4,13,29,15,31,7,9,35,10,9,3,8,25,44,41,7,5,13,3,6,23,23,21,25,15,39,14,37,14,9,31,34,7,36,20,17,4,9,6,35,25,37,32,19,17,10,34,8,22,27,19,42,17,11]
completion_time_por_agente [19,23,14,12,22,7,25,23,32,31,33,6,18,32,7,20,5,14,30,16,32,8,10,36,11,10,4,9,26,45,42,8,6,14,4,7,24,24,22,26,16,40,15,38,15,10,32,35,8,37,21,18,5,10,7,36,26,38,33,20,18,11,35,9,23,28,20,43,18,12]
tiempo_ultimo_agente_goal 45
tiempo_en_acabar 45
tiempo_promedio 20.485714
agentes_en_goal 70
push_out_count 0
RUN 13
valores_ideales [0,0,0,0,0,0,0,0,0,0,0,0,0,0,0,0,0,0,0,0,0,0,0,0,0,0,0,0,0,0,0,0,0,0,0,0,0,0,0,0,0,0,0,0,0,0,0,0,0,0,0,0,0,0,0,0,0,0,0,0,0,0,0,0,0,0,0,0,0,0]
costo_por_agente [18,22,13,11,25,6,22,24,31,28,32,5,17,31,6,19,4,13,29,19,31,9,9,33,10,9,3,8,25,44,41,9,9,13,3,6,23,21,21,25,15,37,12,37,14,9,31,32,7,34,20,17,4,9,6,31,19,33,32,19,15,10,36,8,22,27,19,42,17,9]
completion_time_por_agente [19,23,14,12,26,7,23,25,32,29,33,6,18,32,7,20,5,14,30,20,32,10,10,34,11,10,4,9,26,45,42,10,10,14,4,7,24,22,22,26,16,38,13,38,15,10,32,33,8,35,21,18,5,10,7,32,20,34,33,20,16,11,37,9,23,28,20,43,18,10]
tiempo_ultimo_agente_goal 45
tiempo_en_acabar 45
tiempo_promedio 20.285715
agentes_en_goal 70
push_out_count 0
RUN 14
valores_ideales [0,0,0,0,0,0,0,0,0,0,0,0,0,0,0,0,0,0,0,0,0,0,0,0,0,0,0,0,0,0,0,0,0,0,0,0,0,0,0,0,0,0,0,0,0,0,0,0,0,0,0,0,0,0,0,0,0,0,0,0,0,0,0,0,0,0,0,0,0,0]
costo_por_agente [18,22,13,11,21,6,22,22,33,28,32,5,19,43,6,25,4,13,29,17,31,7,7,33,10,9,3,8,25,48,41,7,9,13,3,6,21,21,21,25,15,37,12,39,14,9,31,32,7,34,20,17,4,9,6,31,25,35,32,21,15,10,34,8,22,27,17,42,19,11]
completion_time_por_agente [19,23,14,12,22,7,23,23,34,29,33,6,20,44,7,26,5,14,30,18,32,8,8,34,11,10,4,9,26,49,42,8,10,14,4,7,22,22,22,26,16,38,13,40,15,10,32,33,8,35,21,18,5,10,7,32,26,36,33,22,16,11,35,9,23,28,18,43,20,12]
tiempo_ultimo_agente_goal 49
tiempo_en_acabar 49
tiempo_promedio 20.600000
agentes_en_goal 70
push_out_count 0
RUN 15
valores_ideales [0,0,0,0,0,0,0,0,0,0,0,0,0,0,0,0,0,0,0,0,0,0,0,0,0,0,0,0,0,0,0,0,0,0,0,0,0,0,0,0,0,0,0,0,0,0,0,0,0,0,0,0,0,0,0,0,0,0,0,0,0,0,0,0,0,0,0,0,0,0]
costo_por_agente [18,22,13,11,21,6,22,24,33,26,32,5,15,35,6,19,4,13,29,17,31,7,7,33,10,11,3,8,25,44,41,9,7,13,3,6,21,21,21,25,17,37,14,39,14,9,31,32,7,34,20,19,4,11,6,33,19,33,32,23,15,10,34,8,22,27,17,42,17,11]
completion_time_por_agente [19,23,14,12,22,7,23,25,34,27,33,6,16,36,7,20,5,14,30,18,32,8,8,34,11,12,4,9,26,45,42,10,8,14,4,7,22,22,22,26,18,38,15,40,15,10,32,33,8,35,21,20,5,12,7,34,20,34,33,24,16,11,35,9,23,28,18,43,18,12]
tiempo_ultimo_agente_goal 45
tiempo_en_acabar 45
tiempo_promedio 20.342857
agentes_en_goal 70
push_out_count 0
RUN 16
valores_ideales [0,0,0,0,0,0,0,0,0,0,0,0,0,0,0,0,0,0,0,0,0,0,0,0,0,0,0,0,0,0,0,0,0,0,0,0,0,0,0,0,0,0,0,0,0,0,0,0,0,0,0,0,0,0,0,0,0,0,0,0,0,0,0,0,0,0,0,0,0,0]
costo_por_agente [18,22,13,13,25,6,24,24,33,26,32,5,15,31,6,17,4,13,29,17,45,7,7,33,10,9,3,8,27,44,41,7,5,13,3,6,21,21,21,25,21,35,12,35,14,9,31,34,7,34,20,17,4,9,6,31,21,33,32,23,15,14,36,8,22,27,19,42,17,13]
completion_time_por_agente [19,23,14,14,26,7,25,25,34,27,33,6,16,32,7,18,5,14,30,18,46,8,8,34,11,10,4,9,28,45,42,8,6,14,4,7,22,22,22,26,22,36,13,36,15,10,32,36,8,35,21,18,5,10,7,32,22,34,33,24,16,15,37,9,23,28,20,43,18,14]
tiempo_ultimo_agente_goal 46
tiempo_en_acabar 46
tiempo_promedio 20.585714
agentes_en_goal 70
push_out_count 0
RUN 17
valores_ideales [0,0,0,0,0,0,0,0,0,0,0,0,0,0,0,0,0,0,0,0,0,0,0,0,0,0,0,0,0,0,0,0,0,0,0,0,0,0,0,0,0,0,0,0,0,0,0,0,0,0,0,0,0,0,0,0,0,0,0,0,0,0,0,0,0,0,0,0,0,0]
costo_por_agente [18,22,13,11,21,6,22,22,35,28,32,5,19,33,6,19,4,13,29,15,33,9,7,35,10,9,3,8,33,44,41,9,5,13,3,6,23,21,21,23,19,49,14,37,14,9,31,32,7,36,20,17,4,9,6,31,21,37,32,19,17,10,34,8,22,27,17,42,19,9]
completion_time_por_agente [19,23,14,12,22,7,23,23,36,29,33,6,20,34,7,20,5,14,30,16,34,10,8,36,11,10,4,9,34,45,42,10,6,14,4,7,24,22,22,24,20,50,15,38,15,10,32,33,8,37,21,18,5,10,7,32,22,38,33,20,18,11,35,9,23,28,18,43,20,10]
tiempo_ultimo_agente_goal 50
tiempo_en_acabar 50
tiempo_promedio 20.685715
agentes_en_goal 70
push_out_count 0
RUN 18
valores_ideales [0,0,0,0,0,0,0,0,0,0,0,0,0,0,0,0,0,0,0,0,0,0,0,0,0,0,0,0,0,0,0,0,0,0,0,0,0,0,0,0,0,0,0,0,0,0,0,0,0,0,0,0,0,0,0,0,0,0,0,0,0,0,0,0,0,0,0,0,0,0]
costo_por_agente [18,22,13,11,25,6,24,22,31,26,32,5,15,31,6,21,4,13,29,21,31,7,9,33,10,11,3,8,27,44,41,7,11,13,3,6,21,21,21,27,15,37,14,37,14,9,31,32,7,34,20,17,4,9,6,35,19,35,32,25,15,10,34,8,22,27,19,42,19,9]
completion_time_por_agente [19,23,14,12,26,7,25,23,32,27,33,6,16,32,7,22,5,14,30,22,32,8,10,34,11,12,4,9,28,45,42,8,12,14,4,7,22,22,22,28,16,38,15,38,15,10,32,33,8,35,21,18,5,10,7,36,20,36,33,26,16,11,35,9,23,28,20,43,20,10]
tiempo_ultimo_agente_goal 45
tiempo_en_acabar 45
tiempo_promedio 20.514286
agentes_en_goal 70
push_out_count 0
RUN 19
valores_ideales [0,0,0,0,0,0,0,0,0,0,0,0,0,0,0,0,0,0,0,0,0,0,0,0,0,0,0,0,0,0,0,0,0,0,0,0,0,0,0,0,0,0,0,0,0,0,0,0,0,0,0,0,0,0,0,0,0,0,0,0,0,0,0,0,0,0,0,0,0,0]
costo_por_agente [18,22,13,11,25,6,24,22,31,26,32,5,15,31,6,19,4,13,29,23,31,7,9,33,10,9,3,8,25,44,41,7,7,13,3,6,21,21,21,25,27,39,14,37,14,9,31,34,7,34,20,17,4,11,6,31,19,35,32,21,15,10,34,8,22,27,19,42,19,9]
completion_time_por_agente [19,23,14,12,26,7,25,23,32,27,33,6,16,32,7,20,5,14,30,24,32,8,10,34,11,10,4,9,26,45,42,8,8,14,4,7,22,22,22,26,28,40,15,38,15,10,32,35,8,35,21,18,5,12,7,32,20,36,33,22,16,11,35,9,23,28,20,43,20,10]
tiempo_ultimo_agente_goal 45
tiempo_en_acabar 45
tiempo_promedio 20.514286
agentes_en_goal 70
push_out_count 0
RUN 20
valores_ideales [0,0,0,0,0,0,0,0,0,0,0,0,0,0,0,0,0,0,0,0,0,0,0,0,0,0,0,0,0,0,0,0,0,0,0,0,0,0,0,0,0,0,0,0,0,0,0,0,0,0,0,0,0,0,0,0,0,0,0,0,0,0,0,0,0,0,0,0,0,0]
costo_por_agente [18,22,13,11,25,6,22,24,35,26,32,5,15,31,6,19,4,13,29,23,31,7,7,33,10,9,3,8,25,44,41,7,11,13,3,6,21,21,21,25,21,37,14,41,14,9,31,38,7,34,20,21,6,9,6,31,21,35,32,23,15,10,34,8,22,27,19,42,19,11]
completion_time_por_agente [19,23,14,12,26,7,23,25,36,27,33,6,16,32,7,20,5,14,30,24,32,8,8,34,11,10,4,9,26,45,42,8,12,14,4,7,22,22,22,26,22,38,15,42,15,10,32,39,8,35,21,22,7,10,7,32,22,36,33,24,17,11,35,9,23,28,20,43,20,12]
tiempo_ultimo_agente_goal 45
tiempo_en_acabar 45
tiempo_promedio 20.757143
agentes_en_goal 70
push_out_count 0
RUN 21
valores_ideales [0,0,0,0,0,0,0,0,0,0,0,0,0,0,0,0,0,0,0,0,0,0,0,0,0,0,0,0,0,0,0,0,0,0,0,0,0,0,0,0,0,0,0,0,0,0,0,0,0,0,0,0,0,0,0,0,0,0,0,0,0,0,0,0,0,0,0,0,0,0]
costo_por_agente [18,22,13,11,25,6,22,24,31,36,32,5,15,35,6,25,4,13,29,23,31,7,9,33,10,9,3,8,25,44,41,9,9,13,3,6,21,21,21,25,17,37,14,37,14,9,31,34,7,34,20,17,4,9,6,31,19,35,32,23,15,10,34,8,22,27,19,42,17,9]
completion_time_por_agente [19,23,14,12,26,7,23,25,32,37,33,6,16,36,7,26,5,14,30,24,32,8,10,34,11,10,4,9,26,45,42,10,10,14,4,7,22,22,22,26,18,38,15,38,15,10,32,35,8,35,21,18,5,10,7,32,20,36,33,24,16,11,35,9,23,28,20,43,18,10]
tiempo_ultimo_agente_goal 45
tiempo_en_acabar 45
tiempo_promedio 20.657143
agentes_en_goal 70
push_out_count 0
RUN 22
valores_ideales [0,0,0,0,0,0,0,0,0,0,0,0,0,0,0,0,0,0,0,0,0,0,0,0,0,0,0,0,0,0,0,0,0,0,0,0,0,0,0,0,0,0,0,0,0,0,0,0,0,0,0,0,0,0,0,0,0,0,0,0,0,0,0,0,0,0,0,0,0,0]
costo_por_agente [18,22,13,11,25,6,24,24,31,26,32,5,15,31,6,21,4,13,29,21,31,7,9,37,10,9,3,8,25,44,41,7,9,13,3,6,21,21,21,27,15,37,14,37,14,9,31,36,7,34,20,17,6,9,6,31,21,39,32,19,15,10,34,8,22,27,19,42,17,11]
completion_time_por_agente [19,23,14,12,26,7,25,25,32,27,33,6,16,32,7,22,5,14,30,22,32,8,10,38,11,10,4,9,26,45,42,8,10,14,4,7,22,22,22,28,16,38,15,38,15,10,32,37,8,35,21,18,7,10,7,32,22,40,33,20,16,11,35,9,23,28,20,43,18,12]
tiempo_ultimo_agente_goal 45
tiempo_en_acabar 45
tiempo_promedio 20.542856
agentes_en_goal 70
push_out_count 0
RUN 23
valores_ideales [0,0,0,0,0,0,0,0,0,0,0,0,0,0,0,0,0,0,0,0,0,0,0,0,0,0,0,0,0,0,0,0,0,0,0,0,0,0,0,0,0,0,0,0,0,0,0,0,0,0,0,0,0,0,0,0,0,0,0,0,0,0,0,0,0,0,0,0,0,0]
costo_por_agente [18,22,13,11,27,6,22,22,31,28,32,5,15,33,6,21,4,13,29,21,31,9,9,37,16,9,3,8,25,44,41,9,9,13,3,6,21,21,21,25,15,39,14,37,14,9,31,32,7,34,20,17,4,9,6,31,19,35,32,23,15,10,34,8,22,27,19,42,17,9]
completion_time_por_agente [19,23,14,12,28,7,23,23,32,29,33,6,16,34,7,22,5,14,30,22,32,10,10,38,17,10,4,9,26,45,42,10,10,14,4,7,22,22,22,26,16,40,15,38,15,10,32,33,8,35,21,18,5,10,7,32,20,36,33,24,16,11,35,9,23,28,20,43,18,10]
tiempo_ultimo_agente_goal 45
tiempo_en_acabar 45
tiempo_promedio 20.571428
agentes_en_goal 70
push_out_count 0
RUN 24
valores_ideales [0,0,0,0,0,0,0,0,0,0,0,0,0,0,0,0,0,0,0,0,0,0,0,0,0,0,0,0,0,0,0,0,0,0,0,0,0,0,0,0,0,0,0,0,0,0,0,0,0,0,0,0,0,0,0,0,0,0,0,0,0,0,0,0,0,0,0,0,0,0]
costo_por_agente [18,22,13,11,21,6,22,22,31,34,32,5,23,33,6,25,4,13,29,17,31,7,7,35,10,9,3,8,25,44,41,7,9,13,3,6,21,21,21,25,15,37,14,43,14,9,31,32,7,36,20,17,4,9,6,33,19,37,32,21,15,10,36,8,22,27,17,42,19,11]
completion_time_por_agente [19,23,14,12,22,7,23,23,32,35,33,6,24,34,7,26,5,14,30,18,32,8,8,36,11,10,4,9,26,45,42,8,10,14,4,7,22,22,22,26,16,38,15,44,15,10,32,33,8,37,21,18,5,10,7,34,20,38,33,22,16,11,37,9,23,28,18,43,20,12]
tiempo_ultimo_agente_goal 45
tiempo_en_acabar 45
tiempo_promedio 20.657143
agentes_en_goal 70
push_out_count 0
RUN 25
valores_ideales [0,0,0,0,0,0,0,0,0,0,0,0,0,0,0,0,0,0,0,0,0,0,0,0,0,0,0,0,0,0,0,0,0,0,0,0,0,0,0,0,0,0,0,0,0,0,0,0,0,0,0,0,0,0,0,0,0,0,0,0,0,0,0,0,0,0,0,0,0,0]
costo_por_agente [18,22,13,13,21,6,22,24,39,28,32,5,15,35,6,19,4,13,29,17,31,7,9,35,16,9,3,8,25,44,41,7,13,15,3,6,21,21,21,25,15,39,14,37,14,9,31,32,7,36,20,17,6,9,6,31,23,37,32,19,15,10,38,8,22,29,21,42,17,9]
completion_time_por_agente [19,23,14,14,22,7,23,25,40,29,33,6,16,36,7,20,5,14,30,18,32,8,10,36,17,10,4,9,26,45,42,8,14,16,4,7,22,22,22,26,16,40,15,38,15,10,32,33,8,37,21,18,7,10,7,32,24,38,33,20,16,11,39,9,23,30,22,43,18,10]
tiempo_ultimo_agente_goal 45
tiempo_en_acabar 45
tiempo_promedio 20.799999
agentes_en_goal 70
push_out_count 0
RUN 26
valores_ideales [0,0,0,0,0,0,0,0,0,0,0,0,0,0,0,0,0,0,0,0,0,0,0,0,0,0,0,0,0,0,0,0,0,0,0,0,0,0,0,0,0,0,0,0,0,0,0,0,0,0,0,0,0,0,0,0,0,0,0,0,0,0,0,0,0,0,0,0,0,0]
costo_por_agente [18,22,13,11,21,6,22,22,31,30,32,5,15,31,6,19,4,13,29,15,31,7,9,35,10,9,3,8,27,44,41,7,11,13,3,6,21,21,21,25,15,37,14,39,14,9,31,32,7,36,20,19,4,9,6,31,23,37,32,19,15,10,36,8,22,27,19,42,17,13]
completion_time_por_agente [19,23,14,12,22,7,23,23,32,31,33,6,16,32,7,20,5,14,30,16,32,8,10,36,11,10,4,9,28,45,42,8,12,14,4,7,22,22,22,26,16,38,15,40,15,10,32,33,8,37,21,20,5,10,7,32,24,38,33,20,16,11,37,9,23,28,20,43,18,14]
tiempo_ultimo_agente_goal 45
tiempo_en_acabar 45
tiempo_promedio 20.428572
agentes_en_goal 70
push_out_count 0
RUN 27
valores_ideales [0,0,0,0,0,0,0,0,0,0,0,0,0,0,0,0,0,0,0,0,0,0,0,0,0,0,0,0,0,0,0,0,0,0,0,0,0,0,0,0,0,0,0,0,0,0,0,0,0,0,0,0,0,0,0,0,0,0,0,0,0,0,0,0,0,0,0,0,0,0]
costo_por_agente [18,22,13,15,21,6,24,24,35,26,32,5,15,31,6,21,4,13,29,19,31,7,7,33,10,11,3,8,25,44,41,7,9,13,3,6,23,23,21,25,15,45,14,35,16,9,31,34,7,34,20,17,4,15,6,31,19,39,32,23,15,10,34,8,22,27,19,42,17,9]
completion_time_por_agente [19,23,14,16,22,7,25,25,36,27,33,6,16,32,7,22,5,14,30,20,32,8,8,34,11,12,4,9,26,45,42,8,10,14,4,7,24,24,22,26,16,46,15,36,17,10,32,35,8,35,21,18,5,16,7,32,20,40,33,24,16,11,35,9,23,28,20,43,18,10]
tiempo_ultimo_agente_goal 46
tiempo_en_acabar 46
tiempo_promedio 20.685715
agentes_en_goal 70
push_out_count 0
RUN 28
valores_ideales [0,0,0,0,0,0,0,0,0,0,0,0,0,0,0,0,0,0,0,0,0,0,0,0,0,0,0,0,0,0,0,0,0,0,0,0,0,0,0,0,0,0,0,0,0,0,0,0,0,0,0,0,0,0,0,0,0,0,0,0,0,0,0,0,0,0,0,0,0,0]
costo_por_agente [18,22,13,11,21,6,22,24,31,26,32,5,15,37,6,21,4,13,29,17,35,7,7,35,10,9,3,8,25,44,41,7,9,13,3,6,21,21,21,23,15,39,14,37,16,9,31,40,7,36,20,17,4,19,6,31,19,37,32,19,15,10,36,8,22,29,21,42,17,9]
completion_time_por_agente [19,23,14,12,22,7,23,25,32,27,33,6,16,38,7,22,5,14,30,18,36,8,8,36,11,10,4,9,26,45,42,8,10,14,4,7,22,22,22,24,16,40,15,38,17,10,32,41,8,37,21,18,5,20,7,32,20,38,33,20,16,11,37,9,23,30,22,43,18,10]
tiempo_ultimo_agente_goal 45
tiempo_en_acabar 45
tiempo_promedio 20.685715
agentes_en_goal 70
push_out_count 0
RUN 29
valores_ideales [0,0,0,0,0,0,0,0,0,0,0,0,0,0,0,0,0,0,0,0,0,0,0,0,0,0,0,0,0,0,0,0,0,0,0,0,0,0,0,0,0,0,0,0,0,0,0,0,0,0,0,0,0,0,0,0,0,0,0,0,0,0,0,0,0,0,0,0,0,0]
costo_por_agente [18,24,13,11,21,6,22,22,35,26,32,5,15,35,6,19,4,13,29,17,31,7,9,33,10,9,3,8,25,44,41,7,7,15,3,6,21,21,21,25,15,37,14,37,14,9,31,32,7,34,20,17,4,9,6,31,19,41,32,21,19,10,34,8,22,27,19,42,19,9]
completion_time_por_agente [19,25,14,12,22,7,23,23,36,27,33,6,16,36,7,20,5,14,30,18,32,8,10,34,11,10,4,9,26,45,42,8,8,16,4,7,22,22,22,26,16,38,15,38,15,10,32,33,8,35,21,18,5,10,7,32,20,42,33,22,21,11,35,9,23,28,20,43,20,10]
tiempo_ultimo_agente_goal 45
tiempo_en_acabar 45
tiempo_promedio 20.414286
agentes_en_goal 70
push_out_count 0
RUN 30
valores_ideales [0,0,0,0,0,0,0,0,0,0,0,0,0,0,0,0,0,0,0,0,0,0,0,0,0,0,0,0,0,0,0,0,0,0,0,0,0,0,0,0,0,0,0,0,0,0,0,0,0,0,0,0,0,0,0,0,0,0,0,0,0,0,0,0,0,0,0,0,0,0]
costo_por_agente [18,22,13,13,25,6,22,24,31,26,32,5,15,31,6,21,4,13,29,19,35,7,7,33,10,9,3,8,25,44,41,9,5,13,3,6,21,21,21,25,15,37,14,37,14,9,31,34,7,34,20,19,4,11,6,35,19,35,32,21,17,10,34,8,22,27,19,42,23,9]
completion_time_por_agente [19,23,14,14,26,7,23,25,32,27,33,6,16,32,7,22,5,14,30,20,36,8,8,34,11,10,4,9,26,45,42,10,6,14,4,7,22,22,22,26,16,38,15,38,15,10,32,35,8,35,21,20,5,12,7,36,20,36,33,22,18,11,35,9,23,28,20,43,24,10]
tiempo_ultimo_agente_goal 45
tiempo_en_acabar 45
tiempo_promedio 20.514286
agentes_en_goal 70
push_out_count 0
RUN 31
valores_ideales [0,0,0,0,0,0,0,0,0,0,0,0,0,0,0,0,0,0,0,0,0,0,0,0,0,0,0,0,0,0,0,0,0,0,0,0,0,0,0,0,0,0,0,0,0,0,0,0,0,0,0,0,0,0,0,0,0,0,0,0,0,0,0,0,0,0,0,0,0,0]
costo_por_agente [18,22,13,11,21,6,22,24,35,32,32,5,15,35,6,17,4,13,29,17,31,7,7,33,10,9,3,8,25,44,41,7,7,13,3,6,23,21,21,25,15,39,14,41,16,9,31,40,7,34,20,19,4,9,6,39,23,41,34,19,15,10,34,8,22,27,19,42,17,9]
completion_time_por_agente [19,23,14,12,22,7,23,25,36,33,33,6,16,36,7,18,5,14,30,18,32,8,8,34,11,10,4,9,26,45,42,8,8,14,4,7,24,22,22,26,16,40,15,42,17,10,32,41,8,35,21,20,5,10,7,40,24,42,35,21,16,11,35,9,23,28,20,43,18,10]
tiempo_ultimo_agente_goal 45
tiempo_en_acabar 45
tiempo_promedio 20.785715
agentes_en_goal 70
push_out_count 0
RUN 32
valores_ideales [0,0,0,0,0,0,0,0,0,0,0,0,0,0,0,0,0,0,0,0,0,0,0,0,0,0,0,0,0,0,0,0,0,0,0,0,0,0,0,0,0,0,0,0,0,0,0,0,0,0,0,0,0,0,0,0,0,0,0,0,0,0,0,0,0,0,0,0,0,0]
costo_por_agente [18,22,13,11,25,6,22,22,31,26,32,5,15,33,6,19,4,13,29,25,31,7,9,35,16,9,3,8,33,44,41,7,13,13,3,6,21,21,21,29,15,41,14,37,14,9,31,32,7,34,20,17,4,11,6,31,23,41,32,21,15,10,34,8,22,27,19,42,17,13]
completion_time_por_agente [19,23,14,12,26,7,23,23,32,27,33,6,16,34,7,20,5,14,30,26,32,8,10,36,17,10,4,9,34,45,42,8,14,14,4,7,22,22,22,30,16,42,15,38,15,10,32,33,8,35,21,18,5,12,7,32,24,42,33,22,16,11,35,9,23,28,20,43,18,14]
tiempo_ultimo_agente_goal 45
tiempo_en_acabar 45
tiempo_promedio 20.914286
agentes_en_goal 70
push_out_count 0
RUN 33
valores_ideales [0,0,0,0,0,0,0,0,0,0,0,0,0,0,0,0,0,0,0,0,0,0,0,0,0,0,0,0,0,0,0,0,0,0,0,0,0,0,0,0,0,0,0,0,0,0,0,0,0,0,0,0,0,0,0,0,0,0,0,0,0,0,0,0,0,0,0,0,0,0]
costo_por_agente [18,22,13,11,21,6,22,22,31,26,32,5,19,35,6,19,4,13,29,17,33,7,9,33,16,9,3,8,25,44,41,7,9,13,3,6,23,21,21,23,15,35,12,37,14,9,31,32,7,34,20,17,4,11,6,31,23,43,32,19,15,14,36,8,22,27,17,42,17,9]
completion_time_por_agente [19,23,14,12,22,7,23,23,32,27,33,6,20,36,7,20,5,14,30,18,34,8,10,34,17,10,4,9,26,45,42,8,10,14,4,7,24,22,22,24,16,36,13,38,15,10,32,33,8,35,21,18,5,12,7,32,24,44,33,20,16,15,37,9,23,28,18,43,18,10]
tiempo_ultimo_agente_goal 45
tiempo_en_acabar 45
tiempo_promedio 20.485714
agentes_en_goal 70
push_out_count 0
RUN 34
valores_ideales [0,0,0,0,0,0,0,0,0,0,0,0,0,0,0,0,0,0,0,0,0,0,0,0,0,0,0,0,0,0,0,0,0,0,0,0,0,0,0,0,0,0,0,0,0,0,0,0,0,0,0,0,0,0,0,0,0,0,0,0,0,0,0,0,0,0,0,0,0,0]
costo_por_agente [18,22,13,11,21,6,22,22,31,28,32,5,15,31,6,23,4,13,29,15,31,7,9,35,16,9,3,8,25,44,41,7,7,13,3,6,21,21,21,25,17,39,14,37,14,9,31,32,7,34,20,17,4,11,6,31,19,37,32,19,15,10,36,8,22,27,19,42,17,11]
completion_time_por_agente [19,23,14,12,22,7,23,23,32,29,33,6,16,32,7,24,5,14,30,16,32,8,10,36,17,10,4,9,26,45,42,8,8,14,4,7,22,22,22,26,18,40,15,38,15,10,32,33,8,35,21,18,5,12,7,32,20,38,33,20,16,11,37,9,23,28,20,43,18,12]
tiempo_ultimo_agente_goal 45
tiempo_en_acabar 45
tiempo_promedio 20.371429
agentes_en_goal 70
push_out_count 0
RUN 35
valores_ideales [0,0,0,0,0,0,0,0,0,0,0,0,0,0,0,0,0,0,0,0,0,0,0,0,0,0,0,0,0,0,0,0,0,0,0,0,0,0,0,0,0,0,0,0,0,0,0,0,0,0,0,0,0,0,0,0,0,0,0,0,0,0,0,0,0,0,0,0,0,0]
costo_por_agente [18,22,13,11,21,6,24,24,31,28,32,5,15,31,6,21,4,13,29,15,31,9,7,35,10,9,3,8,25,44,41,9,9,13,3,6,23,23,21,25,15,41,14,37,16,9,31,32,7,36,20,17,4,9,6,35,19,39,32,23,15,10,36,8,22,27,19,42,17,15]
completion_time_por_agente [19,23,14,12,22,7,25,25,32,29,33,6,16,32,7,22,5,14,30,16,32,10,8,36,11,10,4,9,26,45,42,10,10,14,4,7,24,24,22,26,16,42,15,38,17,10,32,33,8,37,21,18,5,10,7,36,20,40,33,24,16,11,37,9,23,28,20,43,18,16]
tiempo_ultimo_agente_goal 45
tiempo_en_acabar 45
tiempo_promedio 20.657143
agentes_en_goal 70
push_out_count 0
RUN 36
valores_ideales [0,0,0,0,0,0,0,0,0,0,0,0,0,0,0,0,0,0,0,0,0,0,0,0,0,0,0,0,0,0,0,0,0,0,0,0,0,0,0,0,0,0,0,0,0,0,0,0,0,0,0,0,0,0,0,0,0,0,0,0,0,0,0,0,0,0,0,0,0,0]
costo_por_agente [18,22,13,11,21,6,22,26,35,28,32,5,15,31,6,19,4,13,29,15,31,7,7,33,10,9,3,8,25,44,41,7,9,13,3,6,21,21,21,25,15,37,14,37,14,9,31,34,7,34,20,17,4,9,6,35,21,33,32,21,15,10,34,8,22,27,19,42,17,17]
completion_time_por_agente [19,23,14,12,22,7,23,27,36,29,33,6,16,32,7,20,5,14,30,16,32,8,8,34,11,10,4,9,26,45,42,8,10,14,4,7,22,22,22,26,16,38,15,38,15,10,32,35,8,35,21,18,5,10,7,36,22,34,33,22,16,11,35,9,23,28,20,43,18,18]
tiempo_ultimo_agente_goal 45
tiempo_en_acabar 45
tiempo_promedio 20.371429
agentes_en_goal 70
push_out_count 0
RUN 37
valores_ideales [0,0,0,0,0,0,0,0,0,0,0,0,0,0,0,0,0,0,0,0,0,0,0,0,0,0,0,0,0,0,0,0,0,0,0,0,0,0,0,0,0,0,0,0,0,0,0,0,0,0,0,0,0,0,0,0,0,0,0,0,0,0,0,0,0,0,0,0,0,0]
costo_por_agente [18,22,13,11,25,6,26,22,31,32,32,5,15,35,6,25,4,13,29,19,33,7,7,33,10,9,3,8,27,44,41,7,9,15,3,6,21,21,21,27,15,37,14,39,14,9,31,38,7,36,20,17,4,9,6,31,21,35,32,27,15,10,36,8,22,27,19,44,17,17]
completion_time_por_agente [19,23,14,12,26,7,27,23,32,33,33,6,16,36,7,26,5,14,30,20,34,8,8,34,11,10,4,9,28,45,42,8,10,16,4,7,22,22,22,28,16,38,15,40,15,10,32,39,8,37,21,18,5,10,7,32,22,36,33,28,16,11,37,9,23,28,20,45,18,18]
tiempo_ultimo_agente_goal 45
tiempo_en_acabar 45
tiempo_promedio 20.971428
agentes_en_goal 70
push_out_count 0
RUN 38
valores_ideales [0,0,0,0,0,0,0,0,0,0,0,0,0,0,0,0,0,0,0,0,0,0,0,0,0,0,0,0,0,0,0,0,0,0,0,0,0,0,0,0,0,0,0,0,0,0,0,0,0,0,0,0,0,0,0,0,0,0,0,0,0,0,0,0,0,0,0,0,0,0]
costo_por_agente [18,22,13,11,25,6,22,22,31,28,32,5,19,33,6,19,4,13,29,23,37,7,7,33,10,9,3,8,25,44,41,7,7,13,3,6,21,21,21,23,15,35,14,37,14,9,31,34,7,34,20,17,4,9,6,31,29,35,32,19,15,10,36,8,22,27,17,42,21,9]
completion_time_por_agente [19,23,14,12,26,7,23,23,32,29,33,6,20,34,7,20,5,14,30,24,38,8,8,34,11,10,4,9,26,45,42,8,8,14,4,7,22,22,22,24,16,36,15,38,15,10,32,35,8,35,21,18,5,10,7,32,30,36,33,20,16,11,37,9,23,28,18,43,22,10]
tiempo_ultimo_agente_goal 45
tiempo_en_acabar 45
tiempo_promedio 20.514286
agentes_en_goal 70
push_out_count 0
RUN 39
valores_ideales [0,0,0,0,0,0,0,0,0,0,0,0,0,0,0,0,0,0,0,0,0,0,0,0,0,0,0,0,0,0,0,0,0,0,0,0,0,0,0,0,0,0,0,0,0,0,0,0,0,0,0,0,0,0,0,0,0,0,0,0,0,0,0,0,0,0,0,0,0,0]
costo_por_agente [18,22,13,11,21,6,22,24,33,26,32,5,17,31,6,21,4,13,29,17,31,7,9,37,10,9,3,8,25,44,41,7,9,13,3,6,21,21,21,25,21,37,14,37,14,9,31,36,7,34,20,17,8,9,6,31,19,39,32,23,15,10,34,8,22,27,23,42,19,9]
completion_time_por_agente [19,23,14,12,22,7,23,25,35,27,33,6,18,32,7,22,5,14,30,18,32,8,10,38,11,10,4,9,26,45,42,8,10,14,4,7,22,22,22,26,22,38,15,38,15,10,32,37,8,35,21,18,9,10,7,32,20,40,33,24,16,11,35,9,23,28,24,43,20,10]
tiempo_ultimo_agente_goal 45
tiempo_en_acabar 45
tiempo_promedio 20.642857
agentes_en_goal 70
push_out_count 0
