RUN 0
valores_ideales [0,0,0,0,0,0,0,0,0,0,0,0,0,0,0,0,0,0,0,0,0,0,0,0,0,0,0,0,0,0,0,0,0,0,0,0,0,0,0,0,0,0,0,0,0,0,0,0,0,0,0,0,0,0,0,0,0,0,0,0,0,0,0,0,0,0,0,0,0,0,0,0,0,0,0,0,0,0,0,0,0,0,0,0,0,0,0,0,0,0,0,0,0,0,0,0,0,0,0,0,0,0,0,0,0,0,0,0,0,0]
costo_por_agente [10,22,39,25,22,19,24,17,24,18,23,24,47,31,12,26,31,22,10,35,8,35,18,21,18,6,11,31,31,41,18,29,13,20,11,18,34,27,36,35,44,23,7,27,23,38,40,24,29,29,38,23,9,17,27,12,18,8,41,31,49,20,28,33,3,21,30,43,19,37,19,57,33,14,37,24,30,22,31,25,9,19,3,20,27,30,27,15,57,47,21,40,31,10,31,24,20,25,32,8,25,36,44,15,16,12,24,31,27,20]
completion_time_por_agente [11,23,40,26,23,20,25,18,26,19,24,25,48,32,13,27,32,23,11,36,9,36,19,22,19,7,12,32,32,42,19,30,14,21,12,19,35,28,37,36,45,24,8,28,24,39,41,25,30,30,39,24,10,18,28,13,19,9,42,32,50,21,29,34,4,22,31,45,20,38,20,58,34,15,38,25,31,23,33,26,10,20,4,21,28,31,28,16,58,48,22,41,32,11,32,25,21,26,33,9,26,37,45,16,17,13,25,32,28,21]
tiempo_ultimo_agente_goal 58
tiempo_en_acabar 58
tiempo_promedio 26.218182
agentes_en_goal 110
push_out_count 0
RUN 1
valores_ideales [0,0,0,0,0,0,0,0,0,0,0,0,0,0,0,0,0,0,0,0,0,0,0,0,0,0,0,0,0,0,0,0,0,0,0,0,0,0,0,0,0,0,0,0,0,0,0,0,0,0,0,0,0,0,0,0,0,0,0,0,0,0,0,0,0,0,0,0,0,0,0,0,0,0,0,0,0,0,0,0,0,0,0,0,0,0,0,0,0,0,0,0,0,0,0,0,0,0,0,0,0,0,0,0,0,0,0,0,0,0]
costo_por_agente [12,22,39,35,18,19,24,19,20,18,31,24,49,33,12,30,31,20,10,17,6,35,18,21,14,6,13,31,33,43,18,29,15,22,7,28,34,27,34,33,44,23,7,29,19,38,40,30,29,29,38,27,9,17,23,14,20,8,41,37,47,18,28,31,3,19,32,43,19,33,19,63,33,18,37,26,28,22,27,29,7,19,3,16,25,30,25,15,57,49,21,42,31,10,31,24,20,23,20,8,23,38,42,15,22,20,18,33,31,20]
completion_time_por_agente [13,23,40,36,19,20,25,20,21,19,32,25,50,34,13,31,32,21,11,18,7,36,19,22,15,7,14,32,34,45,19,30,16,24,8,29,35,28,35,34,45,24,8,30,20,39,41,31,30,30,39,28,10,18,24,15,21,9,42,38,48,19,29,32,4,20,33,44,20,34,20,64,34,19,38,27,29,24,28,30,8,20,4,17,26,31,26,16,58,50,22,43,32,11,32,25,21,24,21,9,24,39,43,16,23,21,19,34,32,21]
tiempo_ultimo_agente_goal 64
tiempo_en_acabar 64
tiempo_promedio 26.345455
agentes_en_goal 110
push_out_count 0
RUN 2
valores_ideales [0,0,0,0,0,0,0,0,0,0,0,0,0,0,0,0,0,0,0,0,0,0,0,0,0,0,0,0,0,0,0,0,0,0,0,0,0,0,0,0,0,0,0,0,0,0,0,0,0,0,0,0,0,0,0,0,0,0,0,0,0,0,0,0,0,0,0,0,0,0,0,0,0,0,0,0,0,0,0,0,0,0,0,0,0,0,0,0,0,0,0,0,0,0,0,0,0,0,0,0,0,0,0,0,0,0,0,0,0,0]
costo_por_agente [10,22,41,27,18,21,24,17,22,20,25,24,47,31,12,26,31,24,8,17,8,33,18,21,14,6,13,33,35,37,18,29,15,18,7,14,34,29,34,33,44,23,7,27,19,36,38,24,29,35,34,23,9,17,23,12,20,8,41,21,47,18,28,37,3,19,26,43,19,33,19,57,33,14,37,24,36,26,27,29,7,19,3,16,25,30,23,19,57,47,27,40,35,10,31,24,20,33,26,8,21,38,40,21,18,12,16,29,29,20]
completion_time_por_agente [11,23,42,28,19,22,25,18,23,21,26,25,48,32,13,27,32,25,9,18,9,34,19,22,15,7,14,34,36,38,19,30,16,19,8,15,35,30,35,34,45,24,8,28,20,37,39,25,30,36,35,24,10,18,24,13,21,9,42,22,48,19,29,38,4,20,27,44,20,34,20,58,34,15,38,25,37,27,28,30,8,20,4,17,26,31,24,20,58,48,28,41,36,11,32,25,21,34,27,9,22,39,41,22,20,13,17,30,30,21]
tiempo_ultimo_agente_goal 58
tiempo_en_acabar 58
tiempo_promedio 25.781818
agentes_en_goal 110
push_out_count 0
RUN 3
valores_ideales [0,0,0,0,0,0,0,0,0,0,0,0,0,0,0,0,0,0,0,0,0,0,0,0,0,0,0,0,0,0,0,0,0,0,0,0,0,0,0,0,0,0,0,0,0,0,0,0,0,0,0,0,0,0,0,0,0,0,0,0,0,0,0,0,0,0,0,0,0,0,0,0,0,0,0,0,0,0,0,0,0,0,0,0,0,0,0,0,0,0,0,0,0,0,0,0,0,0,0,0,0,0,0,0,0,0,0,0,0,0]
costo_por_agente [10,22,39,23,14,21,24,17,24,20,23,24,47,33,12,26,33,28,8,23,8,37,20,21,16,6,13,31,37,41,22,31,13,16,7,18,40,27,38,35,44,23,7,31,19,36,36,26,31,37,38,25,9,17,23,22,18,8,41,31,47,18,28,31,3,21,30,45,21,33,19,57,35,14,37,26,28,26,31,27,7,19,3,18,27,30,27,19,57,47,21,32,31,10,45,26,24,27,24,8,21,40,40,19,18,14,22,27,29,20]
completion_time_por_agente [11,23,40,24,15,22,25,18,25,21,24,25,48,34,14,27,34,29,9,24,9,38,21,22,17,7,14,32,38,42,23,32,14,18,8,19,41,28,39,36,45,24,8,32,20,37,37,27,32,38,39,26,10,18,24,23,19,9,42,32,48,19,29,32,4,22,31,46,22,34,20,59,36,15,38,27,29,28,32,28,8,20,4,19,28,31,28,20,58,48,22,33,32,11,46,27,25,28,25,9,23,41,41,20,19,15,23,28,30,21]
tiempo_ultimo_agente_goal 59
tiempo_en_acabar 59
tiempo_promedio 26.490910
agentes_en_goal 110
push_out_count 0
RUN 4
valores_ideales [0,0,0,0,0,0,0,0,0,0,0,0,0,0,0,0,0,0,0,0,0,0,0,0,0,0,0,0,0,0,0,0,0,0,0,0,0,0,0,0,0,0,0,0,0,0,0,0,0,0,0,0,0,0,0,0,0,0,0,0,0,0,0,0,0,0,0,0,0,0,0,0,0,0,0,0,0,0,0,0,0,0,0,0,0,0,0,0,0,0,0,0,0,0,0,0,0,0,0,0,0,0,0,0,0,0,0,0,0,0]
costo_por_agente [10,22,39,25,14,19,24,17,26,20,25,24,49,31,14,28,31,22,8,19,10,35,22,21,20,6,19,31,31,43,20,31,11,18,7,14,32,29,38,35,46,21,7,31,19,36,36,28,29,37,36,27,9,17,23,12,20,8,41,23,47,20,28,33,3,23,30,49,21,37,19,59,35,18,37,26,30,22,33,29,9,21,3,16,25,30,25,19,57,47,23,34,33,10,33,26,20,23,20,10,35,36,48,15,24,14,16,31,27,20]
completion_time_por_agente [11,23,40,26,15,20,25,18,28,21,26,25,50,32,16,29,32,23,9,20,11,36,23,22,21,7,20,32,32,44,21,32,12,19,8,15,33,30,39,36,47,22,8,32,20,37,37,29,30,38,37,28,10,18,24,13,21,9,42,24,48,21,29,34,4,24,31,50,22,38,20,60,36,19,38,27,31,23,34,30,10,22,4,17,26,31,26,20,58,48,24,35,34,11,34,27,21,24,21,11,36,37,49,16,25,15,17,32,28,21]
tiempo_ultimo_agente_goal 60
tiempo_en_acabar 60
tiempo_promedio 26.427273
agentes_en_goal 110
push_out_count 0
RUN 5
valores_ideales [0,0,0,0,0,0,0,0,0,0,0,0,0,0,0,0,0,0,0,0,0,0,0,0,0,0,0,0,0,0,0,0,0,0,0,0,0,0,0,0,0,0,0,0,0,0,0,0,0,0,0,0,0,0,0,0,0,0,0,0,0,0,0,0,0,0,0,0,0,0,0,0,0,0,0,0,0,0,0,0,0,0,0,0,0,0,0,0,0,0,0,0,0,0,0,0,0,0,0,0,0,0,0,0,0,0,0,0,0,0]
costo_por_agente [20,22,39,23,18,19,24,17,26,16,37,24,49,31,12,26,35,22,10,21,8,37,20,21,14,6,11,31,33,39,18,29,17,18,5,16,34,37,36,31,44,21,7,31,19,36,44,24,29,39,34,25,9,17,23,14,24,8,41,21,47,22,34,31,3,19,26,43,19,33,19,55,31,14,41,28,28,24,29,37,7,27,3,16,25,30,23,19,57,49,21,38,31,10,35,24,20,23,18,12,21,40,50,25,16,14,16,29,27,20]
completion_time_por_agente [21,23,40,24,19,20,25,18,27,17,38,25,50,32,13,27,36,23,11,22,9,38,21,22,15,7,12,32,34,40,19,30,18,19,6,17,35,38,37,33,45,22,8,32,20,37,45,25,30,40,35,27,10,18,24,15,25,9,42,22,48,23,35,32,4,20,27,44,20,34,20,56,32,15,42,29,29,25,30,38,8,28,4,17,26,31,24,20,58,50,22,39,32,11,36,25,21,24,19,13,22,41,51,26,17,15,17,30,28,21]
tiempo_ultimo_agente_goal 58
tiempo_en_acabar 58
tiempo_promedio 26.390909
agentes_en_goal 110
push_out_count 0
RUN 6
valores_ideales [0,0,0,0,0,0,0,0,0,0,0,0,0,0,0,0,0,0,0,0,0,0,0,0,0,0,0,0,0,0,0,0,0,0,0,0,0,0,0,0,0,0,0,0,0,0,0,0,0,0,0,0,0,0,0,0,0,0,0,0,0,0,0,0,0,0,0,0,0,0,0,0,0,0,0,0,0,0,0,0,0,0,0,0,0,0,0,0,0,0,0,0,0,0,0,0,0,0,0,0,0,0,0,0,0,0,0,0,0,0]
costo_por_agente [10,22,39,27,18,19,24,17,20,22,23,24,47,31,12,26,35,20,8,21,6,35,18,21,24,6,11,31,31,45,18,29,11,20,7,22,36,29,36,31,44,25,7,27,19,38,36,28,33,33,34,25,9,17,23,12,20,8,41,29,49,18,28,33,3,19,26,43,21,37,19,59,33,14,39,36,28,24,29,27,11,19,3,16,25,32,23,19,57,47,21,38,35,10,35,24,20,25,28,8,21,36,40,21,26,16,16,31,29,20]
completion_time_por_agente [11,23,40,28,20,20,25,18,21,23,24,25,49,33,13,27,36,21,9,22,7,36,19,22,25,7,12,32,32,46,19,30,12,21,8,23,37,30,37,32,45,26,8,29,20,39,37,29,34,34,35,26,10,18,24,13,21,9,42,30,50,19,29,34,4,20,27,44,22,38,20,60,34,15,40,37,29,25,30,28,12,20,4,18,26,33,24,20,58,48,22,39,36,11,36,25,21,26,29,9,22,37,41,22,27,17,17,32,30,21]
tiempo_ultimo_agente_goal 60
tiempo_en_acabar 60
tiempo_promedio 26.290909
agentes_en_goal 110
push_out_count 0
RUN 7
valores_ideales [0,0,0,0,0,0,0,0,0,0,0,0,0,0,0,0,0,0,0,0,0,0,0,0,0,0,0,0,0,0,0,0,0,0,0,0,0,0,0,0,0,0,0,0,0,0,0,0,0,0,0,0,0,0,0,0,0,0,0,0,0,0,0,0,0,0,0,0,0,0,0,0,0,0,0,0,0,0,0,0,0,0,0,0,0,0,0,0,0,0,0,0,0,0,0,0,0,0,0,0,0,0,0,0,0,0,0,0,0,0]
costo_por_agente [10,22,39,25,14,19,24,17,20,20,21,24,47,31,16,26,33,20,8,23,10,35,20,25,18,6,11,31,31,43,18,33,11,18,7,16,38,33,38,35,44,23,7,27,19,44,42,22,29,31,36,23,9,17,23,14,18,8,43,21,47,18,28,31,3,19,34,47,19,35,19,55,37,18,37,24,28,26,29,27,7,19,3,24,25,32,25,19,57,47,23,36,31,10,35,28,20,23,22,8,21,32,40,23,18,12,22,29,29,22]
completion_time_por_agente [11,23,40,26,15,20,25,18,21,21,22,25,48,32,17,27,34,21,9,24,11,36,21,26,19,7,12,32,32,44,19,34,12,19,8,17,39,34,39,36,45,24,8,28,20,45,43,23,30,32,37,24,10,18,24,15,19,9,44,22,48,19,29,32,4,20,35,49,20,36,20,56,38,19,38,25,29,27,31,28,8,20,4,25,26,33,26,20,58,48,24,37,32,11,36,29,21,24,23,9,22,34,41,24,19,13,23,30,30,23]
tiempo_ultimo_agente_goal 58
tiempo_en_acabar 58
tiempo_promedio 26.109091
agentes_en_goal 110
push_out_count 0
RUN 8
valores_ideales [0,0,0,0,0,0,0,0,0,0,0,0,0,0,0,0,0,0,0,0,0,0,0,0,0,0,0,0,0,0,0,0,0,0,0,0,0,0,0,0,0,0,0,0,0,0,0,0,0,0,0,0,0,0,0,0,0,0,0,0,0,0,0,0,0,0,0,0,0,0,0,0,0,0,0,0,0,0,0,0,0,0,0,0,0,0,0,0,0,0,0,0,0,0,0,0,0,0,0,0,0,0,0,0,0,0,0,0,0,0]
costo_por_agente [12,22,39,21,14,19,24,21,26,16,19,24,49,31,12,32,29,28,8,19,6,35,20,21,16,8,13,31,33,41,18,29,11,20,5,16,32,27,36,33,44,21,7,29,19,36,38,24,29,31,34,25,9,17,23,16,22,8,41,21,47,18,28,31,3,19,26,45,27,33,19,55,31,20,41,26,28,30,33,23,11,19,3,18,31,30,25,15,59,49,25,30,31,10,35,24,20,29,18,8,27,36,46,15,16,14,22,37,27,24]
completion_time_por_agente [13,23,40,22,15,20,25,22,27,17,21,25,51,32,13,33,30,29,9,20,7,36,21,22,17,9,14,32,34,42,19,30,12,21,6,17,33,28,37,34,45,22,8,30,20,37,39,25,30,32,35,26,10,18,24,17,23,9,42,22,48,20,29,33,4,20,27,46,28,34,20,57,33,21,42,27,29,31,34,24,12,20,4,19,33,31,26,16,60,50,26,32,32,11,36,25,21,30,19,9,29,37,47,16,17,15,23,38,28,25]
tiempo_ultimo_agente_goal 60
tiempo_en_acabar 60
tiempo_promedio 26.054546
agentes_en_goal 110
push_out_count 0
RUN 9
valores_ideales [0,0,0,0,0,0,0,0,0,0,0,0,0,0,0,0,0,0,0,0,0,0,0,0,0,0,0,0,0,0,0,0,0,0,0,0,0,0,0,0,0,0,0,0,0,0,0,0,0,0,0,0,0,0,0,0,0,0,0,0,0,0,0,0,0,0,0,0,0,0,0,0,0,0,0,0,0,0,0,0,0,0,0,0,0,0,0,0,0,0,0,0,0,0,0,0,0,0,0,0,0,0,0,0,0,0,0,0,0,0]
costo_por_agente [12,22,41,21,18,19,24,17,20,20,23,24,49,31,12,32,31,28,10,17,6,35,18,23,14,8,13,31,35,39,18,29,11,18,7,14,38,29,34,33,44,19,7,27,19,36,38,28,29,29,34,23,9,17,33,12,20,8,41,23,47,20,28,33,3,19,26,45,25,33,19,55,33,16,37,28,32,26,27,23,11,23,3,16,25,30,29,15,57,47,21,32,33,10,33,24,20,23,18,8,23,38,40,19,16,14,18,31,27,20]
completion_time_por_agente [13,23,42,22,19,20,25,18,21,21,24,25,51,32,13,33,32,29,11,18,7,36,19,24,15,9,14,32,36,40,19,30,12,19,8,15,39,30,35,34,45,20,8,28,20,37,39,29,30,30,35,25,10,18,34,13,21,9,42,24,48,21,29,34,4,20,27,46,26,34,20,56,34,17,38,29,33,27,28,24,12,24,4,17,26,31,30,16,58,48,22,33,34,11,34,25,21,24,19,9,24,39,41,20,17,15,19,32,28,21]
tiempo_ultimo_agente_goal 58
tiempo_en_acabar 58
tiempo_promedio 25.736364
agentes_en_goal 110
push_out_count 0
RUN 10
valores_ideales [0,0,0,0,0,0,0,0,0,0,0,0,0,0,0,0,0,0,0,0,0,0,0,0,0,0,0,0,0,0,0,0,0,0,0,0,0,0,0,0,0,0,0,0,0,0,0,0,0,0,0,0,0,0,0,0,0,0,0,0,0,0,0,0,0,0,0,0,0,0,0,0,0,0,0,0,0,0,0,0,0,0,0,0,0,0,0,0,0,0,0,0,0,0,0,0,0,0,0,0,0,0,0,0,0,0,0,0,0,0]
costo_por_agente [12,22,39,23,16,19,24,17,22,16,29,24,47,31,12,26,31,20,8,19,6,37,18,21,14,6,17,31,33,37,18,29,11,18,7,20,42,23,34,39,44,21,7,27,19,36,44,22,29,35,36,25,9,17,23,12,20,8,43,35,47,20,28,31,3,19,26,43,19,33,19,57,37,14,37,24,32,22,25,25,9,19,3,24,25,30,27,19,57,51,21,34,33,10,33,24,20,23,18,8,21,36,44,25,16,14,16,29,31,26]
completion_time_por_agente [13,23,40,24,17,20,25,18,23,17,30,25,48,32,13,27,32,21,9,20,7,39,19,22,15,7,18,32,34,38,19,30,12,19,8,22,43,24,35,40,45,22,8,28,20,37,45,23,30,36,37,27,10,18,24,13,21,9,44,36,48,21,29,32,4,20,27,44,20,34,20,58,38,15,38,25,33,23,26,26,10,20,4,25,26,31,28,20,58,52,22,36,34,11,34,25,21,24,19,9,22,37,45,26,17,15,17,30,32,27]
tiempo_ultimo_agente_goal 58
tiempo_en_acabar 58
tiempo_promedio 25.918182
agentes_en_goal 110
push_out_count 0
RUN 11
valores_ideales [0,0,0,0,0,0,0,0,0,0,0,0,0,0,0,0,0,0,0,0,0,0,0,0,0,0,0,0,0,0,0,0,0,0,0,0,0,0,0,0,0,0,0,0,0,0,0,0,0,0,0,0,0,0,0,0,0,0,0,0,0,0,0,0,0,0,0,0,0,0,0,0,0,0,0,0,0,0,0,0,0,0,0,0,0,0,0,0,0,0,0,0,0,0,0,0,0,0,0,0,0,0,0,0,0,0,0,0,0,0]
costo_por_agente [12,22,39,19,18,21,24,23,20,18,19,24,49,33,12,26,33,24,10,21,8,35,18,23,14,6,13,31,37,41,18,29,13,24,5,16,34,25,34,31,44,21,7,31,19,36,38,26,29,33,34,23,9,17,25,14,24,8,41,31,47,22,28,31,3,19,26,43,19,33,19,57,33,26,39,26,30,22,29,25,7,19,3,16,25,30,27,19,57,49,21,36,33,10,31,24,20,25,20,8,31,40,42,15,18,16,18,29,27,22]
completion_time_por_agente [13,23,40,20,19,22,25,25,21,19,20,25,51,34,13,27,34,25,11,22,9,36,19,24,15,7,14,32,38,43,19,31,14,25,6,18,35,26,35,32,45,22,8,32,20,37,39,27,30,35,36,24,10,18,26,15,25,9,42,32,48,23,29,32,4,20,27,44,20,34,20,59,34,27,40,27,31,23,30,26,8,20,4,17,26,31,28,20,58,50,22,37,34,11,33,25,21,26,21,9,32,41,44,16,19,17,19,30,28,23]
tiempo_ultimo_agente_goal 59
tiempo_en_acabar 59
tiempo_promedio 26.063637
agentes_en_goal 110
push_out_count 0
RUN 12
valores_ideales [0,0,0,0,0,0,0,0,0,0,0,0,0,0,0,0,0,0,0,0,0,0,0,0,0,0,0,0,0,0,0,0,0,0,0,0,0,0,0,0,0,0,0,0,0,0,0,0,0,0,0,0,0,0,0,0,0,0,0,0,0,0,0,0,0,0,0,0,0,0,0,0,0,0,0,0,0,0,0,0,0,0,0,0,0,0,0,0,0,0,0,0,0,0,0,0,0,0,0,0,0,0,0,0,0,0,0,0,0,0]
costo_por_agente [10,22,39,23,16,21,24,17,20,18,21,24,47,33,14,26,31,22,10,29,8,35,22,21,14,6,13,31,33,39,18,29,13,20,7,16,32,37,36,35,44,19,7,31,19,38,38,32,41,31,38,25,9,17,23,12,18,8,41,25,47,18,36,33,3,21,30,43,23,33,19,59,33,20,39,30,28,22,27,27,11,21,3,26,25,30,25,15,57,47,21,28,37,10,33,26,20,25,24,8,23,36,44,23,20,12,18,33,29,20]
completion_time_por_agente [11,23,40,24,17,22,25,18,21,19,22,25,48,34,15,27,32,23,11,30,9,36,23,23,15,7,14,32,34,40,19,30,14,21,8,17,33,38,37,36,45,20,8,32,20,39,39,33,42,32,39,26,10,18,24,13,19,9,42,26,48,19,37,34,4,22,31,44,24,34,20,60,34,21,40,31,30,23,28,28,12,22,4,27,26,32,27,16,58,48,22,29,38,11,34,27,21,26,25,9,24,37,45,24,21,13,19,34,30,21]
tiempo_ultimo_agente_goal 60
tiempo_en_acabar 60
tiempo_promedio 26.390909
agentes_en_goal 110
push_out_count 0
RUN 13
valores_ideales [0,0,0,0,0,0,0,0,0,0,0,0,0,0,0,0,0,0,0,0,0,0,0,0,0,0,0,0,0,0,0,0,0,0,0,0,0,0,0,0,0,0,0,0,0,0,0,0,0,0,0,0,0,0,0,0,0,0,0,0,0,0,0,0,0,0,0,0,0,0,0,0,0,0,0,0,0,0,0,0,0,0,0,0,0,0,0,0,0,0,0,0,0,0,0,0,0,0,0,0,0,0,0,0,0,0,0,0,0,0]
costo_por_agente [14,22,39,25,18,19,24,17,26,18,23,24,47,31,14,26,29,22,8,17,6,35,18,21,14,8,13,31,33,47,18,29,11,20,7,14,38,39,34,31,44,21,9,27,21,38,50,26,29,31,34,23,9,17,31,18,22,8,41,23,47,20,30,39,3,21,26,43,19,33,21,57,31,14,39,26,28,24,31,23,11,21,3,16,25,30,27,19,57,47,21,34,33,10,31,24,20,25,20,8,21,36,42,25,16,12,16,29,29,20]
completion_time_por_agente [15,23,40,26,19,20,25,18,27,20,24,25,48,32,15,27,30,23,9,18,7,36,19,22,15,9,14,32,34,48,19,30,12,21,8,15,39,40,35,32,45,22,10,28,22,39,51,27,30,32,35,24,10,18,32,19,23,9,42,24,48,21,31,40,4,22,27,44,20,34,22,58,33,15,40,27,29,25,32,24,12,22,4,17,26,31,28,20,58,48,22,35,34,11,32,25,21,26,21,9,22,37,43,26,17,13,17,30,30,21]
tiempo_ultimo_agente_goal 58
tiempo_en_acabar 58
tiempo_promedio 26.063637
agentes_en_goal 110
push_out_count 0
RUN 14
valores_ideales [0,0,0,0,0,0,0,0,0,0,0,0,0,0,0,0,0,0,0,0,0,0,0,0,0,0,0,0,0,0,0,0,0,0,0,0,0,0,0,0,0,0,0,0,0,0,0,0,0,0,0,0,0,0,0,0,0,0,0,0,0,0,0,0,0,0,0,0,0,0,0,0,0,0,0,0,0,0,0,0,0,0,0,0,0,0,0,0,0,0,0,0,0,0,0,0,0,0,0,0,0,0,0,0,0,0,0,0,0,0]
costo_por_agente [12,22,39,21,14,19,24,21,20,26,23,24,47,33,12,26,37,24,10,17,6,35,18,21,16,6,11,31,31,41,18,29,11,22,7,22,36,27,36,33,44,19,7,27,19,36,48,30,29,31,34,23,9,17,23,14,18,8,41,29,47,22,28,31,3,23,30,43,19,33,19,57,35,14,43,28,28,32,29,27,11,19,3,18,25,30,25,19,57,49,23,26,31,10,33,24,20,23,24,8,23,36,44,15,22,12,22,35,27,20]
completion_time_por_agente [13,23,40,22,15,20,25,22,21,27,25,25,48,34,13,27,38,25,11,18,7,36,19,22,17,7,12,32,32,42,19,30,12,23,8,23,37,28,37,34,45,20,8,28,20,37,49,31,30,32,35,24,10,18,24,15,19,9,42,30,48,23,29,32,4,24,31,44,20,34,20,58,37,15,44,29,29,33,30,28,12,20,4,19,27,31,27,20,58,50,24,28,32,11,34,25,21,24,26,9,24,37,45,16,23,13,23,36,28,21]
tiempo_ultimo_agente_goal 58
tiempo_en_acabar 58
tiempo_promedio 26.136364
agentes_en_goal 110
push_out_count 0
RUN 15
valores_ideales [0,0,0,0,0,0,0,0,0,0,0,0,0,0,0,0,0,0,0,0,0,0,0,0,0,0,0,0,0,0,0,0,0,0,0,0,0,0,0,0,0,0,0,0,0,0,0,0,0,0,0,0,0,0,0,0,0,0,0,0,0,0,0,0,0,0,0,0,0,0,0,0,0,0,0,0,0,0,0,0,0,0,0,0,0,0,0,0,0,0,0,0,0,0,0,0,0,0,0,0,0,0,0,0,0,0,0,0,0,0]
costo_por_agente [10,22,41,23,18,19,24,17,20,18,21,24,49,31,16,32,31,22,12,23,6,35,24,21,14,6,11,31,35,41,18,31,13,18,5,16,32,25,36,37,44,19,7,29,19,36,40,26,29,35,34,25,11,17,25,12,20,8,41,21,49,22,32,31,3,21,26,45,21,35,19,59,31,14,39,26,28,24,27,25,11,21,3,16,25,30,27,15,57,49,21,42,31,14,33,26,20,23,24,8,23,38,44,19,16,16,16,31,27,20]
completion_time_por_agente [11,23,42,24,19,20,25,18,22,19,22,25,50,32,17,33,32,23,13,24,7,36,25,22,15,7,12,32,36,42,19,32,14,19,6,17,33,26,37,38,45,20,8,30,20,37,41,27,30,36,35,27,12,18,26,13,21,9,42,22,50,23,33,32,4,22,27,46,22,36,20,60,32,15,40,27,29,25,28,26,12,22,4,17,26,31,28,16,58,50,22,43,32,15,34,27,21,24,25,9,24,39,45,20,17,17,17,32,28,21]
tiempo_ultimo_agente_goal 60
tiempo_en_acabar 60
tiempo_promedio 26.009090
agentes_en_goal 110
push_out_count 0
RUN 16
valores_ideales [0,0,0,0,0,0,0,0,0,0,0,0,0,0,0,0,0,0,0,0,0,0,0,0,0,0,0,0,0,0,0,0,0,0,0,0,0,0,0,0,0,0,0,0,0,0,0,0,0,0,0,0,0,0,0,0,0,0,0,0,0,0,0,0,0,0,0,0,0,0,0,0,0,0,0,0,0,0,0,0,0,0,0,0,0,0,0,0,0,0,0,0,0,0,0,0,0,0,0,0,0,0,0,0,0,0,0,0,0,0]
costo_por_agente [10,22,41,31,18,19,24,29,20,16,21,24,47,31,14,26,29,22,8,21,6,35,22,25,16,8,15,31,33,37,18,29,11,18,7,14,44,29,36,31,44,19,7,27,19,36,44,24,29,35,36,23,9,17,23,14,18,8,41,23,47,20,28,33,3,21,28,43,19,33,19,57,33,14,41,26,30,24,29,25,7,19,3,22,25,30,31,19,57,51,21,38,33,10,33,24,20,23,18,8,21,38,42,19,18,12,24,31,29,20]
completion_time_por_agente [11,23,42,32,19,20,25,30,21,17,22,25,48,32,15,27,30,23,9,22,7,36,23,26,17,9,16,32,34,38,19,30,12,19,8,15,45,30,37,32,45,20,8,28,20,37,45,25,30,36,37,24,10,18,24,15,19,9,42,24,48,21,29,34,4,22,29,44,20,34,20,58,34,15,42,27,31,25,30,26,8,20,4,24,26,32,33,20,58,52,22,39,34,11,34,25,21,24,19,9,22,39,43,20,19,13,25,32,30,21]
tiempo_ultimo_agente_goal 58
tiempo_en_acabar 58
tiempo_promedio 26.054546
agentes_en_goal 110
push_out_count 0
RUN 17
valores_ideales [0,0,0,0,0,0,0,0,0,0,0,0,0,0,0,0,0,0,0,0,0,0,0,0,0,0,0,0,0,0,0,0,0,0,0,0,0,0,0,0,0,0,0,0,0,0,0,0,0,0,0,0,0,0,0,0,0,0,0,0,0,0,0,0,0,0,0,0,0,0,0,0,0,0,0,0,0,0,0,0,0,0,0,0,0,0,0,0,0,0,0,0,0,0,0,0,0,0,0,0,0,0,0,0,0,0,0,0,0,0]
costo_por_agente [10,22,39,21,14,19,24,19,26,18,21,24,47,33,18,26,31,22,8,23,6,37,26,25,18,6,11,31,33,41,18,29,15,18,9,16,34,25,34,33,44,21,7,27,19,38,46,30,29,29,34,23,11,17,23,12,18,8,41,23,47,18,28,33,3,21,26,49,23,33,19,57,35,16,39,24,28,36,27,27,11,21,3,16,25,30,25,15,57,47,23,32,31,10,31,26,20,23,22,8,21,36,50,25,22,12,16,27,29,28]
completion_time_por_agente [11,23,40,22,15,20,25,20,27,19,22,25,48,34,19,27,32,23,9,24,7,38,27,26,19,7,12,32,34,42,19,30,16,19,10,17,35,26,35,34,45,22,8,28,20,39,47,31,30,30,35,24,12,18,24,13,19,9,42,24,48,19,29,34,4,22,27,50,24,34,20,58,36,17,40,25,29,38,28,28,12,22,4,17,26,31,26,16,58,48,24,33,32,11,32,27,21,24,23,9,22,37,51,26,23,13,17,28,30,29]
tiempo_ultimo_agente_goal 58
tiempo_en_acabar 58
tiempo_promedio 26.109091
agentes_en_goal 110
push_out_count 0
RUN 18
valores_ideales [0,0,0,0,0,0,0,0,0,0,0,0,0,0,0,0,0,0,0,0,0,0,0,0,0,0,0,0,0,0,0,0,0,0,0,0,0,0,0,0,0,0,0,0,0,0,0,0,0,0,0,0,0,0,0,0,0,0,0,0,0,0,0,0,0,0,0,0,0,0,0,0,0,0,0,0,0,0,0,0,0,0,0,0,0,0,0,0,0,0,0,0,0,0,0,0,0,0,0,0,0,0,0,0,0,0,0,0,0,0]
costo_por_agente [10,22,41,23,18,19,24,17,20,18,35,24,47,31,18,26,31,22,14,21,16,35,22,21,14,6,11,31,35,47,18,29,11,20,7,18,38,41,34,31,44,21,7,27,19,38,42,28,29,31,36,23,9,17,25,14,18,8,41,31,47,20,28,33,3,21,26,43,23,33,19,57,35,14,39,30,28,22,27,27,7,25,3,16,27,32,23,15,57,47,21,34,33,10,49,24,20,27,20,8,25,38,42,21,18,24,16,33,29,20]
completion_time_por_agente [11,23,42,24,19,20,25,18,21,19,37,25,48,32,19,27,32,23,15,22,17,36,23,22,15,7,12,32,36,48,19,30,12,21,8,19,39,42,35,32,45,22,8,28,20,39,43,29,30,32,38,24,10,18,26,15,19,9,42,33,48,21,29,34,4,22,27,44,24,34,20,58,36,15,40,31,30,23,28,28,8,26,4,17,28,33,24,16,58,48,22,35,34,11,50,25,21,28,21,9,26,39,43,22,19,25,17,35,30,21]
tiempo_ultimo_agente_goal 58
tiempo_en_acabar 58
tiempo_promedio 26.618181
agentes_en_goal 110
push_out_count 0
RUN 19
valores_ideales [0,0,0,0,0,0,0,0,0,0,0,0,0,0,0,0,0,0,0,0,0,0,0,0,0,0,0,0,0,0,0,0,0,0,0,0,0,0,0,0,0,0,0,0,0,0,0,0,0,0,0,0,0,0,0,0,0,0,0,0,0,0,0,0,0,0,0,0,0,0,0,0,0,0,0,0,0,0,0,0,0,0,0,0,0,0,0,0,0,0,0,0,0,0,0,0,0,0,0,0,0,0,0,0,0,0,0,0,0,0]
costo_por_agente [12,22,41,23,14,19,26,19,24,20,29,24,47,33,12,30,31,22,8,17,6,35,22,21,18,6,13,31,35,41,18,29,11,18,7,16,32,27,34,37,44,21,7,27,19,36,40,26,29,29,36,23,9,19,25,18,20,8,41,29,47,18,28,35,3,21,28,43,19,37,19,57,35,16,39,34,28,26,25,25,7,19,3,16,29,30,25,19,57,47,25,32,31,10,33,32,20,27,18,8,23,38,52,15,16,20,16,33,27,20]
completion_time_por_agente [13,23,42,24,15,20,27,20,25,21,31,25,48,34,13,31,32,23,9,18,8,36,23,22,19,7,14,32,36,42,19,30,12,19,8,17,33,28,35,38,45,22,8,28,20,38,41,27,30,30,37,24,10,20,26,19,21,9,42,30,48,19,29,36,4,22,29,44,20,38,20,58,36,17,40,35,29,27,27,26,8,20,4,17,30,31,26,20,58,48,26,34,32,11,34,33,21,28,19,9,25,39,53,16,17,21,17,34,28,21]
tiempo_ultimo_agente_goal 58
tiempo_en_acabar 58
tiempo_promedio 26.209091
agentes_en_goal 110
push_out_count 0
RUN 20
valores_ideales [0,0,0,0,0,0,0,0,0,0,0,0,0,0,0,0,0,0,0,0,0,0,0,0,0,0,0,0,0,0,0,0,0,0,0,0,0,0,0,0,0,0,0,0,0,0,0,0,0,0,0,0,0,0,0,0,0,0,0,0,0,0,0,0,0,0,0,0,0,0,0,0,0,0,0,0,0,0,0,0,0,0,0,0,0,0,0,0,0,0,0,0,0,0,0,0,0,0,0,0,0,0,0,0,0,0,0,0,0,0]
costo_por_agente [12,22,41,25,18,19,24,17,22,16,23,24,47,31,16,26,37,24,8,15,8,35,18,21,14,6,11,31,31,43,18,29,11,18,7,22,34,25,34,31,44,21,7,27,19,36,36,24,29,33,34,23,11,17,23,14,18,8,41,21,47,22,28,33,3,19,32,43,23,33,19,57,33,14,43,26,34,22,27,25,7,19,3,16,25,30,27,19,57,53,21,32,31,10,31,26,20,25,18,8,23,38,42,17,16,12,16,29,27,20]
completion_time_por_agente [13,23,42,26,19,20,25,18,24,17,24,25,48,32,17,27,38,25,9,16,9,36,19,22,15,7,12,32,32,44,19,30,12,19,8,23,35,26,35,32,45,22,8,28,20,37,37,25,30,34,35,24,12,18,24,15,19,9,42,22,48,23,29,34,4,20,33,44,24,34,20,58,34,15,44,27,35,23,28,26,8,20,4,17,26,31,28,20,58,54,22,33,32,11,32,27,21,26,19,9,25,39,43,18,17,13,17,30,29,21]
tiempo_ultimo_agente_goal 58
tiempo_en_acabar 58
tiempo_promedio 25.581818
agentes_en_goal 110
push_out_count 0
RUN 21
valores_ideales [0,0,0,0,0,0,0,0,0,0,0,0,0,0,0,0,0,0,0,0,0,0,0,0,0,0,0,0,0,0,0,0,0,0,0,0,0,0,0,0,0,0,0,0,0,0,0,0,0,0,0,0,0,0,0,0,0,0,0,0,0,0,0,0,0,0,0,0,0,0,0,0,0,0,0,0,0,0,0,0,0,0,0,0,0,0,0,0,0,0,0,0,0,0,0,0,0,0,0,0,0,0,0,0,0,0,0,0,0,0]
costo_por_agente [12,22,39,21,16,19,24,17,24,18,19,24,47,33,12,26,29,30,8,17,8,37,18,21,14,6,11,31,33,45,18,29,11,30,7,14,36,27,36,35,44,21,7,27,19,36,40,26,29,35,38,23,9,17,25,12,20,8,41,29,47,18,28,35,3,21,30,45,19,33,19,57,35,14,39,30,28,22,29,23,7,19,3,18,27,32,23,19,57,47,23,36,39,10,33,24,20,23,20,8,27,36,44,23,16,12,16,27,29,20]
completion_time_por_agente [13,23,40,22,17,20,25,18,25,19,20,25,48,34,13,27,30,31,9,18,9,38,19,22,15,7,12,32,34,46,19,30,12,31,8,15,37,28,37,36,45,22,8,28,20,37,41,27,30,36,39,24,10,18,26,13,21,9,42,30,48,19,29,36,4,22,31,46,20,34,20,58,36,15,40,31,29,23,31,24,8,20,4,19,28,33,24,20,58,48,24,37,40,11,34,25,21,24,21,9,28,37,45,24,17,13,17,28,30,21]
tiempo_ultimo_agente_goal 58
tiempo_en_acabar 58
tiempo_promedio 25.945454
agentes_en_goal 110
push_out_count 0
RUN 22
valores_ideales [0,0,0,0,0,0,0,0,0,0,0,0,0,0,0,0,0,0,0,0,0,0,0,0,0,0,0,0,0,0,0,0,0,0,0,0,0,0,0,0,0,0,0,0,0,0,0,0,0,0,0,0,0,0,0,0,0,0,0,0,0,0,0,0,0,0,0,0,0,0,0,0,0,0,0,0,0,0,0,0,0,0,0,0,0,0,0,0,0,0,0,0,0,0,0,0,0,0,0,0,0,0,0,0,0,0,0,0,0,0]
costo_por_agente [14,22,41,23,18,19,24,17,30,18,27,24,47,31,12,28,29,26,8,21,6,39,20,23,14,6,13,31,33,41,18,29,11,22,7,16,38,25,36,33,44,23,7,29,19,38,40,28,29,37,36,23,9,17,23,12,20,8,47,33,47,22,28,37,3,19,28,45,37,33,19,57,37,26,41,26,30,30,31,25,11,19,3,16,25,30,23,19,57,47,25,30,33,12,31,24,20,27,24,8,21,36,42,19,18,12,18,29,29,20]
completion_time_por_agente [15,23,42,24,19,20,25,18,31,19,28,25,48,32,13,29,30,27,9,22,7,40,21,24,15,7,14,32,34,42,19,30,12,23,8,17,39,26,37,34,45,24,8,30,20,39,41,29,30,38,37,24,10,18,24,13,21,9,48,35,48,23,29,38,4,20,29,46,38,34,20,58,38,27,42,27,31,31,33,26,12,20,4,17,26,31,24,20,58,48,26,32,34,13,32,25,21,28,25,9,22,37,43,20,19,13,19,30,30,21]
tiempo_ultimo_agente_goal 58
tiempo_en_acabar 58
tiempo_promedio 26.581818
agentes_en_goal 110
push_out_count 0
RUN 23
valores_ideales [0,0,0,0,0,0,0,0,0,0,0,0,0,0,0,0,0,0,0,0,0,0,0,0,0,0,0,0,0,0,0,0,0,0,0,0,0,0,0,0,0,0,0,0,0,0,0,0,0,0,0,0,0,0,0,0,0,0,0,0,0,0,0,0,0,0,0,0,0,0,0,0,0,0,0,0,0,0,0,0,0,0,0,0,0,0,0,0,0,0,0,0,0,0,0,0,0,0,0,0,0,0,0,0,0,0,0,0,0,0]
costo_por_agente [10,22,39,21,18,19,24,23,24,18,23,24,47,33,16,28,31,26,8,21,6,37,20,21,14,10,13,31,31,41,18,31,11,20,7,14,34,37,36,33,44,19,7,31,19,36,38,26,33,31,34,23,9,17,23,12,20,8,43,21,47,20,28,33,3,19,26,43,19,33,23,57,33,16,41,26,28,24,29,23,11,19,3,16,25,32,25,19,57,47,21,38,31,10,35,24,20,23,20,8,21,36,46,15,24,22,16,29,31,30]
completion_time_por_agente [11,23,40,22,19,20,25,24,25,19,24,25,48,34,17,29,32,27,9,22,7,38,21,22,15,11,14,32,32,42,19,32,12,21,8,15,35,38,37,34,45,20,8,32,20,37,39,27,34,32,35,24,10,18,24,13,21,9,44,22,48,21,29,34,4,20,27,45,20,34,24,58,34,17,42,27,29,25,30,24,12,20,4,17,26,34,26,20,58,48,22,39,32,11,36,25,21,24,21,9,23,37,47,16,25,23,17,30,32,31]
tiempo_ultimo_agente_goal 58
tiempo_en_acabar 58
tiempo_promedio 26.109091
agentes_en_goal 110
push_out_count 0
RUN 24
valores_ideales [0,0,0,0,0,0,0,0,0,0,0,0,0,0,0,0,0,0,0,0,0,0,0,0,0,0,0,0,0,0,0,0,0,0,0,0,0,0,0,0,0,0,0,0,0,0,0,0,0,0,0,0,0,0,0,0,0,0,0,0,0,0,0,0,0,0,0,0,0,0,0,0,0,0,0,0,0,0,0,0,0,0,0,0,0,0,0,0,0,0,0,0,0,0,0,0,0,0,0,0,0,0,0,0,0,0,0,0,0,0]
costo_por_agente [12,22,39,25,14,19,26,17,22,16,21,24,47,31,12,26,33,24,8,23,6,35,38,21,18,6,13,31,35,45,18,29,11,18,7,24,36,27,36,33,44,21,7,33,19,38,46,28,29,29,38,29,9,17,23,12,20,8,41,23,47,18,28,31,3,19,30,43,23,33,19,57,31,14,37,24,30,22,27,27,7,23,3,16,25,32,23,19,57,47,27,34,33,10,39,24,20,23,18,8,21,38,44,21,26,14,16,31,33,20]
completion_time_por_agente [13,23,40,26,15,20,27,18,23,17,22,25,48,32,13,27,34,25,9,24,7,36,39,22,19,7,14,32,36,46,19,30,12,19,8,26,37,28,37,34,45,22,8,34,20,39,47,29,30,30,39,31,10,18,24,13,21,9,42,24,48,19,29,32,4,20,31,44,24,34,20,58,32,15,38,25,31,23,28,28,8,24,4,17,26,33,24,20,58,48,28,35,34,11,40,25,21,24,19,9,22,39,45,22,27,15,17,32,34,21]
tiempo_ultimo_agente_goal 58
tiempo_en_acabar 58
tiempo_promedio 26.263636
agentes_en_goal 110
push_out_count 0
RUN 25
valores_ideales [0,0,0,0,0,0,0,0,0,0,0,0,0,0,0,0,0,0,0,0,0,0,0,0,0,0,0,0,0,0,0,0,0,0,0,0,0,0,0,0,0,0,0,0,0,0,0,0,0,0,0,0,0,0,0,0,0,0,0,0,0,0,0,0,0,0,0,0,0,0,0,0,0,0,0,0,0,0,0,0,0,0,0,0,0,0,0,0,0,0,0,0,0,0,0,0,0,0,0,0,0,0,0,0,0,0,0,0,0,0]
costo_por_agente [12,22,41,21,18,19,26,25,20,18,23,24,51,31,22,30,35,20,8,15,12,33,22,21,14,6,11,31,31,45,18,29,11,18,7,16,38,29,34,33,44,21,7,27,21,36,38,28,29,29,34,23,11,17,25,12,20,8,41,21,47,20,28,35,3,21,26,45,23,33,19,57,35,14,39,24,28,26,25,35,11,19,3,16,25,30,23,15,57,47,23,30,33,10,41,28,20,31,18,8,21,40,40,15,22,16,20,27,31,20]
completion_time_por_agente [13,23,42,22,19,20,27,27,21,19,24,25,52,32,23,31,36,21,9,16,13,34,23,22,15,7,12,32,32,46,19,30,12,19,8,18,39,30,35,34,45,22,8,28,22,37,39,29,30,30,35,24,12,18,26,13,21,9,42,22,48,21,29,36,4,22,27,46,24,34,20,58,36,15,40,25,29,27,26,36,12,20,4,17,26,31,24,16,58,48,24,32,34,11,42,29,21,32,19,9,22,41,41,16,23,17,22,28,32,21]
tiempo_ultimo_agente_goal 58
tiempo_en_acabar 58
tiempo_promedio 26.081818
agentes_en_goal 110
push_out_count 0
RUN 26
valores_ideales [0,0,0,0,0,0,0,0,0,0,0,0,0,0,0,0,0,0,0,0,0,0,0,0,0,0,0,0,0,0,0,0,0,0,0,0,0,0,0,0,0,0,0,0,0,0,0,0,0,0,0,0,0,0,0,0,0,0,0,0,0,0,0,0,0,0,0,0,0,0,0,0,0,0,0,0,0,0,0,0,0,0,0,0,0,0,0,0,0,0,0,0,0,0,0,0,0,0,0,0,0,0,0,0,0,0,0,0,0,0]
costo_por_agente [12,22,39,25,18,19,24,17,20,20,21,26,47,31,18,26,29,22,8,15,6,33,22,21,14,6,13,31,33,37,18,31,11,18,7,16,38,43,34,35,44,23,7,31,23,36,36,24,29,35,36,23,11,17,23,12,24,8,41,21,47,18,28,31,3,21,26,43,19,33,19,59,33,14,43,28,28,26,33,23,7,19,3,16,31,30,25,19,57,47,23,32,31,10,31,24,20,23,24,8,23,36,40,23,22,20,24,31,29,20]
completion_time_por_agente [13,23,41,26,19,20,25,18,21,21,22,27,48,32,19,27,30,23,9,16,7,34,23,22,15,7,14,32,34,38,19,32,12,19,8,17,39,44,35,36,45,24,8,32,24,37,37,25,30,36,37,24,12,18,24,13,25,9,42,22,48,19,29,32,4,22,27,44,20,34,20,60,34,15,44,29,29,27,34,24,8,20,4,17,33,31,26,20,58,48,24,34,32,11,32,25,21,24,25,9,24,37,41,24,23,21,25,32,30,21]
tiempo_ultimo_agente_goal 60
tiempo_en_acabar 60
tiempo_promedio 26.054546
agentes_en_goal 110
push_out_count 0
RUN 27
valores_ideales [0,0,0,0,0,0,0,0,0,0,0,0,0,0,0,0,0,0,0,0,0,0,0,0,0,0,0,0,0,0,0,0,0,0,0,0,0,0,0,0,0,0,0,0,0,0,0,0,0,0,0,0,0,0,0,0,0,0,0,0,0,0,0,0,0,0,0,0,0,0,0,0,0,0,0,0,0,0,0,0,0,0,0,0,0,0,0,0,0,0,0,0,0,0,0,0,0,0,0,0,0,0,0,0,0,0,0,0,0,0]
costo_por_agente [10,22,39,21,14,19,24,17,34,18,21,24,47,31,12,26,33,22,8,33,6,35,18,21,18,6,11,31,31,41,18,29,11,18,7,14,32,27,36,31,44,21,7,27,21,38,36,28,29,37,40,23,9,17,25,12,20,8,41,21,47,18,30,31,3,23,30,43,19,33,19,57,35,16,43,26,30,32,35,35,7,19,3,16,25,30,23,15,57,47,27,32,31,10,33,26,20,23,18,8,25,40,44,15,18,14,16,27,29,22]
completion_time_por_agente [11,23,40,22,15,20,25,18,35,20,22,25,48,32,13,27,34,23,9,34,7,36,19,22,19,7,12,32,32,42,19,30,12,19,8,15,33,28,37,32,45,22,8,28,22,39,37,29,30,38,41,24,10,18,26,13,21,9,42,22,48,19,31,32,4,24,31,44,20,34,20,58,36,17,44,27,31,33,37,36,8,20,4,17,26,31,24,16,58,48,28,34,32,11,34,27,21,24,19,9,27,41,45,16,19,15,17,28,30,23]
tiempo_ultimo_agente_goal 58
tiempo_en_acabar 58
tiempo_promedio 25.990910
agentes_en_goal 110
push_out_count 0
RUN 28
valores_ideales [0,0,0,0,0,0,0,0,0,0,0,0,0,0,0,0,0,0,0,0,0,0,0,0,0,0,0,0,0,0,0,0,0,0,0,0,0,0,0,0,0,0,0,0,0,0,0,0,0,0,0,0,0,0,0,0,0,0,0,0,0,0,0,0,0,0,0,0,0,0,0,0,0,0,0,0,0,0,0,0,0,0,0,0,0,0,0,0,0,0,0,0,0,0,0,0,0,0,0,0,0,0,0,0,0,0,0,0,0,0]
costo_por_agente [12,22,39,33,18,19,24,17,20,18,25,24,47,31,12,26,29,20,8,17,6,37,22,21,14,10,13,31,33,43,18,29,19,18,7,18,40,23,36,33,44,21,7,27,19,38,38,26,31,33,38,23,9,21,31,12,18,8,41,23,47,18,28,31,3,19,30,43,21,33,19,55,37,14,43,24,30,30,33,23,7,21,3,26,25,30,23,19,57,47,21,38,33,10,33,26,20,23,32,8,25,36,40,19,18,12,20,29,31,20]
completion_time_por_agente [13,23,40,34,20,20,25,18,21,19,26,25,48,32,13,27,30,21,9,18,7,38,23,22,15,11,14,32,34,44,19,30,20,19,8,19,41,24,37,34,45,22,8,28,20,40,39,27,32,34,39,24,10,22,32,13,19,9,42,24,48,19,29,32,4,20,31,44,22,34,20,56,38,15,44,25,31,31,34,24,8,22,4,27,26,31,24,20,58,48,22,39,34,11,34,27,21,24,33,9,26,37,41,20,19,13,21,30,32,21]
tiempo_ultimo_agente_goal 58
tiempo_en_acabar 58
tiempo_promedio 26.227272
agentes_en_goal 110
push_out_count 0
RUN 29
valores_ideales [0,0,0,0,0,0,0,0,0,0,0,0,0,0,0,0,0,0,0,0,0,0,0,0,0,0,0,0,0,0,0,0,0,0,0,0,0,0,0,0,0,0,0,0,0,0,0,0,0,0,0,0,0,0,0,0,0,0,0,0,0,0,0,0,0,0,0,0,0,0,0,0,0,0,0,0,0,0,0,0,0,0,0,0,0,0,0,0,0,0,0,0,0,0,0,0,0,0,0,0,0,0,0,0,0,0,0,0,0,0]
costo_por_agente [10,22,39,21,18,19,24,19,26,22,23,26,49,33,12,26,29,24,8,25,6,33,18,21,14,6,13,31,33,39,18,29,11,18,7,18,36,27,38,35,44,19,7,27,19,36,44,26,29,31,36,23,9,17,23,12,20,8,41,23,47,20,28,31,3,21,32,43,19,35,19,57,33,16,39,24,30,28,25,27,11,29,3,16,25,30,23,19,57,51,21,26,33,10,35,24,20,29,18,8,23,34,42,19,26,12,18,33,33,20]
completion_time_por_agente [11,23,40,22,19,20,25,20,27,23,24,27,50,34,13,27,30,25,9,26,7,34,19,22,15,7,14,32,34,40,19,30,12,19,8,19,37,28,39,36,45,20,8,28,20,37,45,27,30,32,37,24,10,18,24,13,22,9,42,24,48,21,29,32,4,22,33,45,20,36,20,58,34,17,40,25,31,29,27,28,12,30,4,17,26,31,24,20,58,52,22,28,34,11,36,25,21,30,19,9,24,36,43,20,27,13,19,34,34,21]
tiempo_ultimo_agente_goal 58
tiempo_en_acabar 58
tiempo_promedio 26.000000
agentes_en_goal 110
push_out_count 0
RUN 30
valores_ideales [0,0,0,0,0,0,0,0,0,0,0,0,0,0,0,0,0,0,0,0,0,0,0,0,0,0,0,0,0,0,0,0,0,0,0,0,0,0,0,0,0,0,0,0,0,0,0,0,0,0,0,0,0,0,0,0,0,0,0,0,0,0,0,0,0,0,0,0,0,0,0,0,0,0,0,0,0,0,0,0,0,0,0,0,0,0,0,0,0,0,0,0,0,0,0,0,0,0,0,0,0,0,0,0,0,0,0,0,0,0]
costo_por_agente [12,22,39,25,18,19,24,17,26,18,27,26,47,35,16,26,29,30,10,37,8,37,18,21,14,6,13,31,33,43,18,31,17,18,7,22,40,25,34,33,50,19,7,33,25,36,48,26,29,33,36,23,9,17,35,18,18,8,41,23,47,20,28,31,3,23,32,43,21,33,19,57,31,14,41,28,28,24,31,25,7,23,3,16,25,30,23,15,57,47,27,36,35,10,31,26,20,35,24,8,23,38,40,15,18,12,18,31,31,20]
completion_time_por_agente [13,23,40,26,19,20,25,18,27,19,28,27,48,36,17,27,30,31,11,38,9,38,19,22,15,7,14,32,34,44,19,32,18,19,8,23,41,26,35,34,51,20,8,34,26,37,49,27,30,34,37,24,10,18,36,19,19,9,42,24,48,21,29,32,4,24,33,44,22,34,20,58,33,15,42,29,29,25,32,26,8,24,4,17,26,31,24,16,58,48,28,37,36,11,32,27,21,36,25,9,24,39,41,16,19,13,19,32,32,21]
tiempo_ultimo_agente_goal 58
tiempo_en_acabar 58
tiempo_promedio 26.727272
agentes_en_goal 110
push_out_count 0
RUN 31
valores_ideales [0,0,0,0,0,0,0,0,0,0,0,0,0,0,0,0,0,0,0,0,0,0,0,0,0,0,0,0,0,0,0,0,0,0,0,0,0,0,0,0,0,0,0,0,0,0,0,0,0,0,0,0,0,0,0,0,0,0,0,0,0,0,0,0,0,0,0,0,0,0,0,0,0,0,0,0,0,0,0,0,0,0,0,0,0,0,0,0,0,0,0,0,0,0,0,0,0,0,0,0,0,0,0,0,0,0,0,0,0,0]
costo_por_agente [10,22,39,21,18,19,24,27,22,18,21,24,47,33,12,26,29,36,8,37,6,37,18,21,14,10,13,31,33,41,18,29,11,18,7,14,34,25,36,33,44,19,7,29,19,36,36,26,29,33,36,25,9,17,39,12,18,8,41,29,47,20,30,31,3,23,28,43,19,33,19,57,33,18,39,28,30,24,35,25,7,19,3,16,25,32,29,19,57,51,21,40,33,10,31,26,20,23,26,8,23,36,42,15,20,14,18,29,31,20]
completion_time_por_agente [11,23,40,22,19,20,25,28,23,19,23,25,48,34,13,27,30,37,9,38,7,38,19,22,15,11,14,32,34,42,19,30,12,19,8,15,35,26,37,34,45,20,8,30,20,37,37,27,30,34,37,26,10,18,40,13,19,9,42,30,48,21,31,32,4,24,29,44,20,34,20,58,34,19,40,29,31,25,36,26,8,20,4,17,26,34,30,20,58,52,22,41,34,11,32,27,21,24,27,9,24,37,43,16,21,15,19,30,32,21]
tiempo_ultimo_agente_goal 58
tiempo_en_acabar 58
tiempo_promedio 26.318182
agentes_en_goal 110
push_out_count 0
RUN 32
valores_ideales [0,0,0,0,0,0,0,0,0,0,0,0,0,0,0,0,0,0,0,0,0,0,0,0,0,0,0,0,0,0,0,0,0,0,0,0,0,0,0,0,0,0,0,0,0,0,0,0,0,0,0,0,0,0,0,0,0,0,0,0,0,0,0,0,0,0,0,0,0,0,0,0,0,0,0,0,0,0,0,0,0,0,0,0,0,0,0,0,0,0,0,0,0,0,0,0,0,0,0,0,0,0,0,0,0,0,0,0,0,0]
costo_por_agente [10,22,39,31,14,19,24,19,28,18,19,24,47,31,12,30,29,24,8,27,8,37,20,21,18,6,13,31,33,43,18,29,17,18,11,14,34,25,34,35,44,19,7,27,19,38,38,36,31,31,36,23,9,17,23,14,18,8,43,23,47,22,28,31,3,23,26,43,19,33,19,57,33,16,37,24,30,30,25,29,11,19,3,16,25,32,23,15,57,59,23,34,31,10,31,24,20,23,22,8,23,36,42,19,18,12,16,33,27,22]
completion_time_por_agente [11,23,40,32,15,20,25,20,29,20,20,25,48,32,13,31,30,25,9,28,9,38,21,22,19,7,14,32,34,44,19,30,18,19,12,15,35,26,35,36,45,20,8,28,20,39,39,37,32,32,37,24,10,18,24,15,19,9,44,24,48,23,29,32,4,24,27,44,20,35,20,58,34,17,38,25,31,31,26,30,12,20,4,17,26,33,24,16,58,60,24,35,32,11,32,25,21,24,23,9,24,37,43,20,19,13,17,34,29,23]
tiempo_ultimo_agente_goal 60
tiempo_en_acabar 60
tiempo_promedio 26.054546
agentes_en_goal 110
push_out_count 0
RUN 33
valores_ideales [0,0,0,0,0,0,0,0,0,0,0,0,0,0,0,0,0,0,0,0,0,0,0,0,0,0,0,0,0,0,0,0,0,0,0,0,0,0,0,0,0,0,0,0,0,0,0,0,0,0,0,0,0,0,0,0,0,0,0,0,0,0,0,0,0,0,0,0,0,0,0,0,0,0,0,0,0,0,0,0,0,0,0,0,0,0,0,0,0,0,0,0,0,0,0,0,0,0,0,0,0,0,0,0,0,0,0,0,0,0]
costo_por_agente [12,22,39,21,14,19,24,17,26,20,23,24,47,31,14,26,31,26,8,25,8,35,18,21,16,6,13,31,31,43,24,29,11,22,7,20,32,23,36,33,52,23,7,27,19,36,40,26,29,33,38,23,9,17,31,12,20,8,41,23,47,20,28,31,3,19,26,45,21,33,19,59,35,14,39,28,30,24,27,41,11,21,3,18,25,30,29,15,57,47,23,42,33,10,35,26,20,27,30,8,29,36,42,15,22,16,24,29,31,24]
completion_time_por_agente [13,23,41,22,15,20,25,18,27,22,24,25,48,32,15,27,32,27,9,26,9,36,19,22,17,7,14,32,32,44,25,30,12,23,8,21,33,24,37,34,53,24,8,28,20,37,41,27,30,34,39,24,10,18,32,13,21,9,42,24,48,21,29,32,4,20,27,46,22,34,20,60,36,15,40,29,31,25,29,42,12,22,4,19,26,31,30,16,58,48,24,43,34,11,36,27,21,28,31,9,30,37,43,16,23,17,25,30,32,25]
tiempo_ultimo_agente_goal 60
tiempo_en_acabar 60
tiempo_promedio 26.563637
agentes_en_goal 110
push_out_count 0
RUN 34
valores_ideales [0,0,0,0,0,0,0,0,0,0,0,0,0,0,0,0,0,0,0,0,0,0,0,0,0,0,0,0,0,0,0,0,0,0,0,0,0,0,0,0,0,0,0,0,0,0,0,0,0,0,0,0,0,0,0,0,0,0,0,0,0,0,0,0,0,0,0,0,0,0,0,0,0,0,0,0,0,0,0,0,0,0,0,0,0,0,0,0,0,0,0,0,0,0,0,0,0,0,0,0,0,0,0,0,0,0,0,0,0,0]
costo_por_agente [12,22,41,21,18,21,24,19,26,20,25,24,47,31,12,26,31,22,8,17,4,33,18,21,14,6,13,31,31,43,18,29,11,18,7,18,34,27,34,35,44,21,7,27,19,36,44,30,29,35,34,23,11,17,23,12,18,8,43,23,47,22,28,31,3,19,26,45,19,35,19,55,33,14,43,28,30,24,31,27,7,19,3,16,27,32,27,19,57,49,21,32,33,10,35,24,24,23,24,8,21,36,42,17,22,12,18,29,27,20]
completion_time_por_agente [13,23,42,22,19,22,25,20,27,21,26,25,48,32,13,27,32,23,9,18,5,34,19,22,15,7,14,32,32,44,19,30,12,19,8,19,35,28,35,36,45,22,8,28,20,37,45,31,30,36,35,24,12,18,24,13,19,9,44,24,48,23,29,32,4,20,27,46,20,36,20,56,34,15,44,29,31,25,32,28,8,20,4,17,28,33,29,20,58,50,22,34,34,11,36,25,25,24,25,9,22,37,43,18,23,13,19,30,28,21]
tiempo_ultimo_agente_goal 58
tiempo_en_acabar 58
tiempo_promedio 25.827272
agentes_en_goal 110
push_out_count 0
RUN 35
valores_ideales [0,0,0,0,0,0,0,0,0,0,0,0,0,0,0,0,0,0,0,0,0,0,0,0,0,0,0,0,0,0,0,0,0,0,0,0,0,0,0,0,0,0,0,0,0,0,0,0,0,0,0,0,0,0,0,0,0,0,0,0,0,0,0,0,0,0,0,0,0,0,0,0,0,0,0,0,0,0,0,0,0,0,0,0,0,0,0,0,0,0,0,0,0,0,0,0,0,0,0,0,0,0,0,0,0,0,0,0,0,0]
costo_por_agente [12,22,41,25,14,19,24,21,22,16,23,24,47,31,14,30,33,22,8,17,6,33,22,21,18,6,17,31,37,43,18,29,11,22,7,22,36,27,36,33,44,21,7,33,19,38,44,28,33,33,36,23,9,17,23,18,20,8,41,23,47,18,28,31,3,19,26,49,19,37,19,57,33,14,39,26,28,22,25,27,11,27,3,16,25,30,23,19,57,49,25,28,35,10,31,24,22,23,26,8,21,36,42,19,16,12,16,29,29,20]
completion_time_por_agente [13,23,42,26,15,20,26,22,23,17,24,25,48,32,15,31,34,23,9,18,7,34,23,22,19,7,18,32,38,44,19,30,12,23,8,23,37,28,37,34,45,22,8,34,20,39,45,29,34,34,37,24,10,18,24,19,21,9,42,24,48,19,29,32,4,20,27,50,20,38,20,58,34,15,40,27,29,23,27,28,12,28,4,17,26,31,25,20,58,50,26,30,36,11,32,25,23,24,27,9,22,37,43,20,17,13,17,30,30,21]
tiempo_ultimo_agente_goal 58
tiempo_en_acabar 58
tiempo_promedio 26.100000
agentes_en_goal 110
push_out_count 0
RUN 36
valores_ideales [0,0,0,0,0,0,0,0,0,0,0,0,0,0,0,0,0,0,0,0,0,0,0,0,0,0,0,0,0,0,0,0,0,0,0,0,0,0,0,0,0,0,0,0,0,0,0,0,0,0,0,0,0,0,0,0,0,0,0,0,0,0,0,0,0,0,0,0,0,0,0,0,0,0,0,0,0,0,0,0,0,0,0,0,0,0,0,0,0,0,0,0,0,0,0,0,0,0,0,0,0,0,0,0,0,0,0,0,0,0]
costo_por_agente [16,22,39,29,14,19,24,17,28,22,27,24,47,31,12,26,35,22,10,23,8,35,24,23,16,6,15,31,31,41,18,31,11,18,7,22,32,31,36,35,44,21,7,31,19,36,40,24,29,33,36,23,9,17,29,16,20,8,43,23,49,20,28,31,3,19,26,43,19,33,19,57,31,14,37,28,28,28,29,33,7,25,3,18,25,32,23,19,57,47,21,34,47,10,33,26,20,27,36,8,21,34,40,19,16,14,16,29,29,20]
completion_time_por_agente [17,23,40,30,15,20,25,18,29,23,28,25,48,32,13,28,36,23,11,24,9,36,25,24,17,7,16,32,32,42,19,32,12,19,8,23,33,32,37,36,45,22,8,32,20,37,41,25,30,34,37,24,10,18,30,17,21,9,44,24,50,21,29,32,4,20,27,44,20,34,20,58,32,15,38,29,29,29,30,34,8,26,4,19,26,33,24,20,58,48,22,36,48,11,34,27,21,28,37,9,22,35,41,21,17,15,17,30,30,21]
tiempo_ultimo_agente_goal 58
tiempo_en_acabar 58
tiempo_promedio 26.454546
agentes_en_goal 110
push_out_count 0
RUN 37
valores_ideales [0,0,0,0,0,0,0,0,0,0,0,0,0,0,0,0,0,0,0,0,0,0,0,0,0,0,0,0,0,0,0,0,0,0,0,0,0,0,0,0,0,0,0,0,0,0,0,0,0,0,0,0,0,0,0,0,0,0,0,0,0,0,0,0,0,0,0,0,0,0,0,0,0,0,0,0,0,0,0,0,0,0,0,0,0,0,0,0,0,0,0,0,0,0,0,0,0,0,0,0,0,0,0,0,0,0,0,0,0,0]
costo_por_agente [10,22,39,21,16,19,24,19,24,22,23,24,47,33,14,26,31,20,8,17,6,35,22,21,14,6,17,31,31,43,18,29,11,20,7,14,34,25,36,35,44,23,7,35,19,36,36,28,29,31,34,23,9,17,25,18,20,8,41,21,47,26,28,31,3,19,34,43,23,33,19,57,33,20,39,32,28,24,33,25,7,21,3,20,25,30,23,17,57,47,21,28,31,10,33,28,20,23,20,8,21,38,42,19,18,12,16,29,27,20]
completion_time_por_agente [11,23,40,22,17,20,25,20,26,23,24,25,48,34,15,27,32,22,9,18,7,36,23,22,15,7,18,32,32,44,19,30,12,21,8,15,35,26,37,36,45,24,8,36,20,37,37,29,30,32,35,24,10,18,26,19,21,9,42,22,48,27,29,32,4,20,35,45,24,34,20,58,34,21,41,33,29,25,34,26,8,22,4,21,26,31,24,18,58,48,22,29,32,11,34,29,21,24,21,9,23,39,43,20,19,13,17,30,28,21]
tiempo_ultimo_agente_goal 58
tiempo_en_acabar 58
tiempo_promedio 25.854546
agentes_en_goal 110
push_out_count 0
RUN 38
valores_ideales [0,0,0,0,0,0,0,0,0,0,0,0,0,0,0,0,0,0,0,0,0,0,0,0,0,0,0,0,0,0,0,0,0,0,0,0,0,0,0,0,0,0,0,0,0,0,0,0,0,0,0,0,0,0,0,0,0,0,0,0,0,0,0,0,0,0,0,0,0,0,0,0,0,0,0,0,0,0,0,0,0,0,0,0,0,0,0,0,0,0,0,0,0,0,0,0,0,0,0,0,0,0,0,0,0,0,0,0,0,0]
costo_por_agente [12,22,39,23,18,19,26,17,26,24,19,24,47,33,12,26,29,26,8,15,6,37,20,21,14,6,11,31,33,43,18,29,11,20,7,14,34,31,34,35,44,21,7,29,19,36,40,24,29,35,34,23,9,17,23,12,18,8,41,21,49,18,28,39,3,21,26,43,19,33,19,57,31,16,41,24,28,24,33,23,11,19,3,16,25,32,23,19,57,49,23,32,31,10,33,24,20,23,20,8,21,36,40,15,18,14,18,29,29,20]
completion_time_por_agente [13,23,40,24,19,20,27,18,27,25,20,25,49,34,13,27,30,27,9,16,7,38,21,22,15,7,12,32,34,44,19,30,12,21,8,15,35,33,35,36,45,22,8,30,20,37,41,25,30,36,36,24,10,18,24,13,19,9,42,22,50,19,29,40,4,22,27,44,20,34,20,58,33,17,42,25,29,25,34,24,12,20,4,17,26,33,24,20,58,50,24,33,32,11,34,25,21,24,21,9,22,37,41,16,19,15,19,30,30,21]
tiempo_ultimo_agente_goal 58
tiempo_en_acabar 58
tiempo_promedio 25.609091
agentes_en_goal 110
push_out_count 0
RUN 39
valores_ideales [0,0,0,0,0,0,0,0,0,0,0,0,0,0,0,0,0,0,0,0,0,0,0,0,0,0,0,0,0,0,0,0,0,0,0,0,0,0,0,0,0,0,0,0,0,0,0,0,0,0,0,0,0,0,0,0,0,0,0,0,0,0,0,0,0,0,0,0,0,0,0,0,0,0,0,0,0,0,0,0,0,0,0,0,0,0,0,0,0,0,0,0,0,0,0,0,0,0,0,0,0,0,0,0,0,0,0,0,0,0]
costo_por_agente [12,22,41,29,18,19,24,17,26,22,23,26,47,33,14,26,29,22,8,15,8,35,18,21,14,6,13,31,33,41,18,29,11,18,5,16,32,25,36,33,44,21,7,29,19,38,42,28,29,37,34,23,9,17,23,12,18,8,43,21,47,20,28,31,3,19,26,43,19,33,19,57,33,14,39,24,28,24,29,25,11,21,3,16,25,30,23,19,57,47,23,38,31,12,37,28,20,23,20,12,23,36,40,15,18,14,22,29,27,20]
completion_time_por_agente [13,23,42,30,19,20,25,18,27,23,24,27,48,34,15,27,30,23,9,16,9,36,19,22,15,7,14,32,34,42,19,30,12,19,6,17,33,26,37,34,45,22,8,30,20,39,43,29,30,38,35,24,10,18,24,13,19,9,44,22,48,21,29,32,4,20,27,44,20,34,20,58,34,15,40,25,29,25,31,26,12,22,4,17,26,31,24,20,58,48,24,39,32,13,38,29,21,24,21,13,24,37,41,16,19,15,23,30,28,21]
tiempo_ultimo_agente_goal 58
tiempo_en_acabar 58
tiempo_promedio 25.727272
agentes_en_goal 110
push_out_count 0
