RUN 0
valores_ideales [0,0,0,0,0,0,0,0,0,0,0,0,0,0,0,0,0,0,0,0,0,0,0,0,0,0,0,0,0,0,0,0,0,0,0,0,0,0,0,0,0,0,0,0,0,0,0,0,0,0,0,0,0,0,0,0,0,0,0,0]
costo_por_agente [17,9,28,27,7,2,22,33,25,37,34,26,6,14,44,10,13,35,35,13,7,16,23,34,10,9,37,8,12,34,6,16,33,1,20,51,22,11,13,21,30,29,23,7,8,14,31,20,17,8,4,3,7,26,32,20,20,11,24,16]
completion_time_por_agente [18,10,29,28,8,3,23,34,26,38,35,27,7,15,45,11,14,36,36,14,8,17,24,35,11,10,38,9,13,35,7,17,34,2,21,52,23,12,14,22,31,30,24,8,9,15,32,21,18,9,5,4,8,27,33,21,21,12,25,17]
tiempo_ultimo_agente_goal 52
tiempo_en_acabar 52
tiempo_promedio 20.516666
agentes_en_goal 60
push_out_count 0
RUN 1
valores_ideales [0,0,0,0,0,0,0,0,0,0,0,0,0,0,0,0,0,0,0,0,0,0,0,0,0,0,0,0,0,0,0,0,0,0,0,0,0,0,0,0,0,0,0,0,0,0,0,0,0,0,0,0,0,0,0,0,0,0,0,0]
costo_por_agente [17,9,28,27,7,2,22,33,25,37,34,26,6,14,42,10,13,37,35,13,7,16,23,32,10,9,37,8,14,32,6,14,33,1,20,51,22,11,13,21,28,29,21,7,8,12,31,20,17,6,4,1,7,26,32,20,20,11,24,16]
completion_time_por_agente [18,10,29,28,8,3,23,34,26,38,35,27,7,15,43,11,14,38,36,14,8,17,24,33,11,10,38,9,15,33,7,15,34,2,21,52,23,12,14,22,29,30,22,8,9,13,32,21,18,7,5,2,8,27,33,21,21,12,25,17]
tiempo_ultimo_agente_goal 52
tiempo_en_acabar 52
tiempo_promedio 20.283333
agentes_en_goal 60
push_out_count 0
RUN 2
valores_ideales [0,0,0,0,0,0,0,0,0,0,0,0,0,0,0,0,0,0,0,0,0,0,0,0,0,0,0,0,0,0,0,0,0,0,0,0,0,0,0,0,0,0,0,0,0,0,0,0,0,0,0,0,0,0,0,0,0,0,0,0]
costo_por_agente [21,9,28,27,7,2,22,33,25,37,34,26,6,14,42,10,13,35,35,13,7,16,23,32,10,9,37,8,12,34,6,16,33,1,20,51,22,11,13,21,28,29,21,7,8,12,31,20,15,8,4,1,7,26,32,20,20,11,24,14]
completion_time_por_agente [22,10,29,28,8,3,23,34,26,38,35,27,7,15,43,11,14,36,36,14,8,17,24,33,11,10,38,9,13,35,7,17,34,2,21,52,23,12,14,22,29,30,22,8,9,13,32,21,16,9,5,2,8,27,33,21,21,12,25,15]
tiempo_ultimo_agente_goal 52
tiempo_en_acabar 52
tiempo_promedio 20.316668
agentes_en_goal 60
push_out_count 0
RUN 3
valores_ideales [0,0,0,0,0,0,0,0,0,0,0,0,0,0,0,0,0,0,0,0,0,0,0,0,0,0,0,0,0,0,0,0,0,0,0,0,0,0,0,0,0,0,0,0,0,0,0,0,0,0,0,0,0,0,0,0,0,0,0,0]
costo_por_agente [17,11,28,27,7,2,22,33,25,37,36,26,6,14,42,10,13,35,35,13,7,18,23,32,10,9,37,8,12,34,6,14,33,1,20,51,22,13,13,19,28,29,21,7,8,12,31,20,19,8,4,1,7,26,32,20,20,13,24,16]
completion_time_por_agente [18,12,29,28,8,3,23,34,26,38,37,27,7,15,43,11,14,36,36,14,8,19,24,33,11,10,38,9,13,35,7,15,34,2,21,52,23,14,14,20,29,30,22,8,9,13,32,21,20,9,5,2,8,27,33,21,21,14,25,17]
tiempo_ultimo_agente_goal 52
tiempo_en_acabar 52
tiempo_promedio 20.450001
agentes_en_goal 60
push_out_count 0
RUN 4
valores_ideales [0,0,0,0,0,0,0,0,0,0,0,0,0,0,0,0,0,0,0,0,0,0,0,0,0,0,0,0,0,0,0,0,0,0,0,0,0,0,0,0,0,0,0,0,0,0,0,0,0,0,0,0,0,0,0,0,0,0,0,0]
costo_por_agente [17,11,28,27,7,2,22,33,25,37,36,26,6,14,44,10,13,35,35,13,7,18,25,32,10,9,37,8,12,34,6,14,33,1,20,51,22,13,13,21,28,29,21,7,8,12,31,20,15,8,4,3,7,26,32,20,20,11,24,16]
completion_time_por_agente [18,12,29,28,8,3,23,34,26,38,37,27,7,15,45,11,14,36,36,14,8,19,26,33,11,10,38,9,13,35,7,15,34,2,21,52,23,14,14,22,29,30,22,8,9,13,32,21,16,9,5,4,8,27,33,21,21,12,25,17]
tiempo_ultimo_agente_goal 52
tiempo_en_acabar 52
tiempo_promedio 20.483334
agentes_en_goal 60
push_out_count 0
RUN 5
valores_ideales [0,0,0,0,0,0,0,0,0,0,0,0,0,0,0,0,0,0,0,0,0,0,0,0,0,0,0,0,0,0,0,0,0,0,0,0,0,0,0,0,0,0,0,0,0,0,0,0,0,0,0,0,0,0,0,0,0,0,0,0]
costo_por_agente [17,11,28,27,7,2,22,33,25,37,36,26,6,14,44,10,13,39,35,13,7,18,23,34,10,9,37,8,12,32,6,14,33,1,20,51,22,19,13,21,28,29,21,7,8,12,31,20,15,8,4,3,7,26,32,20,20,11,24,14]
completion_time_por_agente [18,12,29,28,8,3,23,34,26,38,37,27,7,15,45,11,14,40,36,14,8,19,24,35,11,10,38,9,13,33,7,15,34,2,21,52,23,20,14,22,29,30,22,8,9,13,32,21,16,9,5,4,8,27,33,21,21,12,25,15]
tiempo_ultimo_agente_goal 52
tiempo_en_acabar 52
tiempo_promedio 20.583334
agentes_en_goal 60
push_out_count 0
RUN 6
valores_ideales [0,0,0,0,0,0,0,0,0,0,0,0,0,0,0,0,0,0,0,0,0,0,0,0,0,0,0,0,0,0,0,0,0,0,0,0,0,0,0,0,0,0,0,0,0,0,0,0,0,0,0,0,0,0,0,0,0,0,0,0]
costo_por_agente [17,11,28,27,7,2,22,33,25,37,36,30,6,14,42,10,13,39,37,13,7,16,23,32,10,9,37,10,12,32,6,16,33,1,20,51,22,13,13,19,28,29,27,7,8,12,31,20,15,8,4,1,7,26,32,20,20,11,24,16]
completion_time_por_agente [18,12,29,28,8,3,23,34,26,38,37,31,7,15,43,11,14,40,38,14,8,17,24,33,11,10,38,11,13,33,7,17,34,2,21,52,23,14,14,20,29,30,28,8,9,13,32,21,16,9,5,2,8,27,33,21,21,12,25,17]
tiempo_ultimo_agente_goal 52
tiempo_en_acabar 52
tiempo_promedio 20.616667
agentes_en_goal 60
push_out_count 0
RUN 7
valores_ideales [0,0,0,0,0,0,0,0,0,0,0,0,0,0,0,0,0,0,0,0,0,0,0,0,0,0,0,0,0,0,0,0,0,0,0,0,0,0,0,0,0,0,0,0,0,0,0,0,0,0,0,0,0,0,0,0,0,0,0,0]
costo_por_agente [17,9,28,27,7,2,22,35,25,37,34,26,6,14,42,10,13,37,35,13,7,16,23,32,12,9,37,8,12,32,6,16,33,1,20,51,22,11,13,21,28,29,19,7,8,12,31,20,15,6,4,1,7,30,32,24,20,11,24,16]
completion_time_por_agente [18,10,29,28,8,3,23,36,26,38,35,27,7,15,43,11,14,38,36,14,8,17,24,33,13,10,38,9,13,33,7,17,34,2,21,52,23,12,14,22,29,30,20,8,9,13,32,21,16,7,5,2,8,31,33,25,21,12,25,17]
tiempo_ultimo_agente_goal 52
tiempo_en_acabar 52
tiempo_promedio 20.416666
agentes_en_goal 60
push_out_count 0
RUN 8
valores_ideales [0,0,0,0,0,0,0,0,0,0,0,0,0,0,0,0,0,0,0,0,0,0,0,0,0,0,0,0,0,0,0,0,0,0,0,0,0,0,0,0,0,0,0,0,0,0,0,0,0,0,0,0,0,0,0,0,0,0,0,0]
costo_por_agente [17,9,28,27,7,2,22,33,25,37,34,26,6,14,42,10,13,35,35,13,7,16,23,36,10,9,37,10,12,34,6,14,33,1,20,51,22,11,13,21,28,29,23,7,8,12,31,20,15,8,4,3,7,26,32,20,20,11,24,16]
completion_time_por_agente [18,10,29,28,8,3,23,34,26,38,35,27,7,15,43,11,14,36,36,14,8,17,24,37,11,10,38,11,13,35,7,15,34,2,21,52,23,12,14,22,29,30,24,8,9,13,32,21,16,9,5,4,8,27,33,21,21,12,25,17]
tiempo_ultimo_agente_goal 52
tiempo_en_acabar 52
tiempo_promedio 20.416666
agentes_en_goal 60
push_out_count 0
RUN 9
valores_ideales [0,0,0,0,0,0,0,0,0,0,0,0,0,0,0,0,0,0,0,0,0,0,0,0,0,0,0,0,0,0,0,0,0,0,0,0,0,0,0,0,0,0,0,0,0,0,0,0,0,0,0,0,0,0,0,0,0,0,0,0]
costo_por_agente [17,9,28,27,7,2,22,33,25,39,34,26,6,14,44,10,13,33,37,13,7,16,23,34,10,9,37,14,14,32,6,14,33,1,20,51,22,13,13,19,30,31,27,7,8,12,31,18,17,8,4,1,7,26,32,20,20,11,24,14]
completion_time_por_agente [18,10,29,28,8,3,23,34,26,40,35,27,7,15,45,11,14,34,38,14,8,17,24,35,11,10,38,15,15,33,7,15,34,2,21,52,23,14,14,20,31,32,28,8,9,13,32,19,18,9,5,2,8,27,33,21,21,12,25,15]
tiempo_ultimo_agente_goal 52
tiempo_en_acabar 52
tiempo_promedio 20.583334
agentes_en_goal 60
push_out_count 0
RUN 10
valores_ideales [0,0,0,0,0,0,0,0,0,0,0,0,0,0,0,0,0,0,0,0,0,0,0,0,0,0,0,0,0,0,0,0,0,0,0,0,0,0,0,0,0,0,0,0,0,0,0,0,0,0,0,0,0,0,0,0,0,0,0,0]
costo_por_agente [17,11,28,27,7,2,22,33,25,37,36,26,6,14,44,10,13,37,35,13,7,16,23,32,10,9,37,10,12,32,6,14,33,1,20,51,24,19,13,19,28,29,27,7,8,12,31,22,15,8,4,1,7,26,32,20,20,11,24,16]
completion_time_por_agente [18,12,29,28,8,3,23,34,26,38,37,27,7,15,45,11,14,38,36,14,8,17,24,33,11,10,38,11,13,33,7,15,34,2,21,52,25,20,14,20,29,30,28,8,9,13,32,23,16,9,5,2,8,27,33,21,21,12,25,17]
tiempo_ultimo_agente_goal 52
tiempo_en_acabar 52
tiempo_promedio 20.650000
agentes_en_goal 60
push_out_count 0
RUN 11
valores_ideales [0,0,0,0,0,0,0,0,0,0,0,0,0,0,0,0,0,0,0,0,0,0,0,0,0,0,0,0,0,0,0,0,0,0,0,0,0,0,0,0,0,0,0,0,0,0,0,0,0,0,0,0,0,0,0,0,0,0,0,0]
costo_por_agente [17,9,28,27,7,2,22,33,25,37,34,26,6,14,42,10,13,35,35,13,7,16,23,32,10,9,37,10,12,34,6,20,33,1,20,51,22,11,13,21,28,29,21,7,10,12,31,20,15,8,4,5,7,26,32,20,20,11,24,14]
completion_time_por_agente [18,10,29,28,8,3,23,34,26,38,35,27,7,15,43,11,14,36,36,14,8,17,24,33,11,10,38,11,13,35,7,21,34,2,21,52,23,12,14,22,29,30,22,8,11,13,32,21,16,9,5,6,8,27,33,21,21,12,25,15]
tiempo_ultimo_agente_goal 52
tiempo_en_acabar 52
tiempo_promedio 20.450001
agentes_en_goal 60
push_out_count 0
RUN 12
valores_ideales [0,0,0,0,0,0,0,0,0,0,0,0,0,0,0,0,0,0,0,0,0,0,0,0,0,0,0,0,0,0,0,0,0,0,0,0,0,0,0,0,0,0,0,0,0,0,0,0,0,0,0,0,0,0,0,0,0,0,0,0]
costo_por_agente [17,11,28,27,7,2,22,33,25,37,34,30,6,14,42,10,13,39,35,17,7,16,29,34,10,9,37,8,12,32,6,16,33,1,20,51,22,11,13,19,28,29,21,7,8,12,31,20,15,8,4,1,7,26,32,20,22,11,24,16]
completion_time_por_agente [18,12,29,28,8,3,23,34,26,38,35,31,7,15,43,11,14,40,36,18,8,17,30,35,11,10,38,9,13,33,7,17,34,2,21,52,23,12,14,20,29,30,22,8,9,13,32,21,16,9,5,2,8,27,33,21,23,12,25,17]
tiempo_ultimo_agente_goal 52
tiempo_en_acabar 52
tiempo_promedio 20.616667
agentes_en_goal 60
push_out_count 0
RUN 13
valores_ideales [0,0,0,0,0,0,0,0,0,0,0,0,0,0,0,0,0,0,0,0,0,0,0,0,0,0,0,0,0,0,0,0,0,0,0,0,0,0,0,0,0,0,0,0,0,0,0,0,0,0,0,0,0,0,0,0,0,0,0,0]
costo_por_agente [17,11,28,27,7,2,22,33,25,37,34,26,6,14,42,10,13,35,35,17,7,16,23,32,12,9,37,8,12,34,6,14,33,1,20,51,22,11,13,21,30,29,21,7,8,14,31,20,17,8,4,1,7,26,32,20,20,11,24,16]
completion_time_por_agente [18,12,29,28,8,3,23,34,26,38,35,27,7,15,43,11,14,36,36,18,8,17,24,33,13,10,38,9,13,35,7,15,34,2,21,52,23,12,14,22,31,30,22,8,9,15,32,21,18,9,5,2,8,27,33,21,21,12,25,17]
tiempo_ultimo_agente_goal 52
tiempo_en_acabar 52
tiempo_promedio 20.483334
agentes_en_goal 60
push_out_count 0
RUN 14
valores_ideales [0,0,0,0,0,0,0,0,0,0,0,0,0,0,0,0,0,0,0,0,0,0,0,0,0,0,0,0,0,0,0,0,0,0,0,0,0,0,0,0,0,0,0,0,0,0,0,0,0,0,0,0,0,0,0,0,0,0,0,0]
costo_por_agente [17,11,28,27,7,2,22,33,25,37,36,28,6,14,44,10,13,33,37,13,7,18,23,34,10,9,37,10,12,32,6,14,33,1,20,51,22,13,13,21,30,29,23,7,8,18,31,22,15,8,4,1,7,26,32,20,20,11,24,16]
completion_time_por_agente [18,12,29,28,8,3,23,34,26,38,37,29,7,15,45,11,14,34,38,14,8,19,24,35,11,10,38,11,13,33,7,15,34,2,21,52,23,14,14,22,31,30,24,8,9,19,32,23,16,9,5,2,8,27,33,21,21,12,25,17]
tiempo_ultimo_agente_goal 52
tiempo_en_acabar 52
tiempo_promedio 20.683332
agentes_en_goal 60
push_out_count 0
RUN 15
valores_ideales [0,0,0,0,0,0,0,0,0,0,0,0,0,0,0,0,0,0,0,0,0,0,0,0,0,0,0,0,0,0,0,0,0,0,0,0,0,0,0,0,0,0,0,0,0,0,0,0,0,0,0,0,0,0,0,0,0,0,0,0]
costo_por_agente [17,11,30,27,7,2,22,33,25,37,34,26,6,14,42,10,13,39,39,13,7,18,23,32,10,9,37,8,12,32,6,14,33,1,20,51,24,11,13,19,30,29,19,7,8,14,31,20,15,8,4,1,7,26,32,24,20,11,24,16]
completion_time_por_agente [18,12,31,28,8,3,23,34,26,38,35,27,7,15,43,11,14,40,40,14,8,19,24,33,11,10,38,9,13,33,7,15,34,2,21,52,25,12,14,20,31,30,20,8,9,15,32,21,16,9,5,2,8,27,33,25,21,12,25,17]
tiempo_ultimo_agente_goal 52
tiempo_en_acabar 52
tiempo_promedio 20.549999
agentes_en_goal 60
push_out_count 0
RUN 16
valores_ideales [0,0,0,0,0,0,0,0,0,0,0,0,0,0,0,0,0,0,0,0,0,0,0,0,0,0,0,0,0,0,0,0,0,0,0,0,0,0,0,0,0,0,0,0,0,0,0,0,0,0,0,0,0,0,0,0,0,0,0,0]
costo_por_agente [17,11,28,27,7,2,22,33,25,37,34,30,6,14,42,10,13,35,35,15,7,20,23,32,10,9,37,8,12,34,6,14,33,1,20,51,22,15,13,19,28,29,21,7,8,12,31,20,15,6,4,1,7,26,32,20,20,11,24,14]
completion_time_por_agente [18,12,29,28,8,3,23,34,26,38,35,31,7,15,43,11,14,36,36,16,8,21,24,33,11,10,38,9,13,35,7,15,34,2,21,52,23,16,14,20,29,30,22,8,9,13,32,21,16,7,5,2,8,27,33,21,21,12,25,15]
tiempo_ultimo_agente_goal 52
tiempo_en_acabar 52
tiempo_promedio 20.416666
agentes_en_goal 60
push_out_count 0
RUN 17
valores_ideales [0,0,0,0,0,0,0,0,0,0,0,0,0,0,0,0,0,0,0,0,0,0,0,0,0,0,0,0,0,0,0,0,0,0,0,0,0,0,0,0,0,0,0,0,0,0,0,0,0,0,0,0,0,0,0,0,0,0,0,0]
costo_por_agente [25,11,28,27,7,2,22,33,25,37,34,26,6,18,42,10,13,35,35,13,7,16,23,32,10,9,37,10,12,34,6,14,33,1,20,51,22,11,13,19,28,29,19,7,10,14,31,20,17,8,4,1,7,26,32,20,24,11,24,14]
completion_time_por_agente [26,12,29,28,8,3,23,34,26,38,35,27,7,19,43,11,14,36,36,14,8,17,24,33,11,10,38,11,13,35,7,15,34,2,21,52,23,12,14,20,29,30,20,8,11,15,32,21,18,9,5,2,8,27,33,21,25,12,25,15]
tiempo_ultimo_agente_goal 52
tiempo_en_acabar 52
tiempo_promedio 20.583334
agentes_en_goal 60
push_out_count 0
RUN 18
valores_ideales [0,0,0,0,0,0,0,0,0,0,0,0,0,0,0,0,0,0,0,0,0,0,0,0,0,0,0,0,0,0,0,0,0,0,0,0,0,0,0,0,0,0,0,0,0,0,0,0,0,0,0,0,0,0,0,0,0,0,0,0]
costo_por_agente [17,11,28,27,7,2,22,33,25,39,34,26,6,14,42,10,13,37,35,13,7,16,23,32,10,9,37,10,12,32,6,16,33,1,20,51,24,11,13,21,28,29,19,7,10,12,31,20,17,8,4,3,7,26,32,20,20,11,24,16]
completion_time_por_agente [18,12,29,28,8,3,23,34,26,40,35,27,7,15,43,11,14,38,36,14,8,17,24,33,11,10,38,11,13,33,7,17,34,2,21,52,25,12,14,22,29,30,20,8,11,13,32,21,18,9,5,4,8,27,33,21,21,12,25,17]
tiempo_ultimo_agente_goal 52
tiempo_en_acabar 52
tiempo_promedio 20.483334
agentes_en_goal 60
push_out_count 0
RUN 19
valores_ideales [0,0,0,0,0,0,0,0,0,0,0,0,0,0,0,0,0,0,0,0,0,0,0,0,0,0,0,0,0,0,0,0,0,0,0,0,0,0,0,0,0,0,0,0,0,0,0,0,0,0,0,0,0,0,0,0,0,0,0,0]
costo_por_agente [17,9,28,27,7,2,22,33,25,37,34,26,6,14,42,10,13,39,37,13,7,16,23,32,10,9,37,10,12,32,6,16,33,1,22,51,22,11,13,21,28,33,23,7,8,12,31,20,17,8,4,3,7,26,32,20,20,13,24,16]
completion_time_por_agente [18,10,29,28,8,3,23,34,26,38,35,27,7,15,43,11,14,40,38,14,8,17,24,33,11,10,38,11,13,33,7,17,34,2,23,52,23,12,14,22,29,34,24,8,9,13,32,21,18,9,5,4,8,27,33,21,21,14,25,17]
tiempo_ultimo_agente_goal 52
tiempo_en_acabar 52
tiempo_promedio 20.616667
agentes_en_goal 60
push_out_count 0
RUN 20
valores_ideales [0,0,0,0,0,0,0,0,0,0,0,0,0,0,0,0,0,0,0,0,0,0,0,0,0,0,0,0,0,0,0,0,0,0,0,0,0,0,0,0,0,0,0,0,0,0,0,0,0,0,0,0,0,0,0,0,0,0,0,0]
costo_por_agente [17,9,28,27,7,2,22,33,25,37,34,30,6,14,42,10,13,35,37,13,7,16,23,32,12,9,37,8,12,34,6,16,33,1,20,51,22,13,13,21,34,29,23,7,8,12,31,20,15,8,4,1,7,26,32,20,20,11,24,16]
completion_time_por_agente [18,10,29,28,8,3,23,34,26,38,35,31,7,15,43,11,14,36,38,14,8,17,24,33,13,10,38,9,13,35,7,17,34,2,21,52,23,14,14,22,35,30,24,8,9,13,32,21,16,9,5,2,8,27,33,21,21,12,25,17]
tiempo_ultimo_agente_goal 52
tiempo_en_acabar 52
tiempo_promedio 20.583334
agentes_en_goal 60
push_out_count 0
RUN 21
valores_ideales [0,0,0,0,0,0,0,0,0,0,0,0,0,0,0,0,0,0,0,0,0,0,0,0,0,0,0,0,0,0,0,0,0,0,0,0,0,0,0,0,0,0,0,0,0,0,0,0,0,0,0,0,0,0,0,0,0,0,0,0]
costo_por_agente [17,11,28,27,7,2,22,33,25,37,34,26,6,14,42,10,13,35,35,13,7,16,23,34,12,9,37,10,12,34,6,14,33,1,20,51,22,11,13,21,30,29,23,7,8,18,31,22,15,8,4,5,7,30,32,20,20,11,24,16]
completion_time_por_agente [18,12,29,28,8,3,23,34,26,38,35,27,7,15,43,11,14,36,36,14,8,17,24,35,13,10,38,11,13,35,7,15,34,2,21,52,23,12,14,22,31,30,24,8,9,19,32,23,16,9,5,6,8,31,33,21,21,12,25,17]
tiempo_ultimo_agente_goal 52
tiempo_en_acabar 52
tiempo_promedio 20.716667
agentes_en_goal 60
push_out_count 0
RUN 22
valores_ideales [0,0,0,0,0,0,0,0,0,0,0,0,0,0,0,0,0,0,0,0,0,0,0,0,0,0,0,0,0,0,0,0,0,0,0,0,0,0,0,0,0,0,0,0,0,0,0,0,0,0,0,0,0,0,0,0,0,0,0,0]
costo_por_agente [17,9,28,27,7,2,22,33,25,37,36,26,6,14,42,10,13,35,35,13,7,16,23,32,10,9,37,8,12,34,6,16,33,1,20,51,22,11,13,21,28,31,21,7,8,12,31,20,17,8,4,1,7,26,32,20,20,11,24,16]
completion_time_por_agente [18,10,29,28,8,3,23,34,26,38,37,27,7,15,43,11,14,36,36,14,8,17,24,33,11,10,38,9,13,35,7,17,34,2,21,52,23,12,14,22,29,32,22,8,9,13,32,21,18,9,5,2,8,27,33,21,21,12,25,17]
tiempo_ultimo_agente_goal 52
tiempo_en_acabar 52
tiempo_promedio 20.383333
agentes_en_goal 60
push_out_count 0
RUN 23
valores_ideales [0,0,0,0,0,0,0,0,0,0,0,0,0,0,0,0,0,0,0,0,0,0,0,0,0,0,0,0,0,0,0,0,0,0,0,0,0,0,0,0,0,0,0,0,0,0,0,0,0,0,0,0,0,0,0,0,0,0,0,0]
costo_por_agente [17,11,28,27,7,2,22,33,25,37,34,26,6,14,44,10,13,35,35,13,7,16,23,32,10,9,37,8,12,34,6,14,33,1,20,51,22,11,13,21,28,31,21,7,8,14,31,20,15,8,4,1,7,30,32,20,20,11,24,16]
completion_time_por_agente [18,12,29,28,8,3,23,34,26,38,35,27,7,15,45,11,14,36,36,14,8,17,24,33,11,10,38,9,13,35,7,15,34,2,21,52,23,12,14,22,29,32,22,8,9,15,32,21,16,9,5,2,8,31,33,21,21,12,25,17]
tiempo_ultimo_agente_goal 52
tiempo_en_acabar 52
tiempo_promedio 20.450001
agentes_en_goal 60
push_out_count 0
RUN 24
valores_ideales [0,0,0,0,0,0,0,0,0,0,0,0,0,0,0,0,0,0,0,0,0,0,0,0,0,0,0,0,0,0,0,0,0,0,0,0,0,0,0,0,0,0,0,0,0,0,0,0,0,0,0,0,0,0,0,0,0,0,0,0]
costo_por_agente [17,9,28,27,7,2,22,33,25,37,36,26,6,14,48,10,13,35,35,13,7,16,23,32,10,9,37,10,12,34,6,16,33,1,20,51,24,11,13,19,28,29,21,7,8,12,31,20,17,8,4,1,7,26,32,20,22,11,24,16]
completion_time_por_agente [18,10,29,28,8,3,23,34,26,38,37,27,7,15,50,11,14,36,36,14,8,17,24,33,11,10,38,11,13,35,7,17,34,2,21,52,25,12,14,20,29,30,22,8,9,13,32,21,18,9,5,2,8,27,33,21,23,12,25,17]
tiempo_ultimo_agente_goal 52
tiempo_en_acabar 52
tiempo_promedio 20.533333
agentes_en_goal 60
push_out_count 0
RUN 25
valores_ideales [0,0,0,0,0,0,0,0,0,0,0,0,0,0,0,0,0,0,0,0,0,0,0,0,0,0,0,0,0,0,0,0,0,0,0,0,0,0,0,0,0,0,0,0,0,0,0,0,0,0,0,0,0,0,0,0,0,0,0,0]
costo_por_agente [17,11,28,27,7,2,22,33,25,37,34,26,6,14,42,10,13,35,35,13,7,16,23,32,10,9,37,8,12,34,6,18,33,1,20,51,22,11,13,21,28,29,23,7,8,12,31,20,19,8,4,1,7,26,32,20,20,11,24,16]
completion_time_por_agente [18,12,29,28,8,3,23,34,26,38,35,27,7,15,43,11,14,36,36,14,8,17,24,33,11,10,38,9,13,35,7,19,34,2,21,52,23,12,14,22,29,30,24,8,9,13,32,21,20,9,5,2,8,27,33,21,21,12,25,17]
tiempo_ultimo_agente_goal 52
tiempo_en_acabar 52
tiempo_promedio 20.450001
agentes_en_goal 60
push_out_count 0
RUN 26
valores_ideales [0,0,0,0,0,0,0,0,0,0,0,0,0,0,0,0,0,0,0,0,0,0,0,0,0,0,0,0,0,0,0,0,0,0,0,0,0,0,0,0,0,0,0,0,0,0,0,0,0,0,0,0,0,0,0,0,0,0,0,0]
costo_por_agente [17,11,28,27,7,2,22,33,25,37,34,26,6,14,44,10,13,39,39,13,7,16,23,32,14,9,37,12,12,32,6,16,33,1,20,51,24,13,13,21,28,29,23,7,8,12,31,20,15,6,4,1,7,28,32,20,20,11,24,16]
completion_time_por_agente [18,12,29,28,8,3,23,34,26,38,35,27,7,15,45,11,14,40,40,14,8,17,24,33,15,10,38,13,13,33,7,17,34,2,21,52,25,14,14,22,29,30,24,8,9,13,32,21,16,7,5,2,8,29,33,21,21,12,25,17]
tiempo_ultimo_agente_goal 52
tiempo_en_acabar 52
tiempo_promedio 20.683332
agentes_en_goal 60
push_out_count 0
RUN 27
valores_ideales [0,0,0,0,0,0,0,0,0,0,0,0,0,0,0,0,0,0,0,0,0,0,0,0,0,0,0,0,0,0,0,0,0,0,0,0,0,0,0,0,0,0,0,0,0,0,0,0,0,0,0,0,0,0,0,0,0,0,0,0]
costo_por_agente [17,11,28,27,7,2,22,33,25,37,36,30,6,14,44,10,13,35,35,13,7,16,23,32,10,9,37,12,12,34,6,14,33,1,20,51,22,11,13,21,28,29,23,7,8,12,31,20,17,6,4,1,7,30,32,20,20,11,24,16]
completion_time_por_agente [18,12,29,28,8,3,23,34,26,38,37,31,7,15,45,11,14,36,36,14,8,17,24,33,11,10,38,13,13,35,7,15,34,2,21,52,23,12,14,22,29,30,24,8,9,13,32,21,18,7,5,2,8,31,33,21,21,12,25,17]
tiempo_ultimo_agente_goal 52
tiempo_en_acabar 52
tiempo_promedio 20.583334
agentes_en_goal 60
push_out_count 0
RUN 28
valores_ideales [0,0,0,0,0,0,0,0,0,0,0,0,0,0,0,0,0,0,0,0,0,0,0,0,0,0,0,0,0,0,0,0,0,0,0,0,0,0,0,0,0,0,0,0,0,0,0,0,0,0,0,0,0,0,0,0,0,0,0,0]
costo_por_agente [17,9,28,27,7,2,22,33,25,37,36,26,6,14,44,10,13,35,35,13,7,18,23,32,12,9,37,8,12,34,6,16,33,1,20,51,22,11,13,19,32,29,21,7,8,12,31,20,15,8,4,1,7,26,32,20,20,11,24,14]
completion_time_por_agente [18,10,29,28,8,3,23,34,26,38,37,27,7,15,45,11,14,36,36,14,8,19,24,33,13,10,38,9,13,35,7,17,34,2,21,52,23,12,14,20,33,30,22,8,9,13,32,21,16,9,5,2,8,27,33,21,21,12,25,15]
tiempo_ultimo_agente_goal 52
tiempo_en_acabar 52
tiempo_promedio 20.416666
agentes_en_goal 60
push_out_count 0
RUN 29
valores_ideales [0,0,0,0,0,0,0,0,0,0,0,0,0,0,0,0,0,0,0,0,0,0,0,0,0,0,0,0,0,0,0,0,0,0,0,0,0,0,0,0,0,0,0,0,0,0,0,0,0,0,0,0,0,0,0,0,0,0,0,0]
costo_por_agente [17,9,28,27,7,2,22,33,25,41,34,26,6,14,42,10,13,35,35,13,7,22,23,32,10,9,37,8,12,34,6,14,33,1,20,51,22,19,13,21,30,29,23,7,8,12,35,18,15,6,4,1,7,26,32,20,20,11,24,16]
completion_time_por_agente [18,10,29,28,8,3,23,34,26,42,35,27,7,15,43,11,14,36,36,14,8,23,24,33,11,10,38,9,13,35,7,15,34,2,21,52,23,20,14,22,31,30,24,8,9,13,36,19,16,7,5,2,8,27,33,21,21,12,25,17]
tiempo_ultimo_agente_goal 52
tiempo_en_acabar 52
tiempo_promedio 20.616667
agentes_en_goal 60
push_out_count 0
RUN 30
valores_ideales [0,0,0,0,0,0,0,0,0,0,0,0,0,0,0,0,0,0,0,0,0,0,0,0,0,0,0,0,0,0,0,0,0,0,0,0,0,0,0,0,0,0,0,0,0,0,0,0,0,0,0,0,0,0,0,0,0,0,0,0]
costo_por_agente [17,9,28,27,7,2,22,33,25,37,36,26,6,14,42,10,13,35,35,13,7,16,23,34,10,9,37,10,12,34,6,14,33,1,20,51,22,11,13,23,30,29,23,7,8,12,31,20,15,8,4,1,7,30,32,20,22,11,24,16]
completion_time_por_agente [18,10,29,28,8,3,23,34,26,38,37,27,7,15,43,11,14,36,36,14,8,17,24,35,11,10,38,11,13,35,7,15,34,2,21,52,23,12,14,24,31,30,24,8,9,13,32,21,16,9,5,2,8,31,33,21,23,12,25,17]
tiempo_ultimo_agente_goal 52
tiempo_en_acabar 52
tiempo_promedio 20.549999
agentes_en_goal 60
push_out_count 0
RUN 31
valores_ideales [0,0,0,0,0,0,0,0,0,0,0,0,0,0,0,0,0,0,0,0,0,0,0,0,0,0,0,0,0,0,0,0,0,0,0,0,0,0,0,0,0,0,0,0,0,0,0,0,0,0,0,0,0,0,0,0,0,0,0,0]
costo_por_agente [17,9,28,27,7,2,22,33,25,37,36,26,6,14,42,10,13,33,37,13,7,16,23,32,10,9,37,10,12,34,6,14,33,1,20,51,22,11,13,21,28,29,19,7,10,12,31,18,15,8,4,1,7,26,32,20,20,11,24,16]
completion_time_por_agente [18,10,29,28,8,3,23,34,26,38,37,27,7,15,43,11,14,34,38,14,8,17,24,33,11,10,38,11,13,35,7,15,34,2,21,52,23,12,14,22,29,30,20,8,11,13,32,19,16,9,5,2,8,27,33,21,21,12,25,17]
tiempo_ultimo_agente_goal 52
tiempo_en_acabar 52
tiempo_promedio 20.283333
agentes_en_goal 60
push_out_count 0
RUN 32
valores_ideales [0,0,0,0,0,0,0,0,0,0,0,0,0,0,0,0,0,0,0,0,0,0,0,0,0,0,0,0,0,0,0,0,0,0,0,0,0,0,0,0,0,0,0,0,0,0,0,0,0,0,0,0,0,0,0,0,0,0,0,0]
costo_por_agente [17,11,28,27,7,2,22,33,25,37,34,26,6,14,44,10,13,39,35,13,7,18,23,32,10,9,37,8,12,32,6,14,33,1,20,51,22,13,13,19,30,29,27,7,8,12,31,22,19,8,4,1,7,30,32,20,20,11,24,16]
completion_time_por_agente [18,12,29,28,8,3,23,34,26,38,35,27,7,15,45,11,14,40,36,14,8,19,24,33,11,10,38,9,13,33,7,15,34,2,21,52,23,14,14,20,31,30,28,8,9,13,32,23,20,9,5,2,8,31,33,21,21,12,25,17]
tiempo_ultimo_agente_goal 52
tiempo_en_acabar 52
tiempo_promedio 20.683332
agentes_en_goal 60
push_out_count 0
RUN 33
valores_ideales [0,0,0,0,0,0,0,0,0,0,0,0,0,0,0,0,0,0,0,0,0,0,0,0,0,0,0,0,0,0,0,0,0,0,0,0,0,0,0,0,0,0,0,0,0,0,0,0,0,0,0,0,0,0,0,0,0,0,0,0]
costo_por_agente [17,11,28,27,7,2,22,33,25,37,36,26,6,14,42,10,13,35,35,13,7,16,23,32,14,9,37,10,12,34,6,14,33,1,20,51,22,11,13,23,30,33,27,7,8,12,31,20,15,6,4,5,7,28,32,20,20,11,24,16]
completion_time_por_agente [18,12,29,28,8,3,23,34,26,38,37,27,7,15,43,11,14,36,36,14,8,17,24,33,15,10,38,11,13,35,7,15,34,2,21,52,23,12,14,24,31,34,28,8,9,13,32,21,16,7,5,6,8,29,33,21,21,12,25,17]
tiempo_ultimo_agente_goal 52
tiempo_en_acabar 52
tiempo_promedio 20.716667
agentes_en_goal 60
push_out_count 0
RUN 34
valores_ideales [0,0,0,0,0,0,0,0,0,0,0,0,0,0,0,0,0,0,0,0,0,0,0,0,0,0,0,0,0,0,0,0,0,0,0,0,0,0,0,0,0,0,0,0,0,0,0,0,0,0,0,0,0,0,0,0,0,0,0,0]
costo_por_agente [17,9,28,27,7,2,22,33,25,37,34,26,6,14,42,10,13,35,35,13,7,20,23,32,10,9,37,8,12,34,6,14,33,1,20,51,22,11,13,19,30,29,21,7,8,12,31,20,15,8,4,1,7,26,32,20,20,11,24,14]
completion_time_por_agente [18,10,29,28,8,3,23,34,26,38,35,27,7,15,43,11,14,36,36,14,8,21,24,33,11,10,38,9,13,35,7,15,34,2,21,52,23,12,14,20,31,30,22,8,9,13,32,21,16,9,5,2,8,27,33,21,21,12,25,15]
tiempo_ultimo_agente_goal 52
tiempo_en_acabar 52
tiempo_promedio 20.283333
agentes_en_goal 60
push_out_count 0
RUN 35
valores_ideales [0,0,0,0,0,0,0,0,0,0,0,0,0,0,0,0,0,0,0,0,0,0,0,0,0,0,0,0,0,0,0,0,0,0,0,0,0,0,0,0,0,0,0,0,0,0,0,0,0,0,0,0,0,0,0,0,0,0,0,0]
costo_por_agente [17,11,28,27,7,2,22,33,25,37,36,26,6,14,42,10,13,35,37,13,7,16,23,32,10,9,37,10,12,34,6,14,33,1,20,51,22,11,13,21,28,29,23,7,8,12,31,20,15,8,4,1,7,28,32,20,20,11,24,16]
completion_time_por_agente [18,12,29,28,8,3,23,34,26,38,37,27,7,15,43,11,14,36,38,14,8,17,24,33,11,10,38,11,13,35,7,15,34,2,21,52,23,12,14,22,29,30,24,8,9,13,32,21,16,9,5,2,8,29,33,21,21,12,25,17]
tiempo_ultimo_agente_goal 52
tiempo_en_acabar 52
tiempo_promedio 20.450001
agentes_en_goal 60
push_out_count 0
RUN 36
valores_ideales [0,0,0,0,0,0,0,0,0,0,0,0,0,0,0,0,0,0,0,0,0,0,0,0,0,0,0,0,0,0,0,0,0,0,0,0,0,0,0,0,0,0,0,0,0,0,0,0,0,0,0,0,0,0,0,0,0,0,0,0]
costo_por_agente [17,11,28,27,7,2,22,33,25,37,34,30,6,14,44,10,13,35,35,17,7,16,23,32,10,9,37,8,12,34,6,14,33,1,20,51,24,13,13,19,32,29,21,7,8,12,31,20,15,8,4,1,7,26,32,20,20,11,24,16]
completion_time_por_agente [18,12,29,28,8,3,23,34,26,38,35,31,7,15,45,11,14,36,36,18,8,17,24,33,11,10,38,9,13,35,7,15,34,2,21,52,25,14,14,20,33,30,22,8,9,13,32,21,16,9,5,2,8,27,33,21,21,12,25,17]
tiempo_ultimo_agente_goal 52
tiempo_en_acabar 52
tiempo_promedio 20.549999
agentes_en_goal 60
push_out_count 0
RUN 37
valores_ideales [0,0,0,0,0,0,0,0,0,0,0,0,0,0,0,0,0,0,0,0,0,0,0,0,0,0,0,0,0,0,0,0,0,0,0,0,0,0,0,0,0,0,0,0,0,0,0,0,0,0,0,0,0,0,0,0,0,0,0,0]
costo_por_agente [17,11,28,27,7,2,22,33,25,37,34,26,6,14,44,10,13,35,37,13,7,16,23,32,10,9,37,8,12,34,6,14,33,1,20,51,22,13,13,19,28,29,21,7,8,12,31,20,15,6,4,3,7,26,32,20,22,11,24,14]
completion_time_por_agente [18,12,29,28,8,3,23,34,26,38,35,27,7,15,45,11,14,36,38,14,8,17,24,33,11,10,38,9,13,35,7,15,34,2,21,52,23,14,14,20,29,30,22,8,9,13,32,21,16,7,5,4,8,27,33,21,23,12,25,15]
tiempo_ultimo_agente_goal 52
tiempo_en_acabar 52
tiempo_promedio 20.350000
agentes_en_goal 60
push_out_count 0
RUN 38
valores_ideales [0,0,0,0,0,0,0,0,0,0,0,0,0,0,0,0,0,0,0,0,0,0,0,0,0,0,0,0,0,0,0,0,0,0,0,0,0,0,0,0,0,0,0,0,0,0,0,0,0,0,0,0,0,0,0,0,0,0,0,0]
costo_por_agente [17,11,28,27,7,2,22,33,25,37,36,26,6,14,44,10,13,37,35,13,7,16,23,32,10,9,37,10,12,36,6,14,33,1,20,51,22,13,13,21,28,29,21,7,8,12,31,20,17,8,4,1,7,30,32,20,20,11,24,16]
completion_time_por_agente [18,12,29,28,8,3,23,34,26,38,37,27,7,15,45,11,14,38,36,14,8,17,24,33,11,10,38,11,13,37,7,15,34,2,21,52,23,14,14,22,29,30,22,8,9,13,32,21,18,9,5,2,8,31,33,21,21,12,25,17]
tiempo_ultimo_agente_goal 52
tiempo_en_acabar 52
tiempo_promedio 20.583334
agentes_en_goal 60
push_out_count 0
RUN 39
valores_ideales [0,0,0,0,0,0,0,0,0,0,0,0,0,0,0,0,0,0,0,0,0,0,0,0,0,0,0,0,0,0,0,0,0,0,0,0,0,0,0,0,0,0,0,0,0,0,0,0,0,0,0,0,0,0,0,0,0,0,0,0]
costo_por_agente [17,11,28,27,7,2,22,33,25,37,36,26,6,14,42,10,13,37,35,13,7,16,23,32,10,9,37,8,12,32,6,16,33,1,20,51,22,11,13,21,30,29,23,7,8,12,31,22,15,6,4,1,7,28,32,20,20,11,24,16]
completion_time_por_agente [18,12,29,28,8,3,23,34,26,38,37,27,7,15,43,11,14,38,36,14,8,17,24,33,11,10,38,9,13,33,7,17,34,2,21,52,23,12,14,22,31,30,24,8,9,13,32,23,16,7,5,2,8,29,33,21,21,12,25,17]
tiempo_ultimo_agente_goal 52
tiempo_en_acabar 52
tiempo_promedio 20.450001
agentes_en_goal 60
push_out_count 0
