3 1120.000000 100 60 80443 0.000000 999 0 234268 1191094
3 910.000000 100 56 87066 0.000000 999 1 254168 1304654
3 1141.000000 100 62 76772 0.000000 999 2 227756 1229261
3 931.000000 100 56 87716 0.000000 999 3 258853 1300381
3 2363.000000 100 78 55172 0.000000 999 4 162263 823035
3 1380.000000 100 65 74804 0.000000 999 5 218489 1091266
3 848.000000 100 54 90738 0.000000 999 6 269056 1366834
3 1130.000000 100 60 80429 0.000000 999 7 240988 1241369
3 1082.000000 100 58 83713 0.000000 999 8 244735 1238146
3 860.000000 100 55 90269 0.000000 999 9 264761 1312558
3 2180.000000 150 95 115685 0.000000 999 0 343226 1752188
3 1655.000000 150 88 129812 0.000000 999 1 377631 1921352
3 1673.000000 150 87 124011 0.000000 999 2 364760 1929338
3 1468.000000 150 85 131312 0.000000 999 3 389694 2079176
3 1513.000000 150 85 129116 0.000000 999 4 386995 2000759
3 1391.000000 150 83 133963 0.000000 999 5 396619 2039544
3 1537.000000 150 85 128993 0.000000 999 6 383545 2064977
3 1953.000000 150 89 124061 0.000000 999 7 364037 1901363
3 1435.000000 150 85 128546 0.000000 999 8 380397 1986894
3 1436.000000 150 86 128716 0.000000 999 9 381745 2004720
3 4732.000000 200 126 173041 0.000000 999 0 513341 2551904
3 4707.000000 200 131 158039 0.000000 999 1 466134 2286712
3 2068.000000 200 102 196853 0.000000 999 2 583559 3078546
3 4518.000000 200 133 156401 0.000000 999 3 465150 2404117
3 3414.000000 200 121 169895 0.000000 999 4 505648 2626676
3 4642.000000 200 126 171794 0.000000 999 5 507728 2578328
3 2493.000000 200 109 185017 0.000000 999 6 544152 2810371
3 4010.000000 200 113 195582 0.000000 999 7 574903 3030296
3 3555.000000 200 113 186046 0.000000 999 8 547413 2783534
3 5261.000000 200 134 159579 0.000000 999 9 471701 2432528
3 11967.000000 250 189 184107 0.000000 999 0 542515 2820828
3 11127.000000 250 178 222161 0.000000 999 1 658748 3575163
3 7999.000000 250 161 229516 0.000000 999 2 663480 3487494
3 7751.000000 250 156 228446 0.000000 999 3 671827 3560951
3 4011.000000 250 132 244945 0.000000 999 4 707357 3652528
3 7066.000000 250 155 226165 0.000000 999 5 653901 3372483
3 11311.000000 250 172 227273 0.000000 999 6 660813 3383556
3 9475.000000 250 168 217558 0.000000 999 7 633165 3223636
3 5674.000000 250 133 256938 0.000000 999 8 756693 3958811
3 6588.000000 250 144 242419 0.000000 999 9 713479 3705921
3 15343.000000 300 217 245787 0.000000 999 0 714215 3848508
3 10054.000000 300 182 280956 0.000000 999 1 830586 4362093
3 11813.000000 300 192 278220 0.000000 999 2 827508 4422242
3 11342.000000 300 169 329888 0.000000 999 3 963179 5113683
3 10609.000000 300 171 302341 0.000000 999 4 882755 4601923
3 4278.000000 300 133 349078 0.000000 999 5 1031555 5515692
3 8688.000000 300 159 320800 0.000000 999 6 934775 4817643
3 9556.000000 300 163 321142 0.000000 999 7 938474 4901254
3 7455.000000 300 161 315856 0.000000 999 8 920826 4749367
3 7950.000000 300 161 316297 0.000000 999 9 929505 4905346
3 1107.000000 50 46 7437 0.000000 999 0 22163 127828
3 80.000000 10 10 89 0.000000 17 0 238 936
3 78.000000 10 10 92 0.000000 17 1 248 1006
3 76.000000 10 10 81 0.000000 16 2 215 913
3 80.000000 10 10 88 0.000000 17 0 235 929
3 76.000000 10 10 132 0.000000 24 1 368 1715
3 80.000000 10 10 90 0.000000 17 2 242 1038
3 76.000000 10 10 83 0.000000 16 3 221 957
3 78.000000 10 10 90 0.000000 17 4 242 1000
3 80.000000 10 10 91 0.000000 17 5 245 1055
3 82.000000 10 10 94 0.000000 17 6 254 1080
3 80.000000 10 10 91 0.000000 17 7 245 1003
3 82.000000 10 10 100 0.000000 18 8 271 1144
3 78.000000 10 10 90 0.000000 17 9 242 975
3 78.000000 10 10 92 0.000000 17 0 248 1011
3 82.000000 10 10 88 0.000000 17 1 235 938
3 76.000000 10 10 83 0.000000 16 2 221 962
3 74.000000 10 10 150 0.000000 28 3 422 2045
3 78.000000 10 10 90 0.000000 17 4 242 1012
3 84.000000 10 10 115 0.000000 19 5 315 1302
3 82.000000 10 10 88 0.000000 17 6 235 971
3 76.000000 10 10 132 0.000000 24 7 368 1700
3 78.000000 10 10 96 0.000000 17 8 260 1077
3 82.000000 10 10 103 0.000000 20 9 279 1198
3 78.000000 10 10 89 0.000000 17 10 239 972
3 78.000000 10 10 91 0.000000 17 11 245 1000
3 80.000000 10 10 91 0.000000 17 12 245 1024
3 80.000000 10 10 90 0.000000 17 0 242 997
3 76.000000 10 10 81 0.000000 16 1 215 901
3 76.000000 10 10 79 0.000000 16 2 209 937
3 80.000000 10 10 88 0.000000 17 3 236 1000
3 74.000000 10 10 76 0.000000 16 4 200 850
3 80.000000 10 10 91 0.000000 17 5 245 1022
3 82.000000 10 10 101 0.000000 18 6 274 1170
3 76.000000 10 10 82 0.000000 16 7 218 973
3 82.000000 10 10 89 0.000000 17 8 239 1012
3 76.000000 10 10 81 0.000000 16 9 215 967
3 76.000000 10 10 79 0.000000 16 10 209 903
3 76.000000 10 10 79 0.000000 16 11 209 912
3 80.000000 10 10 90 0.000000 17 12 242 1023
3 80.000000 10 10 88 0.000000 17 13 236 967
3 80.000000 10 10 92 0.000000 17 14 248 1011
3 76.000000 10 10 80 0.000000 16 15 212 932
3 82.000000 10 10 90 0.000000 17 16 242 1041
3 80.000000 10 10 88 0.000000 17 17 235 971
3 82.000000 10 10 91 0.000000 17 18 244 1036
3 80.000000 10 10 91 0.000000 17 19 245 1013
3 80.000000 10 10 90 0.000000 17 20 242 1014
3 76.000000 10 10 80 0.000000 16 21 212 914
3 80.000000 10 10 90 0.000000 17 22 241 982
3 80.000000 10 10 88 0.000000 17 23 236 985
3 74.000000 10 10 75 0.000000 16 24 197 846
3 80.000000 10 10 91 0.000000 17 25 245 1007
3 80.000000 10 10 91 0.000000 17 26 245 1019
3 74.000000 10 10 77 0.000000 16 27 203 917
3 76.000000 10 10 118 0.000000 22 28 326 1508
3 76.000000 10 10 79 0.000000 16 29 209 922
3 80.000000 10 10 89 0.000000 17 30 239 1012
3 80.000000 10 10 90 0.000000 17 31 242 1013
3 80.000000 10 10 89 0.000000 17 32 239 989
3 74.000000 10 10 132 0.000000 25 33 368 1718
3 74.000000 10 10 80 0.000000 17 34 212 894
3 92.000000 10 10 114 0.000000 25 35 309 1262
3 80.000000 10 10 91 0.000000 17 36 245 1011
3 82.000000 10 10 109 0.000000 19 37 299 1246
3 78.000000 10 10 115 0.000000 19 38 314 1374
3 74.000000 10 10 82 0.000000 16 39 218 968
3 80.000000 10 10 88 0.000000 17 40 235 942
3 80.000000 10 10 90 0.000000 17 41 242 974
3 78.000000 10 10 91 0.000000 17 0 245 1022
3 76.000000 10 10 82 0.000000 16 1 218 951
3 76.000000 10 10 81 0.000000 16 0 215 964
3 76.000000 10 10 84 0.000000 16 1 224 964
3 76.000000 10 10 80 0.000000 16 2 212 919
3 82.000000 10 10 89 0.000000 17 3 239 1010
3 78.000000 10 10 90 0.000000 17 4 242 1013
3 74.000000 10 10 76 0.000000 16 5 200 841
3 80.000000 10 10 88 0.000000 17 6 236 976
3 74.000000 10 10 76 0.000000 16 7 200 871
3 78.000000 10 10 90 0.000000 17 8 242 982
3 76.000000 10 10 80 0.000000 16 9 212 922
3 74.000000 10 10 80 0.000000 16 10 212 899
3 76.000000 10 10 81 0.000000 16 11 215 946
3 84.000000 10 10 130 0.000000 21 12 356 1518
3 86.000000 10 10 126 0.000000 21 13 346 1485
3 76.000000 10 10 84 0.000000 16 14 224 1010
3 80.000000 10 10 90 0.000000 17 15 241 968
3 80.000000 10 10 90 0.000000 17 16 242 995
3 74.000000 10 10 76 0.000000 16 17 200 864
3 84.000000 10 10 96 0.000000 18 18 260 1091
3 76.000000 10 10 83 0.000000 16 19 221 975
3 76.000000 10 10 81 0.000000 16 20 215 939
3 76.000000 10 10 147 0.000000 27 21 413 1999
3 82.000000 10 10 90 0.000000 18 22 241 1003
3 78.000000 10 10 137 0.000000 23 23 383 1783
3 74.000000 10 10 78 0.000000 16 24 206 892
3 78.000000 10 10 86 0.000000 16 25 230 1009
3 84.000000 10 10 156 0.000000 20 26 429 1870
3 74.000000 10 10 79 0.000000 16 27 209 912
3 80.000000 10 10 93 0.000000 17 28 250 1035
3 82.000000 10 10 103 0.000000 18 0 280 1204
3 78.000000 10 10 153 0.000000 26 1 431 2057
3 78.000000 10 10 91 0.000000 17 2 245 1014
3 80.000000 10 10 88 0.000000 17 3 235 920
3 84.000000 10 10 100 0.000000 19 4 270 1136
3 78.000000 10 10 91 0.000000 17 0 245 1007
3 74.000000 10 10 76 0.000000 16 1 200 843
3 80.000000 10 10 100 0.000000 18 0 270 1102
3 80.000000 10 10 88 0.000000 17 1 236 968
3 80.000000 10 10 91 0.000000 17 0 245 1001
3 76.000000 10 10 80 0.000000 16 1 212 898
3 78.000000 10 10 86 0.000000 16 0 230 985
3 74.000000 10 10 81 0.000000 17 1 215 930
3 82.000000 10 10 94 0.000000 17 0 254 1062
3 80.000000 10 10 92 0.000000 17 1 248 1040
3 80.000000 10 10 89 0.000000 17 2 238 928
3 78.000000 10 10 89 0.000000 17 3 239 997
3 76.000000 10 10 163 0.000000 29 4 461 2226
3 80.000000 10 10 90 0.000000 17 5 242 1009
3 80.000000 10 10 91 0.000000 17 6 244 995
3 88.000000 10 10 118 0.000000 23 7 326 1291
3 80.000000 10 10 89 0.000000 17 0 239 1018
3 80.000000 10 10 88 0.000000 17 1 235 933
3 76.000000 10 10 85 0.000000 16 2 227 991
3 78.000000 10 10 140 0.000000 24 3 392 1817
3 76.000000 10 10 168 0.000000 29 4 476 2190
3 74.000000 10 10 76 0.000000 16 5 200 869
3 80.000000 10 10 90 0.000000 17 6 242 1010
3 84.000000 10 10 117 0.000000 25 7 323 1273
3 80.000000 10 10 95 0.000000 18 0 257 1065
3 80.000000 10 10 88 0.000000 17 1 236 974
3 78.000000 10 10 91 0.000000 17 2 245 1012
3 80.000000 10 10 90 0.000000 17 3 241 972
3 80.000000 10 10 88 0.000000 17 4 235 962
3 74.000000 10 10 80 0.000000 16 5 212 883
3 76.000000 10 10 82 0.000000 16 6 218 945
3 78.000000 10 10 89 0.000000 17 0 239 972
3 78.000000 10 10 86 0.000000 16 1 230 1015
3 80.000000 10 10 89 0.000000 17 2 239 990
3 78.000000 10 10 92 0.000000 17 3 248 1007
3 78.000000 10 10 118 0.000000 21 4 318 1434
3 76.000000 10 10 107 0.000000 20 5 291 1305
3 80.000000 10 10 91 0.000000 17 6 245 1016
3 78.000000 10 10 91 0.000000 17 7 245 999
3 78.000000 10 10 90 0.000000 17 8 242 1005
3 76.000000 10 10 83 0.000000 16 9 221 941
3 78.000000 10 10 89 0.000000 17 10 239 988
3 78.000000 10 10 89 0.000000 17 11 239 1005
3 80.000000 10 10 89 0.000000 17 12 239 992
3 76.000000 10 10 83 0.000000 16 13 221 973
3 80.000000 10 10 89 0.000000 17 14 238 963
3 80.000000 10 10 89 0.000000 17 15 238 951
3 78.000000 10 10 91 0.000000 17 16 245 1018
3 80.000000 10 10 91 0.000000 17 17 245 1032
3 76.000000 10 10 81 0.000000 16 18 215 961
3 80.000000 10 10 89 0.000000 17 19 239 986
3 82.000000 10 10 105 0.000000 19 20 287 1210
3 82.000000 10 10 87 0.000000 17 0 232 924
3 76.000000 10 10 82 0.000000 16 1 218 921
3 80.000000 10 10 89 0.000000 17 2 238 954
3 78.000000 10 10 90 0.000000 17 3 242 976
3 78.000000 10 10 89 0.000000 17 4 239 970
3 80.000000 10 10 103 0.000000 18 5 279 1184
3 86.000000 10 10 114 0.000000 21 6 313 1286
3 76.000000 10 10 82 0.000000 16 7 218 924
3 80.000000 10 10 88 0.000000 17 8 235 929
3 82.000000 10 10 90 0.000000 17 9 242 1038
3 78.000000 10 10 93 0.000000 17 10 251 1020
3 76.000000 10 10 82 0.000000 16 11 218 936
3 80.000000 10 10 90 0.000000 17 12 241 994
3 76.000000 10 10 83 0.000000 16 13 221 951
3 76.000000 10 10 83 0.000000 16 14 221 921
3 80.000000 10 10 91 0.000000 17 15 245 979
3 78.000000 10 10 92 0.000000 17 16 248 1000
3 78.000000 10 10 90 0.000000 17 17 242 993
3 80.000000 10 10 89 0.000000 17 18 238 942
3 78.000000 10 10 160 0.000000 28 19 452 2149
3 84.000000 10 10 109 0.000000 22 20 297 1290
3 74.000000 10 10 76 0.000000 16 21 200 860
3 84.000000 10 10 113 0.000000 19 22 308 1271
3 82.000000 10 10 94 0.000000 18 23 253 1076
3 82.000000 10 10 100 0.000000 18 24 270 1178
3 88.000000 10 10 114 0.000000 21 25 312 1325
3 80.000000 10 10 90 0.000000 17 26 242 1005
3 80.000000 10 10 91 0.000000 17 27 245 1013
3 80.000000 10 10 92 0.000000 17 28 246 1026
3 82.000000 10 10 94 0.000000 17 0 253 1051
3 78.000000 10 10 90 0.000000 17 1 242 973
3 78.000000 10 10 90 0.000000 17 2 242 984
3 76.000000 10 10 143 0.000000 26 3 401 1922
3 50.000000 10 8 2101 0.000000 999 4 5968 33968
3 80.000000 10 10 130 0.000000 19 5 360 1556
3 80.000000 10 10 89 0.000000 17 6 238 946
3 86.000000 10 10 116 0.000000 21 7 318 1358
3 82.000000 10 10 92 0.000000 18 8 247 1068
3 76.000000 10 10 137 0.000000 25 9 383 1825
3 50.000000 10 8 2102 0.000000 999 10 6284 35576
3 78.000000 10 10 89 0.000000 17 11 239 1005
3 78.000000 10 10 92 0.000000 17 0 248 1023
3 82.000000 10 10 88 0.000000 17 1 235 967
3 80.000000 10 10 90 0.000000 17 2 242 996
3 78.000000 10 10 89 0.000000 17 3 239 990
3 94.000000 10 10 126 0.000000 23 0 349 1399
3 80.000000 10 10 91 0.000000 17 1 245 1014
3 78.000000 10 10 91 0.000000 17 2 245 1005
3 78.000000 10 10 92 0.000000 17 0 248 1003
3 100.000000 10 10 162 0.000000 29 1 454 1719
3 82.000000 10 10 88 0.000000 17 2 235 986
3 78.000000 10 10 92 0.000000 17 3 248 1018
3 80.000000 10 10 92 0.000000 17 4 248 1023
3 80.000000 10 10 101 0.000000 19 5 273 1162
3 74.000000 10 10 77 0.000000 16 6 203 895
3 80.000000 10 10 90 0.000000 17 7 241 1000
3 80.000000 10 10 89 0.000000 17 8 239 1022
3 78.000000 10 10 85 0.000000 16 9 227 990
3 78.000000 10 10 92 0.000000 17 10 248 1010
3 80.000000 10 10 89 0.000000 17 11 239 999
3 80.000000 10 10 132 0.000000 19 12 366 1615
3 80.000000 10 10 103 0.000000 19 13 279 1181
3 74.000000 10 10 145 0.000000 27 14 407 1947
3 78.000000 10 10 91 0.000000 17 0 245 1028
3 80.000000 10 10 90 0.000000 17 1 242 1033
3 78.000000 10 10 91 0.000000 17 0 245 993
3 78.000000 10 10 89 0.000000 17 1 239 991
3 78.000000 10 10 90 0.000000 17 0 242 992
3 80.000000 10 10 89 0.000000 17 1 238 971
3 78.000000 10 10 91 0.000000 17 2 245 1006
3 82.000000 10 10 101 0.000000 18 3 274 1096
3 78.000000 10 10 91 0.000000 17 4 245 1019
3 76.000000 10 10 81 0.000000 16 5 215 970
3 80.000000 10 10 96 0.000000 18 6 260 1085
3 82.000000 10 10 131 0.000000 19 7 363 1586
3 82.000000 10 10 95 0.000000 17 8 256 1034
3 80.000000 10 10 90 0.000000 17 9 242 1001
3 78.000000 10 10 89 0.000000 17 10 239 960
3 80.000000 10 10 91 0.000000 17 11 245 1013
3 74.000000 10 10 76 0.000000 16 12 200 860
3 80.000000 10 10 88 0.000000 17 13 236 999
3 80.000000 10 10 91 0.000000 17 14 245 1012
3 78.000000 10 10 90 0.000000 17 15 242 997
3 80.000000 10 10 90 0.000000 17 16 242 1020
3 78.000000 10 10 89 0.000000 17 17 239 983
3 80.000000 10 10 91 0.000000 17 18 245 1010
3 78.000000 10 10 91 0.000000 17 19 245 985
3 82.000000 10 10 90 0.000000 17 20 242 1007
3 80.000000 10 10 90 0.000000 17 21 241 977
3 82.000000 10 10 129 0.000000 19 22 319 1294
3 268.000000 10 10 281 0.000000 40 0 813 3829
3 1171.000000 50 50 1410 0.000000 44 0 4072 19735
3 1674.000000 70 70 2450 0.000000 64 0 7113 33093
3 2476.828426 100 100 3659 0.000000 91 0 10640 49512
3 239.000000 10 10 242 0.000000 37 0 696 3372
3 241.000000 10 10 257 0.000000 37 1 736 3481
3 78.000000 10 10 90 0.000000 17 0 242 1006
3 78.000000 10 10 91 0.000000 17 1 245 1020
3 74.000000 10 10 76 0.000000 16 2 200 857
3 82.000000 10 10 94 0.000000 17 3 253 1034
3 80.000000 10 10 92 0.000000 17 4 248 1020
3 82.000000 10 10 104 0.000000 18 5 284 1206
3 80.000000 10 10 90 0.000000 17 6 242 1011
3 80.000000 10 10 91 0.000000 17 7 245 991
3 82.000000 10 10 88 0.000000 17 8 235 977
3 80.000000 10 10 89 0.000000 17 9 238 959
3 76.000000 10 10 86 0.000000 16 10 230 995
3 80.000000 10 10 95 0.000000 17 0 257 1086
3 78.000000 10 10 89 0.000000 17 1 239 966
3 74.000000 10 10 119 0.000000 23 2 329 1515
3 90.000000 10 10 121 0.000000 22 3 325 1344
3 78.000000 10 10 90 0.000000 17 4 242 967
3 74.000000 10 10 76 0.000000 16 5 200 846
3 76.000000 10 10 114 0.000000 26 6 308 1245
3 74.000000 10 10 76 0.000000 16 7 200 869
3 78.000000 10 10 92 0.000000 17 8 248 1046
3 78.000000 10 10 90 0.000000 17 9 242 1018
3 82.000000 10 10 129 0.000000 19 10 356 1518
3 74.000000 10 10 77 0.000000 16 11 203 883
3 84.000000 10 10 107 0.000000 19 12 293 1229
3 74.000000 10 10 76 0.000000 16 13 200 857
3 76.000000 10 10 81 0.000000 16 14 215 955
3 74.000000 10 10 76 0.000000 16 0 200 861
3 80.000000 10 10 88 0.000000 17 1 236 982
3 76.000000 10 10 80 0.000000 16 2 212 888
3 80.000000 10 10 90 0.000000 17 3 242 1018
3 78.000000 10 10 92 0.000000 17 4 248 1029
3 78.000000 10 10 90 0.000000 17 5 242 988
3 80.000000 10 10 90 0.000000 17 6 242 1025
3 76.000000 10 10 84 0.000000 16 7 224 982
3 80.000000 10 10 88 0.000000 17 8 235 973
3 78.000000 10 10 89 0.000000 17 9 239 977
3 78.000000 10 10 90 0.000000 17 10 242 985
3 78.000000 10 10 92 0.000000 17 11 248 992
3 80.000000 10 10 91 0.000000 17 12 245 1018
3 76.000000 10 10 80 0.000000 16 13 212 918
3 78.000000 10 10 90 0.000000 17 14 242 998
3 80.000000 10 10 102 0.000000 18 15 276 1182
3 80.000000 10 10 89 0.000000 17 16 239 964
3 80.000000 10 10 105 0.000000 18 17 287 1179
3 78.000000 10 10 135 0.000000 23 18 369 1553
3 84.000000 10 10 114 0.000000 25 19 314 1256
3 84.000000 10 10 103 0.000000 18 20 281 1174
3 74.000000 10 10 86 0.000000 16 21 230 978
3 78.000000 10 10 92 0.000000 17 22 248 999
3 80.000000 10 10 91 0.000000 17 23 245 1008
3 78.000000 10 10 91 0.000000 17 24 245 992
3 76.000000 10 10 78 0.000000 16 25 206 920
3 78.000000 10 10 90 0.000000 17 26 242 1000
3 94.828426 10 10 276 0.000000 74 27 799 2889
3 80.000000 10 10 91 0.000000 17 28 245 1043
3 80.000000 10 10 90 0.000000 17 29 242 1008
3 80.000000 10 10 90 0.000000 17 30 240 992
3 80.000000 10 10 90 0.000000 17 31 240 979
3 76.000000 10 10 82 0.000000 16 32 218 941
3 80.000000 10 10 89 0.000000 17 33 239 1017
3 80.000000 10 10 92 0.000000 17 34 248 1046
3 74.000000 10 10 80 0.000000 16 0 212 918
3 80.000000 10 10 91 0.000000 16 1 245 1034
3 82.000000 10 10 102 0.000000 18 2 276 1168
3 80.000000 10 10 90 0.000000 17 3 242 1008
3 78.000000 10 10 92 0.000000 17 4 248 992
3 78.000000 10 10 92 0.000000 17 5 248 991
3 80.000000 10 10 93 0.000000 17 6 251 1066
3 80.000000 10 10 90 0.000000 17 7 241 962
3 80.000000 10 10 89 0.000000 17 8 239 989
3 80.000000 10 10 89 0.000000 17 9 238 950
3 82.000000 10 10 106 0.000000 20 10 289 1199
3 80.000000 10 10 89 0.000000 17 11 238 941
3 76.000000 10 10 125 0.000000 23 12 347 1640
3 74.000000 10 10 81 0.000000 16 13 215 928
3 80.000000 10 10 91 0.000000 17 0 245 1009
3 82.000000 10 10 135 0.000000 19 1 375 1629
3 78.000000 10 10 84 0.000000 16 2 224 970
3 96.000000 10 10 130 0.000000 24 3 361 1473
3 78.000000 10 10 92 0.000000 17 4 248 1021
3 74.000000 10 10 75 0.000000 16 5 197 850
3 80.000000 10 10 90 0.000000 17 6 242 1009
3 82.000000 10 10 122 0.000000 20 7 329 1329
3 80.000000 10 10 89 0.000000 17 8 239 1042
3 78.000000 10 10 94 0.000000 17 9 254 1050
3 82.000000 10 10 91 0.000000 17 10 244 1012
3 78.000000 10 10 148 0.000000 26 11 416 1949
3 88.414213 10 10 890 0.000000 177 12 2589 8941
3 78.000000 10 10 92 0.000000 17 13 248 983
3 94.000000 10 10 135 0.000000 23 14 376 1492
3 86.000000 10 10 136 0.000000 23 15 369 1518
3 82.000000 10 10 91 0.000000 17 16 245 1035
3 76.000000 10 10 81 0.000000 16 17 215 919
3 80.000000 10 10 88 0.000000 17 18 235 938
3 78.000000 10 10 90 0.000000 17 19 242 993
3 76.000000 10 10 83 0.000000 16 20 221 961
3 78.000000 10 10 102 0.000000 18 21 277 1164
3 86.000000 10 10 129 0.000000 21 22 356 1522
3 78.000000 10 10 91 0.000000 17 23 245 989
3 78.000000 10 10 92 0.000000 17 24 248 997
3 80.000000 10 10 89 0.000000 17 25 239 987
3 76.000000 10 10 79 0.000000 16 26 209 922
3 78.000000 10 10 92 0.000000 17 27 248 1019
3 78.000000 10 10 90 0.000000 17 28 242 990
3 78.000000 10 10 92 0.000000 17 29 248 1009
3 76.000000 10 10 82 0.000000 16 30 218 956
3 78.000000 10 10 89 0.000000 17 31 239 971
3 80.000000 10 10 89 0.000000 17 32 238 963
3 76.000000 10 10 159 0.000000 30 33 449 2103
3 78.000000 10 10 91 0.000000 17 34 245 1012
3 76.000000 10 10 84 0.000000 16 35 224 940
3 76.000000 10 10 80 0.000000 16 36 212 921
3 86.414213 10 10 453 0.000000 69 37 1125 4239
3 86.000000 10 10 138 0.000000 22 38 376 1609
3 84.000000 10 10 104 0.000000 19 39 282 1136
3 78.000000 10 10 91 0.000000 17 40 245 1022
3 80.000000 10 10 90 0.000000 17 41 242 1000
3 80.000000 10 10 90 0.000000 17 42 242 999
3 76.000000 10 10 80 0.000000 16 43 212 947
3 74.000000 10 10 186 0.000000 34 44 530 2578
3 78.000000 10 10 91 0.000000 17 45 245 1008
3 76.000000 10 10 81 0.000000 16 46 215 922
3 80.000000 10 10 91 0.000000 17 47 245 1010
3 80.000000 10 10 88 0.000000 17 0 235 956
3 74.000000 10 10 81 0.000000 16 1 215 937
3 76.000000 10 10 87 0.000000 16 2 233 1023
3 82.000000 10 10 91 0.000000 17 3 245 1026
3 84.000000 10 10 98 0.000000 18 4 263 1100
3 86.000000 10 10 131 0.000000 22 0 361 1552
3 80.000000 10 10 89 0.000000 17 1 239 1009
3 78.000000 10 10 91 0.000000 17 2 245 991
3 80.000000 10 10 88 0.000000 17 3 236 988
3 78.000000 10 10 89 0.000000 17 4 239 1018
3 86.000000 10 10 113 0.000000 18 5 311 1293
3 78.000000 10 10 91 0.000000 17 6 245 987
3 74.000000 10 10 76 0.000000 16 7 200 876
3 80.000000 10 10 101 0.000000 18 8 273 1159
3 88.000000 10 10 140 0.000000 22 0 384 1630
3 82.000000 10 10 88 0.000000 17 1 235 950
3 80.000000 10 10 88 0.000000 17 2 235 943
3 80.000000 10 10 90 0.000000 17 3 242 998
3 76.000000 10 10 81 0.000000 16 0 215 929
3 80.000000 10 10 88 0.000000 17 1 236 948
3 86.000000 10 10 120 0.000000 23 2 332 1296
3 80.000000 10 10 89 0.000000 17 0 239 965
3 80.000000 10 10 89 0.000000 17 1 238 946
3 80.000000 10 10 91 0.000000 17 2 245 1000
3 82.000000 10 10 106 0.000000 19 3 290 1179
3 88.000000 10 10 126 0.000000 24 4 350 1395
3 78.000000 10 10 92 0.000000 17 5 248 1046
3 78.000000 10 10 91 0.000000 17 6 245 1003
3 80.000000 10 10 88 0.000000 17 7 235 924
3 86.000000 10 10 105 0.000000 20 8 284 1165
3 76.000000 10 10 80 0.000000 16 9 212 927
3 80.000000 10 10 88 0.000000 17 10 235 940
3 82.000000 10 10 92 0.000000 17 11 247 1029
3 80.000000 10 10 93 0.000000 17 12 251 1052
3 78.000000 10 10 90 0.000000 17 13 242 984
3 74.000000 10 10 81 0.000000 16 14 215 912
3 78.000000 10 10 92 0.000000 17 15 248 985
3 78.000000 10 10 92 0.000000 17 16 248 1008
3 80.000000 10 10 88 0.000000 17 17 235 957
3 80.000000 10 10 89 0.000000 17 18 239 969
3 78.000000 10 10 90 0.000000 17 19 242 1010
3 86.000000 10 10 146 0.000000 24 20 408 1790
3 80.000000 10 10 90 0.000000 17 21 242 993
3 80.000000 10 10 90 0.000000 17 22 242 1026
3 76.000000 10 10 81 0.000000 16 23 215 928
3 78.000000 10 10 93 0.000000 17 24 251 1027
3 78.000000 10 10 87 0.000000 16 25 233 1007
3 76.000000 10 10 83 0.000000 16 0 221 988
3 78.000000 10 10 92 0.000000 17 1 248 1026
3 78.000000 10 10 91 0.000000 17 2 245 1035
3 80.000000 10 10 94 0.000000 17 3 254 1112
3 88.000000 10 10 608 0.000000 71 4 1585 6345
3 78.000000 10 10 89 0.000000 17 5 239 998
3 84.000000 10 10 93 0.000000 17 6 250 1042
3 74.000000 10 10 84 0.000000 17 7 224 978
3 80.000000 10 10 89 0.000000 17 8 238 969
3 78.000000 10 10 92 0.000000 17 9 248 1032
3 78.000000 10 10 96 0.000000 17 10 260 1041
3 80.000000 10 10 89 0.000000 17 11 239 1004
3 80.000000 10 10 92 0.000000 17 12 248 1048
3 80.000000 10 10 90 0.000000 17 13 242 996
3 82.000000 10 10 91 0.000000 17 14 245 1039
3 80.000000 10 10 93 0.000000 17 15 251 1038
3 74.000000 10 10 80 0.000000 16 16 212 921
3 80.000000 10 10 91 0.000000 17 17 245 1024
3 80.000000 10 10 90 0.000000 17 18 242 1009
3 76.000000 10 10 232 0.000000 67 19 515 1871
3 80.000000 10 10 90 0.000000 17 20 242 1000
3 80.000000 10 10 89 0.000000 17 21 239 990
3 80.000000 10 10 91 0.000000 17 22 244 1001
3 80.000000 10 10 89 0.000000 17 23 239 1009
3 1352.000000 60 60 1583 0.000000 47 0 4566 23049
3 2485.000000 100 100 6203 0.000000 231 0 17992 86687
3 302.000000 10 10 311 0.000000 43 0 903 5131
3 302.000000 10 10 318 0.000000 43 1 924 5338
3 287.000000 10 10 289 0.000000 44 0 836 4963
3 285.000000 10 10 286 0.000000 44 1 828 4893
3 287.000000 10 10 291 0.000000 44 2 843 5026
3 285.000000 10 10 285 0.000000 44 3 825 4929
3 285.000000 10 10 286 0.000000 44 4 828 4891
3 285.000000 10 10 286 0.000000 44 5 828 4955
3 878.000000 30 30 1481 0.000000 89 0 4345 23483
3 850.000000 30 30 1024 0.000000 68 1 2979 17080
3 866.000000 30 30 1348 0.000000 87 2 3930 20834
3 866.000000 30 30 1407 0.000000 93 3 4129 21953
3 848.000000 30 30 1210 0.000000 91 4 3521 19292
3 894.000000 30 30 1582 0.000000 135 5 4651 24587
3 882.000000 30 30 1607 0.000000 118 6 4629 24609
3 856.000000 30 30 1183 0.000000 76 7 3448 18777
3 1617.000000 50 50 4555 0.000000 164 0 13513 69215
3 1585.000000 50 50 4947 0.000000 243 1 14681 74496
3 1801.000000 50 50 7420 0.000000 358 2 22075 107664
3 1897.000000 50 44 24792 0.000000 999 3 74228 347113
3 1865.000000 50 50 7798 0.000000 364 4 22926 110588
3 1523.000000 50 50 4097 0.000000 191 0 12136 61676
3 1439.000000 50 50 2877 0.000000 130 1 8475 45811
3 1773.000000 50 50 6696 0.000000 241 2 19900 100639
3 1771.000000 50 50 6078 0.000000 199 3 17919 89840
3 1873.000000 50 50 9064 0.000000 399 4 26976 133990
3 1731.000000 50 50 6606 0.000000 315 5 19654 96972
3 1755.000000 50 50 6567 0.000000 377 6 19540 93188
3 1671.000000 50 50 5113 0.000000 257 7 15164 75951
3 1569.000000 50 50 4037 0.000000 154 8 11857 60721
3 1555.000000 50 50 3903 0.000000 144 9 11548 59012
3 5679.000000 100 95 47014 0.000000 999 0 140666 704813
3 16600.000000 200 180 117489 0.000000 999 0 351376 1821849
3 21069.000000 200 188 123666 0.000000 999 1 367047 1917582
3 15971.000000 200 173 120304 0.000000 999 2 359042 1853657
3 18297.000000 200 185 111570 0.000000 999 3 331845 1733358
3 15696.000000 200 180 111238 0.000000 999 4 331433 1700232
3 17472.000000 200 183 120909 0.000000 999 5 361209 1866661
3 18443.000000 200 176 137139 0.000000 999 6 406973 2104779
3 16080.000000 200 160 154506 0.000000 999 7 461642 2402755
3 16297.000000 200 191 96220 0.000000 999 8 285337 1460009
3 15756.000000 200 161 151663 0.000000 999 9 452457 2344850
3 5443.000000 100 100 28586 0.000000 595 0 85376 431113
3 4718.000000 100 92 47023 0.000000 999 1 140101 685591
3 5453.000000 100 100 30634 0.000000 673 2 91570 452761
3 5495.000000 100 100 30389 0.000000 654 3 90715 449969
3 6241.000000 100 100 43305 0.000000 820 4 129333 640169
3 5787.000000 100 100 36030 0.000000 895 0 107752 545255
3 5444.000000 100 87 61330 0.000000 999 1 183208 910300
3 4596.000000 100 91 47188 0.000000 999 2 140897 712309
3 3429.000000 100 79 63957 0.000000 999 3 187966 916832
3 5823.000000 100 94 49635 0.000000 999 4 148540 728712
3 5216.000000 100 96 37094 0.000000 999 5 110728 541344
3 6180.000000 100 94 51075 0.000000 999 6 152476 765183
3 6365.000000 100 99 44454 0.000000 999 7 132928 658036
3 6291.000000 100 100 40135 0.000000 939 8 120037 591925
3 4871.000000 100 100 25051 0.000000 541 0 74813 382861
3 5767.000000 100 100 35970 0.000000 869 1 107334 534061
3 5308.000000 100 93 46955 0.000000 999 0 140427 702428
3 6086.000000 100 95 49302 0.000000 999 1 146263 728381
3 5899.000000 100 93 51799 0.000000 999 2 154985 761298
3 5473.000000 100 100 30669 0.000000 572 3 91326 454324
3 4600.000000 100 89 48820 0.000000 999 4 145625 723168
3 6330.000000 100 95 50413 0.000000 999 5 150808 755258
3 6917.000000 100 100 42077 0.000000 907 6 125856 618669
3 5885.000000 100 95 46343 0.000000 999 7 138441 680508
3 7371.000000 100 94 61026 0.000000 999 8 182711 910882
3 5743.000000 100 100 35085 0.000000 798 9 104918 507329
