RUN 0
valores_ideales [0,0,0,0,0,0,0,0,0,0,0,0,0,0,0,0,0,0,0,0,0,0,0,0,0,0,0,0,0,0,0,0,0,0,0,0,0,0,0,0,0,0,0,0,0,0,0,0,0,0]
costo_por_agente [62,196,8,48,10,19,44,10,15,15,37,26,36,15,34,110,31,43,86,57,434,3,461,98,44,9,25,44,8,7,17,18,25,27,16,16,27,423,16,22,69,28,17,90,5,15,31,19,2,55]
completion_time_por_agente [63,197,9,49,11,20,45,11,16,16,39,27,37,16,36,111,32,44,87,60,436,4,462,99,45,10,26,45,9,8,18,19,26,28,17,17,28,424,17,23,70,29,18,91,6,16,33,20,3,56]
tiempo_ultimo_agente_goal 462
tiempo_en_acabar 462
tiempo_promedio 60.580002
agentes_en_goal 50
push_out_count 0
RUN 1
valores_ideales [0,0,0,0,0,0,0,0,0,0,0,0,0,0,0,0,0,0,0,0,0,0,0,0,0,0,0,0,0,0,0,0,0,0,0,0,0,0,0,0,0,0,0,0,0,0,0,0,0,0]
costo_por_agente [50,224,12,22,12,21,44,10,15,15,39,26,32,15,32,40,31,49,140,33,338,3,295,250,354,9,23,48,8,7,17,18,25,25,18,16,29,193,16,22,47,28,17,60,5,15,31,19,2,49]
completion_time_por_agente [51,225,13,23,13,22,45,11,16,16,40,27,35,16,33,41,32,50,141,35,340,4,296,251,356,10,24,49,9,8,18,19,26,26,19,17,30,194,17,23,48,29,18,61,6,16,33,20,3,50]
tiempo_ultimo_agente_goal 356
tiempo_en_acabar 356
tiempo_promedio 58.099998
agentes_en_goal 50
push_out_count 0
RUN 2
valores_ideales [0,0,0,0,0,0,0,0,0,0,0,0,0,0,0,0,0,0,0,0,0,0,0,0,0,0,0,0,0,0,0,0,0,0,0,0,0,0,0,0,0,0,0,0,0,0,0,0,0,0]
costo_por_agente [148,510,8,22,10,21,54,10,15,15,273,26,32,15,32,114,31,51,98,75,258,3,371,352,44,11,25,48,8,7,17,18,25,27,16,16,29,255,16,22,49,28,17,64,5,15,31,19,2,35]
completion_time_por_agente [149,511,9,23,11,22,55,11,16,16,274,27,33,16,33,115,32,52,99,76,260,4,372,353,45,12,26,49,9,8,18,19,26,28,17,17,30,256,17,23,50,29,18,65,6,16,32,20,3,36]
tiempo_ultimo_agente_goal 511
tiempo_en_acabar 511
tiempo_promedio 68.879997
agentes_en_goal 50
push_out_count 0
RUN 3
valores_ideales [0,0,0,0,0,0,0,0,0,0,0,0,0,0,0,0,0,0,0,0,0,0,0,0,0,0,0,0,0,0,0,0,0,0,0,0,0,0,0,0,0,0,0,0,0,0,0,0,0,0]
costo_por_agente [120,380,8,22,10,19,106,10,15,15,47,26,44,15,34,58,31,43,66,27,126,3,505,176,46,9,25,52,8,7,17,18,25,27,16,14,29,267,16,24,47,28,17,102,7,15,31,19,2,97]
completion_time_por_agente [121,381,9,23,11,20,107,11,16,16,48,27,46,16,35,59,32,44,67,29,128,4,506,177,47,10,26,53,9,8,18,19,26,28,17,15,30,268,17,25,48,29,18,103,8,16,33,20,3,98]
tiempo_ultimo_agente_goal 506
tiempo_en_acabar 506
tiempo_promedio 58.500000
agentes_en_goal 50
push_out_count 0
RUN 4
valores_ideales [0,0,0,0,0,0,0,0,0,0,0,0,0,0,0,0,0,0,0,0,0,0,0,0,0,0,0,0,0,0,0,0,0,0,0,0,0,0,0,0,0,0,0,0,0,0,0,0,0,0]
costo_por_agente [82,204,14,66,10,19,310,10,15,15,267,26,54,15,46,40,31,45,188,81,90,3,349,284,44,9,25,24,8,7,17,18,25,25,16,16,27,331,16,22,57,28,17,68,5,15,29,19,2,57]
completion_time_por_agente [83,205,15,67,11,20,311,11,16,16,269,27,55,16,47,43,32,46,189,83,92,4,350,286,47,10,26,27,9,8,18,19,26,26,17,17,28,332,17,23,58,29,18,69,6,16,34,20,3,58]
tiempo_ultimo_agente_goal 350
tiempo_en_acabar 350
tiempo_promedio 65.099998
agentes_en_goal 50
push_out_count 0
RUN 5
valores_ideales [0,0,0,0,0,0,0,0,0,0,0,0,0,0,0,0,0,0,0,0,0,0,0,0,0,0,0,0,0,0,0,0,0,0,0,0,0,0,0,0,0,0,0,0,0,0,0,0,0,0]
costo_por_agente [78,394,8,34,10,21,36,10,15,15,71,26,50,15,32,84,31,43,88,35,364,3,327,302,48,9,25,44,8,7,17,18,25,27,16,16,27,399,18,22,71,30,17,44,5,15,35,19,2,75]
completion_time_por_agente [79,395,9,35,11,22,37,11,16,16,72,27,51,16,33,85,32,44,89,38,366,4,328,303,49,10,26,45,9,8,18,19,26,28,17,17,28,400,19,23,72,31,18,46,6,16,36,20,3,76]
tiempo_ultimo_agente_goal 400
tiempo_en_acabar 400
tiempo_promedio 63.700001
agentes_en_goal 50
push_out_count 0
RUN 6
valores_ideales [0,0,0,0,0,0,0,0,0,0,0,0,0,0,0,0,0,0,0,0,0,0,0,0,0,0,0,0,0,0,0,0,0,0,0,0,0,0,0,0,0,0,0,0,0,0,0,0,0,0]
costo_por_agente [104,518,14,48,10,19,106,10,23,15,139,26,38,15,32,142,31,25,86,27,146,3,281,180,514,9,25,42,8,7,17,18,25,25,16,20,27,329,16,26,47,28,17,62,5,15,29,19,2,109]
completion_time_por_agente [105,519,15,49,11,20,107,11,24,16,140,27,39,16,33,143,32,27,87,29,148,4,282,181,515,10,26,43,9,8,18,19,26,26,17,21,28,330,17,27,48,29,18,63,6,16,30,20,3,110]
tiempo_ultimo_agente_goal 519
tiempo_en_acabar 519
tiempo_promedio 70.959999
agentes_en_goal 50
push_out_count 0
RUN 7
valores_ideales [0,0,0,0,0,0,0,0,0,0,0,0,0,0,0,0,0,0,0,0,0,0,0,0,0,0,0,0,0,0,0,0,0,0,0,0,0,0,0,0,0,0,0,0,0,0,0,0,0,0]
costo_por_agente [242,306,8,58,10,21,188,10,15,15,35,26,36,15,32,98,31,47,52,29,354,3,307,94,44,9,25,58,8,7,17,18,25,27,16,14,27,429,16,22,105,28,17,70,5,15,29,19,2,93]
completion_time_por_agente [243,307,9,60,11,22,189,11,16,16,36,27,37,16,33,99,32,49,53,30,356,4,308,95,45,10,26,59,9,8,18,19,26,28,17,15,28,430,17,23,106,29,18,71,6,16,30,20,3,94]
tiempo_ultimo_agente_goal 430
tiempo_en_acabar 430
tiempo_promedio 64.599998
agentes_en_goal 50
push_out_count 0
RUN 8
valores_ideales [0,0,0,0,0,0,0,0,0,0,0,0,0,0,0,0,0,0,0,0,0,0,0,0,0,0,0,0,0,0,0,0,0,0,0,0,0,0,0,0,0,0,0,0,0,0,0,0,0,0]
costo_por_agente [112,230,8,74,10,21,46,10,15,15,37,26,32,15,36,50,31,29,174,27,234,3,363,126,46,9,25,38,8,7,17,18,25,27,16,18,27,279,16,26,45,28,17,80,5,15,43,19,2,63]
completion_time_por_agente [113,231,9,75,11,22,47,11,16,16,39,27,33,16,38,51,32,31,175,28,236,4,366,127,47,10,26,39,9,8,18,19,26,28,17,19,28,280,17,27,46,29,18,81,6,16,45,20,3,64]
tiempo_ultimo_agente_goal 366
tiempo_en_acabar 366
tiempo_promedio 54.000000
agentes_en_goal 50
push_out_count 0
RUN 9
valores_ideales [0,0,0,0,0,0,0,0,0,0,0,0,0,0,0,0,0,0,0,0,0,0,0,0,0,0,0,0,0,0,0,0,0,0,0,0,0,0,0,0,0,0,0,0,0,0,0,0,0,0]
costo_por_agente [50,336,8,22,10,23,200,10,23,15,181,26,34,15,32,50,31,27,260,39,32,3,413,86,48,9,25,48,8,7,17,18,25,27,16,20,29,281,16,24,67,28,17,74,5,15,39,19,2,87]
completion_time_por_agente [51,337,9,23,11,24,201,11,24,16,182,27,36,16,33,51,32,28,261,41,35,4,414,87,49,10,26,49,9,8,18,19,26,28,17,21,30,282,17,25,68,29,18,75,6,16,40,20,3,88]
tiempo_ultimo_agente_goal 414
tiempo_en_acabar 414
tiempo_promedio 59.020000
agentes_en_goal 50
push_out_count 0
RUN 10
valores_ideales [0,0,0,0,0,0,0,0,0,0,0,0,0,0,0,0,0,0,0,0,0,0,0,0,0,0,0,0,0,0,0,0,0,0,0,0,0,0,0,0,0,0,0,0,0,0,0,0,0,0]
costo_por_agente [88,254,8,22,10,21,154,10,15,15,35,26,36,15,44,78,31,37,148,27,32,3,419,192,48,9,25,22,8,7,17,18,25,27,16,20,29,389,16,28,43,28,17,88,5,15,31,19,2,49]
completion_time_por_agente [89,255,9,23,11,22,155,11,16,16,37,27,37,16,45,79,32,38,150,28,34,4,421,193,49,10,26,23,9,8,18,19,26,28,17,21,30,390,17,29,44,29,18,89,6,16,33,20,3,50]
tiempo_ultimo_agente_goal 421
tiempo_en_acabar 421
tiempo_promedio 55.520000
agentes_en_goal 50
push_out_count 0
RUN 11
valores_ideales [0,0,0,0,0,0,0,0,0,0,0,0,0,0,0,0,0,0,0,0,0,0,0,0,0,0,0,0,0,0,0,0,0,0,0,0,0,0,0,0,0,0,0,0,0,0,0,0,0,0]
costo_por_agente [80,282,14,22,10,21,66,10,15,15,137,26,34,15,32,74,31,25,102,87,150,3,397,224,56,11,25,42,8,7,17,18,25,27,16,14,29,391,18,26,49,30,17,82,5,15,29,21,2,109]
completion_time_por_agente [81,283,15,23,11,23,67,11,16,16,138,27,35,16,33,75,32,26,103,88,153,4,399,226,58,12,26,43,9,8,18,19,26,28,17,15,30,392,19,27,50,31,18,83,6,16,30,22,3,110]
tiempo_ultimo_agente_goal 399
tiempo_en_acabar 399
tiempo_promedio 60.340000
agentes_en_goal 50
push_out_count 0
RUN 12
valores_ideales [0,0,0,0,0,0,0,0,0,0,0,0,0,0,0,0,0,0,0,0,0,0,0,0,0,0,0,0,0,0,0,0,0,0,0,0,0,0,0,0,0,0,0,0,0,0,0,0,0,0]
costo_por_agente [76,328,8,74,10,21,58,10,15,15,35,26,36,15,32,216,31,37,124,27,158,3,395,98,46,9,25,42,8,7,17,18,25,27,16,16,27,321,16,22,89,28,17,92,5,15,43,21,2,123]
completion_time_por_agente [77,329,9,75,11,22,59,11,16,16,36,27,38,16,33,217,32,40,125,29,160,4,397,99,47,10,26,43,9,8,18,19,26,28,17,17,28,322,17,23,90,29,18,93,6,16,46,22,3,125]
tiempo_ultimo_agente_goal 397
tiempo_en_acabar 397
tiempo_promedio 59.680000
agentes_en_goal 50
push_out_count 0
RUN 13
valores_ideales [0,0,0,0,0,0,0,0,0,0,0,0,0,0,0,0,0,0,0,0,0,0,0,0,0,0,0,0,0,0,0,0,0,0,0,0,0,0,0,0,0,0,0,0,0,0,0,0,0,0]
costo_por_agente [70,194,8,22,10,19,180,10,15,15,133,26,40,15,36,130,31,31,182,39,32,3,377,250,44,13,25,64,8,7,17,18,25,27,16,16,29,317,16,26,33,28,17,84,5,15,45,19,2,47]
completion_time_por_agente [71,195,9,23,11,20,182,11,16,16,134,27,41,16,38,131,32,32,183,40,34,4,378,251,45,14,26,65,9,8,18,19,26,28,17,17,30,318,17,27,35,29,18,85,6,16,46,20,3,48]
tiempo_ultimo_agente_goal 378
tiempo_en_acabar 378
tiempo_promedio 57.700001
agentes_en_goal 50
push_out_count 0
RUN 14
valores_ideales [0,0,0,0,0,0,0,0,0,0,0,0,0,0,0,0,0,0,0,0,0,0,0,0,0,0,0,0,0,0,0,0,0,0,0,0,0,0,0,0,0,0,0,0,0,0,0,0,0,0]
costo_por_agente [82,360,8,74,10,23,110,10,15,15,35,26,42,15,32,188,31,31,102,27,370,3,357,90,46,9,23,24,8,7,17,18,25,25,16,16,27,315,16,26,61,28,17,38,5,15,33,19,2,53]
completion_time_por_agente [83,361,9,75,11,24,111,11,16,16,36,27,43,16,33,189,32,32,103,28,372,4,359,92,49,10,24,25,9,8,18,19,26,26,17,17,28,316,17,27,62,29,18,40,6,16,34,20,3,54]
tiempo_ultimo_agente_goal 372
tiempo_en_acabar 372
tiempo_promedio 60.020000
agentes_en_goal 50
push_out_count 0
RUN 15
valores_ideales [0,0,0,0,0,0,0,0,0,0,0,0,0,0,0,0,0,0,0,0,0,0,0,0,0,0,0,0,0,0,0,0,0,0,0,0,0,0,0,0,0,0,0,0,0,0,0,0,0,0]
costo_por_agente [116,150,8,96,10,19,220,10,15,15,35,26,50,15,38,136,31,31,186,27,100,3,173,134,42,9,25,74,8,7,17,18,25,25,16,16,27,219,20,26,33,28,17,68,5,17,39,19,2,73]
completion_time_por_agente [117,151,9,98,11,20,222,11,16,16,37,27,51,16,40,137,32,32,187,28,102,4,175,135,45,10,26,75,9,8,18,19,26,26,17,17,28,220,21,27,35,29,18,69,6,18,42,20,3,74]
tiempo_ultimo_agente_goal 222
tiempo_en_acabar 222
tiempo_promedio 51.599998
agentes_en_goal 50
push_out_count 0
RUN 16
valores_ideales [0,0,0,0,0,0,0,0,0,0,0,0,0,0,0,0,0,0,0,0,0,0,0,0,0,0,0,0,0,0,0,0,0,0,0,0,0,0,0,0,0,0,0,0,0,0,0,0,0,0]
costo_por_agente [94,398,8,22,10,21,172,10,15,15,65,26,36,15,32,98,31,25,168,29,34,3,199,146,44,9,25,56,8,7,17,18,25,27,16,16,31,357,18,24,43,30,17,42,5,15,31,23,2,69]
completion_time_por_agente [95,399,9,23,11,22,173,11,16,16,66,27,37,16,33,99,32,26,169,31,36,4,200,147,45,10,26,57,9,8,18,19,26,28,17,17,32,358,19,25,44,31,18,43,6,16,33,24,3,70]
tiempo_ultimo_agente_goal 399
tiempo_en_acabar 399
tiempo_promedio 54.000000
agentes_en_goal 50
push_out_count 0
RUN 17
valores_ideales [0,0,0,0,0,0,0,0,0,0,0,0,0,0,0,0,0,0,0,0,0,0,0,0,0,0,0,0,0,0,0,0,0,0,0,0,0,0,0,0,0,0,0,0,0,0,0,0,0,0]
costo_por_agente [130,292,8,22,10,19,128,10,15,15,39,26,44,15,42,54,31,37,148,29,34,3,543,134,46,9,25,42,8,7,17,18,25,25,16,18,29,463,20,22,63,28,17,110,5,17,33,19,2,67]
completion_time_por_agente [131,293,9,23,11,20,129,11,16,16,40,27,45,16,43,55,32,38,149,32,36,4,544,135,47,10,26,43,9,8,18,19,26,26,17,19,30,464,21,23,64,29,18,111,6,18,35,20,3,68]
tiempo_ultimo_agente_goal 544
tiempo_en_acabar 544
tiempo_promedio 60.660000
agentes_en_goal 50
push_out_count 0
RUN 18
valores_ideales [0,0,0,0,0,0,0,0,0,0,0,0,0,0,0,0,0,0,0,0,0,0,0,0,0,0,0,0,0,0,0,0,0,0,0,0,0,0,0,0,0,0,0,0,0,0,0,0,0,0]
costo_por_agente [98,196,8,22,10,21,146,10,15,15,35,26,32,15,32,166,31,45,292,31,318,3,387,388,46,11,25,52,8,7,17,18,25,27,16,14,29,299,16,24,47,28,17,30,5,15,29,19,2,45]
completion_time_por_agente [99,197,9,23,11,22,147,11,16,16,36,27,34,16,33,167,32,47,293,32,320,4,388,389,47,12,26,54,9,8,18,19,26,28,17,15,30,300,17,25,48,29,18,31,6,16,30,20,3,46]
tiempo_ultimo_agente_goal 389
tiempo_en_acabar 389
tiempo_promedio 65.339996
agentes_en_goal 50
push_out_count 0
RUN 19
valores_ideales [0,0,0,0,0,0,0,0,0,0,0,0,0,0,0,0,0,0,0,0,0,0,0,0,0,0,0,0,0,0,0,0,0,0,0,0,0,0,0,0,0,0,0,0,0,0,0,0,0,0]
costo_por_agente [68,384,8,22,10,19,106,10,15,15,35,26,32,15,32,158,31,37,130,27,206,3,225,248,44,9,25,36,8,7,17,18,25,27,16,22,29,343,16,28,69,28,17,68,5,17,25,19,2,75]
completion_time_por_agente [69,385,9,23,11,20,107,11,16,16,36,27,33,16,33,159,32,39,131,28,208,4,226,249,45,10,26,37,9,8,18,19,26,28,17,23,30,344,17,29,70,29,18,69,6,18,26,20,3,76]
tiempo_ultimo_agente_goal 385
tiempo_en_acabar 385
tiempo_promedio 58.180000
agentes_en_goal 50
push_out_count 0
RUN 20
valores_ideales [0,0,0,0,0,0,0,0,0,0,0,0,0,0,0,0,0,0,0,0,0,0,0,0,0,0,0,0,0,0,0,0,0,0,0,0,0,0,0,0,0,0,0,0,0,0,0,0,0,0]
costo_por_agente [68,144,8,56,10,19,70,10,15,15,35,26,34,15,32,158,31,53,38,45,362,3,299,156,42,13,25,66,8,7,17,18,25,25,16,16,27,379,16,28,53,28,17,70,5,19,25,19,2,77]
completion_time_por_agente [69,146,9,57,11,20,71,11,16,16,36,27,35,16,33,159,32,55,39,46,364,4,301,157,44,14,26,67,9,8,18,19,26,26,17,17,28,380,17,29,55,29,18,71,6,20,27,20,3,78]
tiempo_ultimo_agente_goal 380
tiempo_en_acabar 380
tiempo_promedio 56.040001
agentes_en_goal 50
push_out_count 0
RUN 21
valores_ideales [0,0,0,0,0,0,0,0,0,0,0,0,0,0,0,0,0,0,0,0,0,0,0,0,0,0,0,0,0,0,0,0,0,0,0,0,0,0,0,0,0,0,0,0,0,0,0,0,0,0]
costo_por_agente [104,366,14,64,10,19,168,10,15,15,35,26,32,15,34,54,31,33,180,27,314,3,433,350,46,9,25,32,8,7,17,18,25,25,16,16,27,483,16,28,85,28,17,48,7,15,25,19,2,67]
completion_time_por_agente [105,367,15,65,11,20,169,11,16,16,36,27,33,16,35,55,32,34,182,28,316,4,434,352,47,10,26,33,9,8,18,19,26,26,17,17,28,484,17,29,86,29,18,49,8,16,26,20,3,68]
tiempo_ultimo_agente_goal 484
tiempo_en_acabar 484
tiempo_promedio 70.320000
agentes_en_goal 50
push_out_count 0
RUN 22
valores_ideales [0,0,0,0,0,0,0,0,0,0,0,0,0,0,0,0,0,0,0,0,0,0,0,0,0,0,0,0,0,0,0,0,0,0,0,0,0,0,0,0,0,0,0,0,0,0,0,0,0,0]
costo_por_agente [130,426,8,100,10,19,72,10,19,15,35,26,32,15,32,78,31,71,44,75,36,3,633,130,44,9,25,42,8,7,17,18,25,25,16,16,29,293,20,22,51,28,17,108,5,17,29,19,2,89]
completion_time_por_agente [131,427,9,101,11,20,73,11,20,16,37,27,33,16,34,79,32,74,45,76,38,4,634,131,46,10,26,43,9,8,18,19,26,26,17,17,30,294,21,23,52,29,18,109,6,18,33,20,3,90]
tiempo_ultimo_agente_goal 634
tiempo_en_acabar 634
tiempo_promedio 61.799999
agentes_en_goal 50
push_out_count 0
RUN 23
valores_ideales [0,0,0,0,0,0,0,0,0,0,0,0,0,0,0,0,0,0,0,0,0,0,0,0,0,0,0,0,0,0,0,0,0,0,0,0,0,0,0,0,0,0,0,0,0,0,0,0,0,0]
costo_por_agente [124,428,8,22,10,23,242,10,15,15,39,26,40,15,32,182,31,37,140,119,246,3,103,216,52,9,25,60,8,7,17,18,25,27,16,16,29,427,16,26,49,28,17,32,5,15,31,19,2,107]
completion_time_por_agente [125,429,9,23,11,24,244,11,16,16,40,27,41,16,33,183,32,39,141,120,249,4,105,217,54,10,26,62,9,8,18,19,26,28,17,17,30,428,17,27,50,29,18,33,6,16,32,20,3,108]
tiempo_ultimo_agente_goal 429
tiempo_en_acabar 429
tiempo_promedio 65.320000
agentes_en_goal 50
push_out_count 0
RUN 24
valores_ideales [0,0,0,0,0,0,0,0,0,0,0,0,0,0,0,0,0,0,0,0,0,0,0,0,0,0,0,0,0,0,0,0,0,0,0,0,0,0,0,0,0,0,0,0,0,0,0,0,0,0]
costo_por_agente [42,286,8,72,10,19,84,10,15,15,35,26,44,15,36,98,31,35,290,87,216,3,43,276,44,9,25,42,8,7,17,18,25,27,16,14,31,413,18,28,85,30,17,108,5,15,29,19,2,45]
completion_time_por_agente [44,287,9,73,11,20,86,11,16,16,36,27,45,16,37,99,32,36,291,88,218,4,44,277,45,10,26,43,9,8,18,19,26,28,17,15,32,414,19,29,86,31,18,110,6,16,30,20,3,46]
tiempo_ultimo_agente_goal 414
tiempo_en_acabar 414
tiempo_promedio 58.939999
agentes_en_goal 50
push_out_count 0
RUN 25
valores_ideales [0,0,0,0,0,0,0,0,0,0,0,0,0,0,0,0,0,0,0,0,0,0,0,0,0,0,0,0,0,0,0,0,0,0,0,0,0,0,0,0,0,0,0,0,0,0,0,0,0,0]
costo_por_agente [126,156,8,74,10,21,162,10,15,15,401,26,34,15,32,116,31,41,326,27,228,3,579,346,354,9,25,50,8,7,17,18,25,27,16,16,27,395,16,22,53,28,17,80,5,15,29,19,2,57]
completion_time_por_agente [127,157,9,75,11,22,164,11,16,16,402,27,35,16,33,117,32,42,327,29,230,4,582,347,356,10,26,52,9,8,18,19,26,28,17,17,28,396,17,23,54,29,18,81,6,16,30,20,3,58]
tiempo_ultimo_agente_goal 582
tiempo_en_acabar 582
tiempo_promedio 83.919998
agentes_en_goal 50
push_out_count 0
RUN 26
valores_ideales [0,0,0,0,0,0,0,0,0,0,0,0,0,0,0,0,0,0,0,0,0,0,0,0,0,0,0,0,0,0,0,0,0,0,0,0,0,0,0,0,0,0,0,0,0,0,0,0,0,0]
costo_por_agente [78,280,12,22,10,25,36,10,15,15,37,26,44,15,34,92,31,37,66,31,322,3,87,100,44,9,25,34,8,7,17,18,25,25,16,16,29,377,16,28,57,28,17,64,5,15,31,19,2,75]
completion_time_por_agente [79,281,13,23,11,26,38,11,16,16,38,27,45,16,35,93,32,38,67,34,324,4,89,101,46,10,26,35,9,8,18,19,26,26,17,17,30,378,17,29,58,29,18,65,6,16,34,20,3,76]
tiempo_ultimo_agente_goal 378
tiempo_en_acabar 378
tiempo_promedio 49.860001
agentes_en_goal 50
push_out_count 0
RUN 27
valores_ideales [0,0,0,0,0,0,0,0,0,0,0,0,0,0,0,0,0,0,0,0,0,0,0,0,0,0,0,0,0,0,0,0,0,0,0,0,0,0,0,0,0,0,0,0,0,0,0,0,0,0]
costo_por_agente [90,422,8,22,10,19,246,10,15,15,37,26,32,15,32,158,31,29,50,27,156,3,207,48,46,13,25,44,8,7,17,18,25,27,16,16,29,361,16,22,45,28,17,98,5,15,51,29,2,57]
completion_time_por_agente [91,423,9,23,11,20,248,11,16,16,39,27,34,16,33,159,32,30,51,28,158,4,208,49,47,14,26,45,9,8,18,19,26,28,17,17,30,362,17,23,46,29,18,99,6,16,52,30,3,58]
tiempo_ultimo_agente_goal 423
tiempo_en_acabar 423
tiempo_promedio 55.980000
agentes_en_goal 50
push_out_count 0
RUN 28
valores_ideales [0,0,0,0,0,0,0,0,0,0,0,0,0,0,0,0,0,0,0,0,0,0,0,0,0,0,0,0,0,0,0,0,0,0,0,0,0,0,0,0,0,0,0,0,0,0,0,0,0,0]
costo_por_agente [56,230,8,78,10,23,148,10,17,15,39,26,36,15,36,200,31,41,146,27,374,3,255,120,44,9,25,50,8,7,17,18,25,25,16,16,27,339,16,22,89,28,17,66,5,15,33,19,2,43]
completion_time_por_agente [57,231,9,79,11,24,149,11,18,16,41,27,38,16,38,201,32,43,147,32,375,4,257,121,47,10,26,52,9,8,18,19,26,26,17,17,28,340,17,23,91,29,18,67,6,16,39,20,3,45]
tiempo_ultimo_agente_goal 375
tiempo_en_acabar 375
tiempo_promedio 59.880001
agentes_en_goal 50
push_out_count 0
RUN 29
valores_ideales [0,0,0,0,0,0,0,0,0,0,0,0,0,0,0,0,0,0,0,0,0,0,0,0,0,0,0,0,0,0,0,0,0,0,0,0,0,0,0,0,0,0,0,0,0,0,0,0,0,0]
costo_por_agente [62,218,8,40,10,19,36,10,15,15,167,26,36,15,34,228,31,29,38,91,196,3,237,218,552,11,25,76,8,7,17,18,25,25,16,14,27,317,16,22,69,28,17,36,5,15,29,19,2,91]
completion_time_por_agente [63,219,9,41,11,20,38,11,16,16,169,27,38,16,36,229,32,30,39,92,198,4,239,219,553,12,26,77,9,8,18,19,26,26,17,15,28,318,17,23,71,29,18,37,6,16,31,20,3,92]
tiempo_ultimo_agente_goal 553
tiempo_en_acabar 553
tiempo_promedio 66.540001
agentes_en_goal 50
push_out_count 0
RUN 30
valores_ideales [0,0,0,0,0,0,0,0,0,0,0,0,0,0,0,0,0,0,0,0,0,0,0,0,0,0,0,0,0,0,0,0,0,0,0,0,0,0,0,0,0,0,0,0,0,0,0,0,0,0]
costo_por_agente [178,228,8,40,10,19,238,10,15,15,35,26,36,15,32,132,31,25,108,27,32,3,47,52,44,9,25,26,8,7,17,18,25,27,16,14,27,367,16,24,41,28,17,50,5,15,35,19,2,53]
completion_time_por_agente [179,229,9,41,11,20,239,11,16,16,36,27,37,16,33,133,32,26,109,28,34,4,48,53,45,10,26,28,9,8,18,19,26,28,17,15,28,368,17,25,42,29,18,51,6,16,37,20,3,54]
tiempo_ultimo_agente_goal 368
tiempo_en_acabar 368
tiempo_promedio 47.000000
agentes_en_goal 50
push_out_count 0
RUN 31
valores_ideales [0,0,0,0,0,0,0,0,0,0,0,0,0,0,0,0,0,0,0,0,0,0,0,0,0,0,0,0,0,0,0,0,0,0,0,0,0,0,0,0,0,0,0,0,0,0,0,0,0,0]
costo_por_agente [106,338,8,22,10,25,156,10,21,15,37,26,36,15,34,164,31,25,72,27,332,3,41,388,44,9,25,28,8,7,17,18,25,27,16,16,31,295,18,22,57,30,17,64,5,15,37,19,2,97]
completion_time_por_agente [107,339,9,23,11,26,157,11,22,16,38,27,37,16,35,165,32,27,73,29,334,4,42,389,45,10,26,30,9,8,18,19,26,28,17,17,32,296,19,23,58,31,18,65,6,16,39,20,3,98]
tiempo_ultimo_agente_goal 389
tiempo_en_acabar 389
tiempo_promedio 58.919998
agentes_en_goal 50
push_out_count 0
RUN 32
valores_ideales [0,0,0,0,0,0,0,0,0,0,0,0,0,0,0,0,0,0,0,0,0,0,0,0,0,0,0,0,0,0,0,0,0,0,0,0,0,0,0,0,0,0,0,0,0,0,0,0,0,0]
costo_por_agente [76,484,8,22,10,19,154,10,17,15,363,26,36,15,32,80,31,35,184,29,32,3,119,134,44,9,25,62,8,7,17,18,25,27,16,14,29,405,16,22,63,28,17,52,5,15,33,19,2,45]
completion_time_por_agente [77,485,9,23,11,20,156,11,18,16,364,27,37,16,33,81,32,36,185,32,34,4,120,135,45,10,26,63,9,8,18,19,26,28,17,15,30,406,17,23,64,29,18,53,6,16,35,20,3,46]
tiempo_ultimo_agente_goal 485
tiempo_en_acabar 485
tiempo_promedio 60.240002
agentes_en_goal 50
push_out_count 0
RUN 33
valores_ideales [0,0,0,0,0,0,0,0,0,0,0,0,0,0,0,0,0,0,0,0,0,0,0,0,0,0,0,0,0,0,0,0,0,0,0,0,0,0,0,0,0,0,0,0,0,0,0,0,0,0]
costo_por_agente [84,292,8,22,10,19,86,10,17,15,39,26,38,15,32,198,31,51,102,79,34,3,289,180,46,9,25,46,8,7,17,18,25,27,16,14,29,327,18,28,77,30,17,30,5,15,29,19,2,79]
completion_time_por_agente [85,293,9,23,11,20,87,11,18,16,40,27,39,16,33,199,32,53,103,81,36,4,290,181,47,10,26,47,9,8,18,19,26,28,17,15,30,328,19,29,78,31,18,31,6,16,30,20,3,80]
tiempo_ultimo_agente_goal 328
tiempo_en_acabar 328
tiempo_promedio 53.919998
agentes_en_goal 50
push_out_count 0
RUN 34
valores_ideales [0,0,0,0,0,0,0,0,0,0,0,0,0,0,0,0,0,0,0,0,0,0,0,0,0,0,0,0,0,0,0,0,0,0,0,0,0,0,0,0,0,0,0,0,0,0,0,0,0,0]
costo_por_agente [94,352,8,60,10,19,174,10,15,15,431,26,32,15,32,198,31,35,80,29,128,3,505,204,44,9,25,24,8,7,17,18,25,27,16,16,27,375,16,22,59,28,17,62,7,15,35,19,2,105]
completion_time_por_agente [95,353,9,61,11,20,175,11,16,16,432,27,33,16,33,199,32,36,81,30,130,4,506,205,45,10,26,25,9,8,18,19,26,28,17,17,28,376,17,23,60,29,18,63,8,16,36,20,3,106]
tiempo_ultimo_agente_goal 506
tiempo_en_acabar 506
tiempo_promedio 71.639999
agentes_en_goal 50
push_out_count 0
RUN 35
valores_ideales [0,0,0,0,0,0,0,0,0,0,0,0,0,0,0,0,0,0,0,0,0,0,0,0,0,0,0,0,0,0,0,0,0,0,0,0,0,0,0,0,0,0,0,0,0,0,0,0,0,0]
costo_por_agente [54,348,12,124,12,19,38,10,15,15,35,26,40,15,52,158,31,27,72,93,132,3,593,168,48,9,25,78,8,7,17,18,25,27,16,16,27,239,18,22,95,30,17,46,5,15,37,19,2,59]
completion_time_por_agente [55,349,13,125,13,20,44,11,16,16,37,27,43,16,55,159,32,30,73,94,134,4,594,169,52,10,26,79,9,8,18,19,26,28,17,17,28,240,19,23,96,31,18,47,6,16,41,20,3,60]
tiempo_ultimo_agente_goal 594
tiempo_en_acabar 594
tiempo_promedio 61.720001
agentes_en_goal 50
push_out_count 0
RUN 36
valores_ideales [0,0,0,0,0,0,0,0,0,0,0,0,0,0,0,0,0,0,0,0,0,0,0,0,0,0,0,0,0,0,0,0,0,0,0,0,0,0,0,0,0,0,0,0,0,0,0,0,0,0]
costo_por_agente [138,252,8,70,10,19,132,10,15,15,49,26,32,15,32,80,31,23,208,29,100,3,359,58,44,9,25,74,8,7,17,18,25,27,16,16,27,379,18,26,69,28,17,110,5,15,45,31,2,49]
completion_time_por_agente [139,253,9,71,11,20,134,11,16,16,51,27,33,16,33,81,32,24,209,30,102,4,360,59,45,10,26,75,9,8,18,19,26,28,17,17,28,380,19,27,70,29,18,111,6,16,46,33,3,50]
tiempo_ultimo_agente_goal 380
tiempo_en_acabar 380
tiempo_promedio 57.500000
agentes_en_goal 50
push_out_count 0
RUN 37
valores_ideales [0,0,0,0,0,0,0,0,0,0,0,0,0,0,0,0,0,0,0,0,0,0,0,0,0,0,0,0,0,0,0,0,0,0,0,0,0,0,0,0,0,0,0,0,0,0,0,0,0,0]
costo_por_agente [70,480,8,22,10,23,160,10,15,15,97,26,38,15,32,58,31,43,178,29,298,3,397,290,46,9,23,40,8,7,17,18,25,25,16,18,31,371,16,22,67,28,17,68,5,15,29,19,2,77]
completion_time_por_agente [71,481,9,23,11,24,161,11,16,16,98,27,39,16,33,59,32,44,179,30,301,4,398,291,47,10,24,41,9,8,18,19,26,26,17,19,32,372,17,23,68,29,18,70,6,16,30,20,3,78]
tiempo_ultimo_agente_goal 481
tiempo_en_acabar 481
tiempo_promedio 68.400002
agentes_en_goal 50
push_out_count 0
RUN 38
valores_ideales [0,0,0,0,0,0,0,0,0,0,0,0,0,0,0,0,0,0,0,0,0,0,0,0,0,0,0,0,0,0,0,0,0,0,0,0,0,0,0,0,0,0,0,0,0,0,0,0,0,0]
costo_por_agente [150,64,8,22,10,19,74,10,15,15,183,26,36,15,34,106,31,35,38,79,350,3,43,70,44,9,25,64,8,7,17,18,25,25,16,16,29,173,16,26,53,28,17,64,13,15,31,19,2,55]
completion_time_por_agente [151,65,9,23,11,20,75,11,16,16,184,27,37,16,37,107,32,36,39,82,352,4,46,71,45,10,26,66,9,8,18,19,26,26,17,17,30,174,17,27,54,29,18,65,14,16,33,20,3,56]
tiempo_ultimo_agente_goal 352
tiempo_en_acabar 352
tiempo_promedio 46.200001
agentes_en_goal 50
push_out_count 0
RUN 39
valores_ideales [0,0,0,0,0,0,0,0,0,0,0,0,0,0,0,0,0,0,0,0,0,0,0,0,0,0,0,0,0,0,0,0,0,0,0,0,0,0,0,0,0,0,0,0,0,0,0,0,0,0]
costo_por_agente [92,156,14,104,10,19,206,10,17,15,35,26,38,15,36,144,31,25,44,29,358,3,447,198,46,9,25,54,8,7,17,18,25,27,16,16,27,319,18,22,59,30,17,50,5,15,33,19,2,79]
completion_time_por_agente [93,157,15,105,11,20,208,11,18,16,36,27,39,16,39,145,32,27,45,31,360,4,449,199,47,10,26,55,9,8,18,19,26,28,17,17,28,320,19,23,60,31,18,51,6,16,35,20,3,80]
tiempo_ultimo_agente_goal 449
tiempo_en_acabar 449
tiempo_promedio 61.860001
agentes_en_goal 50
push_out_count 0
