RUN 0
valores_ideales [0,0,0,0,0,0,0,0,0,0,0,0,0,0,0,0,0,0,0,0,0,0,0,0,0,0,0,0,0,0,0,0,0,0,0,0,0,0,0,0,0,0,0,0,0,0,0,0,0,0,0,0,0,0,0,0,0,0,0,0,0,0,0,0,0,0,0,0,0,0,0,0,0,0,0,0,0,0,0,0,0,0,0,0,0,0,0,0,0,0,0,0,0,0,0,0,0,0,0,0,0,0,0,0,0,0,0,0,0,0,0,0,0,0,0,0,0,0,0,0,0,0,0,0,0,0,0,0,0,0,0,0,0,0,0,0,0,0,0,0,0,0,0,0,0,0,0,0,0,0]
costo_por_agente [264,32,473,12,26,69,58,62,46,34,258,17,4,21,216,21,355,233,315,82,19,46,153,49,9,45,20,30,5,45,23,33,6,19,18,83,46,36,16,4,324,15,35,7,23,67,99,2,22,15,29,40,18,49,28,20,45,238,472,64,61,17,458,137,21,5,118,19,145,113,22,7,2,69,5,20,87,43,406,3,278,26,353,40,9,96,28,184,15,23,13,36,390,27,358,35,332,6,221,30,1,15,389,33,65,6,17,43,16,7,68,83,39,22,6,8,105,15,14,450,12,6,78,11,36,13,438,4,53,90,18,57,30,43,363,27,17,411,2,78,91,21,12,25,15,23,15,65,15,20]
completion_time_por_agente [266,33,479,13,27,70,62,65,50,35,260,18,5,25,218,23,356,236,320,83,20,51,155,54,10,47,22,33,6,48,24,34,7,20,19,85,47,39,17,5,325,16,36,8,24,69,103,3,23,18,30,42,19,54,29,21,51,241,474,71,65,18,460,142,22,6,119,21,146,114,23,8,3,71,6,21,89,49,407,4,279,28,361,43,10,97,31,186,16,24,14,37,391,28,359,37,333,7,223,31,2,16,398,34,67,7,18,44,17,8,69,84,43,25,7,9,107,16,15,452,13,7,79,12,40,14,440,5,63,91,19,60,31,46,365,28,18,414,3,79,97,22,13,26,16,24,17,69,16,21]
tiempo_ultimo_agente_goal 479
tiempo_en_acabar 479
tiempo_promedio 86.393333
agentes_en_goal 150
push_out_count 0
RUN 1
valores_ideales [0,0,0,0,0,0,0,0,0,0,0,0,0,0,0,0,0,0,0,0,0,0,0,0,0,0,0,0,0,0,0,0,0,0,0,0,0,0,0,0,0,0,0,0,0,0,0,0,0,0,0,0,0,0,0,0,0,0,0,0,0,0,0,0,0,0,0,0,0,0,0,0,0,0,0,0,0,0,0,0,0,0,0,0,0,0,0,0,0,0,0,0,0,0,0,0,0,0,0,0,0,0,0,0,0,0,0,0,0,0,0,0,0,0,0,0,0,0,0,0,0,0,0,0,0,0,0,0,0,0,0,0,0,0,0,0,0,0,0,0,0,0,0,0,0,0,0,0,0,0]
costo_por_agente [290,32,639,12,26,63,28,40,48,34,418,15,4,55,118,21,341,165,59,90,9,50,167,33,9,45,14,94,5,31,23,37,6,19,18,147,78,88,8,6,326,13,33,3,23,75,99,2,34,17,27,64,18,57,28,20,83,382,52,38,257,15,524,69,19,5,130,67,83,165,22,7,2,79,5,20,199,39,582,3,346,28,433,46,9,44,156,252,15,23,19,36,412,27,232,27,496,6,341,30,1,11,385,27,133,6,13,31,14,7,68,117,67,112,6,8,143,19,14,506,12,10,170,11,48,13,154,4,41,114,18,49,30,293,297,29,21,311,2,86,65,23,12,37,15,23,15,25,15,20]
completion_time_por_agente [292,33,641,13,27,65,33,45,49,35,419,16,5,61,119,22,342,167,69,93,10,55,170,35,10,46,15,95,6,32,24,38,7,20,19,148,80,90,9,7,327,14,34,4,24,76,102,3,35,22,28,65,19,58,29,21,85,383,61,42,262,16,525,70,20,6,131,72,85,167,23,8,3,80,6,21,201,42,584,4,348,29,437,53,10,46,159,254,16,24,20,37,413,28,233,33,497,7,344,31,2,12,386,28,135,7,14,32,15,8,71,118,73,118,7,9,145,20,15,507,13,11,172,12,52,14,155,5,43,115,19,51,31,297,299,30,22,312,3,89,69,24,13,38,16,24,16,33,16,21]
tiempo_ultimo_agente_goal 641
tiempo_en_acabar 641
tiempo_promedio 93.173332
agentes_en_goal 150
push_out_count 0
RUN 2
valores_ideales [0,0,0,0,0,0,0,0,0,0,0,0,0,0,0,0,0,0,0,0,0,0,0,0,0,0,0,0,0,0,0,0,0,0,0,0,0,0,0,0,0,0,0,0,0,0,0,0,0,0,0,0,0,0,0,0,0,0,0,0,0,0,0,0,0,0,0,0,0,0,0,0,0,0,0,0,0,0,0,0,0,0,0,0,0,0,0,0,0,0,0,0,0,0,0,0,0,0,0,0,0,0,0,0,0,0,0,0,0,0,0,0,0,0,0,0,0,0,0,0,0,0,0,0,0,0,0,0,0,0,0,0,0,0,0,0,0,0,0,0,0,0,0,0,0,0,0,0,0,0]
costo_por_agente [34,32,535,14,26,59,58,32,36,36,190,17,4,37,106,21,347,345,121,92,13,54,137,45,9,43,14,28,5,31,23,35,6,19,18,341,94,62,8,4,488,13,31,3,27,59,151,2,34,11,27,44,18,43,28,20,85,172,204,92,57,13,404,99,23,5,138,17,155,275,22,7,2,129,5,20,47,23,556,7,498,28,459,290,9,46,32,200,15,31,15,40,586,29,334,57,310,6,315,30,1,17,261,25,113,4,13,29,16,7,74,115,35,70,6,8,97,15,14,488,12,10,30,11,424,13,488,4,47,96,20,39,28,375,277,25,23,369,2,58,75,17,12,25,19,23,17,31,23,20]
completion_time_por_agente [40,33,538,15,27,61,60,37,41,37,193,18,5,38,108,22,350,347,124,94,14,59,143,54,10,44,15,35,6,34,24,36,7,20,19,343,95,65,9,5,490,14,32,4,28,62,154,3,35,12,28,50,19,46,29,21,89,173,208,97,65,14,405,101,24,6,140,18,156,276,23,8,3,130,6,21,56,26,559,8,499,30,463,295,10,51,38,201,16,32,16,41,587,31,335,59,311,7,318,31,2,18,264,26,117,5,14,30,18,8,79,116,41,71,7,9,98,16,15,490,13,11,35,12,436,14,489,5,50,100,21,43,29,376,280,26,24,370,3,59,77,18,13,26,20,24,18,34,24,23]
tiempo_ultimo_agente_goal 587
tiempo_en_acabar 587
tiempo_promedio 95.680000
agentes_en_goal 150
push_out_count 0
RUN 3
valores_ideales [0,0,0,0,0,0,0,0,0,0,0,0,0,0,0,0,0,0,0,0,0,0,0,0,0,0,0,0,0,0,0,0,0,0,0,0,0,0,0,0,0,0,0,0,0,0,0,0,0,0,0,0,0,0,0,0,0,0,0,0,0,0,0,0,0,0,0,0,0,0,0,0,0,0,0,0,0,0,0,0,0,0,0,0,0,0,0,0,0,0,0,0,0,0,0,0,0,0,0,0,0,0,0,0,0,0,0,0,0,0,0,0,0,0,0,0,0,0,0,0,0,0,0,0,0,0,0,0,0,0,0,0,0,0,0,0,0,0,0,0,0,0,0,0,0,0,0,0,0,0]
costo_por_agente [172,32,43,12,26,71,30,74,106,34,212,17,4,83,106,19,231,241,381,34,9,46,159,55,9,41,22,66,5,29,23,33,6,19,18,279,56,36,8,4,98,13,29,3,23,55,155,2,22,13,27,48,18,31,28,20,31,358,158,32,325,15,206,79,25,5,182,31,125,195,22,7,2,103,5,20,113,23,400,3,446,20,549,80,9,42,154,214,17,33,13,36,716,27,296,55,254,6,477,30,1,11,271,29,53,6,13,35,14,7,78,107,33,16,6,8,103,15,14,160,12,6,148,11,412,13,638,4,41,110,22,67,30,47,401,31,23,499,2,66,93,17,12,29,15,25,21,35,21,24]
completion_time_por_agente [174,33,49,13,27,72,35,78,109,35,213,18,5,85,108,20,232,242,391,38,10,49,160,57,10,42,23,67,6,30,24,34,7,20,19,282,58,43,9,5,99,14,30,4,24,56,157,3,23,14,28,50,19,33,29,21,32,359,162,37,329,16,208,87,26,6,183,42,127,196,23,9,3,104,6,21,115,26,402,4,447,21,555,88,10,47,156,215,18,34,14,37,720,28,298,58,255,7,480,31,2,12,273,30,54,7,14,36,15,8,81,109,37,18,7,9,104,16,15,161,13,7,150,12,421,14,639,5,46,112,23,68,31,49,403,32,24,502,3,67,95,18,13,30,16,26,30,40,22,28]
tiempo_ultimo_agente_goal 720
tiempo_en_acabar 720
tiempo_promedio 90.166664
agentes_en_goal 150
push_out_count 0
RUN 4
valores_ideales [0,0,0,0,0,0,0,0,0,0,0,0,0,0,0,0,0,0,0,0,0,0,0,0,0,0,0,0,0,0,0,0,0,0,0,0,0,0,0,0,0,0,0,0,0,0,0,0,0,0,0,0,0,0,0,0,0,0,0,0,0,0,0,0,0,0,0,0,0,0,0,0,0,0,0,0,0,0,0,0,0,0,0,0,0,0,0,0,0,0,0,0,0,0,0,0,0,0,0,0,0,0,0,0,0,0,0,0,0,0,0,0,0,0,0,0,0,0,0,0,0,0,0,0,0,0,0,0,0,0,0,0,0,0,0,0,0,0,0,0,0,0,0,0,0,0,0,0,0,0]
costo_por_agente [898,32,871,14,26,51,40,36,588,36,598,31,4,803,340,17,867,487,49,28,9,58,622,49,9,55,12,816,5,33,25,37,6,21,18,413,898,845,8,4,980,13,27,3,23,51,376,2,32,19,27,884,20,55,28,20,35,306,38,32,45,17,759,623,21,5,926,15,855,862,22,7,2,892,5,20,41,21,60,3,988,36,679,44,9,52,30,430,15,23,13,36,675,31,835,47,950,6,369,30,1,11,658,27,346,6,15,25,14,7,507,896,29,40,6,8,354,15,14,967,14,6,782,13,42,13,963,4,39,578,22,57,30,864,914,23,21,632,2,814,49,29,12,25,15,25,17,29,17,20]
completion_time_por_agente [1000,33,999,15,27,56,51,43,999,37,999,32,5,999,999,18,999,999,999,29,10,63,999,999,10,56,14,999,6,34,26,38,7,22,19,999,999,999,9,5,999,14,28,4,24,999,999,3,33,21,28,999,21,58,29,21,40,999,41,38,52,18,999,999,22,6,999,18,999,999,23,8,3,999,6,21,44,23,63,4,999,37,999,48,10,55,31,999,16,25,14,37,999,32,999,53,999,7,999,31,2,12,999,28,999,7,16,26,15,8,999,999,31,46,7,9,999,16,15,999,15,7,999,14,49,14,999,5,43,999,23,62,31,999,999,24,22,999,3,999,999,30,13,26,16,26,19,33,18,21]
tiempo_ultimo_agente_goal 63
tiempo_en_acabar 1000
tiempo_promedio 329.873322
agentes_en_goal 103
push_out_count 0
RUN 5
valores_ideales [0,0,0,0,0,0,0,0,0,0,0,0,0,0,0,0,0,0,0,0,0,0,0,0,0,0,0,0,0,0,0,0,0,0,0,0,0,0,0,0,0,0,0,0,0,0,0,0,0,0,0,0,0,0,0,0,0,0,0,0,0,0,0,0,0,0,0,0,0,0,0,0,0,0,0,0,0,0,0,0,0,0,0,0,0,0,0,0,0,0,0,0,0,0,0,0,0,0,0,0,0,0,0,0,0,0,0,0,0,0,0,0,0,0,0,0,0,0,0,0,0,0,0,0,0,0,0,0,0,0,0,0,0,0,0,0,0,0,0,0,0,0,0,0,0,0,0,0,0,0]
costo_por_agente [214,32,363,24,26,57,56,56,76,34,344,15,4,23,164,21,399,303,635,30,9,284,37,41,11,55,26,30,5,31,23,35,6,19,18,241,44,68,8,6,706,13,31,3,23,43,59,2,34,15,29,52,18,41,28,20,99,142,448,60,319,13,308,83,21,5,166,57,161,183,22,7,2,57,5,20,71,21,72,3,440,24,275,136,9,44,28,310,15,23,13,38,604,27,306,29,434,6,319,30,1,13,211,25,67,6,13,29,22,7,76,159,79,64,6,8,107,15,14,194,12,6,166,15,36,13,466,4,49,100,20,35,28,39,377,23,17,225,2,80,95,25,12,25,17,23,17,29,15,22]
completion_time_por_agente [217,33,366,25,27,59,60,62,78,35,345,16,5,26,165,23,401,304,642,34,10,290,42,44,12,56,27,34,6,32,24,36,7,20,19,243,48,74,9,7,707,14,32,4,24,44,61,3,35,19,30,62,19,44,29,21,105,143,450,64,321,14,314,87,23,6,167,60,163,185,23,8,3,61,6,21,75,22,76,4,441,25,277,145,10,48,31,311,16,24,14,39,609,28,307,33,435,7,321,31,2,14,212,26,69,7,14,30,23,8,77,160,81,66,7,9,109,16,15,195,13,7,168,16,42,14,468,5,57,101,21,39,29,40,380,24,18,227,3,83,99,26,13,26,18,24,19,35,16,23]
tiempo_ultimo_agente_goal 707
tiempo_en_acabar 707
tiempo_promedio 92.386665
agentes_en_goal 150
push_out_count 0
RUN 6
valores_ideales [0,0,0,0,0,0,0,0,0,0,0,0,0,0,0,0,0,0,0,0,0,0,0,0,0,0,0,0,0,0,0,0,0,0,0,0,0,0,0,0,0,0,0,0,0,0,0,0,0,0,0,0,0,0,0,0,0,0,0,0,0,0,0,0,0,0,0,0,0,0,0,0,0,0,0,0,0,0,0,0,0,0,0,0,0,0,0,0,0,0,0,0,0,0,0,0,0,0,0,0,0,0,0,0,0,0,0,0,0,0,0,0,0,0,0,0,0,0,0,0,0,0,0,0,0,0,0,0,0,0,0,0,0,0,0,0,0,0,0,0,0,0,0,0,0,0,0,0,0,0]
costo_por_agente [220,32,39,12,26,57,42,46,92,34,272,23,4,119,114,19,379,173,69,30,9,48,49,33,9,47,12,66,5,29,25,33,6,21,18,309,88,84,8,4,422,13,29,5,23,61,161,2,24,11,29,72,18,47,28,22,37,122,216,94,63,13,252,53,21,5,160,13,127,111,22,9,2,79,5,20,35,23,60,3,460,26,593,48,9,36,132,104,15,29,13,36,416,27,206,49,606,6,207,30,1,17,347,25,113,6,13,25,24,7,66,69,39,14,6,8,51,15,14,448,12,10,124,15,44,13,250,4,41,160,20,49,30,403,415,27,21,259,2,82,43,27,12,29,15,27,21,23,17,20]
completion_time_por_agente [221,33,44,13,27,60,44,48,93,35,275,24,5,121,115,20,381,174,76,37,10,54,54,36,10,48,13,67,6,30,26,34,7,22,19,311,89,86,9,5,423,14,30,6,24,62,162,3,25,12,30,73,19,49,30,23,42,124,218,99,69,14,253,55,22,6,161,14,129,112,23,10,3,80,6,21,38,26,63,4,461,28,595,51,10,40,133,105,16,30,14,37,417,28,207,51,607,7,208,31,2,18,348,26,115,7,14,26,25,8,68,70,42,15,7,9,53,16,15,449,13,11,126,16,50,14,252,5,45,161,21,51,31,406,418,28,22,260,3,84,50,28,13,30,16,28,29,27,18,21]
tiempo_ultimo_agente_goal 607
tiempo_en_acabar 607
tiempo_promedio 80.300003
agentes_en_goal 150
push_out_count 0
RUN 7
valores_ideales [0,0,0,0,0,0,0,0,0,0,0,0,0,0,0,0,0,0,0,0,0,0,0,0,0,0,0,0,0,0,0,0,0,0,0,0,0,0,0,0,0,0,0,0,0,0,0,0,0,0,0,0,0,0,0,0,0,0,0,0,0,0,0,0,0,0,0,0,0,0,0,0,0,0,0,0,0,0,0,0,0,0,0,0,0,0,0,0,0,0,0,0,0,0,0,0,0,0,0,0,0,0,0,0,0,0,0,0,0,0,0,0,0,0,0,0,0,0,0,0,0,0,0,0,0,0,0,0,0,0,0,0,0,0,0,0,0,0,0,0,0,0,0,0,0,0,0,0,0,0]
costo_por_agente [424,32,753,12,26,59,38,42,34,34,226,21,4,81,140,17,339,271,59,28,9,304,81,31,9,39,26,78,5,43,29,33,6,19,20,241,76,34,8,6,310,13,31,3,23,31,89,2,26,31,31,58,28,37,28,20,97,110,30,88,247,15,424,89,23,5,70,21,97,191,22,7,2,75,5,20,35,19,504,3,188,22,553,58,9,52,164,378,15,27,13,38,318,27,264,41,224,6,285,30,1,11,319,25,51,6,15,27,18,7,38,125,55,56,6,10,85,15,14,178,18,6,128,11,36,15,212,4,29,128,18,43,28,329,397,25,17,571,2,72,37,27,14,29,15,23,15,31,17,22]
completion_time_por_agente [425,33,755,13,27,62,41,44,35,35,229,22,5,82,142,18,341,272,63,32,11,308,83,33,10,40,27,79,6,44,30,34,7,20,21,245,77,35,9,7,311,14,32,4,24,32,91,3,27,35,32,61,29,39,29,21,100,111,35,90,254,16,427,90,24,6,71,23,98,193,23,8,3,76,6,21,37,21,507,4,189,23,558,62,10,55,167,380,16,28,14,39,321,28,267,43,225,7,289,31,2,12,321,26,52,7,16,28,19,8,39,126,56,57,7,11,86,16,15,180,19,7,133,12,38,16,213,5,32,130,19,47,29,330,398,26,18,573,3,74,38,28,15,31,16,24,16,33,18,23]
tiempo_ultimo_agente_goal 755
tiempo_en_acabar 755
tiempo_promedio 86.866669
agentes_en_goal 150
push_out_count 0
RUN 8
valores_ideales [0,0,0,0,0,0,0,0,0,0,0,0,0,0,0,0,0,0,0,0,0,0,0,0,0,0,0,0,0,0,0,0,0,0,0,0,0,0,0,0,0,0,0,0,0,0,0,0,0,0,0,0,0,0,0,0,0,0,0,0,0,0,0,0,0,0,0,0,0,0,0,0,0,0,0,0,0,0,0,0,0,0,0,0,0,0,0,0,0,0,0,0,0,0,0,0,0,0,0,0,0,0,0,0,0,0,0,0,0,0,0,0,0,0,0,0,0,0,0,0,0,0,0,0,0,0,0,0,0,0,0,0,0,0,0,0,0,0,0,0,0,0,0,0,0,0,0,0,0,0]
costo_por_agente [182,32,503,12,26,55,30,40,88,36,222,25,4,65,162,19,371,299,41,36,13,460,103,25,11,45,14,24,5,29,27,31,6,19,18,133,50,38,8,6,398,13,35,3,23,83,63,2,24,15,27,40,18,43,28,20,57,422,20,94,491,15,436,77,21,5,64,15,111,107,22,13,2,57,5,20,199,31,512,7,494,26,735,488,9,40,94,264,17,37,13,36,454,25,164,75,92,6,449,30,1,11,213,27,169,6,17,27,14,7,58,67,31,14,6,8,71,15,14,668,12,6,106,11,32,13,316,4,89,166,20,73,28,155,371,23,23,551,2,86,65,21,12,23,17,25,15,27,15,20]
completion_time_por_agente [183,33,508,13,27,57,33,49,89,37,223,29,5,68,164,20,372,300,46,41,14,462,106,28,12,46,15,26,6,30,28,32,7,20,19,134,55,44,9,7,399,14,36,4,24,84,65,3,25,16,28,44,19,47,29,21,63,424,24,97,495,16,439,82,22,6,67,16,112,108,23,15,3,62,6,21,208,34,520,8,497,27,740,500,10,42,95,265,18,38,14,37,456,26,165,77,93,7,450,31,2,12,219,28,171,7,18,28,15,8,62,68,33,17,7,9,73,16,15,669,13,7,108,12,35,14,317,5,102,168,21,74,29,157,372,24,24,552,3,88,69,24,13,24,18,26,18,35,16,21]
tiempo_ultimo_agente_goal 740
tiempo_en_acabar 740
tiempo_promedio 97.199997
agentes_en_goal 150
push_out_count 0
RUN 9
valores_ideales [0,0,0,0,0,0,0,0,0,0,0,0,0,0,0,0,0,0,0,0,0,0,0,0,0,0,0,0,0,0,0,0,0,0,0,0,0,0,0,0,0,0,0,0,0,0,0,0,0,0,0,0,0,0,0,0,0,0,0,0,0,0,0,0,0,0,0,0,0,0,0,0,0,0,0,0,0,0,0,0,0,0,0,0,0,0,0,0,0,0,0,0,0,0,0,0,0,0,0,0,0,0,0,0,0,0,0,0,0,0,0,0,0,0,0,0,0,0,0,0,0,0,0,0,0,0,0,0,0,0,0,0,0,0,0,0,0,0,0,0,0,0,0,0,0,0,0,0,0,0]
costo_por_agente [258,36,787,22,26,109,52,32,32,34,310,21,4,25,72,19,287,111,59,102,13,54,77,43,9,43,20,30,5,33,25,33,6,19,18,255,118,116,8,4,648,13,27,3,23,45,91,2,22,25,27,62,18,43,28,20,63,252,46,36,93,19,380,71,23,5,174,21,119,131,22,7,2,117,5,20,105,35,696,5,138,36,365,58,9,32,124,88,15,23,13,44,482,27,366,63,440,8,369,30,1,11,313,31,49,6,13,25,14,7,72,135,25,54,6,12,103,15,14,290,14,6,178,13,36,13,420,4,33,102,18,49,28,177,473,31,19,423,2,100,97,17,12,23,15,25,15,43,15,20]
completion_time_por_agente [259,37,791,23,27,111,60,34,33,35,311,24,5,26,76,20,288,113,69,103,14,56,79,48,10,44,21,31,6,36,26,34,7,20,19,257,120,120,9,5,649,14,28,4,24,48,96,3,24,26,28,67,19,46,29,21,69,253,56,44,99,20,384,73,24,6,175,22,120,132,23,8,3,119,6,21,109,40,701,7,139,37,368,66,10,34,125,89,16,24,14,45,483,28,367,70,442,9,370,31,2,12,314,32,57,7,14,26,15,8,76,136,26,65,7,13,108,16,15,291,15,7,180,14,40,14,422,5,36,103,19,55,29,179,475,32,20,424,3,102,98,18,13,24,16,26,16,47,16,21]
tiempo_ultimo_agente_goal 791
tiempo_en_acabar 791
tiempo_promedio 90.153336
agentes_en_goal 150
push_out_count 0
RUN 10
valores_ideales [0,0,0,0,0,0,0,0,0,0,0,0,0,0,0,0,0,0,0,0,0,0,0,0,0,0,0,0,0,0,0,0,0,0,0,0,0,0,0,0,0,0,0,0,0,0,0,0,0,0,0,0,0,0,0,0,0,0,0,0,0,0,0,0,0,0,0,0,0,0,0,0,0,0,0,0,0,0,0,0,0,0,0,0,0,0,0,0,0,0,0,0,0,0,0,0,0,0,0,0,0,0,0,0,0,0,0,0,0,0,0,0,0,0,0,0,0,0,0,0,0,0,0,0,0,0,0,0,0,0,0,0,0,0,0,0,0,0,0,0,0,0,0,0,0,0,0,0,0,0]
costo_por_agente [330,32,45,10,26,69,42,66,66,34,130,15,4,29,158,19,297,129,407,100,13,64,151,69,9,43,14,74,5,31,23,37,6,25,18,369,102,76,8,4,312,13,27,11,23,83,89,2,28,47,27,50,22,51,28,20,77,188,34,144,245,13,508,39,21,5,170,31,179,171,22,7,2,51,5,20,35,21,484,9,402,32,539,42,9,42,222,388,15,23,13,42,296,29,158,71,318,8,235,30,1,13,415,25,141,6,15,45,22,7,86,117,39,64,6,8,101,15,14,296,12,10,142,15,242,13,240,4,57,126,20,65,30,301,327,25,21,425,2,64,47,17,12,25,15,23,23,37,15,20]
completion_time_por_agente [332,33,52,11,27,73,47,74,72,35,131,16,5,39,161,20,298,131,414,101,14,77,154,80,10,45,15,79,6,38,24,38,7,26,19,371,105,80,9,5,313,14,28,12,24,84,93,3,29,51,28,54,23,59,29,21,85,191,40,145,249,14,510,42,22,6,172,34,180,172,23,8,3,55,6,21,40,25,485,10,403,33,542,51,10,48,223,389,16,24,14,43,297,30,159,79,319,9,237,31,2,14,420,26,144,7,16,46,23,8,87,120,49,66,7,9,103,16,15,297,13,11,143,16,251,14,241,5,68,128,21,71,31,303,330,26,22,426,3,69,54,18,13,26,16,24,29,42,16,21]
tiempo_ultimo_agente_goal 542
tiempo_en_acabar 542
tiempo_promedio 90.400002
agentes_en_goal 150
push_out_count 0
RUN 11
valores_ideales [0,0,0,0,0,0,0,0,0,0,0,0,0,0,0,0,0,0,0,0,0,0,0,0,0,0,0,0,0,0,0,0,0,0,0,0,0,0,0,0,0,0,0,0,0,0,0,0,0,0,0,0,0,0,0,0,0,0,0,0,0,0,0,0,0,0,0,0,0,0,0,0,0,0,0,0,0,0,0,0,0,0,0,0,0,0,0,0,0,0,0,0,0,0,0,0,0,0,0,0,0,0,0,0,0,0,0,0,0,0,0,0,0,0,0,0,0,0,0,0,0,0,0,0,0,0,0,0,0,0,0,0,0,0,0,0,0,0,0,0,0,0,0,0,0,0,0,0,0,0]
costo_por_agente [250,32,629,10,26,57,26,40,74,38,346,35,4,89,126,19,185,381,387,86,9,50,187,23,9,47,14,78,5,35,29,35,6,19,20,519,84,102,8,4,310,13,35,5,23,87,125,2,30,23,27,72,18,41,34,22,41,138,34,40,65,15,376,51,19,5,122,13,163,135,22,7,2,97,5,20,35,19,660,7,446,26,491,58,9,62,180,110,15,21,17,42,382,27,184,37,242,6,243,30,1,15,385,29,43,4,13,25,14,7,70,93,79,46,6,8,97,19,14,228,12,10,98,11,52,11,176,4,77,178,18,59,28,43,449,23,25,467,2,94,33,27,12,29,15,27,21,39,15,22]
completion_time_por_agente [252,33,638,11,27,62,29,45,78,39,347,37,5,96,127,20,186,383,390,90,10,60,190,24,10,48,16,79,6,36,30,36,7,20,21,522,86,105,9,5,311,14,36,6,24,89,126,3,31,26,28,73,19,47,35,23,45,140,41,46,70,16,378,57,20,6,124,14,164,136,23,8,3,99,6,21,39,26,667,8,447,27,495,62,10,65,182,113,16,22,18,43,383,28,186,42,243,7,244,31,2,16,388,30,49,5,14,26,15,8,73,94,81,53,7,9,99,20,15,229,13,11,100,12,58,13,177,5,80,181,19,63,29,48,451,24,26,469,3,97,34,29,13,30,16,28,22,46,16,23]
tiempo_ultimo_agente_goal 667
tiempo_en_acabar 667
tiempo_promedio 88.639999
agentes_en_goal 150
push_out_count 0
RUN 12
valores_ideales [0,0,0,0,0,0,0,0,0,0,0,0,0,0,0,0,0,0,0,0,0,0,0,0,0,0,0,0,0,0,0,0,0,0,0,0,0,0,0,0,0,0,0,0,0,0,0,0,0,0,0,0,0,0,0,0,0,0,0,0,0,0,0,0,0,0,0,0,0,0,0,0,0,0,0,0,0,0,0,0,0,0,0,0,0,0,0,0,0,0,0,0,0,0,0,0,0,0,0,0,0,0,0,0,0,0,0,0,0,0,0,0,0,0,0,0,0,0,0,0,0,0,0,0,0,0,0,0,0,0,0,0,0,0,0,0,0,0,0,0,0,0,0,0,0,0,0,0,0,0]
costo_por_agente [112,32,487,10,26,63,60,42,74,34,68,17,4,59,72,25,333,143,75,42,13,44,101,33,9,43,18,38,5,37,29,33,6,21,18,381,72,82,8,4,450,13,31,3,23,79,97,2,28,13,27,86,18,43,28,20,87,422,40,62,159,15,412,65,21,5,126,25,245,159,22,13,2,97,5,20,39,25,390,3,196,24,681,46,9,44,34,286,29,25,13,36,348,27,174,39,184,6,325,30,1,11,343,25,117,6,15,35,18,7,54,143,37,74,6,10,145,15,14,302,12,6,178,11,378,13,298,4,41,228,20,59,28,365,245,33,25,465,2,84,77,33,12,45,15,27,15,47,15,28]
completion_time_por_agente [113,33,491,11,27,66,62,48,78,35,74,18,5,65,74,26,334,146,81,49,14,47,105,38,10,45,19,47,6,41,30,34,7,22,19,382,74,88,9,5,451,14,32,4,24,82,98,3,29,18,28,88,19,49,29,21,89,423,45,66,165,16,419,71,22,6,128,28,246,160,23,14,3,99,6,21,45,27,394,4,198,25,685,56,10,47,41,288,30,26,14,37,351,28,175,45,186,7,328,31,2,12,345,26,126,7,16,36,19,8,57,144,47,76,7,11,148,16,15,303,13,7,179,12,386,14,299,5,44,230,23,65,29,366,246,34,26,466,3,88,79,35,13,46,16,28,17,51,16,30]
tiempo_ultimo_agente_goal 685
tiempo_en_acabar 685
tiempo_promedio 88.546669
agentes_en_goal 150
push_out_count 0
RUN 13
valores_ideales [0,0,0,0,0,0,0,0,0,0,0,0,0,0,0,0,0,0,0,0,0,0,0,0,0,0,0,0,0,0,0,0,0,0,0,0,0,0,0,0,0,0,0,0,0,0,0,0,0,0,0,0,0,0,0,0,0,0,0,0,0,0,0,0,0,0,0,0,0,0,0,0,0,0,0,0,0,0,0,0,0,0,0,0,0,0,0,0,0,0,0,0,0,0,0,0,0,0,0,0,0,0,0,0,0,0,0,0,0,0,0,0,0,0,0,0,0,0,0,0,0,0,0,0,0,0,0,0,0,0,0,0,0,0,0,0,0,0,0,0,0,0,0,0,0,0,0,0,0,0]
costo_por_agente [268,32,533,12,26,75,30,42,100,38,456,15,4,81,150,21,307,425,53,58,9,206,39,31,13,55,12,28,5,29,25,31,6,19,18,121,52,94,8,4,522,13,31,5,23,53,73,2,28,15,27,60,18,43,28,24,55,186,30,132,315,15,308,69,21,5,184,25,117,161,22,7,2,45,5,26,135,23,56,9,106,26,487,66,9,38,134,190,19,25,17,40,458,27,182,45,432,8,337,30,1,11,413,31,73,4,13,29,20,7,64,63,51,16,6,10,75,15,18,718,18,6,128,11,450,15,364,4,57,170,20,71,28,45,405,25,21,493,2,60,67,23,12,25,15,23,17,29,15,20]
completion_time_por_agente [270,33,536,13,27,77,34,44,101,39,457,16,5,83,151,22,308,428,57,62,10,210,41,37,14,57,13,30,6,30,26,32,7,20,19,122,55,95,9,5,523,14,32,6,24,55,75,3,29,18,28,62,19,44,29,25,57,187,34,136,317,16,311,70,22,6,186,27,118,162,23,8,3,51,6,28,137,26,58,10,107,28,489,72,10,41,135,191,20,26,18,41,460,28,183,47,434,9,338,31,2,12,416,32,76,5,14,30,21,8,66,66,53,19,7,11,79,16,19,719,19,7,129,12,451,17,365,5,60,172,21,75,29,49,407,26,22,496,3,62,70,24,13,26,16,24,20,31,16,21]
tiempo_ultimo_agente_goal 719
tiempo_en_acabar 719
tiempo_promedio 91.019997
agentes_en_goal 150
push_out_count 0
RUN 14
valores_ideales [0,0,0,0,0,0,0,0,0,0,0,0,0,0,0,0,0,0,0,0,0,0,0,0,0,0,0,0,0,0,0,0,0,0,0,0,0,0,0,0,0,0,0,0,0,0,0,0,0,0,0,0,0,0,0,0,0,0,0,0,0,0,0,0,0,0,0,0,0,0,0,0,0,0,0,0,0,0,0,0,0,0,0,0,0,0,0,0,0,0,0,0,0,0,0,0,0,0,0,0,0,0,0,0,0,0,0,0,0,0,0,0,0,0,0,0,0,0,0,0,0,0,0,0,0,0,0,0,0,0,0,0,0,0,0,0,0,0,0,0,0,0,0,0,0,0,0,0,0,0]
costo_por_agente [302,42,587,12,26,67,44,32,72,34,224,15,4,133,104,21,417,187,63,40,9,56,143,67,15,51,16,26,5,29,29,37,6,19,20,275,124,82,8,6,384,13,31,7,23,83,53,2,24,13,27,66,18,57,32,20,43,80,28,28,73,23,502,85,21,5,202,89,193,101,22,9,2,81,5,20,185,39,412,9,340,22,971,306,9,40,42,260,15,25,13,42,538,27,338,47,546,6,369,34,1,17,323,27,91,6,13,25,18,7,94,89,47,22,6,10,71,17,14,314,12,6,218,15,60,17,276,4,37,162,18,35,30,265,373,25,17,439,2,52,51,21,12,23,15,25,15,25,17,22]
completion_time_por_agente [303,43,588,13,27,70,47,35,75,35,225,16,5,142,107,23,418,188,71,47,10,61,150,72,16,52,17,28,6,30,30,38,7,20,21,278,126,86,9,7,385,14,32,8,24,84,57,3,25,16,28,68,19,60,33,21,50,82,30,32,75,24,503,88,22,6,203,91,194,102,23,10,3,83,6,21,186,44,413,10,343,23,976,310,10,45,46,262,16,26,14,43,540,28,339,55,547,7,371,36,2,18,328,28,95,7,14,26,19,8,95,90,58,27,7,11,72,18,15,315,13,7,219,16,74,18,278,5,44,163,19,40,31,267,375,26,18,440,3,58,55,22,13,24,16,26,16,30,18,24]
tiempo_ultimo_agente_goal 976
tiempo_en_acabar 976
tiempo_promedio 95.786667
agentes_en_goal 150
push_out_count 0
RUN 15
valores_ideales [0,0,0,0,0,0,0,0,0,0,0,0,0,0,0,0,0,0,0,0,0,0,0,0,0,0,0,0,0,0,0,0,0,0,0,0,0,0,0,0,0,0,0,0,0,0,0,0,0,0,0,0,0,0,0,0,0,0,0,0,0,0,0,0,0,0,0,0,0,0,0,0,0,0,0,0,0,0,0,0,0,0,0,0,0,0,0,0,0,0,0,0,0,0,0,0,0,0,0,0,0,0,0,0,0,0,0,0,0,0,0,0,0,0,0,0,0,0,0,0,0,0,0,0,0,0,0,0,0,0,0,0,0,0,0,0,0,0,0,0,0,0,0,0,0,0,0,0,0,0]
costo_por_agente [154,32,403,18,26,53,36,54,58,34,104,19,4,91,122,19,227,279,57,86,13,50,159,73,9,51,16,52,5,35,29,39,6,19,20,97,84,42,8,4,448,13,39,3,23,79,55,2,36,23,27,58,18,55,30,20,33,144,286,36,85,19,506,59,19,5,160,79,43,133,22,7,2,63,5,22,43,19,772,7,626,22,425,66,9,42,34,290,15,25,13,36,356,29,256,43,232,6,271,34,1,11,359,27,45,6,17,25,16,7,40,67,27,22,6,8,83,15,14,214,20,6,94,17,386,13,352,4,49,130,28,49,28,43,315,31,19,369,2,74,63,21,12,35,15,27,19,25,15,24]
completion_time_por_agente [157,33,405,19,27,55,39,57,60,35,105,20,5,92,123,20,228,282,61,92,15,53,162,79,10,52,17,57,6,36,30,40,7,20,21,99,85,44,9,5,449,14,40,4,24,82,59,3,37,24,28,62,19,61,31,21,35,146,294,40,91,20,510,63,20,6,161,84,48,135,23,8,3,64,6,23,45,20,778,8,627,23,428,76,10,47,36,291,16,26,14,37,359,30,257,46,233,7,273,36,2,12,360,28,52,7,18,26,17,8,41,68,29,24,7,9,87,16,15,215,21,7,95,20,392,14,353,5,51,132,29,50,29,44,316,32,20,370,3,76,68,22,13,36,16,28,20,26,16,26]
tiempo_ultimo_agente_goal 778
tiempo_en_acabar 778
tiempo_promedio 83.959999
agentes_en_goal 150
push_out_count 0
RUN 16
valores_ideales [0,0,0,0,0,0,0,0,0,0,0,0,0,0,0,0,0,0,0,0,0,0,0,0,0,0,0,0,0,0,0,0,0,0,0,0,0,0,0,0,0,0,0,0,0,0,0,0,0,0,0,0,0,0,0,0,0,0,0,0,0,0,0,0,0,0,0,0,0,0,0,0,0,0,0,0,0,0,0,0,0,0,0,0,0,0,0,0,0,0,0,0,0,0,0,0,0,0,0,0,0,0,0,0,0,0,0,0,0,0,0,0,0,0,0,0,0,0,0,0,0,0,0,0,0,0,0,0,0,0,0,0,0,0,0,0,0,0,0,0,0,0,0,0,0,0,0,0,0,0]
costo_por_agente [196,32,411,12,26,101,56,70,70,38,320,17,4,29,48,23,347,271,121,26,9,300,155,23,9,41,12,72,5,35,25,31,6,23,20,345,52,68,8,4,334,13,31,3,23,99,109,2,26,53,27,70,18,49,28,20,33,172,34,84,59,19,294,105,21,5,172,83,105,253,22,7,2,103,5,20,45,23,72,3,440,28,453,88,9,38,120,188,15,23,15,40,420,25,284,29,238,6,359,32,1,11,363,25,51,6,13,25,16,7,52,85,45,76,6,10,141,15,14,528,12,6,86,11,262,11,500,4,85,88,18,57,28,253,389,23,19,383,2,96,63,23,12,27,15,27,23,35,17,356]
completion_time_por_agente [198,33,418,13,27,106,60,76,74,39,322,18,5,38,51,25,348,272,133,27,10,306,162,24,10,42,13,78,6,36,26,32,7,24,21,346,62,73,9,5,335,14,32,4,24,102,112,3,27,54,28,71,19,60,29,21,37,173,41,86,67,20,296,107,22,6,173,86,106,255,23,8,3,105,6,21,48,30,80,4,441,29,455,98,10,42,126,190,16,24,16,41,421,26,288,31,240,7,360,33,2,12,371,26,61,7,14,26,17,8,60,88,52,83,7,11,143,16,15,529,13,7,88,12,265,13,501,5,89,89,19,62,29,254,390,24,20,384,3,97,71,24,13,28,16,28,25,44,18,372]
tiempo_ultimo_agente_goal 529
tiempo_en_acabar 529
tiempo_promedio 91.720001
agentes_en_goal 150
push_out_count 0
RUN 17
valores_ideales [0,0,0,0,0,0,0,0,0,0,0,0,0,0,0,0,0,0,0,0,0,0,0,0,0,0,0,0,0,0,0,0,0,0,0,0,0,0,0,0,0,0,0,0,0,0,0,0,0,0,0,0,0,0,0,0,0,0,0,0,0,0,0,0,0,0,0,0,0,0,0,0,0,0,0,0,0,0,0,0,0,0,0,0,0,0,0,0,0,0,0,0,0,0,0,0,0,0,0,0,0,0,0,0,0,0,0,0,0,0,0,0,0,0,0,0,0,0,0,0,0,0,0,0,0,0,0,0,0,0,0,0,0,0,0,0,0,0,0,0,0,0,0,0,0,0,0,0,0,0]
costo_por_agente [304,32,403,12,26,83,26,48,50,34,298,27,4,117,138,19,281,85,69,96,15,50,39,71,9,55,18,30,5,29,29,35,6,21,18,331,54,34,8,4,110,13,27,7,25,117,77,2,22,23,27,68,22,55,30,20,53,228,242,102,241,15,182,113,31,5,118,15,139,261,22,7,2,99,5,24,37,43,64,5,464,26,547,74,9,68,32,292,15,25,17,36,636,27,234,71,394,6,131,30,1,17,187,25,87,6,13,25,14,7,38,173,27,58,6,8,113,15,14,170,12,6,156,13,364,13,348,4,37,86,18,45,30,269,215,25,21,461,2,58,73,25,12,35,15,25,15,25,23,20]
completion_time_por_agente [305,33,404,13,27,85,30,53,54,35,299,30,5,125,140,20,282,86,73,97,16,52,44,74,10,56,19,38,6,30,30,36,7,22,19,334,58,38,9,5,111,14,28,8,26,118,80,3,23,29,28,71,23,58,31,21,61,229,245,105,245,16,183,114,32,6,119,16,142,264,23,8,3,102,6,25,44,44,71,6,465,27,550,80,10,72,34,294,16,26,18,37,639,28,236,74,395,7,133,31,2,18,189,26,93,7,14,26,15,8,48,175,29,61,7,9,115,16,15,171,13,7,157,14,367,14,349,5,42,88,19,48,31,272,217,26,22,462,3,60,74,26,13,36,16,26,17,32,24,22]
tiempo_ultimo_agente_goal 639
tiempo_en_acabar 639
tiempo_promedio 83.986664
agentes_en_goal 150
push_out_count 0
RUN 18
valores_ideales [0,0,0,0,0,0,0,0,0,0,0,0,0,0,0,0,0,0,0,0,0,0,0,0,0,0,0,0,0,0,0,0,0,0,0,0,0,0,0,0,0,0,0,0,0,0,0,0,0,0,0,0,0,0,0,0,0,0,0,0,0,0,0,0,0,0,0,0,0,0,0,0,0,0,0,0,0,0,0,0,0,0,0,0,0,0,0,0,0,0,0,0,0,0,0,0,0,0,0,0,0,0,0,0,0,0,0,0,0,0,0,0,0,0,0,0,0,0,0,0,0,0,0,0,0,0,0,0,0,0,0,0,0,0,0,0,0,0,0,0,0,0,0,0,0,0,0,0,0,0]
costo_por_agente [116,40,707,10,26,49,54,44,48,34,218,19,4,21,132,23,433,359,335,30,11,582,37,33,11,55,22,24,5,31,27,33,6,21,18,359,50,96,24,4,320,13,37,5,23,65,67,2,44,15,27,44,18,33,28,22,61,150,26,38,83,15,370,57,21,5,144,121,199,239,22,7,2,49,5,20,47,19,582,5,392,36,413,90,9,66,110,214,15,25,13,48,324,27,348,33,376,6,331,30,1,15,119,25,163,6,13,25,14,7,46,83,37,72,6,10,93,19,14,518,12,6,78,11,288,15,502,4,33,190,18,83,28,57,379,25,23,227,2,64,63,19,12,25,15,29,17,29,15,20]
completion_time_por_agente [117,41,713,11,27,53,55,50,51,35,219,22,5,23,133,24,434,361,343,34,12,586,39,36,12,56,24,26,6,33,28,34,7,22,19,360,59,98,25,5,321,14,38,6,24,67,69,3,45,17,28,46,19,35,29,23,65,151,31,46,85,16,371,60,22,6,145,124,200,241,23,8,3,56,6,21,51,22,588,6,393,37,415,96,10,68,112,215,16,26,14,49,327,28,350,39,377,7,332,31,2,16,124,26,168,7,14,26,15,8,51,84,41,73,7,11,95,20,15,519,13,7,79,12,291,16,504,5,35,192,19,86,29,60,380,26,24,229,3,66,67,20,13,26,16,30,18,32,16,21]
tiempo_ultimo_agente_goal 713
tiempo_en_acabar 713
tiempo_promedio 93.120003
agentes_en_goal 150
push_out_count 0
RUN 19
valores_ideales [0,0,0,0,0,0,0,0,0,0,0,0,0,0,0,0,0,0,0,0,0,0,0,0,0,0,0,0,0,0,0,0,0,0,0,0,0,0,0,0,0,0,0,0,0,0,0,0,0,0,0,0,0,0,0,0,0,0,0,0,0,0,0,0,0,0,0,0,0,0,0,0,0,0,0,0,0,0,0,0,0,0,0,0,0,0,0,0,0,0,0,0,0,0,0,0,0,0,0,0,0,0,0,0,0,0,0,0,0,0,0,0,0,0,0,0,0,0,0,0,0,0,0,0,0,0,0,0,0,0,0,0,0,0,0,0,0,0,0,0,0,0,0,0,0,0,0,0,0,0]
costo_por_agente [180,36,437,10,26,81,28,56,62,36,232,19,4,27,142,23,463,277,49,34,9,60,57,37,11,53,14,86,5,41,25,37,6,21,20,139,92,104,8,4,572,13,27,5,23,65,61,2,32,11,27,76,18,49,28,22,85,244,316,30,47,15,364,37,21,5,76,29,157,157,22,7,2,137,5,22,39,43,558,3,346,30,367,38,9,34,94,314,19,29,13,38,322,29,198,31,226,8,197,30,1,13,197,27,59,6,15,29,20,7,50,97,23,22,6,8,123,15,14,218,12,10,134,11,34,13,558,4,43,122,20,69,30,45,399,25,17,321,2,82,67,21,12,39,15,27,19,31,29,20]
completion_time_por_agente [181,37,439,11,27,84,34,59,65,37,234,23,5,30,143,24,464,279,53,37,10,64,61,41,12,54,15,89,6,43,26,38,7,22,21,145,94,106,9,5,573,14,28,6,24,72,62,3,33,12,28,78,19,55,29,23,87,245,318,32,52,16,368,41,22,6,77,31,158,158,23,8,3,139,6,23,46,49,559,4,347,31,369,41,10,37,95,316,20,30,14,39,324,30,199,35,228,9,199,31,2,14,199,28,70,7,16,30,21,8,54,99,24,25,7,9,125,16,15,219,13,11,135,12,37,14,560,5,46,123,21,70,31,48,401,26,18,323,3,83,71,24,13,40,16,28,20,39,30,21]
tiempo_ultimo_agente_goal 573
tiempo_en_acabar 573
tiempo_promedio 82.253334
agentes_en_goal 150
push_out_count 0
RUN 20
valores_ideales [0,0,0,0,0,0,0,0,0,0,0,0,0,0,0,0,0,0,0,0,0,0,0,0,0,0,0,0,0,0,0,0,0,0,0,0,0,0,0,0,0,0,0,0,0,0,0,0,0,0,0,0,0,0,0,0,0,0,0,0,0,0,0,0,0,0,0,0,0,0,0,0,0,0,0,0,0,0,0,0,0,0,0,0,0,0,0,0,0,0,0,0,0,0,0,0,0,0,0,0,0,0,0,0,0,0,0,0,0,0,0,0,0,0,0,0,0,0,0,0,0,0,0,0,0,0,0,0,0,0,0,0,0,0,0,0,0,0,0,0,0,0,0,0,0,0,0,0,0,0]
costo_por_agente [330,30,515,12,26,79,50,56,108,34,190,15,4,37,152,19,349,375,79,30,9,56,97,23,13,47,30,60,5,35,25,31,6,19,18,149,44,38,8,4,200,13,39,7,23,61,37,2,38,13,27,76,20,33,28,20,71,146,32,40,213,17,142,73,25,5,158,13,125,219,22,35,2,51,5,22,139,21,418,7,292,42,571,72,9,88,108,386,21,27,13,36,678,31,310,39,604,6,425,30,1,19,263,31,67,4,19,37,18,7,48,61,31,16,6,8,89,15,14,214,12,6,96,15,48,13,272,4,73,160,20,81,28,43,313,27,23,547,2,40,79,15,12,37,17,23,15,47,15,20]
completion_time_por_agente [331,31,525,13,27,80,61,62,109,35,191,16,5,39,153,20,350,376,86,32,10,62,99,25,14,48,31,65,6,36,26,32,7,20,19,151,51,41,9,5,201,14,40,8,24,63,47,3,39,14,28,79,21,43,29,21,73,147,36,47,215,18,145,78,26,6,159,14,126,220,23,37,3,61,6,23,142,22,420,8,293,44,583,83,10,90,109,387,22,28,14,37,680,32,311,48,606,7,427,31,2,21,264,32,73,5,20,38,19,8,54,62,34,18,7,9,91,16,15,215,13,7,97,16,60,14,274,5,83,163,21,85,29,47,315,28,24,548,3,42,85,16,13,38,18,24,17,60,16,21]
tiempo_ultimo_agente_goal 680
tiempo_en_acabar 680
tiempo_promedio 87.033333
agentes_en_goal 150
push_out_count 0
RUN 21
valores_ideales [0,0,0,0,0,0,0,0,0,0,0,0,0,0,0,0,0,0,0,0,0,0,0,0,0,0,0,0,0,0,0,0,0,0,0,0,0,0,0,0,0,0,0,0,0,0,0,0,0,0,0,0,0,0,0,0,0,0,0,0,0,0,0,0,0,0,0,0,0,0,0,0,0,0,0,0,0,0,0,0,0,0,0,0,0,0,0,0,0,0,0,0,0,0,0,0,0,0,0,0,0,0,0,0,0,0,0,0,0,0,0,0,0,0,0,0,0,0,0,0,0,0,0,0,0,0,0,0,0,0,0,0,0,0,0,0,0,0,0,0,0,0,0,0,0,0,0,0,0,0]
costo_por_agente [40,32,351,10,28,131,46,58,68,34,244,15,4,99,90,21,359,417,421,30,15,416,119,41,9,57,14,24,5,31,31,39,6,19,18,259,90,38,8,6,418,13,39,3,23,57,31,2,22,11,27,46,20,33,28,22,57,332,314,82,111,21,588,89,19,5,156,59,125,85,22,7,2,83,5,20,49,19,672,3,180,24,525,296,9,64,40,326,17,23,13,36,608,31,322,51,394,6,57,30,1,15,397,25,47,6,13,27,18,7,102,85,31,88,6,10,137,15,14,240,12,6,30,13,382,13,294,4,51,116,22,35,30,47,481,23,17,319,2,72,69,21,12,27,19,23,17,31,19,20]
completion_time_por_agente [44,33,353,11,29,132,48,63,73,35,245,16,5,100,91,23,360,418,433,32,16,419,123,44,10,58,15,27,6,32,32,40,7,20,19,260,91,42,9,7,420,14,40,4,24,62,33,3,23,12,28,48,21,40,29,24,64,333,316,86,122,22,592,91,21,6,157,63,126,86,23,8,3,85,6,21,54,25,679,4,181,25,530,303,10,66,48,327,18,24,14,37,610,32,323,54,396,7,64,31,2,16,401,26,51,7,14,28,19,8,107,86,34,90,7,11,138,16,15,243,13,7,32,14,394,14,295,5,58,119,23,39,31,50,482,24,18,320,3,73,72,23,13,28,20,24,18,33,20,22]
tiempo_ultimo_agente_goal 679
tiempo_en_acabar 679
tiempo_promedio 95.633331
agentes_en_goal 150
push_out_count 0
RUN 22
valores_ideales [0,0,0,0,0,0,0,0,0,0,0,0,0,0,0,0,0,0,0,0,0,0,0,0,0,0,0,0,0,0,0,0,0,0,0,0,0,0,0,0,0,0,0,0,0,0,0,0,0,0,0,0,0,0,0,0,0,0,0,0,0,0,0,0,0,0,0,0,0,0,0,0,0,0,0,0,0,0,0,0,0,0,0,0,0,0,0,0,0,0,0,0,0,0,0,0,0,0,0,0,0,0,0,0,0,0,0,0,0,0,0,0,0,0,0,0,0,0,0,0,0,0,0,0,0,0,0,0,0,0,0,0,0,0,0,0,0,0,0,0,0,0,0,0,0,0,0,0,0,0]
costo_por_agente [320,34,609,12,28,89,36,28,62,34,258,15,4,77,102,19,279,61,71,36,11,240,37,53,11,49,18,30,5,31,29,43,6,19,18,313,66,74,8,4,462,13,37,3,23,77,171,2,38,13,27,50,18,33,30,20,57,286,222,98,53,15,256,75,23,5,96,23,79,157,22,7,2,93,5,22,115,21,522,3,258,26,527,48,9,56,248,234,15,25,13,36,382,27,260,25,334,6,331,30,1,15,209,27,71,6,13,27,26,7,78,111,27,22,6,8,67,19,14,398,12,6,118,11,38,11,222,4,47,128,30,89,28,191,533,25,19,529,2,60,49,21,12,25,15,29,17,37,15,20]
completion_time_por_agente [322,35,611,13,29,91,37,29,65,35,259,16,5,79,104,20,281,62,76,41,12,242,40,57,12,50,19,33,6,32,30,44,7,20,19,316,68,75,9,5,463,14,38,4,24,78,173,3,39,14,28,53,19,35,31,21,61,288,225,99,57,16,257,78,25,6,98,26,80,160,23,8,3,95,6,23,117,23,523,4,259,27,529,54,10,57,249,235,16,26,14,37,383,28,263,27,335,7,333,31,2,16,213,28,73,7,14,28,27,8,79,112,29,26,7,9,68,20,15,399,13,7,119,12,40,13,223,5,50,129,31,91,29,195,534,26,20,530,3,61,53,22,13,26,16,30,19,42,16,21]
tiempo_ultimo_agente_goal 611
tiempo_en_acabar 611
tiempo_promedio 87.553337
agentes_en_goal 150
push_out_count 0
RUN 23
valores_ideales [0,0,0,0,0,0,0,0,0,0,0,0,0,0,0,0,0,0,0,0,0,0,0,0,0,0,0,0,0,0,0,0,0,0,0,0,0,0,0,0,0,0,0,0,0,0,0,0,0,0,0,0,0,0,0,0,0,0,0,0,0,0,0,0,0,0,0,0,0,0,0,0,0,0,0,0,0,0,0,0,0,0,0,0,0,0,0,0,0,0,0,0,0,0,0,0,0,0,0,0,0,0,0,0,0,0,0,0,0,0,0,0,0,0,0,0,0,0,0,0,0,0,0,0,0,0,0,0,0,0,0,0,0,0,0,0,0,0,0,0,0,0,0,0,0,0,0,0,0,0]
costo_por_agente [330,32,723,12,26,45,28,52,36,34,182,23,4,37,98,17,371,369,55,134,9,48,207,77,11,47,14,66,5,31,25,33,6,25,18,99,76,32,8,4,90,13,35,7,23,97,115,2,20,13,27,58,22,43,32,20,81,352,38,50,55,15,446,79,21,5,78,13,175,291,22,9,2,111,5,20,51,23,62,3,428,34,871,40,9,36,120,168,15,33,13,38,374,27,254,79,384,6,353,34,1,11,367,25,45,6,17,39,20,7,68,139,87,46,6,10,79,17,14,224,12,6,98,13,38,13,204,4,49,144,18,43,32,355,323,25,21,355,2,64,45,21,12,37,17,25,25,23,21,20]
completion_time_por_agente [333,33,726,13,27,46,32,54,40,35,183,25,5,42,99,18,373,370,58,140,10,51,208,84,12,48,15,69,6,32,26,34,7,26,19,104,81,37,9,5,96,14,36,8,24,99,116,3,21,15,28,61,23,45,34,21,93,353,43,53,59,16,447,82,22,6,87,14,177,292,23,10,3,119,6,21,54,28,69,4,429,35,872,45,10,41,121,169,16,34,14,39,376,28,256,83,385,7,356,35,2,12,368,26,46,7,18,40,21,8,74,140,92,50,7,11,84,18,15,225,13,7,100,14,45,14,206,5,57,146,19,46,33,362,325,26,22,356,3,67,46,22,13,38,18,26,27,25,22,21]
tiempo_ultimo_agente_goal 872
tiempo_en_acabar 872
tiempo_promedio 86.660004
agentes_en_goal 150
push_out_count 0
RUN 24
valores_ideales [0,0,0,0,0,0,0,0,0,0,0,0,0,0,0,0,0,0,0,0,0,0,0,0,0,0,0,0,0,0,0,0,0,0,0,0,0,0,0,0,0,0,0,0,0,0,0,0,0,0,0,0,0,0,0,0,0,0,0,0,0,0,0,0,0,0,0,0,0,0,0,0,0,0,0,0,0,0,0,0,0,0,0,0,0,0,0,0,0,0,0,0,0,0,0,0,0,0,0,0,0,0,0,0,0,0,0,0,0,0,0,0,0,0,0,0,0,0,0,0,0,0,0,0,0,0,0,0,0,0,0,0,0,0,0,0,0,0,0,0,0,0,0,0,0,0,0,0,0,0]
costo_por_agente [280,32,353,24,30,53,56,56,82,34,114,17,4,67,92,19,385,341,51,94,11,60,149,31,11,55,34,102,5,49,27,35,6,19,20,85,82,86,16,4,396,13,31,5,25,81,33,2,24,19,27,40,22,43,28,22,55,130,28,116,65,15,586,125,27,5,56,41,99,105,22,7,2,57,5,20,135,29,524,9,626,30,37,224,9,66,36,330,15,23,13,40,416,27,290,63,498,6,121,30,1,11,183,25,161,4,15,31,14,7,50,85,41,80,6,12,159,15,14,322,12,6,78,11,480,11,348,4,45,154,20,65,30,293,269,25,21,585,2,86,107,27,12,23,15,23,19,37,15,20]
completion_time_por_agente [282,33,357,25,31,54,59,59,85,35,115,18,5,73,95,20,386,342,58,98,12,64,151,38,12,56,36,103,6,52,28,36,7,20,21,86,84,91,17,5,397,14,32,6,26,85,36,3,25,26,28,43,23,46,29,23,60,131,36,121,70,16,587,128,28,6,61,53,100,106,23,10,3,59,6,21,141,34,530,10,628,31,41,227,10,67,42,331,16,25,14,41,417,28,293,64,500,7,123,31,2,12,186,26,164,5,16,32,15,8,55,86,43,83,7,13,160,16,15,323,13,7,80,12,481,13,350,5,54,158,21,66,31,294,270,26,22,586,3,89,110,31,13,24,16,24,24,43,16,21]
tiempo_ultimo_agente_goal 628
tiempo_en_acabar 628
tiempo_promedio 89.620003
agentes_en_goal 150
push_out_count 0
RUN 25
valores_ideales [0,0,0,0,0,0,0,0,0,0,0,0,0,0,0,0,0,0,0,0,0,0,0,0,0,0,0,0,0,0,0,0,0,0,0,0,0,0,0,0,0,0,0,0,0,0,0,0,0,0,0,0,0,0,0,0,0,0,0,0,0,0,0,0,0,0,0,0,0,0,0,0,0,0,0,0,0,0,0,0,0,0,0,0,0,0,0,0,0,0,0,0,0,0,0,0,0,0,0,0,0,0,0,0,0,0,0,0,0,0,0,0,0,0,0,0,0,0,0,0,0,0,0,0,0,0,0,0,0,0,0,0,0,0,0,0,0,0,0,0,0,0,0,0,0,0,0,0,0,0]
costo_por_agente [230,32,503,22,28,79,24,60,62,38,322,15,4,21,80,21,417,337,261,38,11,56,43,29,9,47,20,132,5,33,25,35,6,19,22,135,62,40,8,4,136,13,31,3,23,39,29,2,24,17,27,46,18,57,28,24,71,128,34,182,53,13,362,119,19,5,140,15,135,91,22,7,2,45,5,20,49,21,66,7,498,26,509,66,9,70,32,156,15,25,13,36,406,27,280,53,508,6,401,30,1,17,369,25,61,4,15,31,16,7,72,117,37,82,6,8,125,17,14,94,14,6,150,11,432,17,462,4,45,108,22,97,28,49,331,23,17,601,2,100,69,21,12,31,15,23,19,47,15,20]
completion_time_por_agente [232,33,509,23,29,80,25,62,66,39,324,16,5,22,81,23,418,340,268,39,12,58,47,33,10,49,22,136,6,36,26,36,7,20,23,137,65,43,9,5,137,14,32,4,24,40,30,3,25,18,28,49,19,64,29,25,73,131,40,191,61,14,363,121,21,6,141,16,136,92,23,8,3,47,6,21,50,22,68,8,499,28,513,73,10,74,34,158,16,26,14,37,407,28,281,59,510,7,404,31,2,18,372,26,70,5,16,32,18,8,73,118,41,83,7,9,134,18,15,95,15,7,152,13,433,18,464,5,48,110,23,105,29,52,332,24,18,602,3,102,73,22,13,33,16,24,20,55,16,21]
tiempo_ultimo_agente_goal 602
tiempo_en_acabar 602
tiempo_promedio 85.559998
agentes_en_goal 150
push_out_count 0
RUN 26
valores_ideales [0,0,0,0,0,0,0,0,0,0,0,0,0,0,0,0,0,0,0,0,0,0,0,0,0,0,0,0,0,0,0,0,0,0,0,0,0,0,0,0,0,0,0,0,0,0,0,0,0,0,0,0,0,0,0,0,0,0,0,0,0,0,0,0,0,0,0,0,0,0,0,0,0,0,0,0,0,0,0,0,0,0,0,0,0,0,0,0,0,0,0,0,0,0,0,0,0,0,0,0,0,0,0,0,0,0,0,0,0,0,0,0,0,0,0,0,0,0,0,0,0,0,0,0,0,0,0,0,0,0,0,0,0,0,0,0,0,0,0,0,0,0,0,0,0,0,0,0,0,0]
costo_por_agente [192,32,403,12,26,49,46,64,142,36,86,19,4,25,164,19,435,285,413,124,11,372,161,57,9,55,16,26,5,37,29,33,6,19,24,99,56,34,8,4,386,13,39,3,25,51,77,2,26,27,27,54,18,49,30,24,69,124,20,30,345,13,604,87,33,5,84,15,167,65,22,7,2,107,5,22,43,25,54,25,352,22,531,48,9,74,38,218,15,23,13,36,454,31,268,101,152,6,401,30,1,11,331,27,59,4,15,37,14,7,62,89,39,58,6,8,133,15,16,246,12,6,84,11,38,19,162,4,43,174,18,41,28,409,395,25,21,475,2,76,85,27,12,27,17,29,17,21,15,20]
completion_time_por_agente [193,33,406,14,27,50,49,71,145,37,91,20,5,31,166,20,436,287,420,127,12,375,162,61,10,56,17,30,6,38,30,34,7,20,25,104,60,36,9,5,387,14,40,4,26,52,80,3,27,30,28,57,19,56,31,25,74,129,27,32,353,14,605,90,34,6,86,16,169,67,23,8,3,109,6,23,47,31,57,26,355,23,537,52,10,80,46,220,16,24,14,37,457,32,270,104,154,7,402,31,2,12,333,28,64,5,16,38,15,8,65,91,43,60,7,9,135,16,17,247,13,7,86,12,41,20,164,5,46,178,19,45,29,412,396,26,22,476,3,78,86,29,13,28,18,30,19,23,16,21]
tiempo_ultimo_agente_goal 605
tiempo_en_acabar 605
tiempo_promedio 87.213333
agentes_en_goal 150
push_out_count 0
RUN 27
valores_ideales [0,0,0,0,0,0,0,0,0,0,0,0,0,0,0,0,0,0,0,0,0,0,0,0,0,0,0,0,0,0,0,0,0,0,0,0,0,0,0,0,0,0,0,0,0,0,0,0,0,0,0,0,0,0,0,0,0,0,0,0,0,0,0,0,0,0,0,0,0,0,0,0,0,0,0,0,0,0,0,0,0,0,0,0,0,0,0,0,0,0,0,0,0,0,0,0,0,0,0,0,0,0,0,0,0,0,0,0,0,0,0,0,0,0,0,0,0,0,0,0,0,0,0,0,0,0,0,0,0,0,0,0,0,0,0,0,0,0,0,0,0,0,0,0,0,0,0,0,0,0]
costo_por_agente [324,32,43,12,26,47,26,40,62,34,426,15,4,131,140,21,381,309,59,112,11,44,33,71,9,35,14,50,5,31,29,35,6,19,18,185,124,66,8,4,308,13,31,5,23,61,83,2,22,17,27,64,18,41,28,24,73,200,254,44,79,15,226,49,23,5,150,23,125,147,22,7,2,73,5,20,137,25,58,3,506,32,35,120,9,82,232,196,15,23,13,38,430,27,162,65,346,6,187,30,1,11,281,25,97,6,15,27,20,7,112,95,53,24,6,10,81,15,14,480,16,6,128,11,48,15,496,4,47,154,18,47,28,245,469,25,21,423,2,116,87,23,12,29,17,25,19,27,23,20]
completion_time_por_agente [327,33,48,13,27,54,31,46,70,35,427,16,5,133,141,23,383,311,68,115,13,50,35,75,10,36,16,56,6,32,30,36,7,20,19,186,127,69,9,5,311,14,32,6,24,66,86,3,23,20,28,71,19,44,29,25,80,201,256,52,87,16,229,55,24,6,151,27,126,149,23,8,3,77,6,21,140,29,65,4,508,33,42,122,10,83,236,197,16,24,14,39,431,28,164,76,348,7,190,31,2,12,284,26,98,7,16,28,21,8,113,96,63,27,7,11,84,16,15,483,17,7,131,12,50,16,497,5,51,155,19,53,29,254,471,26,22,424,3,120,90,24,13,31,18,26,20,38,24,21]
tiempo_ultimo_agente_goal 508
tiempo_en_acabar 508
tiempo_promedio 83.080002
agentes_en_goal 150
push_out_count 0
RUN 28
valores_ideales [0,0,0,0,0,0,0,0,0,0,0,0,0,0,0,0,0,0,0,0,0,0,0,0,0,0,0,0,0,0,0,0,0,0,0,0,0,0,0,0,0,0,0,0,0,0,0,0,0,0,0,0,0,0,0,0,0,0,0,0,0,0,0,0,0,0,0,0,0,0,0,0,0,0,0,0,0,0,0,0,0,0,0,0,0,0,0,0,0,0,0,0,0,0,0,0,0,0,0,0,0,0,0,0,0,0,0,0,0,0,0,0,0,0,0,0,0,0,0,0,0,0,0,0,0,0,0,0,0,0,0,0,0,0,0,0,0,0,0,0,0,0,0,0,0,0,0,0,0,0]
costo_por_agente [206,32,545,18,26,67,26,34,70,34,136,21,4,25,68,17,155,397,43,96,9,464,141,35,9,39,32,24,5,41,27,31,6,19,18,127,76,100,8,4,312,13,31,5,23,89,55,2,28,21,27,66,18,37,28,20,109,336,206,34,281,17,314,153,23,5,60,77,205,127,22,7,2,53,5,20,45,43,72,3,344,34,661,92,9,48,124,516,15,25,13,36,576,27,272,31,150,6,387,34,1,11,153,25,71,6,13,25,14,7,86,133,37,64,6,8,87,15,14,212,12,6,90,11,38,11,464,4,61,142,18,75,30,381,357,25,19,425,2,92,69,31,12,23,15,25,17,49,17,20]
completion_time_por_agente [209,33,548,19,27,69,34,43,78,35,139,22,5,35,69,18,156,398,50,100,10,469,147,41,10,40,34,25,6,43,28,32,7,20,19,129,82,104,9,5,313,14,32,6,24,92,58,3,29,31,28,74,19,46,29,21,121,337,207,43,287,18,317,158,24,6,63,82,209,128,23,8,3,56,6,21,54,53,77,4,345,35,665,105,10,57,125,517,16,26,14,37,578,28,274,42,152,7,388,35,2,12,154,26,73,7,14,27,15,8,90,136,50,66,7,9,90,16,15,213,13,7,92,12,49,13,465,5,62,144,19,81,31,390,358,26,20,426,3,94,71,33,13,24,16,27,19,56,18,21]
tiempo_ultimo_agente_goal 665
tiempo_en_acabar 665
tiempo_promedio 90.433334
agentes_en_goal 150
push_out_count 0
RUN 29
valores_ideales [0,0,0,0,0,0,0,0,0,0,0,0,0,0,0,0,0,0,0,0,0,0,0,0,0,0,0,0,0,0,0,0,0,0,0,0,0,0,0,0,0,0,0,0,0,0,0,0,0,0,0,0,0,0,0,0,0,0,0,0,0,0,0,0,0,0,0,0,0,0,0,0,0,0,0,0,0,0,0,0,0,0,0,0,0,0,0,0,0,0,0,0,0,0,0,0,0,0,0,0,0,0,0,0,0,0,0,0,0,0,0,0,0,0,0,0,0,0,0,0,0,0,0,0,0,0,0,0,0,0,0,0,0,0,0,0,0,0,0,0,0,0,0,0,0,0,0,0,0,0]
costo_por_agente [264,32,433,14,26,59,38,48,56,34,242,21,4,23,154,21,191,153,45,92,9,558,89,69,9,49,16,30,5,35,23,33,6,21,18,291,72,86,8,6,340,13,27,5,23,73,85,2,38,37,27,52,18,39,28,20,79,240,36,38,55,19,504,131,21,5,196,13,203,151,22,7,2,105,5,20,49,29,686,5,498,38,563,50,9,38,156,254,15,25,17,38,520,27,380,35,368,6,363,30,1,11,281,29,67,4,13,25,22,7,74,125,67,58,6,8,129,19,14,96,12,6,80,11,42,11,388,4,35,62,18,57,28,203,409,25,17,643,2,74,37,17,12,29,15,25,17,41,15,20]
completion_time_por_agente [266,33,435,15,27,60,47,51,65,35,243,23,5,27,155,23,192,155,55,96,10,560,92,75,10,50,17,36,6,36,24,34,7,22,19,293,74,88,9,7,341,14,28,6,24,76,87,3,39,40,28,56,19,44,29,21,81,241,45,44,67,20,505,134,22,6,197,14,205,152,23,8,3,109,6,21,56,37,688,6,499,39,567,56,10,47,157,255,16,26,18,39,522,29,381,46,370,7,364,31,2,12,282,30,71,5,14,26,23,8,78,126,69,63,7,9,133,20,15,99,13,7,82,12,51,13,389,5,45,64,19,62,29,207,410,26,18,645,3,78,41,18,13,30,16,26,18,46,16,21]
tiempo_ultimo_agente_goal 688
tiempo_en_acabar 688
tiempo_promedio 93.440002
agentes_en_goal 150
push_out_count 0
RUN 30
valores_ideales [0,0,0,0,0,0,0,0,0,0,0,0,0,0,0,0,0,0,0,0,0,0,0,0,0,0,0,0,0,0,0,0,0,0,0,0,0,0,0,0,0,0,0,0,0,0,0,0,0,0,0,0,0,0,0,0,0,0,0,0,0,0,0,0,0,0,0,0,0,0,0,0,0,0,0,0,0,0,0,0,0,0,0,0,0,0,0,0,0,0,0,0,0,0,0,0,0,0,0,0,0,0,0,0,0,0,0,0,0,0,0,0,0,0,0,0,0,0,0,0,0,0,0,0,0,0,0,0,0,0,0,0,0,0,0,0,0,0,0,0,0,0,0,0,0,0,0,0,0,0]
costo_por_agente [178,32,405,12,26,47,40,54,58,34,86,25,4,77,126,19,215,315,245,66,11,46,35,37,11,39,12,66,5,31,27,33,6,27,18,251,122,94,8,4,438,13,35,11,23,73,95,2,22,17,27,58,20,45,28,20,61,176,32,32,73,13,252,111,19,5,88,15,153,151,22,7,2,69,5,24,39,29,54,17,400,30,343,38,9,38,90,270,17,25,15,36,324,27,158,39,276,6,61,30,1,15,343,27,111,6,13,25,14,7,50,107,31,30,6,10,127,19,14,424,12,6,70,13,34,13,376,4,49,144,18,75,28,41,421,27,25,433,2,56,135,17,12,25,15,31,19,43,15,20]
completion_time_por_agente [181,33,408,13,27,48,43,57,61,35,89,26,5,83,128,21,216,316,248,72,12,47,38,41,12,40,13,71,6,32,28,34,7,28,19,253,125,97,9,5,439,14,36,12,24,74,97,3,23,21,28,60,21,46,29,21,67,177,37,38,81,14,255,112,21,6,91,17,155,153,23,8,3,72,6,25,46,30,57,19,401,31,345,42,10,40,95,271,18,26,16,37,325,28,159,41,277,7,64,31,2,16,344,28,112,7,14,26,15,8,52,109,33,33,7,11,129,20,15,426,13,7,73,14,37,14,379,5,55,145,19,77,29,45,423,28,26,434,3,58,137,18,13,26,16,32,22,47,16,21]
tiempo_ultimo_agente_goal 439
tiempo_en_acabar 439
tiempo_promedio 75.940002
agentes_en_goal 150
push_out_count 0
RUN 31
valores_ideales [0,0,0,0,0,0,0,0,0,0,0,0,0,0,0,0,0,0,0,0,0,0,0,0,0,0,0,0,0,0,0,0,0,0,0,0,0,0,0,0,0,0,0,0,0,0,0,0,0,0,0,0,0,0,0,0,0,0,0,0,0,0,0,0,0,0,0,0,0,0,0,0,0,0,0,0,0,0,0,0,0,0,0,0,0,0,0,0,0,0,0,0,0,0,0,0,0,0,0,0,0,0,0,0,0,0,0,0,0,0,0,0,0,0,0,0,0,0,0,0,0,0,0,0,0,0,0,0,0,0,0,0,0,0,0,0,0,0,0,0,0,0,0,0,0,0,0,0,0,0]
costo_por_agente [941,32,573,12,26,685,579,406,301,34,856,19,4,35,674,19,946,867,831,30,9,609,434,25,9,39,20,902,5,29,25,33,6,19,18,681,912,898,8,4,977,13,27,7,23,109,894,2,36,653,27,922,18,575,28,28,374,723,40,16,704,15,739,369,29,5,947,404,917,927,22,7,2,86,5,20,349,14,862,3,963,26,711,741,9,834,939,847,15,23,15,42,591,29,960,307,979,6,603,30,1,11,580,27,742,6,15,27,16,7,289,931,14,721,6,8,580,15,14,957,14,6,935,11,436,11,981,4,241,452,20,669,28,18,960,23,19,808,2,883,352,25,12,25,17,23,15,381,15,24]
completion_time_por_agente [1000,33,999,13,27,999,999,999,999,35,999,21,5,36,999,20,999,999,999,34,10,999,999,27,10,40,21,999,6,30,26,34,7,20,19,999,999,999,9,5,999,14,28,8,24,999,999,3,37,999,28,999,19,999,29,29,999,999,43,999,999,16,999,999,30,6,999,999,999,999,23,8,3,999,6,21,999,999,999,4,999,27,999,999,10,999,999,999,16,24,16,43,999,31,999,999,999,7,999,31,2,12,999,28,999,7,16,28,18,8,999,999,999,999,7,9,999,16,15,999,15,7,999,12,999,13,999,5,999,999,21,999,29,999,999,24,20,999,3,999,999,27,13,26,18,24,16,999,16,25]
tiempo_ultimo_agente_goal 43
tiempo_en_acabar 1000
tiempo_promedio 463.233337
agentes_en_goal 82
push_out_count 0
RUN 32
valores_ideales [0,0,0,0,0,0,0,0,0,0,0,0,0,0,0,0,0,0,0,0,0,0,0,0,0,0,0,0,0,0,0,0,0,0,0,0,0,0,0,0,0,0,0,0,0,0,0,0,0,0,0,0,0,0,0,0,0,0,0,0,0,0,0,0,0,0,0,0,0,0,0,0,0,0,0,0,0,0,0,0,0,0,0,0,0,0,0,0,0,0,0,0,0,0,0,0,0,0,0,0,0,0,0,0,0,0,0,0,0,0,0,0,0,0,0,0,0,0,0,0,0,0,0,0,0,0,0,0,0,0,0,0,0,0,0,0,0,0,0,0,0,0,0,0,0,0,0,0,0,0]
costo_por_agente [292,30,451,12,26,59,26,56,106,36,78,15,4,23,80,19,285,481,73,84,11,48,37,29,9,45,12,24,5,33,23,41,6,19,18,411,92,94,8,4,418,13,27,5,23,65,67,2,26,15,27,70,24,57,28,20,55,256,304,30,59,15,484,57,21,5,138,93,169,121,22,7,2,73,5,22,115,25,60,3,466,34,485,484,9,44,26,276,15,25,13,36,444,25,212,51,612,6,323,30,1,15,361,29,85,6,17,25,14,7,52,61,27,42,6,8,105,15,14,110,12,6,120,11,60,13,250,4,35,144,18,55,28,347,379,23,25,347,2,84,93,25,12,33,15,27,17,31,19,20]
completion_time_por_agente [294,31,454,13,27,61,28,60,107,37,82,16,5,26,81,20,286,483,81,87,12,53,42,35,10,46,13,25,6,35,24,42,7,20,19,413,94,100,9,5,419,14,28,6,24,69,70,3,27,16,28,72,25,60,29,21,63,257,307,32,63,16,489,59,22,6,139,100,170,124,23,8,3,76,6,23,118,27,63,4,467,35,490,487,10,47,31,278,16,26,14,37,447,26,213,55,613,7,325,31,2,16,364,30,89,7,18,26,15,8,56,64,29,47,7,9,106,16,15,111,13,7,121,12,62,14,251,5,38,146,19,57,29,348,380,24,26,348,3,87,95,28,13,34,16,28,18,34,20,22]
tiempo_ultimo_agente_goal 613
tiempo_en_acabar 613
tiempo_promedio 89.239998
agentes_en_goal 150
push_out_count 0
RUN 33
valores_ideales [0,0,0,0,0,0,0,0,0,0,0,0,0,0,0,0,0,0,0,0,0,0,0,0,0,0,0,0,0,0,0,0,0,0,0,0,0,0,0,0,0,0,0,0,0,0,0,0,0,0,0,0,0,0,0,0,0,0,0,0,0,0,0,0,0,0,0,0,0,0,0,0,0,0,0,0,0,0,0,0,0,0,0,0,0,0,0,0,0,0,0,0,0,0,0,0,0,0,0,0,0,0,0,0,0,0,0,0,0,0,0,0,0,0,0,0,0,0,0,0,0,0,0,0,0,0,0,0,0,0,0,0,0,0,0,0,0,0,0,0,0,0,0,0,0,0,0,0,0,0]
costo_por_agente [268,36,385,14,26,65,40,58,112,34,236,39,4,85,186,17,275,297,121,62,11,336,175,21,9,39,16,78,5,53,23,33,6,19,18,169,56,68,10,4,122,15,29,3,23,57,129,2,26,13,31,48,18,35,28,20,31,334,48,106,65,15,392,107,21,5,106,95,215,131,22,7,2,53,5,20,201,23,588,3,378,34,475,90,9,36,46,348,19,23,13,36,452,27,348,69,240,6,57,30,1,11,305,27,163,6,15,43,20,7,64,83,37,98,6,8,137,15,14,456,12,6,82,13,36,13,570,4,29,88,20,47,28,51,453,23,21,585,2,82,79,19,12,31,15,25,17,69,15,22]
completion_time_por_agente [269,37,389,15,27,71,47,71,117,35,237,42,5,87,188,18,276,299,128,70,12,342,178,22,10,40,17,83,6,56,24,34,7,20,19,171,64,70,11,5,123,16,30,4,24,63,131,3,27,16,32,49,19,40,29,21,32,335,60,113,81,16,396,114,22,6,107,99,216,134,23,8,3,55,6,21,204,25,595,4,379,35,488,102,10,42,50,351,20,24,14,37,455,28,349,74,241,7,62,31,2,12,309,28,166,7,16,44,21,8,69,86,48,99,7,9,140,16,15,457,13,7,84,14,39,14,571,5,34,92,21,52,29,58,455,24,22,588,3,84,85,20,13,32,16,26,19,74,16,23]
tiempo_ultimo_agente_goal 595
tiempo_en_acabar 595
tiempo_promedio 92.080002
agentes_en_goal 150
push_out_count 0
RUN 34
valores_ideales [0,0,0,0,0,0,0,0,0,0,0,0,0,0,0,0,0,0,0,0,0,0,0,0,0,0,0,0,0,0,0,0,0,0,0,0,0,0,0,0,0,0,0,0,0,0,0,0,0,0,0,0,0,0,0,0,0,0,0,0,0,0,0,0,0,0,0,0,0,0,0,0,0,0,0,0,0,0,0,0,0,0,0,0,0,0,0,0,0,0,0,0,0,0,0,0,0,0,0,0,0,0,0,0,0,0,0,0,0,0,0,0,0,0,0,0,0,0,0,0,0,0,0,0,0,0,0,0,0,0,0,0,0,0,0,0,0,0,0,0,0,0,0,0,0,0,0,0,0,0]
costo_por_agente [280,32,307,12,26,51,40,40,70,34,292,15,4,69,110,19,297,481,47,66,11,324,117,29,9,59,18,68,5,33,29,35,6,19,20,301,90,62,8,4,512,13,35,5,23,79,59,2,20,17,27,90,18,33,32,20,81,224,464,38,69,15,348,93,23,5,162,45,123,95,22,7,2,95,5,20,193,21,392,3,358,24,617,50,9,60,164,392,15,23,13,36,486,27,172,51,198,6,59,30,1,11,169,25,157,6,15,33,16,7,50,119,61,16,6,10,49,15,14,256,12,6,170,15,38,13,348,4,37,128,18,49,28,151,375,27,21,425,2,62,83,17,12,39,15,25,17,29,15,20]
completion_time_por_agente [283,33,312,13,27,55,44,45,74,35,293,16,5,77,112,20,299,482,57,73,12,327,120,30,10,60,19,71,6,34,30,36,7,20,21,302,91,73,9,5,513,14,36,6,24,82,62,3,21,26,28,93,19,39,33,21,84,225,465,54,77,16,351,100,24,6,163,57,127,97,23,8,3,96,6,21,197,27,394,4,360,25,622,57,10,65,166,394,16,24,14,37,487,28,173,54,199,7,66,31,2,12,170,26,162,7,16,34,17,8,54,120,70,20,7,11,56,16,15,259,13,7,174,16,49,14,349,5,41,132,19,55,29,152,377,28,22,426,3,64,85,18,13,40,16,26,19,43,16,21]
tiempo_ultimo_agente_goal 622
tiempo_en_acabar 622
tiempo_promedio 89.813332
agentes_en_goal 150
push_out_count 0
RUN 35
valores_ideales [0,0,0,0,0,0,0,0,0,0,0,0,0,0,0,0,0,0,0,0,0,0,0,0,0,0,0,0,0,0,0,0,0,0,0,0,0,0,0,0,0,0,0,0,0,0,0,0,0,0,0,0,0,0,0,0,0,0,0,0,0,0,0,0,0,0,0,0,0,0,0,0,0,0,0,0,0,0,0,0,0,0,0,0,0,0,0,0,0,0,0,0,0,0,0,0,0,0,0,0,0,0,0,0,0,0,0,0,0,0,0,0,0,0,0,0,0,0,0,0,0,0,0,0,0,0,0,0,0,0,0,0,0,0,0,0,0,0,0,0,0,0,0,0,0,0,0,0,0,0]
costo_por_agente [218,30,369,14,28,73,42,88,32,38,214,15,4,29,54,19,277,317,277,60,9,48,135,69,9,53,14,24,5,31,27,33,6,19,18,223,38,108,8,4,620,13,27,7,23,69,39,2,24,15,27,70,22,51,36,20,79,414,242,116,337,17,420,59,23,5,190,29,69,173,22,7,2,67,5,22,131,19,478,3,272,30,593,54,9,34,174,240,15,23,15,36,334,27,310,41,500,6,415,30,1,19,435,25,115,6,17,41,16,7,52,97,37,110,6,8,125,15,14,132,16,6,144,15,38,11,580,4,41,104,18,53,32,343,319,27,21,423,2,78,57,23,12,31,17,27,17,29,21,20]
completion_time_por_agente [221,31,371,15,29,75,46,90,34,39,215,17,5,36,56,21,280,319,281,61,10,50,136,75,10,54,15,29,6,32,28,34,7,20,19,225,39,112,9,5,622,14,28,8,24,71,42,3,25,18,28,72,23,53,37,21,82,416,246,117,345,18,421,62,24,6,192,32,71,175,23,8,3,69,6,23,139,24,480,4,273,32,597,61,10,38,178,242,16,24,16,37,335,28,311,45,501,7,419,31,2,20,439,26,120,7,18,42,18,8,55,98,42,113,7,9,128,16,15,135,17,7,146,17,45,13,582,5,43,106,19,56,33,346,320,28,22,424,3,81,59,24,13,32,18,28,18,35,22,23]
tiempo_ultimo_agente_goal 622
tiempo_en_acabar 622
tiempo_promedio 95.573334
agentes_en_goal 150
push_out_count 0
RUN 36
valores_ideales [0,0,0,0,0,0,0,0,0,0,0,0,0,0,0,0,0,0,0,0,0,0,0,0,0,0,0,0,0,0,0,0,0,0,0,0,0,0,0,0,0,0,0,0,0,0,0,0,0,0,0,0,0,0,0,0,0,0,0,0,0,0,0,0,0,0,0,0,0,0,0,0,0,0,0,0,0,0,0,0,0,0,0,0,0,0,0,0,0,0,0,0,0,0,0,0,0,0,0,0,0,0,0,0,0,0,0,0,0,0,0,0,0,0,0,0,0,0,0,0,0,0,0,0,0,0,0,0,0,0,0,0,0,0,0,0,0,0,0,0,0,0,0,0,0,0,0,0,0,0]
costo_por_agente [258,30,405,14,28,57,34,52,72,34,356,25,4,31,100,23,359,271,139,34,11,52,163,57,9,39,14,26,5,31,29,33,6,21,18,281,80,32,14,4,346,13,31,5,23,77,129,2,20,13,27,46,22,77,28,20,33,166,34,76,405,15,384,103,21,5,84,25,73,247,22,9,2,75,5,22,87,43,518,3,360,34,431,282,9,66,184,336,17,23,15,36,458,27,172,27,558,6,59,30,1,17,231,27,157,6,17,29,18,7,64,79,53,22,6,12,91,15,14,340,14,6,102,11,42,11,144,4,31,96,24,35,28,175,301,27,23,391,2,56,47,17,12,35,17,25,15,23,17,22]
completion_time_por_agente [261,31,409,15,29,59,40,55,74,35,359,28,5,38,101,24,360,272,145,43,12,55,164,62,10,40,15,29,6,33,30,34,7,22,19,284,82,35,15,5,347,14,32,6,24,80,131,3,21,14,28,48,23,83,29,21,35,167,44,80,414,16,386,107,22,6,87,30,75,249,23,10,3,77,6,23,90,44,523,4,361,35,436,287,10,67,186,339,18,24,16,37,459,28,173,32,560,7,60,31,2,18,233,28,162,7,18,30,19,8,65,82,56,25,7,13,92,16,15,341,15,7,104,12,47,13,146,5,34,97,25,39,29,179,302,28,24,393,3,58,51,18,13,37,18,26,17,27,18,24]
tiempo_ultimo_agente_goal 560
tiempo_en_acabar 560
tiempo_promedio 86.526665
agentes_en_goal 150
push_out_count 0
RUN 37
valores_ideales [0,0,0,0,0,0,0,0,0,0,0,0,0,0,0,0,0,0,0,0,0,0,0,0,0,0,0,0,0,0,0,0,0,0,0,0,0,0,0,0,0,0,0,0,0,0,0,0,0,0,0,0,0,0,0,0,0,0,0,0,0,0,0,0,0,0,0,0,0,0,0,0,0,0,0,0,0,0,0,0,0,0,0,0,0,0,0,0,0,0,0,0,0,0,0,0,0,0,0,0,0,0,0,0,0,0,0,0,0,0,0,0,0,0,0,0,0,0,0,0,0,0,0,0,0,0,0,0,0,0,0,0,0,0,0,0,0,0,0,0,0,0,0,0,0,0,0,0,0,0]
costo_por_agente [214,32,347,14,26,99,28,52,84,34,212,19,4,127,102,17,289,235,57,82,13,46,175,41,9,49,20,26,5,41,23,33,6,19,18,311,82,90,8,6,540,13,31,3,23,49,45,2,26,13,27,52,18,47,28,20,61,160,36,32,207,19,288,111,21,5,154,25,121,85,22,7,2,67,5,20,199,37,70,11,366,34,579,54,9,114,30,184,15,23,13,40,538,27,342,67,172,6,159,30,1,17,251,25,59,4,15,41,14,7,64,121,53,42,6,8,117,15,14,370,12,6,62,13,500,13,440,4,51,122,26,69,28,261,349,23,17,313,2,62,75,17,12,23,17,27,19,29,15,186]
completion_time_por_agente [216,33,349,15,27,100,30,55,85,35,213,21,5,128,103,19,290,236,65,88,14,52,177,49,10,50,21,29,6,44,25,34,7,20,19,313,84,94,9,7,541,14,32,4,24,56,53,3,27,17,28,55,19,54,29,21,70,161,41,36,212,20,290,114,22,6,156,36,122,86,23,8,3,70,6,21,200,41,73,12,367,35,581,58,10,115,34,185,16,24,14,41,539,28,343,68,174,7,161,31,2,18,252,26,63,5,16,42,15,8,66,122,68,46,7,9,120,16,15,371,13,7,67,14,504,14,441,5,58,128,27,73,29,263,350,24,18,316,3,63,76,18,13,24,18,28,22,36,16,191]
tiempo_ultimo_agente_goal 581
tiempo_en_acabar 581
tiempo_promedio 86.400002
agentes_en_goal 150
push_out_count 0
RUN 38
valores_ideales [0,0,0,0,0,0,0,0,0,0,0,0,0,0,0,0,0,0,0,0,0,0,0,0,0,0,0,0,0,0,0,0,0,0,0,0,0,0,0,0,0,0,0,0,0,0,0,0,0,0,0,0,0,0,0,0,0,0,0,0,0,0,0,0,0,0,0,0,0,0,0,0,0,0,0,0,0,0,0,0,0,0,0,0,0,0,0,0,0,0,0,0,0,0,0,0,0,0,0,0,0,0,0,0,0,0,0,0,0,0,0,0,0,0,0,0,0,0,0,0,0,0,0,0,0,0,0,0,0,0,0,0,0,0,0,0,0,0,0,0,0,0,0,0,0,0,0,0,0,0]
costo_por_agente [246,32,633,10,26,71,48,28,66,34,150,27,4,121,96,23,303,365,51,82,13,54,233,29,9,49,20,72,5,33,31,35,6,25,18,279,90,80,8,4,528,13,27,3,23,61,89,2,30,13,35,42,18,45,28,20,69,284,52,104,145,19,430,29,29,5,176,21,131,225,22,9,2,105,5,28,41,19,56,11,290,30,313,42,9,48,52,370,15,25,13,36,298,27,248,25,698,6,243,34,1,11,333,27,147,4,17,25,14,7,58,121,31,60,6,8,133,15,14,126,12,6,90,13,416,15,114,4,49,84,18,43,28,361,211,23,19,355,2,56,71,25,12,29,15,29,15,43,17,20]
completion_time_por_agente [249,33,634,11,27,73,52,29,69,35,151,28,5,132,98,25,304,366,57,84,14,56,234,31,10,50,21,74,6,34,32,36,7,26,19,282,91,83,9,5,531,14,28,4,24,62,90,3,31,15,37,48,19,50,29,21,74,286,58,107,150,20,434,31,30,6,177,24,133,230,23,10,3,106,6,29,44,24,64,12,291,31,316,46,10,54,59,371,16,26,14,37,300,28,249,29,700,7,247,35,2,12,335,28,153,5,18,27,15,8,60,122,41,65,7,9,136,16,15,128,13,7,92,14,422,16,116,5,55,85,19,46,29,363,212,24,20,357,3,61,74,27,13,30,16,30,19,47,18,21]
tiempo_ultimo_agente_goal 700
tiempo_en_acabar 700
tiempo_promedio 86.606667
agentes_en_goal 150
push_out_count 0
RUN 39
valores_ideales [0,0,0,0,0,0,0,0,0,0,0,0,0,0,0,0,0,0,0,0,0,0,0,0,0,0,0,0,0,0,0,0,0,0,0,0,0,0,0,0,0,0,0,0,0,0,0,0,0,0,0,0,0,0,0,0,0,0,0,0,0,0,0,0,0,0,0,0,0,0,0,0,0,0,0,0,0,0,0,0,0,0,0,0,0,0,0,0,0,0,0,0,0,0,0,0,0,0,0,0,0,0,0,0,0,0,0,0,0,0,0,0,0,0,0,0,0,0,0,0,0,0,0,0,0,0,0,0,0,0,0,0,0,0,0,0,0,0,0,0,0,0,0,0,0,0,0,0,0,0]
costo_por_agente [248,32,337,16,26,85,34,46,82,34,320,57,4,19,110,19,301,359,89,62,9,50,69,25,11,43,16,28,5,33,29,33,6,19,18,293,100,34,8,4,316,13,27,5,23,63,181,2,20,11,27,36,18,39,28,24,49,374,52,48,347,15,250,67,21,5,148,59,171,101,22,7,2,97,5,20,131,17,568,3,394,24,479,86,9,58,30,264,17,23,13,42,510,27,166,33,452,6,393,30,1,19,339,25,45,6,13,49,14,7,82,117,95,24,6,8,77,15,14,436,12,10,156,11,34,13,150,4,47,76,18,51,30,43,535,41,19,371,2,68,73,23,12,25,15,25,23,53,15,24]
completion_time_por_agente [249,33,341,17,27,88,41,50,86,35,322,60,5,20,111,20,302,360,96,67,10,52,72,26,12,44,17,30,6,34,30,34,7,20,19,295,104,36,9,5,317,14,28,6,24,65,183,3,21,12,28,39,19,43,29,25,53,375,57,55,350,17,252,73,22,6,149,63,172,102,23,8,3,98,6,21,136,18,570,4,396,25,481,89,10,61,32,266,18,24,14,43,511,28,167,36,454,7,395,31,2,21,343,26,49,7,14,50,15,8,85,118,96,26,7,9,80,16,15,437,13,11,157,12,35,14,152,5,51,79,19,53,31,45,536,42,20,373,3,70,76,24,13,26,16,26,24,59,16,25]
tiempo_ultimo_agente_goal 570
tiempo_en_acabar 570
tiempo_promedio 88.126663
agentes_en_goal 150
push_out_count 0
