RUN 0
valores_ideales [0,0,0,0,0,0,0,0,0,0,0,0,0,0,0,0,0,0,0,0,0,0,0,0,0,0,0,0,0,0,0,0,0,0,0,0,0,0,0,0]
costo_por_agente [32,123,12,11,8,127,17,5,12,236,7,81,10,25,163,371,172,9,332,23,8,24,277,15,7,13,421,8,32,47,93,23,6,16,225,14,13,7,251,101]
completion_time_por_agente [33,124,13,12,9,128,18,6,13,237,8,82,11,26,164,372,173,10,333,24,9,25,278,16,8,14,422,9,33,48,94,24,7,17,226,15,14,8,252,102]
tiempo_ultimo_agente_goal 422
tiempo_en_acabar 422
tiempo_promedio 85.425003
agentes_en_goal 40
push_out_count 0
RUN 1
valores_ideales [0,0,0,0,0,0,0,0,0,0,0,0,0,0,0,0,0,0,0,0,0,0,0,0,0,0,0,0,0,0,0,0,0,0,0,0,0,0,0,0]
costo_por_agente [36,113,12,11,8,161,15,5,12,126,7,245,10,27,411,329,108,9,62,23,8,24,27,15,9,13,369,8,22,339,231,23,6,16,199,14,13,7,309,37]
completion_time_por_agente [37,114,13,12,9,162,16,6,13,127,8,246,11,29,412,330,109,10,64,24,9,25,28,16,10,14,370,9,23,340,232,24,7,17,200,15,14,8,310,38]
tiempo_ultimo_agente_goal 412
tiempo_en_acabar 412
tiempo_promedio 86.525002
agentes_en_goal 40
push_out_count 0
RUN 2
valores_ideales [0,0,0,0,0,0,0,0,0,0,0,0,0,0,0,0,0,0,0,0,0,0,0,0,0,0,0,0,0,0,0,0,0,0,0,0,0,0,0,0]
costo_por_agente [32,37,10,11,8,261,15,5,12,268,7,205,10,31,153,593,234,9,132,23,8,26,293,15,7,13,339,8,22,547,199,23,6,16,153,14,13,7,179,127]
completion_time_por_agente [33,38,11,12,9,262,16,6,13,269,8,206,11,32,154,594,235,10,133,24,9,27,294,16,8,14,340,9,23,548,200,24,7,17,154,15,14,8,180,128]
tiempo_ultimo_agente_goal 594
tiempo_en_acabar 594
tiempo_promedio 102.775002
agentes_en_goal 40
push_out_count 0
RUN 3
valores_ideales [0,0,0,0,0,0,0,0,0,0,0,0,0,0,0,0,0,0,0,0,0,0,0,0,0,0,0,0,0,0,0,0,0,0,0,0,0,0,0,0]
costo_por_agente [32,289,8,11,8,133,15,5,12,64,7,225,10,21,195,493,202,9,70,23,8,24,249,15,11,13,557,8,32,181,167,23,6,16,243,14,13,7,265,37]
completion_time_por_agente [33,290,9,12,9,134,16,6,13,66,8,226,11,22,196,494,203,10,71,24,9,25,250,16,12,14,558,9,33,182,168,24,7,17,244,15,14,8,266,38]
tiempo_ultimo_agente_goal 558
tiempo_en_acabar 558
tiempo_promedio 94.050003
agentes_en_goal 40
push_out_count 0
RUN 4
valores_ideales [0,0,0,0,0,0,0,0,0,0,0,0,0,0,0,0,0,0,0,0,0,0,0,0,0,0,0,0,0,0,0,0,0,0,0,0,0,0,0,0]
costo_por_agente [34,107,10,11,8,171,15,5,12,432,7,127,10,31,239,541,106,9,126,23,8,24,163,15,7,13,433,8,20,173,143,23,6,16,231,14,13,7,175,37]
completion_time_por_agente [35,108,11,12,9,172,16,6,13,434,8,128,11,32,240,542,107,10,127,24,9,25,164,16,8,14,434,9,21,174,144,24,7,17,232,15,14,8,176,38]
tiempo_ultimo_agente_goal 542
tiempo_en_acabar 542
tiempo_promedio 89.849998
agentes_en_goal 40
push_out_count 0
RUN 5
valores_ideales [0,0,0,0,0,0,0,0,0,0,0,0,0,0,0,0,0,0,0,0,0,0,0,0,0,0,0,0,0,0,0,0,0,0,0,0,0,0,0,0]
costo_por_agente [32,105,8,11,8,203,15,5,12,210,7,55,10,37,305,447,70,9,142,23,8,24,27,15,7,13,45,8,22,211,67,23,6,16,273,14,13,7,275,37]
completion_time_por_agente [33,106,9,12,9,204,16,6,13,211,8,56,11,38,306,448,71,10,143,24,9,25,28,16,8,14,46,9,23,212,68,24,7,17,274,15,14,8,276,38]
tiempo_ultimo_agente_goal 448
tiempo_en_acabar 448
tiempo_promedio 71.625000
agentes_en_goal 40
push_out_count 0
RUN 6
valores_ideales [0,0,0,0,0,0,0,0,0,0,0,0,0,0,0,0,0,0,0,0,0,0,0,0,0,0,0,0,0,0,0,0,0,0,0,0,0,0,0,0]
costo_por_agente [32,439,12,11,10,185,15,5,12,174,7,151,10,27,227,395,208,9,198,23,8,24,195,15,7,13,257,8,20,211,103,23,6,16,309,14,13,7,265,41]
completion_time_por_agente [33,440,13,12,11,186,16,6,13,175,8,152,11,28,228,396,209,10,200,24,9,25,196,16,8,14,258,9,21,212,104,24,7,17,310,15,14,8,266,42]
tiempo_ultimo_agente_goal 440
tiempo_en_acabar 440
tiempo_promedio 93.650002
agentes_en_goal 40
push_out_count 0
RUN 7
valores_ideales [0,0,0,0,0,0,0,0,0,0,0,0,0,0,0,0,0,0,0,0,0,0,0,0,0,0,0,0,0,0,0,0,0,0,0,0,0,0,0,0]
costo_por_agente [34,345,10,11,8,217,15,5,12,290,7,117,10,25,211,435,58,9,508,23,8,24,187,15,7,13,367,8,26,83,97,23,6,16,265,14,13,7,141,37]
completion_time_por_agente [35,346,11,12,9,218,16,6,13,291,8,118,11,26,212,436,59,10,509,24,9,25,188,16,8,14,368,9,27,84,98,24,7,17,266,15,14,8,142,38]
tiempo_ultimo_agente_goal 509
tiempo_en_acabar 509
tiempo_promedio 93.675003
agentes_en_goal 40
push_out_count 0
RUN 8
valores_ideales [0,0,0,0,0,0,0,0,0,0,0,0,0,0,0,0,0,0,0,0,0,0,0,0,0,0,0,0,0,0,0,0,0,0,0,0,0,0,0,0]
costo_por_agente [34,65,10,11,8,159,19,5,12,88,7,33,10,31,239,343,200,9,394,23,8,24,271,15,7,13,467,8,24,343,183,23,6,16,281,14,13,7,211,37]
completion_time_por_agente [35,66,11,12,9,160,20,6,13,89,8,34,11,32,240,344,201,10,395,24,9,25,272,16,8,14,468,9,25,344,184,24,7,17,282,15,14,8,212,38]
tiempo_ultimo_agente_goal 468
tiempo_en_acabar 468
tiempo_promedio 92.775002
agentes_en_goal 40
push_out_count 0
RUN 9
valores_ideales [0,0,0,0,0,0,0,0,0,0,0,0,0,0,0,0,0,0,0,0,0,0,0,0,0,0,0,0,0,0,0,0,0,0,0,0,0,0,0,0]
costo_por_agente [32,323,8,11,8,213,15,5,12,228,7,129,10,37,139,215,188,9,90,23,8,24,27,15,7,13,127,8,22,89,45,23,6,16,395,16,13,7,207,37]
completion_time_por_agente [33,324,10,12,9,214,16,6,13,229,8,130,11,39,140,216,189,10,91,24,9,25,28,16,8,14,128,9,23,90,46,24,7,17,396,17,14,8,208,38]
tiempo_ultimo_agente_goal 396
tiempo_en_acabar 396
tiempo_promedio 71.224998
agentes_en_goal 40
push_out_count 0
RUN 10
valores_ideales [0,0,0,0,0,0,0,0,0,0,0,0,0,0,0,0,0,0,0,0,0,0,0,0,0,0,0,0,0,0,0,0,0,0,0,0,0,0,0,0]
costo_por_agente [34,413,8,11,18,151,15,5,12,54,7,161,10,49,201,435,80,9,266,23,8,24,27,15,7,13,551,8,20,69,105,23,6,16,135,14,15,7,31,37]
completion_time_por_agente [35,414,10,12,19,152,16,6,13,55,8,162,11,51,202,436,81,10,267,24,9,25,28,16,8,14,552,9,21,70,106,24,7,17,136,15,16,8,32,38]
tiempo_ultimo_agente_goal 552
tiempo_en_acabar 552
tiempo_promedio 78.375000
agentes_en_goal 40
push_out_count 0
RUN 11
valores_ideales [0,0,0,0,0,0,0,0,0,0,0,0,0,0,0,0,0,0,0,0,0,0,0,0,0,0,0,0,0,0,0,0,0,0,0,0,0,0,0,0]
costo_por_agente [38,319,8,11,8,223,15,5,12,172,7,35,10,39,105,355,72,9,288,23,8,24,405,17,9,13,211,8,20,305,95,23,6,16,217,14,13,7,193,37]
completion_time_por_agente [39,320,9,12,9,224,16,6,13,173,8,37,11,40,106,356,73,10,289,24,9,25,406,18,10,14,212,9,21,306,96,24,7,17,218,15,14,8,194,38]
tiempo_ultimo_agente_goal 406
tiempo_en_acabar 406
tiempo_promedio 85.900002
agentes_en_goal 40
push_out_count 0
RUN 12
valores_ideales [0,0,0,0,0,0,0,0,0,0,0,0,0,0,0,0,0,0,0,0,0,0,0,0,0,0,0,0,0,0,0,0,0,0,0,0,0,0,0,0]
costo_por_agente [34,319,10,11,8,159,17,5,12,284,7,69,10,47,133,381,60,9,260,23,8,26,253,15,7,13,315,8,22,295,67,23,6,16,233,14,13,7,31,39]
completion_time_por_agente [35,320,11,12,9,160,18,6,13,286,8,70,11,48,135,382,61,10,262,24,9,27,254,16,8,14,316,9,23,297,68,24,7,17,234,15,14,8,32,40]
tiempo_ultimo_agente_goal 382
tiempo_en_acabar 382
tiempo_promedio 82.824997
agentes_en_goal 40
push_out_count 0
RUN 13
valores_ideales [0,0,0,0,0,0,0,0,0,0,0,0,0,0,0,0,0,0,0,0,0,0,0,0,0,0,0,0,0,0,0,0,0,0,0,0,0,0,0,0]
costo_por_agente [34,83,10,11,10,301,15,5,12,62,7,55,10,41,261,451,188,9,276,23,10,26,169,15,7,13,267,8,22,259,27,23,6,16,337,14,15,7,309,37]
completion_time_por_agente [35,84,11,12,11,302,16,6,13,63,8,56,11,42,262,452,189,10,277,24,11,27,170,16,8,14,268,9,23,260,28,24,7,17,338,15,16,8,310,38]
tiempo_ultimo_agente_goal 452
tiempo_en_acabar 452
tiempo_promedio 87.275002
agentes_en_goal 40
push_out_count 0
RUN 14
valores_ideales [0,0,0,0,0,0,0,0,0,0,0,0,0,0,0,0,0,0,0,0,0,0,0,0,0,0,0,0,0,0,0,0,0,0,0,0,0,0,0,0]
costo_por_agente [32,53,8,11,8,233,15,5,12,216,7,159,10,47,203,507,48,9,314,23,8,24,297,15,7,13,199,8,22,59,55,23,6,16,219,14,13,7,93,37]
completion_time_por_agente [33,54,9,12,9,234,16,6,13,217,8,160,11,48,204,508,49,10,315,24,9,25,298,16,8,14,200,9,23,60,56,24,7,17,220,15,14,8,94,38]
tiempo_ultimo_agente_goal 508
tiempo_en_acabar 508
tiempo_promedio 77.375000
agentes_en_goal 40
push_out_count 0
RUN 15
valores_ideales [0,0,0,0,0,0,0,0,0,0,0,0,0,0,0,0,0,0,0,0,0,0,0,0,0,0,0,0,0,0,0,0,0,0,0,0,0,0,0,0]
costo_por_agente [32,197,10,11,8,225,15,5,12,238,7,93,10,45,217,551,108,9,284,23,8,24,331,15,11,13,275,8,22,101,123,23,6,16,217,16,13,9,175,37]
completion_time_por_agente [33,198,11,12,9,226,16,6,13,239,8,94,11,46,218,552,109,10,285,24,9,25,332,16,12,14,276,9,23,102,124,24,7,17,218,17,14,10,176,38]
tiempo_ultimo_agente_goal 552
tiempo_en_acabar 552
tiempo_promedio 89.574997
agentes_en_goal 40
push_out_count 0
RUN 16
valores_ideales [0,0,0,0,0,0,0,0,0,0,0,0,0,0,0,0,0,0,0,0,0,0,0,0,0,0,0,0,0,0,0,0,0,0,0,0,0,0,0,0]
costo_por_agente [34,243,10,11,8,119,15,5,12,134,7,269,10,43,251,321,44,9,174,23,8,28,235,15,7,13,49,8,20,319,37,23,6,16,385,14,13,7,233,157]
completion_time_por_agente [35,244,11,12,9,121,16,6,13,136,8,270,11,44,252,322,45,10,175,24,9,29,236,16,8,14,50,9,21,320,38,24,7,17,386,15,14,8,234,158]
tiempo_ultimo_agente_goal 386
tiempo_en_acabar 386
tiempo_promedio 84.425003
agentes_en_goal 40
push_out_count 0
RUN 17
valores_ideales [0,0,0,0,0,0,0,0,0,0,0,0,0,0,0,0,0,0,0,0,0,0,0,0,0,0,0,0,0,0,0,0,0,0,0,0,0,0,0,0]
costo_por_agente [34,337,12,11,8,191,15,5,12,270,7,195,10,39,83,311,200,9,116,23,8,24,163,15,7,13,389,8,20,283,43,23,12,16,425,14,13,7,351,147]
completion_time_por_agente [35,338,13,12,9,192,16,6,13,271,8,196,11,41,84,312,201,10,117,24,9,25,164,16,8,14,390,9,21,284,44,24,13,17,426,15,14,8,352,148]
tiempo_ultimo_agente_goal 426
tiempo_en_acabar 426
tiempo_promedio 97.750000
agentes_en_goal 40
push_out_count 0
RUN 18
valores_ideales [0,0,0,0,0,0,0,0,0,0,0,0,0,0,0,0,0,0,0,0,0,0,0,0,0,0,0,0,0,0,0,0,0,0,0,0,0,0,0,0]
costo_por_agente [36,319,12,11,8,253,15,5,12,230,7,147,10,25,195,335,84,9,416,23,10,24,27,15,7,13,361,8,20,213,47,23,6,16,161,14,13,7,323,129]
completion_time_por_agente [37,320,13,12,9,254,16,6,13,231,8,148,11,27,196,336,85,10,417,24,11,25,28,16,8,14,362,9,21,214,48,24,7,17,162,15,14,8,324,130]
tiempo_ultimo_agente_goal 417
tiempo_en_acabar 417
tiempo_promedio 90.750000
agentes_en_goal 40
push_out_count 0
RUN 19
valores_ideales [0,0,0,0,0,0,0,0,0,0,0,0,0,0,0,0,0,0,0,0,0,0,0,0,0,0,0,0,0,0,0,0,0,0,0,0,0,0,0,0]
costo_por_agente [34,143,10,11,8,297,15,5,12,372,7,179,10,39,147,299,44,9,166,23,8,24,27,15,9,13,317,8,20,429,95,23,6,16,313,14,13,7,141,37]
completion_time_por_agente [35,144,11,12,9,298,16,6,13,373,8,180,11,40,148,300,45,10,167,24,9,25,28,16,10,14,318,9,21,430,96,24,7,17,314,15,14,8,142,38]
tiempo_ultimo_agente_goal 430
tiempo_en_acabar 430
tiempo_promedio 85.125000
agentes_en_goal 40
push_out_count 0
RUN 20
valores_ideales [0,0,0,0,0,0,0,0,0,0,0,0,0,0,0,0,0,0,0,0,0,0,0,0,0,0,0,0,0,0,0,0,0,0,0,0,0,0,0,0]
costo_por_agente [32,75,12,11,10,203,17,5,12,62,7,167,10,43,375,583,58,9,270,23,8,24,277,15,7,13,587,8,20,77,49,23,6,16,283,14,15,7,347,37]
completion_time_por_agente [33,76,13,12,11,204,18,6,13,63,8,168,11,44,376,584,59,10,271,24,9,25,278,16,8,14,588,9,21,78,50,24,7,17,284,15,16,8,348,38]
tiempo_ultimo_agente_goal 588
tiempo_en_acabar 588
tiempo_promedio 96.425003
agentes_en_goal 40
push_out_count 0
RUN 21
valores_ideales [0,0,0,0,0,0,0,0,0,0,0,0,0,0,0,0,0,0,0,0,0,0,0,0,0,0,0,0,0,0,0,0,0,0,0,0,0,0,0,0]
costo_por_agente [34,299,10,11,8,183,15,5,12,330,7,157,10,35,287,341,56,9,246,23,8,24,397,15,7,13,91,10,22,289,67,23,8,16,219,14,15,7,143,135]
completion_time_por_agente [35,300,11,12,9,184,16,6,13,332,8,158,11,36,288,342,57,10,247,24,9,25,398,16,8,14,92,11,23,291,68,24,9,17,220,15,16,8,144,136]
tiempo_ultimo_agente_goal 398
tiempo_en_acabar 398
tiempo_promedio 91.074997
agentes_en_goal 40
push_out_count 0
RUN 22
valores_ideales [0,0,0,0,0,0,0,0,0,0,0,0,0,0,0,0,0,0,0,0,0,0,0,0,0,0,0,0,0,0,0,0,0,0,0,0,0,0,0,0]
costo_por_agente [34,269,12,11,8,131,15,5,12,410,7,119,10,65,113,567,82,9,318,23,8,24,185,15,7,13,487,8,20,231,155,23,6,16,171,14,13,7,213,37]
completion_time_por_agente [35,270,13,12,9,132,16,6,13,411,8,120,11,66,114,568,83,10,319,24,9,25,186,16,8,14,488,9,21,232,156,24,7,17,172,15,14,8,214,38]
tiempo_ultimo_agente_goal 568
tiempo_en_acabar 568
tiempo_promedio 97.824997
agentes_en_goal 40
push_out_count 0
RUN 23
valores_ideales [0,0,0,0,0,0,0,0,0,0,0,0,0,0,0,0,0,0,0,0,0,0,0,0,0,0,0,0,0,0,0,0,0,0,0,0,0,0,0,0]
costo_por_agente [42,379,8,11,8,137,21,5,12,190,7,221,10,31,153,331,78,9,210,23,8,24,27,15,7,13,419,8,26,347,33,23,6,16,221,14,13,7,277,37]
completion_time_por_agente [43,380,9,12,9,138,22,6,13,191,8,222,11,32,154,332,79,10,211,24,9,25,28,16,8,14,420,9,27,348,34,24,7,17,222,15,14,8,278,38]
tiempo_ultimo_agente_goal 420
tiempo_en_acabar 420
tiempo_promedio 86.675003
agentes_en_goal 40
push_out_count 0
RUN 24
valores_ideales [0,0,0,0,0,0,0,0,0,0,0,0,0,0,0,0,0,0,0,0,0,0,0,0,0,0,0,0,0,0,0,0,0,0,0,0,0,0,0,0]
costo_por_agente [34,379,8,11,8,167,15,5,12,130,7,263,10,31,255,301,156,9,248,23,8,24,27,15,7,13,553,8,20,223,49,23,6,16,315,14,13,7,285,37]
completion_time_por_agente [35,380,9,12,9,168,16,6,13,131,8,264,11,32,256,302,157,10,250,24,9,25,28,16,8,14,554,9,21,224,50,24,7,17,316,15,14,8,286,38]
tiempo_ultimo_agente_goal 554
tiempo_en_acabar 554
tiempo_promedio 94.400002
agentes_en_goal 40
push_out_count 0
RUN 25
valores_ideales [0,0,0,0,0,0,0,0,0,0,0,0,0,0,0,0,0,0,0,0,0,0,0,0,0,0,0,0,0,0,0,0,0,0,0,0,0,0,0,0]
costo_por_agente [32,381,12,11,8,77,17,5,12,200,7,51,10,33,283,489,142,9,100,23,8,24,27,15,7,13,341,8,20,125,111,23,6,16,303,14,13,7,111,39]
completion_time_por_agente [33,382,13,12,9,78,18,6,13,201,8,52,11,35,284,490,143,10,101,24,9,25,28,16,8,14,342,9,21,126,112,24,7,17,304,15,14,8,112,40]
tiempo_ultimo_agente_goal 490
tiempo_en_acabar 490
tiempo_promedio 79.349998
agentes_en_goal 40
push_out_count 0
RUN 26
valores_ideales [0,0,0,0,0,0,0,0,0,0,0,0,0,0,0,0,0,0,0,0,0,0,0,0,0,0,0,0,0,0,0,0,0,0,0,0,0,0,0,0]
costo_por_agente [34,221,8,11,8,191,15,5,12,380,7,63,10,37,197,523,108,9,168,23,8,24,247,15,7,13,433,8,28,325,121,23,6,16,291,14,13,7,325,161]
completion_time_por_agente [35,222,9,12,9,192,16,6,13,381,8,64,11,38,198,524,109,10,169,24,9,25,248,16,8,14,434,9,29,326,122,24,7,17,292,15,14,8,326,162]
tiempo_ultimo_agente_goal 524
tiempo_en_acabar 524
tiempo_promedio 103.875000
agentes_en_goal 40
push_out_count 0
RUN 27
valores_ideales [0,0,0,0,0,0,0,0,0,0,0,0,0,0,0,0,0,0,0,0,0,0,0,0,0,0,0,0,0,0,0,0,0,0,0,0,0,0,0,0]
costo_por_agente [32,283,12,11,10,183,15,5,12,226,7,65,10,29,205,389,58,9,274,23,8,24,171,15,7,13,669,8,20,139,87,23,6,16,279,14,17,7,193,37]
completion_time_por_agente [33,284,13,12,11,184,16,6,13,227,8,66,11,31,206,390,59,10,275,24,9,25,172,16,8,14,670,9,21,140,88,24,7,17,280,15,18,8,194,38]
tiempo_ultimo_agente_goal 670
tiempo_en_acabar 670
tiempo_promedio 91.300003
agentes_en_goal 40
push_out_count 0
RUN 28
valores_ideales [0,0,0,0,0,0,0,0,0,0,0,0,0,0,0,0,0,0,0,0,0,0,0,0,0,0,0,0,0,0,0,0,0,0,0,0,0,0,0,0]
costo_por_agente [32,157,12,11,10,181,15,5,12,218,7,161,10,37,271,523,134,9,230,23,8,24,235,15,7,13,475,8,20,169,141,23,6,16,357,14,13,7,161,85]
completion_time_por_agente [33,158,13,12,11,182,16,6,13,219,8,162,11,38,272,524,135,10,231,24,9,25,236,16,8,14,476,9,21,170,142,24,7,17,358,15,14,8,162,86]
tiempo_ultimo_agente_goal 524
tiempo_en_acabar 524
tiempo_promedio 97.375000
agentes_en_goal 40
push_out_count 0
RUN 29
valores_ideales [0,0,0,0,0,0,0,0,0,0,0,0,0,0,0,0,0,0,0,0,0,0,0,0,0,0,0,0,0,0,0,0,0,0,0,0,0,0,0,0]
costo_por_agente [32,339,12,11,8,149,15,5,12,298,7,27,10,31,223,291,52,9,246,23,8,24,231,15,9,13,685,8,24,199,243,23,10,16,379,14,13,7,197,37]
completion_time_por_agente [33,341,13,12,9,150,16,6,13,299,8,28,11,33,224,292,53,10,248,24,9,25,232,16,10,14,686,9,25,200,244,24,11,17,380,15,14,8,198,38]
tiempo_ultimo_agente_goal 686
tiempo_en_acabar 686
tiempo_promedio 99.949997
agentes_en_goal 40
push_out_count 0
RUN 30
valores_ideales [0,0,0,0,0,0,0,0,0,0,0,0,0,0,0,0,0,0,0,0,0,0,0,0,0,0,0,0,0,0,0,0,0,0,0,0,0,0,0,0]
costo_por_agente [32,379,8,11,12,253,15,5,12,102,7,27,10,45,219,503,62,9,328,23,8,24,27,15,7,13,107,8,18,259,129,23,6,16,231,14,13,7,261,37]
completion_time_por_agente [33,380,9,12,13,254,16,6,13,103,8,28,11,46,220,504,63,10,329,24,9,25,28,16,8,14,108,9,20,260,130,24,7,17,232,15,14,8,262,38]
tiempo_ultimo_agente_goal 504
tiempo_en_acabar 504
tiempo_promedio 83.150002
agentes_en_goal 40
push_out_count 0
RUN 31
valores_ideales [0,0,0,0,0,0,0,0,0,0,0,0,0,0,0,0,0,0,0,0,0,0,0,0,0,0,0,0,0,0,0,0,0,0,0,0,0,0,0,0]
costo_por_agente [32,185,12,11,8,181,15,5,12,204,7,65,10,25,307,469,208,9,240,23,8,24,243,15,7,13,483,8,20,257,193,23,6,16,331,14,15,7,263,147]
completion_time_por_agente [33,186,13,12,9,182,16,6,13,205,8,66,11,26,308,470,209,10,241,24,9,25,244,16,8,14,484,9,21,259,194,24,7,17,332,15,16,8,264,148]
tiempo_ultimo_agente_goal 484
tiempo_en_acabar 484
tiempo_promedio 104.050003
agentes_en_goal 40
push_out_count 0
RUN 32
valores_ideales [0,0,0,0,0,0,0,0,0,0,0,0,0,0,0,0,0,0,0,0,0,0,0,0,0,0,0,0,0,0,0,0,0,0,0,0,0,0,0,0]
costo_por_agente [36,475,10,11,8,121,15,5,12,240,7,127,10,43,159,141,152,9,274,23,8,24,275,15,11,13,239,8,20,297,103,23,6,16,281,16,13,7,263,37]
completion_time_por_agente [37,476,11,12,9,122,16,6,13,241,8,128,11,44,160,142,153,10,275,24,9,25,276,16,12,14,240,9,21,298,104,24,7,17,282,17,14,8,264,38]
tiempo_ultimo_agente_goal 476
tiempo_en_acabar 476
tiempo_promedio 89.824997
agentes_en_goal 40
push_out_count 0
RUN 33
valores_ideales [0,0,0,0,0,0,0,0,0,0,0,0,0,0,0,0,0,0,0,0,0,0,0,0,0,0,0,0,0,0,0,0,0,0,0,0,0,0,0,0]
costo_por_agente [36,495,8,11,10,147,15,5,12,58,7,51,10,37,249,283,96,9,282,23,8,24,225,15,7,13,397,8,22,243,155,23,6,16,309,14,13,7,31,133]
completion_time_por_agente [37,496,9,12,11,148,16,6,13,59,8,52,11,38,250,284,97,10,283,24,9,25,226,16,8,14,398,9,23,244,156,24,7,17,310,15,14,8,32,134]
tiempo_ultimo_agente_goal 496
tiempo_en_acabar 496
tiempo_promedio 88.824997
agentes_en_goal 40
push_out_count 0
RUN 34
valores_ideales [0,0,0,0,0,0,0,0,0,0,0,0,0,0,0,0,0,0,0,0,0,0,0,0,0,0,0,0,0,0,0,0,0,0,0,0,0,0,0,0]
costo_por_agente [38,477,8,11,8,273,15,5,12,218,7,41,10,27,89,451,102,9,258,23,8,24,27,15,7,13,465,8,22,253,63,23,6,16,339,16,15,9,227,91]
completion_time_por_agente [39,478,9,12,9,274,16,6,13,219,8,42,11,28,90,452,103,10,259,24,9,25,28,16,8,14,466,9,23,254,64,24,7,17,340,17,16,10,228,92]
tiempo_ultimo_agente_goal 478
tiempo_en_acabar 478
tiempo_promedio 94.224998
agentes_en_goal 40
push_out_count 0
RUN 35
valores_ideales [0,0,0,0,0,0,0,0,0,0,0,0,0,0,0,0,0,0,0,0,0,0,0,0,0,0,0,0,0,0,0,0,0,0,0,0,0,0,0,0]
costo_por_agente [34,41,8,11,10,185,15,5,12,252,7,97,10,31,189,591,180,9,294,23,8,24,35,15,7,13,373,8,24,187,169,23,6,16,285,14,13,7,289,111]
completion_time_por_agente [35,42,9,12,11,186,16,6,13,253,8,98,11,32,190,592,181,10,295,24,9,25,36,16,8,14,374,9,25,188,170,24,7,17,286,15,14,8,290,112]
tiempo_ultimo_agente_goal 592
tiempo_en_acabar 592
tiempo_promedio 91.775002
agentes_en_goal 40
push_out_count 0
RUN 36
valores_ideales [0,0,0,0,0,0,0,0,0,0,0,0,0,0,0,0,0,0,0,0,0,0,0,0,0,0,0,0,0,0,0,0,0,0,0,0,0,0,0,0]
costo_por_agente [44,541,8,11,8,203,15,5,12,242,7,223,10,37,287,493,46,9,46,23,8,24,27,15,7,13,279,10,20,291,155,23,12,16,243,14,13,7,321,37]
completion_time_por_agente [45,542,9,12,9,204,16,6,13,243,8,224,11,38,288,494,47,10,47,24,9,25,28,16,8,14,280,11,21,292,156,24,13,17,244,15,14,8,322,38]
tiempo_ultimo_agente_goal 542
tiempo_en_acabar 542
tiempo_promedio 96.125000
agentes_en_goal 40
push_out_count 0
RUN 37
valores_ideales [0,0,0,0,0,0,0,0,0,0,0,0,0,0,0,0,0,0,0,0,0,0,0,0,0,0,0,0,0,0,0,0,0,0,0,0,0,0,0,0]
costo_por_agente [32,405,8,11,8,273,15,5,12,314,7,193,10,33,147,451,158,9,142,23,8,24,27,15,7,13,289,8,22,183,311,23,6,16,167,14,13,7,275,39]
completion_time_por_agente [33,406,9,12,9,274,16,6,13,315,8,194,11,34,148,452,159,10,143,24,9,25,28,16,8,14,290,9,23,184,312,24,7,17,168,15,14,8,276,40]
tiempo_ultimo_agente_goal 452
tiempo_en_acabar 452
tiempo_promedio 94.074997
agentes_en_goal 40
push_out_count 0
RUN 38
valores_ideales [0,0,0,0,0,0,0,0,0,0,0,0,0,0,0,0,0,0,0,0,0,0,0,0,0,0,0,0,0,0,0,0,0,0,0,0,0,0,0,0]
costo_por_agente [32,267,12,11,8,215,15,5,12,80,7,87,10,55,167,579,146,9,320,23,8,24,27,15,7,13,225,8,20,201,163,23,10,16,281,14,13,7,277,37]
completion_time_por_agente [33,269,13,12,9,216,16,6,13,81,8,88,11,57,168,580,147,10,321,24,9,25,28,16,8,14,226,9,21,203,164,24,11,17,282,15,14,8,278,38]
tiempo_ultimo_agente_goal 580
tiempo_en_acabar 580
tiempo_promedio 87.300003
agentes_en_goal 40
push_out_count 0
RUN 39
valores_ideales [0,0,0,0,0,0,0,0,0,0,0,0,0,0,0,0,0,0,0,0,0,0,0,0,0,0,0,0,0,0,0,0,0,0,0,0,0,0,0,0]
costo_por_agente [32,297,10,11,10,207,15,5,12,344,7,55,10,27,73,485,46,9,320,23,8,24,27,15,9,13,541,8,22,47,191,23,6,16,363,14,13,7,159,37]
completion_time_por_agente [33,298,11,12,11,208,16,6,13,345,8,56,11,28,74,486,47,10,322,24,9,25,28,16,10,14,542,9,23,48,192,24,7,17,364,15,14,8,160,39]
tiempo_ultimo_agente_goal 542
tiempo_en_acabar 542
tiempo_promedio 89.574997
agentes_en_goal 40
push_out_count 0
