RUN 0
valores_ideales [30,38,8,22,10,19,36,10,15,15,35,26,32,15,32,22,31,21,38,25,28,3,33,46,42,9,23,22,8,7,17,18,25,23,16,14,27,33,16,20,31,28,17,30,5,15,23,19,2,35]
costo_por_agente [32,48,10,38,10,21,46,10,15,15,35,26,46,15,32,44,31,49,48,35,54,3,33,46,42,9,23,48,8,7,19,18,25,23,16,16,27,33,16,20,45,28,17,50,59,15,59,21,2,47]
completion_time_por_agente [33,68,12,46,10,24,56,10,16,15,36,26,72,15,33,57,31,83,68,44,89,3,33,47,42,9,24,76,12,7,19,18,25,24,16,19,28,33,16,24,61,28,17,75,101,15,95,24,2,67]
tiempo_ultimo_agente_goal 101
tiempo_en_acabar 101
tiempo_promedio 36.080002
agentes_en_goal 50
bad_good_total_rate_pred [2939,3267,6206,0.5]
push_out_count 69
RUN 1
valores_ideales [30,38,8,22,10,19,36,10,15,15,35,26,32,15,32,22,31,21,38,25,28,3,33,46,42,9,23,22,8,7,17,18,25,23,16,14,27,33,16,20,31,28,17,30,5,15,23,19,2,35]
costo_por_agente [40,38,10,46,10,21,42,10,15,15,35,26,44,15,44,50,31,35,44,31,40,3,33,46,44,9,23,44,8,7,19,18,25,23,16,16,27,33,20,20,33,28,17,38,35,15,45,21,2,39]
completion_time_por_agente [49,38,12,64,10,21,53,10,16,15,37,26,58,15,48,70,31,52,54,34,49,3,33,48,47,9,26,58,12,7,19,18,25,24,16,17,28,33,20,24,35,28,17,56,56,15,66,24,2,48]
tiempo_ultimo_agente_goal 70
tiempo_en_acabar 70
tiempo_promedio 31.520000
agentes_en_goal 50
bad_good_total_rate_pred [2555,2756,5311,0.5]
push_out_count 110
RUN 2
valores_ideales [30,38,8,22,10,19,36,10,15,15,35,26,32,15,32,22,31,21,38,25,28,3,33,46,42,9,23,22,8,7,17,18,25,23,16,14,27,33,16,20,31,28,17,30,5,15,23,19,2,35]
costo_por_agente [36,48,12,28,12,21,46,10,15,15,35,26,56,15,32,38,31,51,38,59,38,3,33,46,42,9,23,38,8,7,19,18,25,57,16,18,27,33,16,20,45,28,17,44,43,15,43,19,2,37]
completion_time_por_agente [41,62,12,28,12,23,56,10,15,15,37,28,84,15,34,57,31,82,43,87,54,3,33,46,43,9,26,57,12,7,19,18,25,73,16,19,28,33,16,24,64,28,17,53,65,15,61,19,2,42]
tiempo_ultimo_agente_goal 87
tiempo_en_acabar 87
tiempo_promedio 33.980000
agentes_en_goal 50
bad_good_total_rate_pred [2628,2811,5439,0.5]
push_out_count 168
RUN 3
valores_ideales [30,38,8,22,10,19,36,10,15,15,35,26,32,15,32,22,31,21,38,25,28,3,33,46,42,9,23,22,8,7,17,18,25,23,16,14,27,33,16,20,31,28,17,30,5,15,23,19,2,35]
costo_por_agente [60,52,10,34,10,21,80,10,15,15,35,26,36,15,36,34,31,81,72,59,80,3,33,46,42,9,23,60,8,7,19,18,25,25,16,16,27,33,16,20,41,28,17,92,65,15,65,19,2,47]
completion_time_por_agente [99,67,11,45,10,22,134,10,15,15,38,26,46,15,48,47,31,146,122,93,139,3,33,52,46,9,24,103,8,7,19,18,25,25,16,17,28,33,16,20,46,28,17,140,120,15,95,19,2,66]
tiempo_ultimo_agente_goal 146
tiempo_en_acabar 146
tiempo_promedio 44.580002
agentes_en_goal 50
bad_good_total_rate_pred [4057,4269,8326,0.5]
push_out_count 317
RUN 4
valores_ideales [30,38,8,22,10,19,36,10,15,15,35,26,32,15,32,22,31,21,38,25,28,3,33,46,42,9,23,22,8,7,17,18,25,23,16,14,27,33,16,20,31,28,17,30,5,15,23,19,2,35]
costo_por_agente [42,60,10,82,10,23,52,10,15,15,35,26,88,15,44,56,31,29,46,71,72,3,33,48,42,9,23,78,8,7,19,18,25,29,16,16,27,33,16,20,97,28,17,52,79,15,77,27,2,69]
completion_time_por_agente [63,94,12,133,10,23,67,10,15,15,36,26,137,15,66,99,31,31,65,118,126,3,33,57,44,9,24,138,12,7,19,18,25,33,16,17,28,35,17,24,146,28,17,72,141,15,150,39,2,110]
tiempo_ultimo_agente_goal 150
tiempo_en_acabar 150
tiempo_promedio 49.419998
agentes_en_goal 50
bad_good_total_rate_pred [5371,5066,10437,0.5]
push_out_count 480
RUN 5
valores_ideales [30,38,8,22,10,19,36,10,15,15,35,26,32,15,32,22,31,21,38,25,28,3,33,46,42,9,23,22,8,7,17,18,25,23,16,14,27,33,16,20,31,28,17,30,5,15,23,19,2,35]
costo_por_agente [50,64,10,72,12,23,36,10,15,15,39,26,74,17,38,60,31,29,42,65,76,3,33,52,42,9,23,70,10,7,19,18,25,27,16,14,27,33,16,20,53,28,17,40,67,15,53,21,2,75]
completion_time_por_agente [71,94,10,118,15,24,37,10,15,15,47,28,125,17,44,97,31,31,48,127,139,3,33,67,47,9,26,129,12,7,19,18,25,31,16,14,28,33,16,24,63,28,17,47,122,15,104,26,2,128]
tiempo_ultimo_agente_goal 139
tiempo_en_acabar 139
tiempo_promedio 45.040001
agentes_en_goal 50
bad_good_total_rate_pred [4418,4817,9235,0.5]
push_out_count 613
RUN 6
valores_ideales [30,38,8,22,10,19,36,10,15,15,35,26,32,15,32,22,31,21,38,25,28,3,33,46,42,9,23,22,8,7,17,18,25,23,16,14,27,33,16,20,31,28,17,30,5,15,23,19,2,35]
costo_por_agente [82,80,10,74,10,21,56,10,17,15,37,26,92,15,48,80,31,81,68,111,36,3,33,46,42,9,23,58,8,7,19,18,25,67,16,14,27,33,16,20,35,28,17,40,61,15,97,21,2,37]
completion_time_por_agente [148,118,13,114,10,21,74,10,17,15,43,30,147,15,54,150,31,137,105,169,44,3,33,48,43,10,25,94,12,8,19,18,25,95,16,14,28,33,16,20,38,28,17,61,111,15,178,26,2,43]
tiempo_ultimo_agente_goal 178
tiempo_en_acabar 178
tiempo_promedio 50.880001
agentes_en_goal 50
bad_good_total_rate_pred [5648,5139,10787,0.5]
push_out_count 781
RUN 7
valores_ideales [30,38,8,22,10,19,36,10,15,15,35,26,32,15,32,22,31,21,38,25,28,3,33,46,42,9,23,22,8,7,17,18,25,23,16,14,27,33,16,20,31,28,17,30,5,15,23,19,2,35]
costo_por_agente [54,50,10,44,10,21,54,10,15,15,37,26,88,15,60,64,31,49,40,45,56,3,33,46,42,9,23,58,10,7,19,18,25,29,16,16,27,33,16,20,87,28,17,62,77,15,83,19,2,39]
completion_time_por_agente [67,79,11,44,10,22,78,10,15,15,44,26,133,15,83,99,31,58,49,66,89,3,33,46,48,10,24,106,12,7,19,18,25,29,16,17,29,33,16,20,138,28,17,110,136,15,125,19,2,47]
tiempo_ultimo_agente_goal 138
tiempo_en_acabar 138
tiempo_promedio 43.840000
agentes_en_goal 50
bad_good_total_rate_pred [4324,4145,8469,0.5]
push_out_count 893
RUN 8
valores_ideales [30,38,8,22,10,19,36,10,15,15,35,26,32,15,32,22,31,21,38,25,28,3,33,46,42,9,23,22,8,7,17,18,25,23,16,14,27,33,16,20,31,28,17,30,5,15,23,19,2,35]
costo_por_agente [52,50,10,46,10,21,52,10,15,15,39,26,44,15,46,58,31,61,44,57,44,3,33,46,42,9,23,44,8,7,19,18,25,25,16,16,27,33,16,20,45,28,17,48,39,15,41,19,2,37]
completion_time_por_agente [67,64,12,61,12,22,75,10,15,15,45,28,49,15,53,84,31,91,59,77,63,3,33,47,45,9,28,61,12,7,19,18,25,26,16,17,28,33,16,24,50,28,17,72,63,15,62,19,2,43]
tiempo_ultimo_agente_goal 91
tiempo_en_acabar 91
tiempo_promedio 35.720001
agentes_en_goal 50
bad_good_total_rate_pred [3286,3156,6442,0.5]
push_out_count 959
RUN 9
valores_ideales [30,38,8,22,10,19,36,10,15,15,35,26,32,15,32,22,31,21,38,25,28,3,33,46,42,9,23,22,8,7,17,18,25,23,16,14,27,33,16,20,31,28,17,30,5,15,23,19,2,35]
costo_por_agente [52,46,10,42,10,23,58,10,15,15,35,26,54,15,46,56,31,75,62,73,44,3,33,46,42,9,23,64,10,7,19,18,25,25,16,18,27,33,16,20,31,28,17,62,43,15,63,27,2,71]
completion_time_por_agente [78,65,11,62,10,23,100,10,15,15,38,26,73,16,50,75,31,125,96,118,62,3,33,49,42,9,24,117,12,7,19,18,25,27,16,19,28,33,16,24,32,28,17,109,72,15,117,36,2,116]
tiempo_ultimo_agente_goal 125
tiempo_en_acabar 125
tiempo_promedio 43.279999
agentes_en_goal 50
bad_good_total_rate_pred [4147,4382,8529,0.5]
push_out_count 1088
RUN 10
valores_ideales [30,38,8,22,10,19,36,10,15,15,35,26,32,15,32,22,31,21,38,25,28,3,33,46,42,9,23,22,8,7,17,18,25,23,16,14,27,33,16,20,31,28,17,30,5,15,23,19,2,35]
costo_por_agente [62,68,8,28,10,21,58,10,15,15,37,26,80,15,78,56,31,73,48,73,72,3,33,46,46,9,25,66,8,7,19,18,25,25,16,16,27,33,18,20,31,28,17,60,65,15,75,19,2,67]
completion_time_por_agente [98,91,9,29,11,22,83,10,15,15,40,26,122,15,121,90,31,124,72,120,112,3,33,47,57,9,27,106,12,7,19,18,25,25,16,19,28,33,20,24,33,28,17,92,107,15,129,19,2,101]
tiempo_ultimo_agente_goal 129
tiempo_en_acabar 129
tiempo_promedio 46.540001
agentes_en_goal 50
bad_good_total_rate_pred [4561,4800,9361,0.5]
push_out_count 1241
RUN 11
valores_ideales [30,38,8,22,10,19,36,10,15,15,35,26,32,15,32,22,31,21,38,25,28,3,33,46,42,9,23,22,8,7,17,18,25,23,16,14,27,33,16,20,31,28,17,30,5,15,23,19,2,35]
costo_por_agente [48,58,10,76,10,21,52,10,15,15,39,26,62,15,64,50,31,61,50,65,70,3,33,46,50,9,23,66,10,7,19,18,25,23,16,16,27,43,16,20,49,28,17,32,73,15,55,21,2,49]
completion_time_por_agente [66,90,11,103,10,21,69,10,15,15,43,26,98,15,100,83,31,119,69,118,109,3,33,48,70,9,26,100,12,7,20,18,25,24,16,17,28,54,16,21,76,28,17,45,110,15,90,24,2,68]
tiempo_ultimo_agente_goal 119
tiempo_en_acabar 119
tiempo_promedio 44.860001
agentes_en_goal 50
bad_good_total_rate_pred [4814,4536,9350,0.5]
push_out_count 1374
RUN 12
valores_ideales [30,38,8,22,10,19,36,10,15,15,35,26,32,15,32,22,31,21,38,25,28,3,33,46,42,9,23,22,8,7,17,18,25,23,16,14,27,33,16,20,31,28,17,30,5,15,23,19,2,35]
costo_por_agente [68,56,10,26,10,21,46,10,15,15,61,26,42,15,34,68,31,61,42,49,44,3,33,46,42,9,23,50,8,7,19,18,25,29,16,16,27,33,18,20,31,28,17,60,53,15,47,19,2,37]
completion_time_por_agente [110,81,11,26,10,22,65,10,15,15,86,26,56,15,41,107,31,106,52,77,61,3,33,50,45,9,24,78,12,7,19,18,25,32,16,17,28,35,18,24,32,28,17,98,90,15,61,19,2,44]
tiempo_ultimo_agente_goal 110
tiempo_en_acabar 110
tiempo_promedio 38.439999
agentes_en_goal 50
bad_good_total_rate_pred [3579,3783,7362,0.5]
push_out_count 1467
RUN 13
valores_ideales [30,38,8,22,10,19,36,10,15,15,35,26,32,15,32,22,31,21,38,25,28,3,33,46,42,9,23,22,8,7,17,18,25,23,16,14,27,33,16,20,31,28,17,30,5,15,23,19,2,35]
costo_por_agente [62,40,10,42,10,21,50,10,15,15,37,26,80,15,36,40,31,29,88,45,70,3,33,46,46,9,23,50,8,9,19,18,25,23,16,16,27,33,16,20,73,28,17,48,77,15,59,19,2,41]
completion_time_por_agente [98,45,11,73,10,22,68,10,15,15,40,26,127,15,39,54,31,32,135,59,112,3,33,49,51,9,24,84,12,9,20,18,25,25,16,17,28,33,17,21,94,28,17,85,121,15,98,19,2,51]
tiempo_ultimo_agente_goal 135
tiempo_en_acabar 135
tiempo_promedio 41.220001
agentes_en_goal 50
bad_good_total_rate_pred [3441,3858,7299,0.5]
push_out_count 1586
RUN 14
valores_ideales [30,38,8,22,10,19,36,10,15,15,35,26,32,15,32,22,31,21,38,25,28,3,33,46,42,9,23,22,8,7,17,18,25,23,16,14,27,33,16,20,31,28,17,30,5,15,23,19,2,35]
costo_por_agente [42,42,10,50,12,21,50,10,15,15,37,26,72,15,36,42,31,65,52,55,58,3,33,52,46,9,23,56,8,9,19,18,25,23,16,16,27,33,16,20,57,28,17,44,59,15,59,19,2,37]
completion_time_por_agente [51,58,10,79,12,23,57,10,15,15,39,26,108,15,40,54,31,97,80,95,84,3,33,67,50,9,26,91,8,10,19,18,25,24,19,17,28,33,16,20,66,28,17,66,97,15,94,19,2,37]
tiempo_ultimo_agente_goal 108
tiempo_en_acabar 108
tiempo_promedio 39.119999
agentes_en_goal 50
bad_good_total_rate_pred [3664,3428,7092,0.5]
push_out_count 1676
RUN 15
valores_ideales [30,38,8,22,10,19,36,10,15,15,35,26,32,15,32,22,31,21,38,25,28,3,33,46,42,9,23,22,8,7,17,18,25,23,16,14,27,33,16,20,31,28,17,30,5,15,23,19,2,35]
costo_por_agente [56,48,10,82,12,21,72,10,15,15,35,26,84,15,68,52,31,43,46,79,80,3,33,48,46,9,25,52,8,7,19,18,25,23,16,16,27,33,16,20,73,28,17,68,51,15,51,19,2,41]
completion_time_por_agente [83,66,11,134,13,22,119,10,15,15,36,26,136,15,107,84,31,68,68,134,123,3,33,59,62,10,25,86,12,7,19,18,25,26,16,17,28,33,16,24,119,28,17,125,90,15,89,22,2,54]
tiempo_ultimo_agente_goal 136
tiempo_en_acabar 136
tiempo_promedio 47.919998
agentes_en_goal 50
bad_good_total_rate_pred [5332,5485,10817,0.5]
push_out_count 1841
RUN 16
valores_ideales [30,38,8,22,10,19,36,10,15,15,35,26,32,15,32,22,31,21,38,25,28,3,33,46,42,9,23,22,8,7,17,18,25,23,16,14,27,33,16,20,31,28,17,30,5,15,23,19,2,35]
costo_por_agente [58,64,10,56,10,21,48,10,15,15,37,26,58,15,38,52,31,43,56,53,64,3,33,54,44,9,23,64,10,13,19,18,25,23,16,18,29,33,16,20,47,28,17,60,65,15,65,21,2,43]
completion_time_por_agente [78,89,11,79,11,22,63,10,15,15,41,26,84,15,44,71,31,82,86,78,99,3,33,65,56,10,26,98,12,20,20,18,25,24,16,19,31,33,16,25,51,28,17,102,104,15,113,23,2,49]
tiempo_ultimo_agente_goal 113
tiempo_en_acabar 113
tiempo_promedio 42.080002
agentes_en_goal 50
bad_good_total_rate_pred [4082,3796,7878,0.5]
push_out_count 1966
RUN 17
valores_ideales [30,38,8,22,10,19,36,10,15,15,35,26,32,15,32,22,31,21,38,25,28,3,33,46,42,9,23,22,8,7,17,18,25,23,16,14,27,33,16,20,31,28,17,30,5,15,23,19,2,35]
costo_por_agente [46,68,10,58,10,19,42,10,15,15,49,26,76,15,36,54,31,55,52,55,64,3,33,46,62,9,23,62,8,7,19,18,25,23,16,16,27,33,16,20,65,28,17,60,59,15,51,29,2,37]
completion_time_por_agente [53,111,12,86,10,22,51,10,15,15,70,26,112,15,36,82,31,100,69,91,101,3,33,46,94,9,26,101,12,7,19,18,25,24,16,17,28,33,16,24,86,28,17,86,104,15,69,41,2,42]
tiempo_ultimo_agente_goal 112
tiempo_en_acabar 112
tiempo_promedio 43.180000
agentes_en_goal 50
bad_good_total_rate_pred [3901,4134,8035,0.5]
push_out_count 2096
RUN 18
valores_ideales [30,38,8,22,10,19,36,10,15,15,35,26,32,15,32,22,31,21,38,25,28,3,33,46,42,9,23,22,8,7,17,18,25,23,16,14,27,33,16,20,31,28,17,30,5,15,23,19,2,35]
costo_por_agente [40,40,10,52,18,23,50,10,15,15,39,26,60,17,34,50,31,55,46,63,58,3,33,46,42,9,23,60,8,7,19,18,25,25,16,18,29,33,16,20,31,28,17,50,49,15,29,19,2,51]
completion_time_por_agente [47,55,10,64,27,27,82,10,15,15,42,26,97,17,35,88,31,97,69,95,92,3,33,47,44,9,23,87,8,7,19,18,25,30,16,19,29,33,16,20,31,28,17,78,87,15,35,21,2,65]
tiempo_ultimo_agente_goal 97
tiempo_en_acabar 97
tiempo_promedio 38.119999
agentes_en_goal 50
bad_good_total_rate_pred [3397,3313,6710,0.5]
push_out_count 2188
RUN 19
valores_ideales [30,38,8,22,10,19,36,10,15,15,35,26,32,15,32,22,31,21,38,25,28,3,33,46,42,9,23,22,8,7,17,18,25,23,16,14,27,33,16,20,31,28,17,30,5,15,23,19,2,35]
costo_por_agente [44,46,10,38,12,25,36,10,15,15,41,26,60,15,50,56,31,57,44,59,58,3,33,46,50,9,23,50,10,7,19,18,25,35,16,16,27,33,16,20,49,28,17,42,51,15,49,19,2,55]
completion_time_por_agente [64,61,10,51,17,27,48,10,15,15,46,26,85,15,73,80,32,97,71,88,88,3,33,47,64,10,24,79,12,7,19,18,25,37,16,19,28,33,16,20,59,28,17,60,94,15,83,21,2,71]
tiempo_ultimo_agente_goal 97
tiempo_en_acabar 97
tiempo_promedio 39.580002
agentes_en_goal 50
bad_good_total_rate_pred [3879,3578,7457,0.5]
push_out_count 2284
RUN 20
valores_ideales [30,38,8,22,10,19,36,10,15,15,35,26,32,15,32,22,31,21,38,25,28,3,33,46,42,9,23,22,8,7,17,18,25,23,16,14,27,33,16,20,31,28,17,30,5,15,23,19,2,35]
costo_por_agente [60,54,8,68,10,21,38,10,15,15,37,26,52,15,58,38,31,53,50,69,36,3,33,50,42,9,23,38,8,7,19,18,25,23,16,16,27,33,16,20,31,28,17,38,55,15,63,21,2,39]
completion_time_por_agente [103,80,9,112,10,22,49,10,15,15,41,26,81,15,77,52,31,78,77,117,42,3,33,61,42,9,24,47,9,7,20,18,25,24,16,17,29,33,16,21,32,28,17,58,89,15,94,23,2,43]
tiempo_ultimo_agente_goal 117
tiempo_en_acabar 117
tiempo_promedio 38.340000
agentes_en_goal 50
bad_good_total_rate_pred [3324,3425,6749,0.5]
push_out_count 2381
RUN 21
valores_ideales [30,38,8,22,10,19,36,10,15,15,35,26,32,15,32,22,31,21,38,25,28,3,33,46,42,9,23,22,8,7,17,18,25,23,16,14,27,33,16,20,31,28,17,30,5,15,23,19,2,35]
costo_por_agente [50,54,10,50,10,21,44,10,15,15,35,26,110,17,56,82,31,93,50,67,42,3,33,46,42,9,23,48,8,9,19,18,25,27,16,16,27,33,16,20,37,28,17,86,61,15,45,23,2,53]
completion_time_por_agente [75,84,12,77,10,21,58,10,15,15,37,26,166,18,70,152,31,161,70,119,62,3,33,49,42,9,24,80,12,9,19,18,25,28,16,17,28,33,17,24,39,28,17,155,122,15,64,30,2,76]
tiempo_ultimo_agente_goal 166
tiempo_en_acabar 166
tiempo_promedio 46.459999
agentes_en_goal 50
bad_good_total_rate_pred [4244,4939,9183,0.5]
push_out_count 2533
RUN 22
valores_ideales [30,38,8,22,10,19,36,10,15,15,35,26,32,15,32,22,31,21,38,25,28,3,33,46,42,9,23,22,8,7,17,18,25,23,16,14,27,33,16,20,31,28,17,30,5,15,23,19,2,35]
costo_por_agente [58,56,12,72,10,25,52,10,15,15,35,26,40,15,40,56,31,43,44,57,54,3,33,46,42,9,23,62,8,7,19,18,25,35,16,16,27,33,16,20,55,28,17,56,53,15,55,19,2,37]
completion_time_por_agente [78,78,18,113,10,25,80,10,15,15,36,28,53,15,51,92,31,65,63,103,65,3,33,49,46,9,26,113,12,7,19,18,25,42,16,17,28,33,16,24,70,28,17,84,97,15,90,19,2,45]
tiempo_ultimo_agente_goal 113
tiempo_en_acabar 113
tiempo_promedio 40.939999
agentes_en_goal 50
bad_good_total_rate_pred [4071,4108,8179,0.5]
push_out_count 2642
RUN 23
valores_ideales [30,38,8,22,10,19,36,10,15,15,35,26,32,15,32,22,31,21,38,25,28,3,33,46,42,9,23,22,8,7,17,18,25,23,16,14,27,33,16,20,31,28,17,30,5,15,23,19,2,35]
costo_por_agente [46,86,8,56,10,21,40,10,15,15,39,26,76,15,92,34,31,87,64,87,56,3,33,46,46,9,23,70,10,7,19,18,25,23,16,16,27,35,16,20,39,28,17,42,87,15,59,19,2,51]
completion_time_por_agente [70,141,9,88,10,21,42,10,15,15,45,26,127,15,159,55,31,141,100,146,76,3,33,47,56,10,24,123,12,7,19,18,25,24,16,19,28,37,16,20,44,28,17,52,150,15,107,19,2,65]
tiempo_ultimo_agente_goal 159
tiempo_en_acabar 159
tiempo_promedio 47.560001
agentes_en_goal 50
bad_good_total_rate_pred [4481,4742,9223,0.5]
push_out_count 2790
RUN 24
valores_ideales [30,38,8,22,10,19,36,10,15,15,35,26,32,15,32,22,31,21,38,25,28,3,33,46,42,9,23,22,8,7,17,18,25,23,16,14,27,33,16,20,31,28,17,30,5,15,23,19,2,35]
costo_por_agente [42,40,10,48,10,21,40,10,15,15,39,26,52,15,38,58,31,29,50,73,48,3,33,46,42,9,23,44,8,7,19,18,25,23,16,18,27,33,16,20,73,28,17,54,45,15,51,19,2,37]
completion_time_por_agente [64,52,12,54,10,21,49,10,15,15,45,26,69,16,44,92,31,34,69,111,69,3,33,51,43,9,26,73,12,7,19,18,25,24,16,19,28,33,16,20,105,28,17,85,76,15,69,21,2,43]
tiempo_ultimo_agente_goal 111
tiempo_en_acabar 111
tiempo_promedio 36.880001
agentes_en_goal 50
bad_good_total_rate_pred [3316,3174,6490,0.5]
push_out_count 2859
RUN 25
valores_ideales [30,38,8,22,10,19,36,10,15,15,35,26,32,15,32,22,31,21,38,25,28,3,33,46,42,9,23,22,8,7,17,18,25,23,16,14,27,33,16,20,31,28,17,30,5,15,23,19,2,35]
costo_por_agente [50,46,10,58,10,21,52,10,15,15,35,26,52,15,54,48,31,67,50,61,60,3,33,46,48,9,23,54,10,7,19,18,25,25,16,16,27,33,16,20,45,28,17,50,61,15,61,19,2,37]
completion_time_por_agente [74,68,13,93,10,24,76,10,15,15,35,26,89,15,76,70,31,98,76,102,95,3,33,48,61,9,24,85,12,7,19,18,25,26,16,17,28,33,16,24,54,28,17,78,101,15,104,19,2,44]
tiempo_ultimo_agente_goal 104
tiempo_en_acabar 104
tiempo_promedio 41.540001
agentes_en_goal 50
bad_good_total_rate_pred [3859,4744,8603,0.6]
push_out_count 2964
RUN 26
valores_ideales [30,38,8,22,10,19,36,10,15,15,35,26,32,15,32,22,31,21,38,25,28,3,33,46,42,9,23,22,8,7,17,18,25,23,16,14,27,33,16,20,31,28,17,30,5,15,23,19,2,35]
costo_por_agente [76,44,8,90,10,19,70,10,15,15,35,26,84,15,64,60,31,57,40,85,78,3,33,52,42,9,23,86,8,7,19,18,25,23,16,16,27,33,16,20,47,28,17,42,69,15,73,19,2,43]
completion_time_por_agente [127,62,9,141,11,20,114,10,15,15,37,26,131,15,107,89,31,107,53,146,126,3,33,66,42,9,26,139,12,7,19,18,25,24,16,17,28,33,16,24,68,28,17,67,123,15,130,19,2,61]
tiempo_ultimo_agente_goal 146
tiempo_en_acabar 146
tiempo_promedio 49.580002
agentes_en_goal 50
bad_good_total_rate_pred [5157,5478,10635,0.5]
push_out_count 3146
RUN 27
valores_ideales [30,38,8,22,10,19,36,10,15,15,35,26,32,15,32,22,31,21,38,25,28,3,33,46,42,9,23,22,8,7,17,18,25,23,16,14,27,33,16,20,31,28,17,30,5,15,23,19,2,35]
costo_por_agente [38,40,12,60,10,21,44,10,15,15,39,26,42,15,42,46,31,43,52,65,44,3,33,46,48,9,23,48,8,7,19,18,25,23,16,16,27,33,16,20,39,28,17,60,49,15,53,19,2,39]
completion_time_por_agente [48,50,12,83,10,24,50,10,15,15,46,26,54,16,57,73,31,48,64,100,57,3,33,48,58,9,24,71,8,7,19,18,25,25,16,19,28,33,17,20,42,28,17,94,76,15,70,21,2,48]
tiempo_ultimo_agente_goal 100
tiempo_en_acabar 100
tiempo_promedio 35.660000
agentes_en_goal 50
bad_good_total_rate_pred [3405,2717,6122,0.4]
push_out_count 3207
RUN 28
valores_ideales [30,38,8,22,10,19,36,10,15,15,35,26,32,15,32,22,31,21,38,25,28,3,33,46,42,9,23,22,8,7,17,18,25,23,16,14,27,33,16,20,31,28,17,30,5,15,23,19,2,35]
costo_por_agente [46,54,10,58,10,21,40,10,15,15,35,26,48,15,40,52,31,55,48,39,36,3,33,46,44,9,23,40,8,7,19,18,25,23,16,16,27,33,20,20,47,28,17,34,41,15,49,25,2,45]
completion_time_por_agente [62,75,12,90,10,22,46,10,15,15,35,26,69,15,44,73,31,79,66,52,49,3,33,47,53,9,26,61,12,7,19,18,25,24,16,17,28,33,20,24,51,28,17,49,66,15,80,32,2,52]
tiempo_ultimo_agente_goal 90
tiempo_en_acabar 90
tiempo_promedio 35.259998
agentes_en_goal 50
bad_good_total_rate_pred [3119,2775,5894,0.5]
push_out_count 3269
RUN 29
valores_ideales [30,38,8,22,10,19,36,10,15,15,35,26,32,15,32,22,31,21,38,25,28,3,33,46,42,9,23,22,8,7,17,18,25,23,16,14,27,33,16,20,31,28,17,30,5,15,23,19,2,35]
costo_por_agente [40,50,10,84,10,23,46,10,15,15,35,26,66,15,34,52,31,71,44,77,48,3,33,46,42,9,23,74,8,7,19,18,25,29,16,16,27,33,16,20,59,28,17,56,57,15,77,19,2,69]
completion_time_por_agente [45,64,11,138,10,25,66,10,15,15,43,26,105,15,36,94,31,102,66,128,80,3,33,52,43,9,24,124,12,7,19,18,25,39,16,19,28,35,16,24,75,28,17,83,95,15,130,19,2,99]
tiempo_ultimo_agente_goal 138
tiempo_en_acabar 138
tiempo_promedio 44.680000
agentes_en_goal 50
bad_good_total_rate_pred [4262,4299,8561,0.5]
push_out_count 3402
RUN 30
valores_ideales [30,38,8,22,10,19,36,10,15,15,35,26,32,15,32,22,31,21,38,25,28,3,33,46,42,9,23,22,8,7,17,18,25,23,16,14,27,33,16,20,31,28,17,30,5,15,23,19,2,35]
costo_por_agente [68,52,12,48,10,21,42,10,15,15,35,26,44,15,34,66,31,57,54,63,54,3,33,48,44,9,23,50,8,7,19,18,25,23,16,16,27,33,16,20,71,28,17,48,59,15,67,19,2,45]
completion_time_por_agente [103,78,12,81,10,24,54,10,15,15,38,26,65,15,38,108,31,109,74,113,89,3,33,55,46,9,26,81,12,7,19,18,25,24,16,17,28,33,16,24,90,28,17,56,87,15,106,19,2,54]
tiempo_ultimo_agente_goal 113
tiempo_en_acabar 113
tiempo_promedio 41.480000
agentes_en_goal 50
bad_good_total_rate_pred [3949,3890,7839,0.5]
push_out_count 3518
RUN 31
valores_ideales [30,38,8,22,10,19,36,10,15,15,35,26,32,15,32,22,31,21,38,25,28,3,33,46,42,9,23,22,8,7,17,18,25,23,16,14,27,33,16,20,31,28,17,30,5,15,23,19,2,35]
costo_por_agente [60,46,8,64,10,23,36,10,15,15,35,26,52,17,42,30,31,41,48,55,50,3,33,46,50,9,23,50,8,7,19,18,25,31,16,16,27,33,16,20,39,28,17,48,25,15,47,19,2,37]
completion_time_por_agente [79,68,9,97,11,30,36,10,15,15,38,26,74,17,51,30,31,58,64,75,69,3,33,52,71,9,24,83,12,7,19,18,25,39,16,17,28,33,16,24,46,28,17,73,44,15,75,19,2,47]
tiempo_ultimo_agente_goal 97
tiempo_en_acabar 97
tiempo_promedio 35.959999
agentes_en_goal 50
bad_good_total_rate_pred [3348,3181,6529,0.5]
push_out_count 3584
RUN 32
valores_ideales [30,38,8,22,10,19,36,10,15,15,35,26,32,15,32,22,31,21,38,25,28,3,33,46,42,9,23,22,8,7,17,18,25,23,16,14,27,33,16,20,31,28,17,30,5,15,23,19,2,35]
costo_por_agente [38,54,10,40,10,21,36,10,15,15,35,26,58,17,56,28,31,61,48,81,62,3,33,48,46,9,23,60,10,7,19,18,25,85,16,16,27,33,16,20,73,28,17,50,57,15,45,19,2,35]
completion_time_por_agente [48,84,11,55,11,25,39,10,15,15,38,26,89,18,73,31,31,87,65,136,91,3,34,52,53,9,24,99,12,7,19,18,25,134,16,17,28,34,16,24,122,28,17,67,93,15,68,19,2,36]
tiempo_ultimo_agente_goal 136
tiempo_en_acabar 136
tiempo_promedio 41.779999
agentes_en_goal 50
bad_good_total_rate_pred [3864,3675,7539,0.5]
push_out_count 3685
RUN 33
valores_ideales [30,38,8,22,10,19,36,10,15,15,35,26,32,15,32,22,31,21,38,25,28,3,33,46,42,9,23,22,8,7,17,18,25,23,16,14,27,33,16,20,31,28,17,30,5,15,23,19,2,35]
costo_por_agente [34,74,10,50,10,21,64,10,15,15,47,26,70,15,54,58,31,43,50,65,68,3,33,52,42,9,23,64,10,7,19,18,25,23,16,16,27,33,16,20,79,28,17,68,75,15,67,23,2,37]
completion_time_por_agente [36,119,11,69,10,22,90,10,15,15,64,26,118,16,71,92,31,76,75,103,113,3,33,73,44,9,26,109,12,8,19,18,25,24,16,17,28,33,17,24,124,28,17,114,119,15,111,29,2,41]
tiempo_ultimo_agente_goal 124
tiempo_en_acabar 124
tiempo_promedio 46.400002
agentes_en_goal 50
bad_good_total_rate_pred [4507,4964,9471,0.5]
push_out_count 3820
RUN 34
valores_ideales [30,38,8,22,10,19,36,10,15,15,35,26,32,15,32,22,31,21,38,25,28,3,33,46,42,9,23,22,8,7,17,18,25,23,16,14,27,33,16,20,31,28,17,30,5,15,23,19,2,35]
costo_por_agente [60,86,8,70,10,25,48,10,15,15,37,26,98,15,36,80,31,85,82,81,62,3,33,46,42,9,23,86,8,9,19,18,25,23,16,16,27,33,16,20,51,28,17,70,87,15,61,19,2,43]
completion_time_por_agente [106,147,9,123,10,31,62,10,15,15,41,26,144,15,39,150,31,149,137,147,84,3,33,47,44,9,26,145,9,11,19,18,25,24,16,17,28,33,16,20,77,28,17,124,149,15,103,19,2,50]
tiempo_ultimo_agente_goal 150
tiempo_en_acabar 150
tiempo_promedio 52.360001
agentes_en_goal 50
bad_good_total_rate_pred [5086,5933,11019,0.5]
push_out_count 4030
RUN 35
valores_ideales [30,38,8,22,10,19,36,10,15,15,35,26,32,15,32,22,31,21,38,25,28,3,33,46,42,9,23,22,8,7,17,18,25,23,16,14,27,33,16,20,31,28,17,30,5,15,23,19,2,35]
costo_por_agente [70,60,10,38,10,21,36,10,15,15,35,26,60,15,34,80,31,67,54,59,78,3,33,66,42,9,23,84,8,7,19,18,25,23,16,18,27,35,16,20,75,28,17,60,77,15,79,19,2,47]
completion_time_por_agente [129,83,11,50,10,21,39,10,15,15,35,26,92,15,34,134,31,114,79,98,118,3,34,92,43,9,24,130,12,7,19,18,25,26,16,19,28,40,16,24,97,28,17,105,134,15,142,19,2,64]
tiempo_ultimo_agente_goal 142
tiempo_en_acabar 142
tiempo_promedio 47.340000
agentes_en_goal 50
bad_good_total_rate_pred [4595,4703,9298,0.5]
push_out_count 4193
RUN 36
valores_ideales [30,38,8,22,10,19,36,10,15,15,35,26,32,15,32,22,31,21,38,25,28,3,33,46,42,9,23,22,8,7,17,18,25,23,16,14,27,33,16,20,31,28,17,30,5,15,23,19,2,35]
costo_por_agente [34,40,8,38,10,71,50,10,15,15,41,26,96,15,36,48,31,89,50,93,84,3,33,46,44,9,23,48,8,7,19,18,25,27,16,16,27,33,16,20,47,28,17,84,73,15,53,19,2,37]
completion_time_por_agente [42,55,9,51,10,90,75,10,15,15,49,26,150,15,41,78,32,153,70,143,142,3,33,48,48,9,24,86,12,7,19,18,25,32,16,17,28,33,16,20,68,28,17,138,137,15,76,19,2,41]
tiempo_ultimo_agente_goal 153
tiempo_en_acabar 153
tiempo_promedio 46.119999
agentes_en_goal 50
bad_good_total_rate_pred [4240,4339,8579,0.5]
push_out_count 4339
RUN 37
valores_ideales [30,38,8,22,10,19,36,10,15,15,35,26,32,15,32,22,31,21,38,25,28,3,33,46,42,9,23,22,8,7,17,18,25,23,16,14,27,33,16,20,31,28,17,30,5,15,23,19,2,35]
costo_por_agente [34,46,8,56,10,21,40,10,15,15,37,26,42,15,36,48,31,59,54,49,40,3,33,46,42,9,23,46,10,7,19,18,25,47,16,16,27,33,16,20,37,28,17,58,43,15,55,19,2,45]
completion_time_por_agente [38,59,9,81,11,22,50,10,15,15,40,26,58,15,37,66,31,96,77,86,58,3,33,51,45,9,24,72,12,7,19,18,25,66,16,17,28,33,16,24,46,28,17,85,71,15,83,19,2,56]
tiempo_ultimo_agente_goal 96
tiempo_en_acabar 96
tiempo_promedio 36.799999
agentes_en_goal 50
bad_good_total_rate_pred [3343,3218,6561,0.5]
push_out_count 4406
RUN 38
valores_ideales [30,38,8,22,10,19,36,10,15,15,35,26,32,15,32,22,31,21,38,25,28,3,33,46,42,9,23,22,8,7,17,18,25,23,16,14,27,33,16,20,31,28,17,30,5,15,23,19,2,35]
costo_por_agente [44,46,10,48,10,21,52,10,15,15,35,26,72,15,46,66,31,61,44,79,50,3,33,46,42,9,23,60,8,7,19,18,25,25,16,18,27,33,16,20,35,28,17,52,41,15,49,37,2,37]
completion_time_por_agente [76,56,11,72,10,22,77,10,15,15,45,26,109,16,60,115,31,99,53,124,50,3,33,47,42,9,24,107,12,7,19,18,25,28,16,19,28,33,16,20,45,28,17,89,72,15,75,59,2,42]
tiempo_ultimo_agente_goal 124
tiempo_en_acabar 124
tiempo_promedio 40.840000
agentes_en_goal 50
bad_good_total_rate_pred [4284,3643,7927,0.5]
push_out_count 4521
RUN 39
valores_ideales [30,38,8,22,10,19,36,10,15,15,35,26,32,15,32,22,31,21,38,25,28,3,33,46,42,9,23,22,8,7,17,18,25,23,16,14,27,33,16,20,31,28,17,30,5,15,23,19,2,35]
costo_por_agente [52,46,10,42,10,23,38,10,15,15,35,26,60,15,34,60,31,57,40,39,48,3,33,46,42,9,23,58,8,7,19,18,25,33,16,16,27,33,16,20,43,28,17,58,53,15,35,19,2,39]
completion_time_por_agente [76,61,11,54,10,23,46,10,15,15,37,26,86,15,38,87,31,86,47,42,70,3,33,49,45,9,24,95,12,7,19,18,25,42,16,17,28,33,16,24,47,28,17,95,96,15,40,19,2,51]
tiempo_ultimo_agente_goal 96
tiempo_en_acabar 96
tiempo_promedio 36.220001
agentes_en_goal 50
bad_good_total_rate_pred [3213,2937,6150,0.5]
push_out_count 4599
