RUN 0
valores_ideales [40,23,42,9,45,27,14,28,37,14,4,32,14,26,23,6,19,22,46,24,18,24,42,8,31,32,33,28,10,20,18,28,29,39,15,36,51,14,45,10,25,16,22,34,47,28,40,46,24,31,21,10,44,5,34,26,32,24,9,22,19,36,32,23,14,32,18,2,3,31,47,20,9,7,27,35,8,24,21,18,12,18,17,15,18,21,17,42,18,10,7,12,35,24,39,33,28,38,41,36]
costo_por_agente [60,132,100,9,61,31,15,28,113,26,6,32,16,626,27,10,19,715,96,109,134,26,58,10,60,63,66,96,10,107,18,30,185,39,15,49,51,18,123,22,25,20,22,90,65,28,66,86,50,52,189,10,130,5,76,87,76,54,9,24,19,26,40,33,21,36,18,2,3,81,83,24,11,7,89,69,8,24,82,40,71,18,27,15,24,21,19,76,20,10,7,76,74,24,60,29,28,88,179,40]
completion_time_por_agente [0,0,313,9,126,0,0,28,264,169,6,32,20,0,53,26,19,0,387,0,0,26,219,10,0,0,0,190,11,0,18,209,391,53,15,0,179,19,306,182,25,0,22,389,284,28,0,209,381,0,0,10,832,6,0,0,0,0,9,24,19,0,0,0,0,43,26,2,3,201,210,39,11,7,168,312,8,25,0,818,0,20,29,15,29,22,25,173,25,10,7,0,0,24,0,0,28,0,318,56]
tiempo_ultimo_agente_goal 832
tiempo_en_acabar 1000
tiempo_promedio 81.720001
agentes_en_goal 68
bad_good_total_rate_pred [149269,219266,368535,0.6]
push_out_count 0
RUN 1
valores_ideales [40,23,42,9,45,27,14,28,37,14,4,32,14,26,23,6,19,22,46,24,18,24,42,8,31,32,33,28,10,20,18,28,29,39,15,36,51,14,45,10,25,16,22,34,47,28,40,46,24,31,21,10,44,5,34,26,32,24,9,22,19,36,32,23,14,32,18,2,3,31,47,20,9,7,27,35,8,24,21,18,12,18,17,15,18,21,17,42,18,10,7,12,35,24,39,33,28,38,41,36]
costo_por_agente [270,92,23,9,40,91,58,28,194,16,4,32,18,21,27,8,19,33,944,34,22,24,44,8,19,42,139,15,10,28,18,30,20,35,15,39,51,32,19,555,25,20,22,21,146,28,37,26,24,49,12,10,43,5,140,26,72,24,9,24,21,29,242,45,15,34,18,2,3,35,22,24,11,7,96,12,8,24,15,18,29,10,23,15,24,21,23,16,35,10,7,17,271,24,25,59,28,74,19,594]
completion_time_por_agente [0,0,313,9,126,0,0,29,264,16,5,32,22,0,29,8,19,0,387,0,46,24,56,9,0,55,938,190,11,0,18,35,391,53,17,0,56,255,306,182,25,39,24,389,284,28,0,209,25,0,0,10,832,6,0,26,0,0,9,28,29,0,299,0,0,46,37,2,3,201,210,32,12,7,168,312,9,25,0,818,0,20,25,15,26,21,30,173,25,12,7,0,0,24,0,0,28,0,318,56]
tiempo_ultimo_agente_goal 938
tiempo_en_acabar 1000
tiempo_promedio 88.250000
agentes_en_goal 51
bad_good_total_rate_pred [193397,317716,511113,0.6]
push_out_count 0
RUN 2
valores_ideales [40,23,42,9,45,27,14,28,37,14,4,32,14,26,23,6,19,22,46,24,18,24,42,8,31,32,33,28,10,20,18,28,29,39,15,36,51,14,45,10,25,16,22,34,47,28,40,46,24,31,21,10,44,5,34,26,32,24,9,22,19,36,32,23,14,32,18,2,3,31,47,20,9,7,27,35,8,24,21,18,12,18,17,15,18,21,17,42,18,10,7,12,35,24,39,33,28,38,41,36]
costo_por_agente [16,347,21,9,24,15,42,28,57,18,4,32,16,73,12,6,19,15,43,63,203,24,22,8,46,46,28,28,10,657,18,18,53,19,15,32,35,18,21,19,25,13,22,183,31,28,59,19,20,9,13,10,25,5,15,26,71,83,9,23,25,74,28,31,13,49,82,2,3,329,19,26,9,7,110,33,8,24,44,75,45,18,21,15,20,21,17,24,80,10,7,17,19,24,23,73,28,19,37,55]
completion_time_por_agente [0,0,313,9,126,0,0,28,264,25,4,32,21,0,29,6,19,0,387,0,46,24,56,8,0,55,938,190,10,0,18,35,391,53,15,0,56,23,306,182,25,39,22,389,284,28,0,209,25,0,0,10,832,5,0,28,0,0,9,28,28,0,299,38,0,46,264,2,3,201,210,459,9,7,168,312,10,24,0,818,0,20,24,15,21,21,21,173,25,12,7,0,0,24,0,0,28,0,318,56]
tiempo_ultimo_agente_goal 459
tiempo_en_acabar 1000
tiempo_promedio 92.650002
agentes_en_goal 41
bad_good_total_rate_pred [248282,405581,653863,0.6]
push_out_count 0
RUN 3
valores_ideales [40,23,42,9,45,27,14,28,37,14,4,32,14,26,23,6,19,22,46,24,18,24,42,8,31,32,33,28,10,20,18,28,29,39,15,36,51,14,45,10,25,16,22,34,47,28,40,46,24,31,21,10,44,5,34,26,32,24,9,22,19,36,32,23,14,32,18,2,3,31,47,20,9,7,27,35,8,24,21,18,12,18,17,15,18,21,17,42,18,10,7,12,35,24,39,33,28,38,41,36]
costo_por_agente [21,36,89,9,23,15,24,28,20,24,4,32,14,59,27,6,19,315,25,30,26,24,25,8,29,46,104,14,10,20,18,16,658,45,17,19,53,15,31,29,25,16,22,21,26,28,20,30,15,19,22,14,24,7,16,26,11,16,9,18,19,19,28,23,15,36,18,2,5,17,24,20,9,7,10,62,8,24,16,269,32,18,19,15,18,21,19,27,19,10,9,10,18,24,54,25,28,25,30,23]
completion_time_por_agente [0,0,313,10,126,0,0,28,264,42,4,33,15,0,34,6,19,0,387,0,27,26,56,8,0,54,938,190,10,0,18,35,391,52,18,0,59,23,306,182,25,16,22,389,284,30,0,209,25,0,0,16,832,8,0,26,0,0,9,28,19,0,299,38,0,109,19,2,5,201,210,459,10,7,168,312,10,24,0,818,0,20,23,15,19,22,20,173,25,11,10,0,0,24,0,0,28,0,318,56]
tiempo_ultimo_agente_goal 109
tiempo_en_acabar 1000
tiempo_promedio 90.669998
agentes_en_goal 45
bad_good_total_rate_pred [270881,355107,625988,0.6]
push_out_count 0
RUN 4
valores_ideales [40,23,42,9,45,27,14,28,37,14,4,32,14,26,23,6,19,22,46,24,18,24,42,8,31,32,33,28,10,20,18,28,29,39,15,36,51,14,45,10,25,16,22,34,47,28,40,46,24,31,21,10,44,5,34,26,32,24,9,22,19,36,32,23,14,32,18,2,3,31,47,20,9,7,27,35,8,24,21,18,12,18,17,15,18,21,17,42,18,10,7,12,35,24,39,33,28,38,41,36]
costo_por_agente [14,31,24,11,18,29,19,28,19,14,6,36,16,23,27,10,19,17,25,24,15,24,16,8,23,36,23,11,10,31,18,28,14,17,19,34,24,22,21,19,25,14,22,27,40,28,22,18,24,25,227,10,23,7,21,30,32,45,9,22,19,15,19,33,14,11,20,2,3,18,18,22,9,7,23,39,8,24,27,22,52,22,25,15,18,21,27,19,19,10,7,14,31,24,30,37,28,20,19,46]
completion_time_por_agente [0,65,313,11,126,0,0,28,264,16,8,37,30,0,32,10,19,0,387,0,27,25,56,9,0,37,938,190,10,0,18,35,391,52,19,0,59,28,306,182,25,16,22,389,284,32,0,209,24,0,0,10,832,8,0,35,0,0,9,22,20,0,299,41,0,109,21,2,3,201,210,34,9,7,168,64,10,24,0,818,0,24,27,15,18,21,34,173,25,10,7,0,0,24,0,43,28,0,318,56]
tiempo_ultimo_agente_goal 65
tiempo_en_acabar 1000
tiempo_promedio 85.080002
agentes_en_goal 49
bad_good_total_rate_pred [212076,387126,599202,0.6]
push_out_count 0
RUN 5
valores_ideales [40,23,42,9,45,27,14,28,37,14,4,32,14,26,23,6,19,22,46,24,18,24,42,8,31,32,33,28,10,20,18,28,29,39,15,36,51,14,45,10,25,16,22,34,47,28,40,46,24,31,21,10,44,5,34,26,32,24,9,22,19,36,32,23,14,32,18,2,3,31,47,20,9,7,27,35,8,24,21,18,12,18,17,15,18,21,17,42,18,10,7,12,35,24,39,33,28,38,41,36]
costo_por_agente [16,40,17,9,19,25,27,28,41,14,6,32,18,43,10,6,19,33,18,90,66,26,43,10,29,22,25,29,10,112,18,17,81,19,15,28,57,16,26,12,25,12,22,23,51,30,29,20,26,28,43,10,62,7,491,26,29,16,9,11,21,20,30,58,13,520,18,2,3,20,24,22,9,7,18,32,8,26,59,7,9,20,25,15,18,21,23,20,16,10,7,20,25,24,21,17,28,23,26,21]
completion_time_por_agente [0,65,313,9,126,0,0,28,264,18,6,32,23,0,32,6,19,0,387,0,27,27,56,11,0,37,938,190,10,0,18,35,391,52,16,0,108,28,306,132,25,16,22,389,284,30,0,209,28,0,0,10,250,8,0,26,0,0,10,22,21,0,299,41,0,109,20,2,3,201,210,34,9,7,168,64,8,26,0,818,0,20,29,15,19,23,24,173,25,12,7,0,0,25,0,43,28,0,318,56]
tiempo_ultimo_agente_goal 250
tiempo_en_acabar 1000
tiempo_promedio 78.959999
agentes_en_goal 42
bad_good_total_rate_pred [300316,378577,678893,0.6]
push_out_count 0
RUN 6
valores_ideales [40,23,42,9,45,27,14,28,37,14,4,32,14,26,23,6,19,22,46,24,18,24,42,8,31,32,33,28,10,20,18,28,29,39,15,36,51,14,45,10,25,16,22,34,47,28,40,46,24,31,21,10,44,5,34,26,32,24,9,22,19,36,32,23,14,32,18,2,3,31,47,20,9,7,27,35,8,24,21,18,12,18,17,15,18,21,17,42,18,10,7,12,35,24,39,33,28,38,41,36]
costo_por_agente [22,31,20,9,17,25,32,28,21,14,5,32,16,20,27,6,19,17,22,16,27,24,19,10,15,10,473,15,10,404,18,28,17,12,17,28,20,8,24,39,25,15,22,22,28,28,21,20,15,16,21,10,22,5,16,90,13,22,9,11,19,16,15,31,20,32,18,2,3,21,20,18,9,7,8,18,8,24,8,94,11,8,17,15,20,21,21,23,15,10,9,14,25,24,21,42,28,25,17,12]
completion_time_por_agente [0,65,313,11,126,0,0,29,264,14,6,32,19,0,29,6,19,0,387,0,27,24,56,11,0,37,938,190,10,0,18,67,391,52,17,0,108,28,306,132,25,16,22,389,284,28,0,209,28,0,0,11,250,6,0,26,0,0,10,22,20,0,299,40,0,35,18,2,3,201,210,34,9,7,168,64,8,24,0,818,0,20,21,15,21,21,22,173,25,10,10,0,0,24,0,43,28,0,318,56]
tiempo_ultimo_agente_goal 67
tiempo_en_acabar 1000
tiempo_promedio 78.250000
agentes_en_goal 39
bad_good_total_rate_pred [274849,502034,776883,0.6]
push_out_count 0
RUN 7
valores_ideales [40,23,42,9,45,27,14,28,37,14,4,32,14,26,23,6,19,22,46,24,18,24,42,8,31,32,33,28,10,20,18,28,29,39,15,36,51,14,45,10,25,16,22,34,47,28,40,46,24,31,21,10,44,5,34,26,32,24,9,22,19,36,32,23,14,32,18,2,3,31,47,20,9,7,27,35,8,24,21,18,12,18,17,15,18,21,17,42,18,10,7,12,35,24,39,33,28,38,41,36]
costo_por_agente [372,33,26,9,79,226,22,30,48,16,4,32,22,37,25,6,21,53,46,35,14,24,14,10,15,55,26,72,10,341,20,30,32,39,15,68,51,14,719,33,25,8,22,196,48,30,42,27,24,138,54,10,37,5,25,26,60,22,9,22,19,34,42,45,17,92,18,2,3,155,21,22,9,7,56,26,8,24,53,33,217,18,19,15,20,21,17,62,19,10,7,252,61,24,25,72,28,266,42,48]
completion_time_por_agente [0,65,313,9,126,0,341,31,264,21,5,33,22,0,32,6,23,0,55,0,27,24,56,11,0,37,938,131,10,0,20,33,391,61,17,0,56,21,306,132,25,16,22,389,284,30,0,209,25,0,0,10,250,7,0,27,0,0,10,22,20,0,299,40,0,35,18,2,3,201,210,25,9,7,168,64,8,24,0,818,0,19,19,15,21,21,18,637,25,11,7,0,0,24,0,43,28,0,318,791]
tiempo_ultimo_agente_goal 791
tiempo_en_acabar 1000
tiempo_promedio 88.910004
agentes_en_goal 51
bad_good_total_rate_pred [222378,320837,543215,0.6]
push_out_count 0
RUN 8
valores_ideales [40,23,42,9,45,27,14,28,37,14,4,32,14,26,23,6,19,22,46,24,18,24,42,8,31,32,33,28,10,20,18,28,29,39,15,36,51,14,45,10,25,16,22,34,47,28,40,46,24,31,21,10,44,5,34,26,32,24,9,22,19,36,32,23,14,32,18,2,3,31,47,20,9,7,27,35,8,24,21,18,12,18,17,15,18,21,17,42,18,10,7,12,35,24,39,33,28,38,41,36]
costo_por_agente [17,199,53,9,30,15,14,28,19,20,4,32,18,41,27,6,19,31,24,57,22,24,21,10,69,74,70,121,10,43,18,30,21,45,17,31,86,16,57,23,25,28,22,46,30,28,41,46,24,95,37,10,37,5,13,26,42,21,9,22,19,54,319,51,19,34,18,2,3,408,98,22,9,7,130,367,10,26,116,35,450,13,19,15,77,21,17,24,31,10,7,52,18,24,295,60,28,788,675,128]
completion_time_por_agente [0,257,313,9,126,0,341,28,264,31,5,32,25,0,30,6,19,0,55,0,31,25,56,10,0,209,938,131,10,0,18,31,391,147,17,0,56,16,306,132,25,73,22,389,284,28,0,66,24,195,0,11,250,6,0,26,0,0,10,22,19,0,299,93,0,43,18,2,3,201,210,31,9,7,168,64,10,29,0,818,0,19,19,15,21,21,21,637,25,11,7,0,0,25,0,43,28,0,318,791]
tiempo_ultimo_agente_goal 257
tiempo_en_acabar 1000
tiempo_promedio 95.209999
agentes_en_goal 51
bad_good_total_rate_pred [207816,331303,539119,0.6]
push_out_count 0
RUN 9
valores_ideales [40,23,42,9,45,27,14,28,37,14,4,32,14,26,23,6,19,22,46,24,18,24,42,8,31,32,33,28,10,20,18,28,29,39,15,36,51,14,45,10,25,16,22,34,47,28,40,46,24,31,21,10,44,5,34,26,32,24,9,22,19,36,32,23,14,32,18,2,3,31,47,20,9,7,27,35,8,24,21,18,12,18,17,15,18,21,17,42,18,10,7,12,35,24,39,33,28,38,41,36]
costo_por_agente [24,52,24,9,45,38,19,28,34,16,4,32,18,42,13,6,19,36,48,36,18,24,50,10,32,42,65,29,10,67,18,30,53,41,15,26,59,18,22,42,25,20,22,56,38,30,26,60,20,81,87,10,17,5,51,26,80,17,9,56,23,279,19,83,42,27,24,2,3,26,44,26,9,7,569,22,8,24,185,50,42,20,9,15,18,21,17,23,41,10,7,24,745,24,84,47,28,19,77,38]
completion_time_por_agente [0,257,313,9,50,0,341,28,264,24,4,32,26,69,30,6,19,0,78,0,21,27,90,10,0,63,938,131,10,0,18,38,391,147,15,0,144,25,306,132,25,51,144,187,284,30,0,152,24,195,0,11,250,6,0,26,0,0,9,155,26,0,299,160,0,43,31,2,3,201,210,64,9,7,168,64,8,24,0,818,85,23,19,15,18,21,23,637,25,12,7,0,0,25,0,69,28,0,171,38]
tiempo_ultimo_agente_goal 187
tiempo_en_acabar 1000
tiempo_promedio 89.580002
agentes_en_goal 56
bad_good_total_rate_pred [187871,222049,409920,0.5]
push_out_count 0
RUN 10
valores_ideales [40,23,42,9,45,27,14,28,37,14,4,32,14,26,23,6,19,22,46,24,18,24,42,8,31,32,33,28,10,20,18,28,29,39,15,36,51,14,45,10,25,16,22,34,47,28,40,46,24,31,21,10,44,5,34,26,32,24,9,22,19,36,32,23,14,32,18,2,3,31,47,20,9,7,27,35,8,24,21,18,12,18,17,15,18,21,17,42,18,10,7,12,35,24,39,33,28,38,41,36]
costo_por_agente [33,34,15,9,30,25,31,28,30,26,4,34,16,84,25,8,19,30,35,37,28,24,42,8,67,270,24,8,10,23,18,30,20,43,17,48,51,14,26,38,25,18,22,20,42,28,55,19,24,23,8,10,28,5,34,26,58,20,9,36,19,20,13,36,95,32,18,2,3,63,19,20,9,7,18,19,8,24,9,314,191,18,19,15,20,21,21,44,34,10,7,17,25,26,73,19,28,56,23,71]
completion_time_por_agente [0,257,313,9,50,0,341,29,264,48,5,37,16,192,32,8,19,0,78,0,21,24,44,8,146,63,938,131,11,0,18,31,391,50,17,0,70,22,306,132,25,28,22,187,284,28,0,152,25,195,0,10,250,7,0,28,0,0,9,155,19,0,299,160,0,36,18,2,3,201,210,22,9,7,168,64,8,24,0,818,85,18,30,15,21,21,24,50,306,11,7,0,0,26,154,69,28,0,171,38]
tiempo_ultimo_agente_goal 306
tiempo_en_acabar 1000
tiempo_promedio 86.680000
agentes_en_goal 53
bad_good_total_rate_pred [172060,346326,518386,0.7]
push_out_count 0
RUN 11
valores_ideales [40,23,42,9,45,27,14,28,37,14,4,32,14,26,23,6,19,22,46,24,18,24,42,8,31,32,33,28,10,20,18,28,29,39,15,36,51,14,45,10,25,16,22,34,47,28,40,46,24,31,21,10,44,5,34,26,32,24,9,22,19,36,32,23,14,32,18,2,3,31,47,20,9,7,27,35,8,24,21,18,12,18,17,15,18,21,17,42,18,10,7,12,35,24,39,33,28,38,41,36]
costo_por_agente [17,30,21,9,31,19,10,28,20,14,6,32,18,19,11,6,19,17,14,996,24,24,21,10,16,428,22,13,12,20,18,15,22,13,17,19,21,18,22,16,25,16,22,21,29,25,27,26,24,11,15,10,34,5,12,18,101,28,9,22,21,27,18,101,19,0,18,2,3,17,22,20,9,7,11,19,8,24,20,9,42,20,23,15,22,21,21,22,16,12,7,12,19,24,20,11,28,19,21,811]
completion_time_por_agente [0,257,313,9,50,0,341,29,264,14,6,32,20,192,32,6,19,0,78,0,26,25,44,10,146,63,938,131,12,0,18,31,391,50,18,0,70,26,306,132,25,19,22,187,284,28,0,152,25,195,0,10,250,5,0,28,0,0,10,22,26,0,299,160,0,36,19,2,3,201,210,22,9,7,168,64,9,24,0,818,85,25,25,15,23,21,23,50,306,13,7,14,0,24,154,69,28,0,171,38]
tiempo_ultimo_agente_goal 32
tiempo_en_acabar 1000
tiempo_promedio 85.290001
agentes_en_goal 42
bad_good_total_rate_pred [238999,426650,665649,0.6]
push_out_count 0
RUN 12
valores_ideales [40,23,42,9,45,27,14,28,37,14,4,32,14,26,23,6,19,22,46,24,18,24,42,8,31,32,33,28,10,20,18,28,29,39,15,36,51,14,45,10,25,16,22,34,47,28,40,46,24,31,21,10,44,5,34,26,32,24,9,22,19,36,32,23,14,32,18,2,3,31,47,20,9,7,27,35,8,24,21,18,12,18,17,15,18,21,17,42,18,10,7,12,35,24,39,33,28,38,41,36]
costo_por_agente [15,36,15,9,106,20,18,28,58,14,4,32,16,18,27,9,19,16,27,25,17,24,29,8,21,56,38,66,10,40,18,28,23,194,15,20,51,38,19,17,25,20,22,21,63,28,22,20,26,28,697,10,16,10,16,26,14,25,9,26,19,16,30,38,23,6,18,2,3,35,20,22,9,7,54,41,10,24,61,44,8,18,23,15,20,21,21,56,27,10,7,93,20,24,38,48,28,22,229,36]
completion_time_por_agente [0,257,313,9,50,0,341,28,264,14,4,32,21,192,31,6,19,0,78,0,26,24,44,8,146,227,938,131,10,0,18,122,391,50,17,0,121,116,306,132,25,25,22,187,360,28,0,152,39,195,0,11,250,5,0,28,0,0,10,167,20,0,299,160,0,36,18,2,3,201,210,122,9,7,168,64,24,25,0,818,85,19,24,15,20,21,28,50,306,12,7,14,0,24,154,69,28,0,171,37]
tiempo_ultimo_agente_goal 360
tiempo_en_acabar 1000
tiempo_promedio 92.599998
agentes_en_goal 47
bad_good_total_rate_pred [166369,349957,516326,0.7]
push_out_count 0
RUN 13
valores_ideales [40,23,42,9,45,27,14,28,37,14,4,32,14,26,23,6,19,22,46,24,18,24,42,8,31,32,33,28,10,20,18,28,29,39,15,36,51,14,45,10,25,16,22,34,47,28,40,46,24,31,21,10,44,5,34,26,32,24,9,22,19,36,32,23,14,32,18,2,3,31,47,20,9,7,27,35,8,24,21,18,12,18,17,15,18,21,17,42,18,10,7,12,35,24,39,33,28,38,41,36]
costo_por_agente [17,23,25,9,22,47,23,28,22,22,4,32,20,18,31,8,19,3,46,23,20,24,44,8,26,12,20,236,10,45,18,28,220,36,15,29,21,18,22,12,25,16,22,41,26,28,24,27,26,17,5,10,27,18,15,26,20,22,9,25,19,15,489,38,13,32,18,2,3,539,29,22,9,7,12,19,8,26,16,28,341,18,23,15,20,21,21,216,24,10,7,11,22,26,22,14,28,26,21,33]
completion_time_por_agente [0,25,313,9,50,0,341,28,264,23,5,34,22,192,36,9,19,0,536,0,25,26,57,8,146,227,938,131,10,0,18,33,391,50,15,0,121,18,306,132,25,17,22,187,360,29,0,152,39,195,0,11,250,5,0,27,0,0,9,167,19,0,299,160,0,33,19,2,3,201,210,31,9,7,168,64,10,27,0,818,85,19,25,15,21,22,25,50,306,12,7,14,0,38,154,69,28,0,171,37]
tiempo_ultimo_agente_goal 536
tiempo_en_acabar 1000
tiempo_promedio 92.309998
agentes_en_goal 48
bad_good_total_rate_pred [215229,379403,594632,0.6]
push_out_count 0
RUN 14
valores_ideales [40,23,42,9,45,27,14,28,37,14,4,32,14,26,23,6,19,22,46,24,18,24,42,8,31,32,33,28,10,20,18,28,29,39,15,36,51,14,45,10,25,16,22,34,47,28,40,46,24,31,21,10,44,5,34,26,32,24,9,22,19,36,32,23,14,32,18,2,3,31,47,20,9,7,27,35,8,24,21,18,12,18,17,15,18,21,17,42,18,10,7,12,35,24,39,33,28,38,41,36]
costo_por_agente [70,39,17,9,25,90,13,28,29,16,4,32,18,24,13,6,19,22,54,19,50,24,26,10,39,237,42,30,10,554,18,34,24,39,17,24,27,17,26,35,25,18,26,353,24,28,47,21,21,24,16,10,60,14,18,28,29,19,9,83,19,22,609,30,533,16,18,2,3,198,19,20,9,7,17,19,10,24,15,83,46,20,25,15,18,21,18,29,18,10,7,271,22,24,82,64,28,26,63,36]
completion_time_por_agente [0,205,313,9,50,0,341,29,264,16,5,32,21,192,36,6,19,0,536,0,25,25,57,11,146,227,938,131,10,0,18,53,391,57,18,0,121,18,306,132,25,59,26,187,360,29,0,152,39,195,0,10,214,5,0,29,0,0,9,167,19,0,299,160,0,33,20,2,3,201,210,24,9,7,168,64,10,24,0,818,85,23,217,15,18,21,25,50,306,12,7,14,0,24,154,69,29,0,171,39]
tiempo_ultimo_agente_goal 217
tiempo_en_acabar 1000
tiempo_promedio 96.139999
agentes_en_goal 43
bad_good_total_rate_pred [267833,424171,692004,0.6]
push_out_count 0
RUN 15
valores_ideales [40,23,42,9,45,27,14,28,37,14,4,32,14,26,23,6,19,22,46,24,18,24,42,8,31,32,33,28,10,20,18,28,29,39,15,36,51,14,45,10,25,16,22,34,47,28,40,46,24,31,21,10,44,5,34,26,32,24,9,22,19,36,32,23,14,32,18,2,3,31,47,20,9,7,27,35,8,24,21,18,12,18,17,15,18,21,17,42,18,10,7,12,35,24,39,33,28,38,41,36]
costo_por_agente [17,19,22,9,27,15,18,28,30,16,4,32,18,44,10,6,19,18,50,107,19,24,44,8,41,229,51,18,10,19,18,15,77,22,17,23,25,16,24,20,25,18,22,29,21,30,22,50,26,8,10,10,27,5,19,26,31,31,9,22,23,50,62,784,763,5,18,2,3,19,22,18,9,7,124,15,10,26,12,14,36,18,19,15,20,21,23,25,23,10,7,15,33,24,22,85,28,26,94,18]
completion_time_por_agente [0,205,313,9,50,0,341,28,264,18,5,35,25,192,36,6,19,0,536,0,25,24,57,8,146,227,938,131,10,0,18,53,391,57,18,0,121,21,306,160,25,59,23,187,360,30,0,152,32,195,0,11,214,6,0,28,0,0,9,22,28,0,299,160,0,33,19,2,3,201,210,24,9,7,168,64,11,27,0,818,85,19,20,15,22,21,28,50,306,11,7,14,0,24,154,69,28,0,171,39]
tiempo_ultimo_agente_goal 160
tiempo_en_acabar 1000
tiempo_promedio 93.120003
agentes_en_goal 43
bad_good_total_rate_pred [274132,358017,632149,0.6]
push_out_count 0
RUN 16
valores_ideales [40,23,42,9,45,27,14,28,37,14,4,32,14,26,23,6,19,22,46,24,18,24,42,8,31,32,33,28,10,20,18,28,29,39,15,36,51,14,45,10,25,16,22,34,47,28,40,46,24,31,21,10,44,5,34,26,32,24,9,22,19,36,32,23,14,32,18,2,3,31,47,20,9,7,27,35,8,24,21,18,12,18,17,15,18,21,17,42,18,10,7,12,35,24,39,33,28,38,41,36]
costo_por_agente [75,408,56,9,47,19,308,28,14,16,4,32,11,20,29,8,19,198,48,237,17,24,42,8,29,240,51,4,10,225,18,15,155,67,17,15,43,15,44,19,25,15,22,17,21,28,20,36,16,13,61,12,254,5,24,26,62,20,9,22,19,44,21,46,18,3,18,2,3,595,54,20,15,7,43,192,8,24,92,67,61,20,19,15,20,21,19,39,24,10,9,66,17,24,72,281,28,19,309,40]
completion_time_por_agente [0,205,313,10,92,0,341,29,264,17,5,32,25,192,35,8,19,0,93,0,25,25,45,8,146,710,938,131,10,0,19,53,391,249,19,0,121,21,306,160,25,59,23,187,360,28,0,152,32,195,124,12,936,6,0,27,236,0,10,22,20,0,299,160,0,33,18,2,3,201,210,24,15,7,168,64,9,24,0,818,85,23,21,15,20,21,24,50,306,12,10,14,0,24,154,69,28,0,171,89]
tiempo_ultimo_agente_goal 936
tiempo_en_acabar 1000
tiempo_promedio 107.019997
agentes_en_goal 48
bad_good_total_rate_pred [217490,275467,492957,0.6]
push_out_count 0
RUN 17
valores_ideales [40,23,42,9,45,27,14,28,37,14,4,32,14,26,23,6,19,22,46,24,18,24,42,8,31,32,33,28,10,20,18,28,29,39,15,36,51,14,45,10,25,16,22,34,47,28,40,46,24,31,21,10,44,5,34,26,32,24,9,22,19,36,32,23,14,32,18,2,3,31,47,20,9,7,27,35,8,24,21,18,12,18,17,15,18,21,17,42,18,10,7,12,35,24,39,33,28,38,41,36]
costo_por_agente [16,38,20,9,28,80,16,28,34,14,4,32,16,18,29,6,19,17,50,154,139,24,50,8,64,22,25,48,10,26,18,28,31,127,15,20,46,13,23,11,25,16,26,22,69,30,22,27,44,36,13,10,48,5,52,26,100,27,9,24,19,164,112,114,35,54,18,2,3,39,27,20,9,7,41,14,8,24,18,857,50,18,21,15,22,21,43,24,30,10,7,16,23,24,20,12,28,31,36,45]
completion_time_por_agente [0,205,313,9,92,0,341,28,264,16,5,32,19,192,41,6,19,0,93,0,25,24,45,9,146,710,938,131,10,0,20,31,391,158,17,0,121,21,306,160,25,35,27,187,360,31,0,152,32,195,124,11,936,6,85,28,236,0,9,28,21,0,299,160,0,163,21,2,3,201,210,23,9,7,82,64,9,24,0,818,59,19,21,15,23,21,177,50,306,10,7,14,0,25,154,69,28,0,171,89]
tiempo_ultimo_agente_goal 177
tiempo_en_acabar 1000
tiempo_promedio 108.190002
agentes_en_goal 48
bad_good_total_rate_pred [196366,367173,563539,0.7]
push_out_count 0
RUN 18
valores_ideales [40,23,42,9,45,27,14,28,37,14,4,32,14,26,23,6,19,22,46,24,18,24,42,8,31,32,33,28,10,20,18,28,29,39,15,36,51,14,45,10,25,16,22,34,47,28,40,46,24,31,21,10,44,5,34,26,32,24,9,22,19,36,32,23,14,32,18,2,3,31,47,20,9,7,27,35,8,24,21,18,12,18,17,15,18,21,17,42,18,10,7,12,35,24,39,33,28,38,41,36]
costo_por_agente [16,12,31,9,68,17,16,28,17,14,4,34,20,66,27,6,19,46,24,34,16,26,16,10,20,76,21,10,10,22,18,25,915,14,15,26,26,19,22,18,25,951,22,24,27,28,29,44,28,9,37,10,57,5,17,28,6,16,9,30,19,27,23,75,16,42,18,2,3,14,61,18,11,7,13,30,10,24,65,61,40,18,23,15,20,21,35,64,26,10,7,17,20,24,37,27,28,20,22,36]
completion_time_por_agente [0,205,313,9,92,0,341,28,264,17,5,34,31,192,29,6,19,0,93,0,25,29,45,11,146,110,938,131,10,0,18,31,391,158,15,0,121,21,306,160,25,35,22,187,360,28,0,152,37,195,124,10,936,6,85,30,236,0,9,36,19,0,299,160,0,74,18,2,3,201,210,23,11,7,82,64,10,24,0,818,61,18,23,15,23,21,177,50,306,10,7,14,0,24,154,69,28,0,171,40]
tiempo_ultimo_agente_goal 110
tiempo_en_acabar 1000
tiempo_promedio 100.930000
agentes_en_goal 44
bad_good_total_rate_pred [246123,355063,601186,0.6]
push_out_count 0
RUN 19
valores_ideales [40,23,42,9,45,27,14,28,37,14,4,32,14,26,23,6,19,22,46,24,18,24,42,8,31,32,33,28,10,20,18,28,29,39,15,36,51,14,45,10,25,16,22,34,47,28,40,46,24,31,21,10,44,5,34,26,32,24,9,22,19,36,32,23,14,32,18,2,3,31,47,20,9,7,27,35,8,24,21,18,12,18,17,15,18,21,17,42,18,10,7,12,35,24,39,33,28,38,41,36]
costo_por_agente [22,19,43,9,44,53,20,28,17,14,4,32,18,100,27,8,19,142,46,987,23,24,20,8,32,32,307,26,10,16,18,21,13,21,15,14,18,12,40,28,25,18,22,29,32,28,21,16,24,17,16,10,19,5,23,26,16,20,9,26,21,19,436,44,12,1,20,2,5,24,16,22,11,7,19,26,12,24,11,14,663,18,17,15,20,21,23,22,25,10,9,23,27,24,19,16,28,22,23,24]
completion_time_por_agente [0,205,313,11,92,0,341,29,264,16,5,32,22,192,30,8,19,0,63,0,25,26,45,8,146,34,938,131,11,0,18,31,391,158,17,0,121,21,306,538,25,206,22,187,360,28,0,152,25,195,124,10,936,7,85,26,236,0,9,27,22,0,299,160,0,74,20,2,5,201,210,29,11,7,82,64,12,24,0,818,61,18,20,15,20,23,35,50,306,12,10,14,0,24,154,69,28,0,171,40]
tiempo_ultimo_agente_goal 538
tiempo_en_acabar 1000
tiempo_promedio 103.769997
agentes_en_goal 46
bad_good_total_rate_pred [216715,404516,621231,0.7]
push_out_count 0
RUN 20
valores_ideales [40,23,42,9,45,27,14,28,37,14,4,32,14,26,23,6,19,22,46,24,18,24,42,8,31,32,33,28,10,20,18,28,29,39,15,36,51,14,45,10,25,16,22,34,47,28,40,46,24,31,21,10,44,5,34,26,32,24,9,22,19,36,32,23,14,32,18,2,3,31,47,20,9,7,27,35,8,24,21,18,12,18,17,15,18,21,17,42,18,10,7,12,35,24,39,33,28,38,41,36]
costo_por_agente [16,10,21,9,24,23,19,28,16,14,6,32,16,20,29,8,19,13,24,17,18,24,17,8,15,32,222,19,10,24,18,15,22,8,15,21,25,14,22,13,25,12,22,19,22,16,22,22,13,10,16,10,21,5,16,26,11,18,9,329,19,21,23,21,10,11,18,2,3,26,22,16,11,7,8,17,8,24,14,21,14,18,12,15,18,21,17,20,775,10,7,17,18,24,29,18,28,28,20,22]
completion_time_por_agente [0,205,313,9,92,0,341,28,264,16,6,32,25,192,36,9,19,0,63,0,21,24,45,9,146,34,938,131,11,0,18,31,391,158,15,0,121,21,306,538,25,206,22,187,360,28,0,152,25,195,124,10,936,7,85,26,236,0,10,27,19,0,299,160,0,74,19,2,3,201,210,29,11,7,82,64,9,24,0,818,61,18,20,15,18,21,20,50,306,10,7,14,0,28,154,69,28,0,171,40]
tiempo_ultimo_agente_goal 36
tiempo_en_acabar 1000
tiempo_promedio 103.500000
agentes_en_goal 39
bad_good_total_rate_pred [287804,479147,766951,0.6]
push_out_count 0
RUN 21
valores_ideales [40,23,42,9,45,27,14,28,37,14,4,32,14,26,23,6,19,22,46,24,18,24,42,8,31,32,33,28,10,20,18,28,29,39,15,36,51,14,45,10,25,16,22,34,47,28,40,46,24,31,21,10,44,5,34,26,32,24,9,22,19,36,32,23,14,32,18,2,3,31,47,20,9,7,27,35,8,24,21,18,12,18,17,15,18,21,17,42,18,10,7,12,35,24,39,33,28,38,41,36]
costo_por_agente [27,17,44,9,25,20,12,28,863,18,4,32,22,14,16,6,19,6,21,30,22,24,42,10,16,32,69,17,10,25,18,30,14,41,15,16,25,16,37,165,25,18,22,26,27,16,22,25,17,18,21,10,23,5,39,26,36,23,9,18,19,23,52,324,627,3,18,2,5,21,25,16,9,7,70,21,10,24,22,16,13,18,17,15,18,21,23,23,15,10,7,12,24,24,20,20,28,20,23,18]
completion_time_por_agente [0,205,46,9,92,0,341,28,264,21,5,32,23,192,36,6,19,0,63,0,22,24,47,10,146,34,938,131,10,0,18,30,391,56,17,0,121,18,306,538,25,25,22,187,360,28,0,152,25,195,124,10,936,6,85,26,236,0,9,27,20,0,299,160,0,74,21,2,5,201,210,29,9,7,82,64,11,24,0,818,61,18,18,15,18,21,28,50,306,13,7,20,0,24,154,69,28,0,171,40]
tiempo_ultimo_agente_goal 56
tiempo_en_acabar 1000
tiempo_promedio 98.139999
agentes_en_goal 46
bad_good_total_rate_pred [207746,390178,597924,0.7]
push_out_count 0
RUN 22
valores_ideales [40,23,42,9,45,27,14,28,37,14,4,32,14,26,23,6,19,22,46,24,18,24,42,8,31,32,33,28,10,20,18,28,29,39,15,36,51,14,45,10,25,16,22,34,47,28,40,46,24,31,21,10,44,5,34,26,32,24,9,22,19,36,32,23,14,32,18,2,3,31,47,20,9,7,27,35,8,24,21,18,12,18,17,15,18,21,17,42,18,10,7,12,35,24,39,33,28,38,41,36]
costo_por_agente [16,29,38,11,25,20,51,28,18,14,10,32,18,23,25,6,19,14,39,70,15,24,20,10,32,20,17,13,10,966,18,15,19,11,15,20,28,19,39,15,25,16,24,19,47,16,21,34,15,18,935,10,28,5,23,26,15,15,9,106,19,20,57,49,68,11,18,2,3,23,29,16,9,7,12,22,8,24,18,32,12,18,14,15,22,21,17,20,21,10,7,38,15,24,20,40,28,20,27,25]
completion_time_por_agente [0,31,46,11,92,0,341,28,264,15,10,32,20,192,29,6,19,0,63,0,22,24,47,11,146,34,938,131,10,0,18,30,391,56,16,0,121,18,306,538,25,18,27,187,360,28,0,152,25,195,124,10,936,7,85,26,236,0,9,27,19,0,299,160,175,74,19,2,3,201,210,29,9,7,82,64,9,24,0,818,61,23,18,15,24,21,37,50,306,12,7,20,0,24,154,69,28,0,171,40]
tiempo_ultimo_agente_goal 175
tiempo_en_acabar 1000
tiempo_promedio 98.169998
agentes_en_goal 40
bad_good_total_rate_pred [284949,509961,794910,0.6]
push_out_count 0
RUN 23
valores_ideales [40,23,42,9,45,27,14,28,37,14,4,32,14,26,23,6,19,22,46,24,18,24,42,8,31,32,33,28,10,20,18,28,29,39,15,36,51,14,45,10,25,16,22,34,47,28,40,46,24,31,21,10,44,5,34,26,32,24,9,22,19,36,32,23,14,32,18,2,3,31,47,20,9,7,27,35,8,24,21,18,12,18,17,15,18,21,17,42,18,10,7,12,35,24,39,33,28,38,41,36]
costo_por_agente [17,33,50,9,16,21,17,28,42,14,4,32,16,18,29,8,19,19,31,109,26,26,25,8,13,32,73,14,10,25,18,28,63,15,17,830,26,26,24,50,25,18,22,23,34,28,20,21,19,67,7,10,18,5,22,26,17,32,9,39,19,32,33,81,13,15,18,2,3,23,20,20,9,7,15,75,8,24,10,45,51,18,23,15,24,21,17,23,19,10,7,27,38,24,22,25,28,36,33,30]
completion_time_por_agente [0,37,185,9,92,0,341,29,264,15,4,32,19,192,40,8,19,0,63,0,40,29,47,8,146,34,109,131,10,0,18,32,391,56,18,0,121,109,306,538,25,24,22,187,360,32,0,152,25,195,124,10,936,5,85,29,236,0,10,27,20,0,299,160,175,74,19,2,3,201,210,25,9,7,82,100,8,24,0,818,61,18,24,15,24,21,21,50,306,12,7,20,0,24,154,69,28,0,171,40]
tiempo_ultimo_agente_goal 185
tiempo_en_acabar 1000
tiempo_promedio 92.769997
agentes_en_goal 48
bad_good_total_rate_pred [176341,468715,645056,0.7]
push_out_count 0
RUN 24
valores_ideales [40,23,42,9,45,27,14,28,37,14,4,32,14,26,23,6,19,22,46,24,18,24,42,8,31,32,33,28,10,20,18,28,29,39,15,36,51,14,45,10,25,16,22,34,47,28,40,46,24,31,21,10,44,5,34,26,32,24,9,22,19,36,32,23,14,32,18,2,3,31,47,20,9,7,27,35,8,24,21,18,12,18,17,15,18,21,17,42,18,10,7,12,35,24,39,33,28,38,41,36]
costo_por_agente [20,29,63,9,143,57,11,28,22,16,4,32,18,12,25,6,19,15,27,19,18,24,52,10,23,16,20,22,10,28,18,28,31,44,15,32,31,18,22,14,25,16,22,31,20,28,29,22,24,18,8,10,21,5,30,26,33,17,9,22,19,23,25,36,50,34,20,2,3,39,22,22,9,7,19,22,10,26,38,333,108,18,11,15,18,21,21,25,38,10,7,17,16,24,26,50,28,23,837,38]
completion_time_por_agente [0,37,185,9,92,195,341,28,264,17,5,33,21,192,31,8,19,0,63,0,21,24,315,10,146,34,109,131,11,0,19,34,391,56,16,0,121,20,306,538,25,24,22,187,360,28,0,152,28,195,124,10,936,7,85,31,236,0,10,22,19,0,299,160,175,40,28,2,3,201,210,25,9,7,82,100,11,27,0,818,61,19,24,15,19,21,22,50,60,12,7,20,0,24,154,69,28,0,171,196]
tiempo_ultimo_agente_goal 315
tiempo_en_acabar 1000
tiempo_promedio 95.120003
agentes_en_goal 49
bad_good_total_rate_pred [227712,379381,607093,0.6]
push_out_count 0
RUN 25
valores_ideales [40,23,42,9,45,27,14,28,37,14,4,32,14,26,23,6,19,22,46,24,18,24,42,8,31,32,33,28,10,20,18,28,29,39,15,36,51,14,45,10,25,16,22,34,47,28,40,46,24,31,21,10,44,5,34,26,32,24,9,22,19,36,32,23,14,32,18,2,3,31,47,20,9,7,27,35,8,24,21,18,12,18,17,15,18,21,17,42,18,10,7,12,35,24,39,33,28,38,41,36]
costo_por_agente [32,47,50,9,16,15,16,28,45,14,4,32,18,37,27,6,19,114,16,43,18,26,16,8,83,52,22,12,10,21,18,15,61,43,17,18,61,16,38,27,25,35,22,19,23,28,34,19,13,14,45,10,36,8,19,128,251,24,9,50,19,13,16,32,31,5,18,2,3,83,19,26,9,7,39,14,8,24,73,6,221,18,23,15,20,21,19,30,18,10,7,18,20,24,40,32,28,29,51,35]
completion_time_por_agente [0,37,185,9,92,195,341,28,264,15,5,32,32,192,30,6,19,0,63,0,19,28,315,8,146,91,109,131,10,0,18,34,391,53,17,0,119,20,306,538,25,24,22,187,360,34,0,152,28,195,124,10,936,7,85,31,236,0,10,22,19,0,299,160,175,40,18,2,3,128,210,40,9,7,53,100,8,24,339,818,61,18,25,15,30,21,22,50,21,12,7,20,0,26,154,69,28,0,171,196]
tiempo_ultimo_agente_goal 339
tiempo_en_acabar 1000
tiempo_promedio 97.839996
agentes_en_goal 46
bad_good_total_rate_pred [257364,340222,597586,0.6]
push_out_count 0
RUN 26
valores_ideales [40,23,42,9,45,27,14,28,37,14,4,32,14,26,23,6,19,22,46,24,18,24,42,8,31,32,33,28,10,20,18,28,29,39,15,36,51,14,45,10,25,16,22,34,47,28,40,46,24,31,21,10,44,5,34,26,32,24,9,22,19,36,32,23,14,32,18,2,3,31,47,20,9,7,27,35,8,24,21,18,12,18,17,15,18,21,17,42,18,10,7,12,35,24,39,33,28,38,41,36]
costo_por_agente [29,21,21,9,18,104,15,28,16,16,4,34,18,15,25,8,19,14,22,20,15,24,22,8,15,27,18,13,10,18,18,28,15,14,15,34,21,16,24,16,25,22,22,20,22,28,22,21,18,26,15,10,22,5,37,28,22,18,9,22,19,16,14,19,17,20,18,2,3,32,21,24,11,7,14,19,10,24,116,19,10,20,25,15,20,21,19,17,20,10,7,738,22,24,22,22,28,23,17,19]
completion_time_por_agente [0,37,185,9,92,195,341,28,264,17,5,35,20,192,31,9,19,0,63,0,19,24,315,9,146,91,109,131,10,0,18,33,391,53,18,0,119,25,306,538,25,39,24,187,360,28,0,152,28,195,124,10,936,7,85,38,236,0,9,22,20,0,299,160,175,40,21,2,3,128,210,30,11,7,53,100,10,24,339,818,61,23,26,15,21,21,28,50,21,13,7,20,0,24,154,69,28,0,171,196]
tiempo_ultimo_agente_goal 39
tiempo_en_acabar 1000
tiempo_promedio 98.000000
agentes_en_goal 44
bad_good_total_rate_pred [336259,350022,686281,0.5]
push_out_count 0
RUN 27
valores_ideales [40,23,42,9,45,27,14,28,37,14,4,32,14,26,23,6,19,22,46,24,18,24,42,8,31,32,33,28,10,20,18,28,29,39,15,36,51,14,45,10,25,16,22,34,47,28,40,46,24,31,21,10,44,5,34,26,32,24,9,22,19,36,32,23,14,32,18,2,3,31,47,20,9,7,27,35,8,24,21,18,12,18,17,15,18,21,17,42,18,10,7,12,35,24,39,33,28,38,41,36]
costo_por_agente [17,59,147,9,45,20,52,28,22,16,6,36,13,288,10,6,19,25,63,71,31,32,19,8,30,150,20,54,10,48,18,15,82,20,15,16,51,14,22,130,25,18,22,32,49,28,67,32,52,37,17,10,60,7,48,26,28,17,9,102,19,195,15,189,325,3,18,2,3,22,22,24,9,7,12,30,12,24,25,96,65,18,19,15,24,21,33,48,20,10,7,18,17,24,23,21,28,24,44,38]
completion_time_por_agente [0,37,185,9,92,195,706,29,264,18,7,783,20,192,31,6,19,0,63,0,19,39,315,8,146,650,109,670,11,0,18,33,391,53,15,0,678,14,306,538,25,25,22,187,732,29,0,152,28,195,124,10,680,10,735,26,236,0,10,22,19,0,299,160,175,40,18,2,3,128,210,36,9,7,53,100,13,24,339,818,61,18,19,15,25,21,42,689,26,12,7,20,0,24,154,69,28,0,171,44]
tiempo_ultimo_agente_goal 783
tiempo_en_acabar 1000
tiempo_promedio 138.149994
agentes_en_goal 50
bad_good_total_rate_pred [222507,435135,657642,0.7]
push_out_count 0
RUN 28
valores_ideales [40,23,42,9,45,27,14,28,37,14,4,32,14,26,23,6,19,22,46,24,18,24,42,8,31,32,33,28,10,20,18,28,29,39,15,36,51,14,45,10,25,16,22,34,47,28,40,46,24,31,21,10,44,5,34,26,32,24,9,22,19,36,32,23,14,32,18,2,3,31,47,20,9,7,27,35,8,24,21,18,12,18,17,15,18,21,17,42,18,10,7,12,35,24,39,33,28,38,41,36]
costo_por_agente [17,11,26,11,21,984,13,28,18,14,4,32,16,112,14,8,19,46,73,40,18,26,15,10,18,10,92,14,10,74,18,11,32,10,15,23,23,14,106,70,25,26,22,18,26,28,20,18,24,20,82,12,21,5,18,56,16,26,9,9,19,21,202,15,50,10,18,2,3,20,18,16,9,7,10,181,12,24,14,153,10,7,19,15,20,21,21,18,28,10,7,27,19,24,100,393,28,21,17,13]
completion_time_por_agente [0,37,185,11,92,195,706,29,264,14,5,32,17,192,31,8,19,0,63,0,20,30,315,11,146,650,109,670,12,0,18,33,391,53,19,0,678,18,306,538,25,255,22,187,732,28,0,152,28,195,124,12,680,7,735,313,236,0,10,22,19,0,299,160,175,40,18,2,3,128,210,36,10,7,53,100,13,24,339,818,61,18,19,15,21,21,21,689,26,12,7,20,0,24,154,69,28,0,171,44]
tiempo_ultimo_agente_goal 313
tiempo_en_acabar 1000
tiempo_promedio 135.539993
agentes_en_goal 40
bad_good_total_rate_pred [271236,334496,605732,0.6]
push_out_count 0
RUN 29
valores_ideales [40,23,42,9,45,27,14,28,37,14,4,32,14,26,23,6,19,22,46,24,18,24,42,8,31,32,33,28,10,20,18,28,29,39,15,36,51,14,45,10,25,16,22,34,47,28,40,46,24,31,21,10,44,5,34,26,32,24,9,22,19,36,32,23,14,32,18,2,3,31,47,20,9,7,27,35,8,24,21,18,12,18,17,15,18,21,17,42,18,10,7,12,35,24,39,33,28,38,41,36]
costo_por_agente [50,15,24,9,26,16,9,28,18,14,3,32,18,21,7,6,19,26,24,28,15,24,16,8,21,32,18,11,10,26,18,17,740,15,15,23,24,22,45,29,25,18,22,18,20,28,19,26,24,11,15,12,21,5,9,26,28,21,9,15,21,20,37,48,23,8,20,2,3,21,29,19,9,7,13,22,8,26,18,25,24,18,13,15,12,21,21,29,18,12,7,20,18,24,36,21,28,483,19,35]
completion_time_por_agente [84,37,185,9,92,195,706,29,264,17,5,32,25,192,31,6,19,0,63,0,20,26,315,8,146,36,109,670,10,0,18,33,391,53,15,0,678,29,306,538,25,27,22,187,732,29,0,152,24,195,124,14,680,5,735,26,236,0,10,22,27,0,299,160,175,40,24,2,3,128,210,36,9,7,53,100,9,27,339,818,44,20,19,15,21,22,23,689,18,12,7,20,0,24,154,69,28,0,171,44]
tiempo_ultimo_agente_goal 84
tiempo_en_acabar 1000
tiempo_promedio 125.029999
agentes_en_goal 42
bad_good_total_rate_pred [257238,348434,605672,0.6]
push_out_count 0
RUN 30
valores_ideales [40,23,42,9,45,27,14,28,37,14,4,32,14,26,23,6,19,22,46,24,18,24,42,8,31,32,33,28,10,20,18,28,29,39,15,36,51,14,45,10,25,16,22,34,47,28,40,46,24,31,21,10,44,5,34,26,32,24,9,22,19,36,32,23,14,32,18,2,3,31,47,20,9,7,27,35,8,24,21,18,12,18,17,15,18,21,17,42,18,10,7,12,35,24,39,33,28,38,41,36]
costo_por_agente [22,320,53,9,49,21,51,28,36,14,4,32,16,68,25,8,19,46,118,104,22,24,60,8,33,116,94,31,10,20,18,28,88,69,19,30,57,16,49,60,25,40,22,35,85,28,64,106,50,115,39,10,126,5,40,88,38,20,9,327,19,20,22,620,10,64,18,2,3,57,37,24,9,7,26,64,8,24,264,17,61,18,19,15,18,21,23,27,16,10,7,20,24,24,25,74,28,37,87,71]
completion_time_por_agente [84,37,185,9,108,195,706,28,264,17,5,33,21,133,29,8,19,0,63,0,25,24,96,8,146,172,109,670,10,0,18,212,391,162,21,0,300,25,306,415,25,27,24,187,157,28,359,152,24,281,124,10,680,7,735,26,236,0,10,22,19,0,299,160,175,40,21,2,3,128,210,203,9,7,53,100,9,24,339,818,44,18,19,15,18,21,25,689,18,11,7,20,0,24,154,69,28,0,212,44]
tiempo_ultimo_agente_goal 415
tiempo_en_acabar 1000
tiempo_promedio 122.230003
agentes_en_goal 53
bad_good_total_rate_pred [223997,337278,561275,0.6]
push_out_count 0
RUN 31
valores_ideales [40,23,42,9,45,27,14,28,37,14,4,32,14,26,23,6,19,22,46,24,18,24,42,8,31,32,33,28,10,20,18,28,29,39,15,36,51,14,45,10,25,16,22,34,47,28,40,46,24,31,21,10,44,5,34,26,32,24,9,22,19,36,32,23,14,32,18,2,3,31,47,20,9,7,27,35,8,24,21,18,12,18,17,15,18,21,17,42,18,10,7,12,35,24,39,33,28,38,41,36]
costo_por_agente [19,24,18,9,22,28,11,28,23,14,4,32,12,22,7,6,19,103,19,20,15,24,21,10,17,26,45,23,10,17,18,16,16,41,17,20,26,20,21,14,25,18,22,17,23,30,24,20,188,8,10,20,26,7,8,19,7,19,9,815,19,22,948,10,11,10,18,2,3,17,20,23,9,7,9,18,14,24,27,17,14,18,21,15,12,21,23,21,20,10,7,13,22,30,21,24,28,20,26,18]
completion_time_por_agente [84,37,185,9,108,195,706,28,264,16,5,32,21,133,29,6,19,0,63,0,25,25,96,10,146,172,109,670,10,0,18,212,391,45,18,0,300,26,306,415,25,23,22,187,157,34,359,152,24,281,124,20,680,7,735,26,236,0,9,22,19,0,299,160,175,40,20,2,3,128,210,203,9,7,53,100,15,24,339,818,44,23,22,15,18,21,25,689,18,12,7,20,0,31,154,69,28,0,212,44]
tiempo_ultimo_agente_goal 45
tiempo_en_acabar 1000
tiempo_promedio 121.330002
agentes_en_goal 37
bad_good_total_rate_pred [279530,535669,815199,0.7]
push_out_count 0
RUN 32
valores_ideales [40,23,42,9,45,27,14,28,37,14,4,32,14,26,23,6,19,22,46,24,18,24,42,8,31,32,33,28,10,20,18,28,29,39,15,36,51,14,45,10,25,16,22,34,47,28,40,46,24,31,21,10,44,5,34,26,32,24,9,22,19,36,32,23,14,32,18,2,3,31,47,20,9,7,27,35,8,24,21,18,12,18,17,15,18,21,17,42,18,10,7,12,35,24,39,33,28,38,41,36]
costo_por_agente [20,19,20,9,21,15,13,28,26,14,8,32,16,11,29,8,19,21,21,13,18,24,21,10,15,17,27,12,10,20,18,28,18,39,15,51,24,9,23,17,25,15,22,21,30,28,20,22,15,11,13,10,29,5,17,34,11,19,9,24,25,15,17,3,309,8,20,2,3,22,23,20,9,7,7,20,8,24,30,26,12,20,211,15,18,21,12,27,15,10,9,12,17,24,20,15,28,24,35,15]
completion_time_por_agente [84,37,185,11,108,195,706,28,264,14,8,32,18,133,33,9,19,0,63,0,19,24,96,12,146,172,109,670,10,0,18,31,391,50,15,0,300,26,306,415,25,23,22,187,157,28,359,152,24,281,124,11,680,6,735,56,236,0,9,22,28,0,299,160,175,40,26,2,3,128,210,53,9,7,53,100,9,24,339,818,44,23,22,15,21,21,25,689,18,12,12,12,0,29,154,69,29,0,212,44]
tiempo_ultimo_agente_goal 56
tiempo_en_acabar 1000
tiempo_promedio 118.279999
agentes_en_goal 42
bad_good_total_rate_pred [345825,346170,691995,0.5]
push_out_count 0
RUN 33
valores_ideales [40,23,42,9,45,27,14,28,37,14,4,32,14,26,23,6,19,22,46,24,18,24,42,8,31,32,33,28,10,20,18,28,29,39,15,36,51,14,45,10,25,16,22,34,47,28,40,46,24,31,21,10,44,5,34,26,32,24,9,22,19,36,32,23,14,32,18,2,3,31,47,20,9,7,27,35,8,24,21,18,12,18,17,15,18,21,17,42,18,10,7,12,35,24,39,33,28,38,41,36]
costo_por_agente [227,134,48,9,57,22,34,28,50,14,4,32,16,29,29,8,19,41,46,15,28,24,46,10,101,32,26,15,10,25,18,20,81,43,15,20,59,18,22,25,25,20,22,29,128,28,541,249,44,38,9,10,58,5,20,26,69,48,9,908,19,16,18,29,11,19,18,2,3,50,38,22,9,7,32,18,8,24,61,22,233,18,19,15,20,21,25,50,25,10,7,16,25,24,54,73,28,35,26,36]
completion_time_por_agente [84,37,86,9,117,195,706,28,264,14,5,32,19,133,37,9,19,0,57,0,40,24,152,11,146,32,109,670,10,0,19,31,391,51,15,0,94,21,306,415,25,138,22,187,157,30,359,152,24,281,124,14,680,6,735,26,236,0,9,22,19,0,299,160,175,40,19,2,3,128,210,47,9,7,53,100,9,24,172,818,44,18,19,15,20,21,31,148,18,12,7,46,0,24,154,145,28,0,212,36]
tiempo_ultimo_agente_goal 172
tiempo_en_acabar 1000
tiempo_promedio 109.070000
agentes_en_goal 55
bad_good_total_rate_pred [175313,275427,450740,0.6]
push_out_count 0
RUN 34
valores_ideales [40,23,42,9,45,27,14,28,37,14,4,32,14,26,23,6,19,22,46,24,18,24,42,8,31,32,33,28,10,20,18,28,29,39,15,36,51,14,45,10,25,16,22,34,47,28,40,46,24,31,21,10,44,5,34,26,32,24,9,22,19,36,32,23,14,32,18,2,3,31,47,20,9,7,27,35,8,24,21,18,12,18,17,15,18,21,17,42,18,10,7,12,35,24,39,33,28,38,41,36]
costo_por_agente [20,37,18,9,22,61,22,28,56,16,4,32,16,16,25,6,19,11,50,21,30,24,46,10,19,44,18,122,10,14,18,28,30,21,15,63,59,16,28,15,25,20,22,34,59,28,76,18,26,56,14,14,50,7,57,26,74,28,9,176,19,88,74,2,13,46,4,2,3,25,18,22,9,7,10,32,8,26,28,352,25,18,21,15,18,21,19,22,21,10,7,324,252,24,22,45,28,127,29,58]
completion_time_por_agente [84,51,86,9,117,195,332,29,264,16,5,32,22,133,26,6,19,0,150,0,78,24,161,11,146,32,109,670,10,0,18,33,391,51,15,0,66,19,306,415,25,67,22,187,191,28,359,152,27,281,124,14,680,6,735,28,236,0,10,22,21,343,422,160,175,40,19,2,3,128,210,24,9,7,53,100,9,26,172,818,44,18,24,15,20,21,22,148,18,10,7,46,0,25,154,171,28,0,212,172]
tiempo_ultimo_agente_goal 422
tiempo_en_acabar 1000
tiempo_promedio 112.209999
agentes_en_goal 53
bad_good_total_rate_pred [139794,319033,458827,0.7]
push_out_count 0
RUN 35
valores_ideales [40,23,42,9,45,27,14,28,37,14,4,32,14,26,23,6,19,22,46,24,18,24,42,8,31,32,33,28,10,20,18,28,29,39,15,36,51,14,45,10,25,16,22,34,47,28,40,46,24,31,21,10,44,5,34,26,32,24,9,22,19,36,32,23,14,32,18,2,3,31,47,20,9,7,27,35,8,24,21,18,12,18,17,15,18,21,17,42,18,10,7,12,35,24,39,33,28,38,41,36]
costo_por_agente [15,23,575,9,83,30,26,28,14,14,4,34,19,22,11,6,19,25,23,92,18,24,7,8,53,36,13,662,10,16,18,13,15,34,15,27,28,20,32,21,25,20,22,19,90,28,761,26,24,661,9,14,17,18,55,26,15,15,9,24,19,80,347,61,14,43,18,2,3,14,22,19,9,7,219,22,8,24,52,21,113,22,17,15,20,21,19,64,23,10,7,102,25,24,24,20,28,23,436,152]
completion_time_por_agente [84,24,86,9,117,195,332,28,264,16,5,45,22,133,26,6,19,0,150,0,20,26,161,9,146,61,109,670,11,0,18,33,391,51,17,0,66,23,306,415,25,35,22,187,191,28,359,152,27,281,124,15,680,6,735,26,236,0,9,24,20,236,422,322,21,40,18,2,3,128,210,24,9,7,53,100,8,24,172,818,44,23,17,15,24,22,20,327,18,12,7,46,0,27,154,171,28,0,212,172]
tiempo_ultimo_agente_goal 327
tiempo_en_acabar 1000
tiempo_promedio 112.320000
agentes_en_goal 47
bad_good_total_rate_pred [245089,304837,549926,0.6]
push_out_count 0
RUN 36
valores_ideales [40,23,42,9,45,27,14,28,37,14,4,32,14,26,23,6,19,22,46,24,18,24,42,8,31,32,33,28,10,20,18,28,29,39,15,36,51,14,45,10,25,16,22,34,47,28,40,46,24,31,21,10,44,5,34,26,32,24,9,22,19,36,32,23,14,32,18,2,3,31,47,20,9,7,27,35,8,24,21,18,12,18,17,15,18,21,17,42,18,10,7,12,35,24,39,33,28,38,41,36]
costo_por_agente [18,91,48,9,55,103,40,28,107,16,6,32,16,21,27,6,19,90,45,166,18,24,48,10,7,182,83,15,10,122,18,39,17,41,15,31,51,193,20,128,25,18,22,90,28,28,126,26,32,218,18,10,21,13,289,22,64,134,9,24,19,108,39,46,24,6,22,2,3,16,21,22,9,7,77,401,10,24,19,86,280,22,21,15,20,21,21,75,20,12,7,16,158,32,45,83,28,75,339,82]
completion_time_por_agente [84,24,86,11,117,377,332,28,264,18,6,32,16,133,219,7,19,0,150,0,19,24,378,12,146,380,109,670,11,367,18,33,391,52,16,0,58,23,306,415,25,21,22,187,191,28,359,152,35,281,124,10,680,200,735,26,236,0,10,24,21,498,422,322,21,40,23,2,3,128,210,24,9,7,53,100,12,24,172,818,44,24,22,15,26,21,22,327,18,498,10,46,0,187,416,716,29,0,412,231]
tiempo_ultimo_agente_goal 716
tiempo_en_acabar 1000
tiempo_promedio 146.699997
agentes_en_goal 53
bad_good_total_rate_pred [226174,266469,492643,0.5]
push_out_count 0
RUN 37
valores_ideales [40,23,42,9,45,27,14,28,37,14,4,32,14,26,23,6,19,22,46,24,18,24,42,8,31,32,33,28,10,20,18,28,29,39,15,36,51,14,45,10,25,16,22,34,47,28,40,46,24,31,21,10,44,5,34,26,32,24,9,22,19,36,32,23,14,32,18,2,3,31,47,20,9,7,27,35,8,24,21,18,12,18,17,15,18,21,17,42,18,10,7,12,35,24,39,33,28,38,41,36]
costo_por_agente [18,39,46,11,43,59,22,28,34,14,4,32,11,54,10,6,19,61,28,19,26,24,42,10,15,23,71,16,10,388,18,19,20,18,17,24,100,10,95,10,25,14,22,17,36,28,24,24,22,16,13,10,23,5,21,28,14,20,9,22,21,49,56,1,10,32,18,2,3,41,25,18,9,7,14,54,8,24,51,18,181,20,21,15,18,21,19,19,20,10,9,28,23,26,270,145,28,34,187,184]
completion_time_por_agente [84,618,61,12,117,377,332,29,264,14,4,32,16,69,219,6,19,0,150,0,28,25,52,12,146,380,109,670,10,367,18,33,391,52,17,0,58,23,306,415,25,21,22,187,191,28,359,152,35,281,124,10,680,7,735,30,236,0,9,22,22,498,108,322,21,39,18,2,3,128,210,24,9,7,53,100,9,24,53,818,44,23,22,15,23,21,24,327,18,12,9,124,0,28,416,716,29,0,412,231]
tiempo_ultimo_agente_goal 618
tiempo_en_acabar 1000
tiempo_promedio 136.509995
agentes_en_goal 47
bad_good_total_rate_pred [238580,299767,538347,0.6]
push_out_count 0
RUN 38
valores_ideales [40,23,42,9,45,27,14,28,37,14,4,32,14,26,23,6,19,22,46,24,18,24,42,8,31,32,33,28,10,20,18,28,29,39,15,36,51,14,45,10,25,16,22,34,47,28,40,46,24,31,21,10,44,5,34,26,32,24,9,22,19,36,32,23,14,32,18,2,3,31,47,20,9,7,27,35,8,24,21,18,12,18,17,15,18,21,17,42,18,10,7,12,35,24,39,33,28,38,41,36]
costo_por_agente [33,37,48,9,29,23,38,28,78,16,4,32,18,190,27,6,19,80,303,34,108,24,44,10,71,106,117,84,10,45,18,30,23,43,15,83,26,16,20,452,25,14,22,27,65,28,27,74,26,259,10,10,65,5,20,26,92,21,9,41,19,190,24,84,10,8,18,2,3,20,89,20,9,7,115,31,8,24,63,36,18,20,24,15,20,21,21,46,32,10,9,28,16,24,85,42,28,18,49,90]
completion_time_por_agente [84,38,75,9,117,377,332,28,264,16,5,32,24,829,42,7,19,0,150,0,28,31,74,11,819,398,109,248,10,367,18,45,391,58,16,0,58,17,306,716,25,21,22,187,170,28,359,382,358,809,124,10,680,7,735,28,236,0,10,22,20,498,108,322,21,39,18,2,3,128,355,49,9,7,829,100,8,24,102,818,44,20,22,15,25,21,23,148,829,12,12,124,0,24,350,716,28,0,412,359]
tiempo_ultimo_agente_goal 829
tiempo_en_acabar 1000
tiempo_promedio 170.250000
agentes_en_goal 61
bad_good_total_rate_pred [185387,240013,425400,0.6]
push_out_count 0
RUN 39
valores_ideales [40,23,42,9,45,27,14,28,37,14,4,32,14,26,23,6,19,22,46,24,18,24,42,8,31,32,33,28,10,20,18,28,29,39,15,36,51,14,45,10,25,16,22,34,47,28,40,46,24,31,21,10,44,5,34,26,32,24,9,22,19,36,32,23,14,32,18,2,3,31,47,20,9,7,27,35,8,24,21,18,12,18,17,15,18,21,17,42,18,10,7,12,35,24,39,33,28,38,41,36]
costo_por_agente [41,60,54,9,25,16,29,28,24,16,4,32,16,66,13,8,19,18,19,217,22,24,58,10,105,288,43,28,10,69,18,32,239,41,15,103,71,17,79,18,25,49,22,25,53,28,37,26,81,71,31,10,37,5,42,122,56,19,9,271,19,218,23,2,39,48,18,2,3,253,73,21,9,7,71,83,8,24,82,25,18,20,21,15,18,21,25,42,90,6,7,51,24,24,33,90,28,22,24,36]
completion_time_por_agente [84,38,664,9,117,377,332,28,264,17,5,32,20,113,42,9,19,0,150,0,29,26,627,11,743,561,109,248,11,367,18,33,594,72,15,0,638,17,664,716,25,21,22,187,689,29,359,382,358,809,283,11,680,7,712,235,236,0,10,22,19,584,108,322,21,277,18,2,3,128,422,49,9,7,625,421,9,24,102,818,24,20,43,15,18,22,27,50,829,12,7,124,0,24,350,716,28,0,412,42]
tiempo_ultimo_agente_goal 743
tiempo_en_acabar 1000
tiempo_promedio 196.270004
agentes_en_goal 59
bad_good_total_rate_pred [214776,280500,495276,0.6]
push_out_count 0
