RUN 0
valores_ideales [26,12,41,33,39,5,33,4,38,17,26,21,13,14,46,21,33,41,9,39,47,39,23,12,29,34,15,29,32,33,25,7,49,30,27,16,5,3,35,46,54,17,29,32,8,34,7,33,31,16,39,28,39,33,24,9,39,9,9,8,12,30,9,30,31,27,25,19,38,17,19,12,31,6,43,28,23,35,28,7,31,6,18,21,46,48,56,32,5,28,15,16,2,15,9,3,44,15,27,43,38,8,32,34,30,16,22,37,46,25,37,8,33,37,15,8,23,11,20,22,6,3,53,19,45,19,30,26,10,11,43,18,31,17,17,41,20,20,25,42,15,26,34,14,8,24,31,30,4,24,17,4,13,43,40,9,20,24,22,19,6,2,25,16,20,31,42,21,33,16,34,24,15,35,4,31,10,7,12,18]
costo_por_agente [122,12,179,285,143,5,269,12,78,23,200,169,21,52,92,59,111,99,9,323,201,89,23,12,73,136,209,61,44,239,173,7,61,124,269,18,7,3,149,72,66,17,343,218,8,34,7,123,35,106,281,68,127,183,294,9,265,11,9,8,12,52,9,260,175,33,279,263,234,19,183,14,123,6,89,216,33,241,30,7,109,6,20,25,158,84,86,240,9,90,193,24,2,21,9,3,60,15,27,109,50,12,34,106,178,286,166,125,108,27,273,84,241,85,15,14,107,231,30,26,6,5,91,19,147,207,30,26,12,17,139,18,247,21,17,301,302,174,231,256,15,172,348,14,8,114,297,282,6,260,17,12,13,101,160,73,148,260,22,19,6,2,25,16,20,133,206,53,315,200,76,28,15,59,6,153,92,7,30,20]
completion_time_por_agente [167,15,269,454,257,8,455,16,109,36,338,251,22,94,167,96,181,172,10,462,368,137,24,12,125,213,309,81,65,387,270,9,88,178,468,19,9,3,242,111,97,17,506,370,8,35,8,202,37,200,428,114,206,260,420,9,438,12,11,9,12,77,10,392,278,37,435,416,414,19,310,16,187,6,128,389,47,355,30,10,184,6,22,30,271,125,129,372,16,123,343,24,2,29,9,3,77,16,29,162,73,13,38,201,294,510,262,191,172,30,430,163,397,146,16,14,164,405,39,26,7,6,142,21,240,340,30,26,13,28,232,18,390,21,18,486,433,215,374,428,17,263,520,14,8,157,485,452,6,356,19,22,13,182,237,149,205,427,22,19,6,2,25,16,20,212,363,74,517,265,119,30,15,83,7,243,195,7,42,21]
tiempo_ultimo_agente_goal 520
tiempo_en_acabar 520
tiempo_promedio 158.394440
agentes_en_goal 180
bad_good_total_rate_pred [223701,105983,329684,0.3]
push_out_count 2094
RUN 1
valores_ideales [26,12,41,33,39,5,33,4,38,17,26,21,13,14,46,21,33,41,9,39,47,39,23,12,29,34,15,29,32,33,25,7,49,30,27,16,5,3,35,46,54,17,29,32,8,34,7,33,31,16,39,28,39,33,24,9,39,9,9,8,12,30,9,30,31,27,25,19,38,17,19,12,31,6,43,28,23,35,28,7,31,6,18,21,46,48,56,32,5,28,15,16,2,15,9,3,44,15,27,43,38,8,32,34,30,16,22,37,46,25,37,8,33,37,15,8,23,11,20,22,6,3,53,19,45,19,30,26,10,11,43,18,31,17,17,41,20,20,25,42,15,26,34,14,8,24,31,30,4,24,17,4,13,43,40,9,20,24,22,19,6,2,25,16,20,31,42,21,33,16,34,24,15,35,4,31,10,7,12,18]
costo_por_agente [90,14,177,225,135,5,253,4,58,45,250,191,25,62,68,97,275,213,11,97,69,177,23,14,221,318,291,43,136,135,273,7,201,198,141,16,15,7,287,66,54,17,311,296,10,34,7,61,31,194,231,104,111,239,160,9,191,9,9,8,12,204,9,66,171,39,207,325,82,17,189,12,191,6,279,226,69,151,34,11,243,98,18,21,192,64,64,250,5,202,137,16,2,17,11,3,246,15,27,225,222,18,34,78,138,234,104,103,66,39,179,68,343,55,15,14,59,121,38,26,10,3,73,19,115,221,30,26,12,131,87,22,293,17,17,147,48,48,281,160,19,262,154,16,10,156,167,274,6,324,19,4,13,91,140,21,160,156,22,21,6,4,27,16,20,169,278,73,253,172,138,36,15,305,4,173,74,7,12,20]
completion_time_por_agente [124,16,300,338,241,6,424,7,92,76,463,351,30,108,114,170,456,343,11,175,117,242,23,16,337,489,406,65,196,220,428,7,355,335,228,17,22,14,418,91,58,20,510,438,13,34,8,95,33,328,351,175,189,406,261,9,300,11,10,10,12,306,9,90,264,47,296,505,129,20,298,12,315,7,410,358,114,221,44,11,356,161,22,22,285,96,93,376,9,353,206,16,2,17,12,3,406,16,28,324,387,29,36,126,224,372,187,149,84,55,297,133,473,72,15,14,85,204,69,32,10,3,85,23,176,353,31,28,13,226,124,23,504,17,19,264,53,54,509,229,20,417,254,18,10,220,294,423,6,500,20,4,14,143,262,32,248,263,22,24,7,5,32,16,20,267,451,104,348,276,256,47,15,447,4,258,110,7,16,21]
tiempo_ultimo_agente_goal 510
tiempo_en_acabar 510
tiempo_promedio 161.605560
agentes_en_goal 180
bad_good_total_rate_pred [207977,101599,309576,0.3]
push_out_count 4428
RUN 2
valores_ideales [26,12,41,33,39,5,33,4,38,17,26,21,13,14,46,21,33,41,9,39,47,39,23,12,29,34,15,29,32,33,25,7,49,30,27,16,5,3,35,46,54,17,29,32,8,34,7,33,31,16,39,28,39,33,24,9,39,9,9,8,12,30,9,30,31,27,25,19,38,17,19,12,31,6,43,28,23,35,28,7,31,6,18,21,46,48,56,32,5,28,15,16,2,15,9,3,44,15,27,43,38,8,32,34,30,16,22,37,46,25,37,8,33,37,15,8,23,11,20,22,6,3,53,19,45,19,30,26,10,11,43,18,31,17,17,41,20,20,25,42,15,26,34,14,8,24,31,30,4,24,17,4,13,43,40,9,20,24,22,19,6,2,25,16,20,31,42,21,33,16,34,24,15,35,4,31,10,7,12,18]
costo_por_agente [378,12,263,325,145,5,321,8,224,31,140,235,23,56,62,81,211,57,15,113,269,273,23,16,183,306,75,127,76,287,269,7,97,226,141,16,57,5,383,162,250,19,137,266,8,34,9,307,31,134,281,152,259,267,418,9,45,11,9,12,12,230,9,290,47,29,291,101,116,25,115,14,171,8,283,400,31,67,30,13,223,10,18,23,308,76,84,140,9,308,325,16,2,15,11,3,98,15,29,363,52,10,38,196,282,374,330,187,210,25,303,18,315,137,19,8,83,379,64,28,6,3,245,21,85,363,30,26,10,51,259,18,43,21,17,81,328,158,283,96,19,270,128,14,8,272,277,368,172,74,17,6,13,215,316,331,194,354,22,21,6,6,37,16,20,279,112,29,119,100,216,34,17,207,34,119,188,7,28,18]
completion_time_por_agente [608,12,386,477,225,6,490,11,392,41,212,393,32,97,99,124,332,82,16,163,411,486,23,19,312,422,111,237,130,502,465,7,148,374,205,16,89,7,538,276,385,21,214,425,8,34,9,499,31,185,450,231,397,410,586,9,66,11,10,12,13,356,9,441,55,34,470,159,162,32,215,17,290,8,485,609,43,103,38,16,366,14,21,26,487,105,157,208,13,525,502,19,3,15,12,3,198,16,30,588,74,11,46,296,454,597,540,326,374,30,453,25,455,218,20,10,119,541,105,34,7,5,433,26,111,575,31,26,10,92,353,18,57,23,17,149,511,260,523,164,19,431,208,15,10,394,442,576,288,100,17,6,15,307,514,507,292,594,22,21,7,7,52,16,21,439,173,33,194,158,331,42,17,325,70,193,323,7,32,18]
tiempo_ultimo_agente_goal 609
tiempo_en_acabar 609
tiempo_promedio 195.483337
agentes_en_goal 180
bad_good_total_rate_pred [253606,120491,374097,0.3]
push_out_count 7256
RUN 3
valores_ideales [26,12,41,33,39,5,33,4,38,17,26,21,13,14,46,21,33,41,9,39,47,39,23,12,29,34,15,29,32,33,25,7,49,30,27,16,5,3,35,46,54,17,29,32,8,34,7,33,31,16,39,28,39,33,24,9,39,9,9,8,12,30,9,30,31,27,25,19,38,17,19,12,31,6,43,28,23,35,28,7,31,6,18,21,46,48,56,32,5,28,15,16,2,15,9,3,44,15,27,43,38,8,32,34,30,16,22,37,46,25,37,8,33,37,15,8,23,11,20,22,6,3,53,19,45,19,30,26,10,11,43,18,31,17,17,41,20,20,25,42,15,26,34,14,8,24,31,30,4,24,17,4,13,43,40,9,20,24,22,19,6,2,25,16,20,31,42,21,33,16,34,24,15,35,4,31,10,7,12,18]
costo_por_agente [336,20,191,179,81,5,497,4,292,75,122,117,17,134,344,35,341,401,9,355,297,471,25,12,121,310,387,121,38,49,447,7,77,268,427,16,5,79,401,128,70,19,453,276,8,36,7,39,35,276,179,196,151,355,434,9,217,9,9,10,12,172,9,386,179,33,501,533,356,21,469,12,335,6,339,204,39,221,28,13,175,110,24,21,162,186,72,174,11,286,515,16,2,31,9,3,96,15,27,333,266,10,32,296,118,306,448,291,304,47,213,8,533,241,19,10,37,499,54,36,8,3,83,19,83,287,30,34,12,15,111,18,127,17,17,401,94,306,359,74,19,170,166,16,8,360,347,444,14,376,17,4,13,319,110,73,112,118,22,21,6,2,29,16,20,267,154,43,421,148,96,34,15,287,4,245,260,7,16,20]
completion_time_por_agente [503,26,336,281,121,5,717,6,434,147,183,147,24,229,562,51,477,685,12,583,422,739,25,12,163,479,549,175,46,71,747,7,110,445,729,16,8,121,643,215,97,22,719,479,8,38,7,54,36,430,284,296,236,549,655,9,304,11,10,11,12,234,9,549,306,36,762,772,581,23,647,16,533,8,570,330,61,384,29,13,267,195,27,21,273,319,111,224,16,484,730,16,2,47,10,3,128,16,28,539,406,16,33,469,185,464,764,485,449,77,369,11,752,340,20,13,44,753,96,46,9,5,120,20,128,452,31,37,13,21,201,18,218,17,19,682,119,494,553,119,19,277,282,19,9,530,520,661,16,561,17,7,14,495,148,133,124,206,22,21,6,2,32,16,21,418,253,66,727,224,183,50,15,468,6,386,452,7,18,20]
tiempo_ultimo_agente_goal 772
tiempo_en_acabar 772
tiempo_promedio 229.755554
agentes_en_goal 180
bad_good_total_rate_pred [292516,141805,434321,0.3]
push_out_count 10649
RUN 4
valores_ideales [26,12,41,33,39,5,33,4,38,17,26,21,13,14,46,21,33,41,9,39,47,39,23,12,29,34,15,29,32,33,25,7,49,30,27,16,5,3,35,46,54,17,29,32,8,34,7,33,31,16,39,28,39,33,24,9,39,9,9,8,12,30,9,30,31,27,25,19,38,17,19,12,31,6,43,28,23,35,28,7,31,6,18,21,46,48,56,32,5,28,15,16,2,15,9,3,44,15,27,43,38,8,32,34,30,16,22,37,46,25,37,8,33,37,15,8,23,11,20,22,6,3,53,19,45,19,30,26,10,11,43,18,31,17,17,41,20,20,25,42,15,26,34,14,8,24,31,30,4,24,17,4,13,43,40,9,20,24,22,19,6,2,25,16,20,31,42,21,33,16,34,24,15,35,4,31,10,7,12,18]
costo_por_agente [136,12,229,387,103,5,487,10,180,31,230,195,13,42,48,59,245,255,9,331,347,211,23,12,65,330,151,107,44,85,225,7,67,92,439,18,17,3,525,88,72,17,467,230,8,34,7,107,31,120,309,122,143,327,312,9,241,9,9,8,14,58,9,540,165,29,277,207,86,21,363,18,261,6,523,312,41,49,32,13,449,36,18,23,112,64,100,288,7,332,605,16,2,21,9,3,88,15,27,215,44,8,32,254,362,294,376,265,170,43,347,12,347,277,19,8,65,399,108,26,6,5,81,19,175,167,30,28,10,145,381,20,451,21,17,201,514,260,291,538,15,264,342,16,8,296,239,436,8,540,17,4,15,365,424,49,138,222,22,19,6,4,27,16,22,203,362,75,569,298,42,30,15,171,140,111,116,7,16,52]
completion_time_por_agente [197,15,368,576,193,6,818,17,294,52,361,294,18,78,57,104,438,416,10,555,536,323,23,15,96,552,229,175,60,146,402,7,107,120,646,18,25,3,830,137,113,19,673,328,8,34,7,177,34,156,493,202,204,510,490,9,367,11,11,8,14,91,9,771,256,31,401,329,136,22,544,20,451,7,798,493,64,63,34,19,677,41,22,23,165,94,144,434,9,520,922,18,2,26,9,3,152,17,27,335,58,8,37,448,616,431,489,465,272,61,521,17,609,457,20,13,108,642,196,28,8,6,130,24,270,272,30,28,14,272,624,21,796,21,18,342,714,411,447,919,16,419,548,16,8,562,362,659,10,888,17,4,19,594,614,74,227,397,22,20,7,6,29,16,25,270,576,113,944,492,49,37,15,271,263,154,189,7,21,72]
tiempo_ultimo_agente_goal 944
tiempo_en_acabar 944
tiempo_promedio 229.216660
agentes_en_goal 180
bad_good_total_rate_pred [288902,142042,430944,0.3]
push_out_count 14280
RUN 5
valores_ideales [26,12,41,33,39,5,33,4,38,17,26,21,13,14,46,21,33,41,9,39,47,39,23,12,29,34,15,29,32,33,25,7,49,30,27,16,5,3,35,46,54,17,29,32,8,34,7,33,31,16,39,28,39,33,24,9,39,9,9,8,12,30,9,30,31,27,25,19,38,17,19,12,31,6,43,28,23,35,28,7,31,6,18,21,46,48,56,32,5,28,15,16,2,15,9,3,44,15,27,43,38,8,32,34,30,16,22,37,46,25,37,8,33,37,15,8,23,11,20,22,6,3,53,19,45,19,30,26,10,11,43,18,31,17,17,41,20,20,25,42,15,26,34,14,8,24,31,30,4,24,17,4,13,43,40,9,20,24,22,19,6,2,25,16,20,31,42,21,33,16,34,24,15,35,4,31,10,7,12,18]
costo_por_agente [316,12,195,311,263,5,185,16,156,23,246,465,29,134,50,105,143,433,17,95,103,209,23,16,269,152,53,63,34,281,369,7,87,304,341,16,21,3,293,58,58,17,357,344,8,34,7,265,31,72,165,412,143,425,232,9,175,9,9,10,12,38,9,264,261,29,273,357,154,21,251,14,301,8,233,420,39,95,34,7,331,152,20,33,142,196,90,246,9,310,155,20,2,19,11,3,54,15,27,305,306,10,38,156,286,338,112,203,344,25,277,8,193,135,15,10,53,403,92,36,6,5,59,19,195,357,30,28,10,13,121,18,159,17,17,163,330,112,453,158,15,486,176,14,8,164,265,244,6,66,19,4,15,121,520,57,302,226,22,19,6,2,25,16,24,413,278,41,219,500,114,38,15,395,6,191,52,7,26,18]
completion_time_por_agente [533,13,329,499,424,6,324,34,264,37,447,821,38,211,60,216,231,632,30,190,156,336,24,18,454,259,67,84,34,518,591,11,131,472,488,16,24,7,414,87,72,18,546,512,10,34,7,370,33,109,281,612,226,662,406,9,304,11,11,14,12,50,10,394,411,33,409,525,266,24,399,16,452,8,387,664,52,158,40,10,534,244,23,44,242,349,143,382,13,488,266,20,2,24,14,3,66,16,27,509,504,11,49,272,531,536,160,364,602,28,476,11,352,214,15,15,72,744,159,56,7,8,88,19,348,546,31,28,10,23,225,18,258,20,18,306,541,158,647,288,16,759,297,15,8,261,463,379,6,111,19,5,20,175,805,90,451,359,22,20,7,3,25,16,25,632,394,45,369,770,170,54,15,653,8,293,121,7,35,20]
tiempo_ultimo_agente_goal 821
tiempo_en_acabar 821
tiempo_promedio 212.261108
agentes_en_goal 180
bad_good_total_rate_pred [268886,137865,406751,0.3]
push_out_count 17569
RUN 6
valores_ideales [26,12,41,33,39,5,33,4,38,17,26,21,13,14,46,21,33,41,9,39,47,39,23,12,29,34,15,29,32,33,25,7,49,30,27,16,5,3,35,46,54,17,29,32,8,34,7,33,31,16,39,28,39,33,24,9,39,9,9,8,12,30,9,30,31,27,25,19,38,17,19,12,31,6,43,28,23,35,28,7,31,6,18,21,46,48,56,32,5,28,15,16,2,15,9,3,44,15,27,43,38,8,32,34,30,16,22,37,46,25,37,8,33,37,15,8,23,11,20,22,6,3,53,19,45,19,30,26,10,11,43,18,31,17,17,41,20,20,25,42,15,26,34,14,8,24,31,30,4,24,17,4,13,43,40,9,20,24,22,19,6,2,25,16,20,31,42,21,33,16,34,24,15,35,4,31,10,7,12,18]
costo_por_agente [338,14,257,381,305,5,431,14,176,59,194,377,13,102,276,65,413,293,19,97,207,201,23,16,147,418,195,47,42,81,177,7,87,318,229,16,13,81,419,248,80,17,387,274,8,34,7,89,33,144,307,200,209,387,252,9,211,11,9,12,12,50,9,272,59,29,287,279,290,21,281,14,387,10,281,348,31,205,40,9,189,60,22,27,342,56,66,346,5,300,371,16,2,19,11,3,46,15,29,113,98,8,34,372,344,260,136,199,210,35,311,10,281,71,15,10,73,191,68,26,8,3,137,19,191,447,30,26,10,259,101,20,335,17,17,299,450,58,375,46,15,270,268,16,8,386,193,422,6,426,17,6,13,407,418,53,118,328,22,19,6,2,27,16,20,169,404,57,483,270,164,24,15,387,6,343,90,7,14,20]
completion_time_por_agente [492,15,424,597,482,5,648,16,292,103,279,588,15,138,471,110,575,500,20,148,330,273,26,17,224,610,300,75,48,138,276,7,140,540,399,16,23,129,641,372,135,18,615,406,8,34,7,129,36,211,508,348,366,654,376,9,359,12,10,14,12,71,9,479,78,33,404,377,496,22,429,18,630,15,513,503,45,303,53,11,298,122,22,30,631,78,97,501,8,484,616,16,2,22,11,3,52,16,32,172,145,11,36,549,582,381,187,302,332,52,474,15,450,121,17,11,90,274,126,33,9,5,237,22,323,678,31,27,12,527,151,23,531,17,18,427,686,73,566,65,16,374,406,16,8,527,270,666,8,642,17,7,14,593,634,90,175,473,22,19,6,2,32,16,23,284,692,76,716,371,256,25,15,605,7,650,157,7,17,23]
tiempo_ultimo_agente_goal 716
tiempo_en_acabar 716
tiempo_promedio 222.466660
agentes_en_goal 180
bad_good_total_rate_pred [281801,139380,421181,0.3]
push_out_count 20986
RUN 7
valores_ideales [26,12,41,33,39,5,33,4,38,17,26,21,13,14,46,21,33,41,9,39,47,39,23,12,29,34,15,29,32,33,25,7,49,30,27,16,5,3,35,46,54,17,29,32,8,34,7,33,31,16,39,28,39,33,24,9,39,9,9,8,12,30,9,30,31,27,25,19,38,17,19,12,31,6,43,28,23,35,28,7,31,6,18,21,46,48,56,32,5,28,15,16,2,15,9,3,44,15,27,43,38,8,32,34,30,16,22,37,46,25,37,8,33,37,15,8,23,11,20,22,6,3,53,19,45,19,30,26,10,11,43,18,31,17,17,41,20,20,25,42,15,26,34,14,8,24,31,30,4,24,17,4,13,43,40,9,20,24,22,19,6,2,25,16,20,31,42,21,33,16,34,24,15,35,4,31,10,7,12,18]
costo_por_agente [386,12,193,411,313,5,159,8,138,35,370,327,29,60,52,111,313,49,9,119,343,157,23,12,323,428,129,49,40,49,279,7,79,208,131,16,39,3,161,48,66,17,257,400,8,36,7,133,33,90,391,134,173,351,468,9,67,11,9,8,12,360,9,472,127,43,457,487,342,19,409,12,401,8,261,340,35,81,30,9,285,40,20,21,192,72,66,280,9,280,445,16,2,15,9,3,46,15,35,427,50,22,34,148,90,442,90,399,246,59,403,236,377,413,17,10,67,137,50,26,20,3,77,19,135,323,30,26,10,19,321,18,77,19,19,291,410,386,405,168,15,214,324,16,8,350,85,190,198,258,17,10,19,423,324,25,242,172,22,19,6,2,25,16,20,447,282,365,91,214,72,40,15,171,18,421,300,7,28,22]
completion_time_por_agente [533,15,317,580,473,6,263,9,220,55,554,588,40,106,71,223,532,64,9,190,512,253,23,12,510,669,163,77,51,63,408,10,123,360,191,16,70,7,305,61,89,18,420,590,8,36,7,186,38,141,595,225,266,615,720,9,84,12,12,10,12,610,9,735,193,59,715,746,549,19,676,14,606,10,455,528,44,136,33,10,451,59,22,21,267,114,89,427,19,499,755,18,3,16,14,3,68,16,41,670,71,38,38,225,152,671,127,656,380,110,623,452,555,658,17,11,101,223,80,30,31,5,115,25,214,487,30,26,11,28,506,18,119,21,19,470,696,583,601,281,17,315,526,18,8,554,136,288,346,433,20,10,28,627,504,38,332,298,23,19,7,3,25,16,20,658,476,581,139,340,112,59,15,298,26,715,534,7,49,23]
tiempo_ultimo_agente_goal 755
tiempo_en_acabar 755
tiempo_promedio 226.061111
agentes_en_goal 180
bad_good_total_rate_pred [284741,138527,423268,0.3]
push_out_count 24581
RUN 8
valores_ideales [26,12,41,33,39,5,33,4,38,17,26,21,13,14,46,21,33,41,9,39,47,39,23,12,29,34,15,29,32,33,25,7,49,30,27,16,5,3,35,46,54,17,29,32,8,34,7,33,31,16,39,28,39,33,24,9,39,9,9,8,12,30,9,30,31,27,25,19,38,17,19,12,31,6,43,28,23,35,28,7,31,6,18,21,46,48,56,32,5,28,15,16,2,15,9,3,44,15,27,43,38,8,32,34,30,16,22,37,46,25,37,8,33,37,15,8,23,11,20,22,6,3,53,19,45,19,30,26,10,11,43,18,31,17,17,41,20,20,25,42,15,26,34,14,8,24,31,30,4,24,17,4,13,43,40,9,20,24,22,19,6,2,25,16,20,31,42,21,33,16,34,24,15,35,4,31,10,7,12,18]
costo_por_agente [188,12,133,221,217,5,283,6,104,25,304,221,25,170,48,167,207,103,15,271,231,153,23,16,43,306,69,81,66,47,241,7,67,84,347,16,9,5,165,48,68,19,205,308,8,34,7,131,31,70,211,304,89,305,268,9,179,11,11,10,12,218,9,304,239,39,183,217,96,21,177,16,177,8,323,260,149,119,28,7,163,6,18,23,152,70,68,196,9,116,269,16,2,15,13,3,308,15,27,187,50,8,40,126,202,220,358,139,126,27,323,8,375,71,17,10,67,261,136,34,6,3,67,19,89,275,30,28,10,207,63,18,45,17,17,177,316,304,269,168,19,274,292,16,8,54,265,328,24,158,17,8,13,265,322,99,38,220,22,21,6,4,31,16,22,131,270,41,207,314,162,46,15,245,78,219,90,7,14,20]
completion_time_por_agente [282,14,205,330,416,6,431,9,155,39,539,303,40,320,56,259,311,146,21,435,372,234,23,16,54,480,101,121,96,68,342,7,82,144,527,16,16,6,275,60,93,20,331,484,8,34,8,217,33,121,357,432,145,507,419,9,283,11,17,13,12,347,10,441,364,61,279,340,174,23,286,20,253,12,555,359,274,202,29,7,289,7,21,23,274,91,100,338,10,180,431,17,2,16,13,3,522,16,27,297,69,8,46,210,334,344,552,237,184,31,466,9,516,95,17,12,103,436,278,40,9,5,96,19,137,454,30,28,10,364,106,18,59,17,19,249,510,454,458,276,19,399,424,16,8,79,411,526,48,286,17,10,14,426,492,148,47,321,22,21,6,5,37,16,24,225,448,65,327,470,220,68,15,369,122,404,141,7,18,23]
tiempo_ultimo_agente_goal 555
tiempo_en_acabar 555
tiempo_promedio 175.961105
agentes_en_goal 180
bad_good_total_rate_pred [220534,105012,325546,0.3]
push_out_count 27214
RUN 9
valores_ideales [26,12,41,33,39,5,33,4,38,17,26,21,13,14,46,21,33,41,9,39,47,39,23,12,29,34,15,29,32,33,25,7,49,30,27,16,5,3,35,46,54,17,29,32,8,34,7,33,31,16,39,28,39,33,24,9,39,9,9,8,12,30,9,30,31,27,25,19,38,17,19,12,31,6,43,28,23,35,28,7,31,6,18,21,46,48,56,32,5,28,15,16,2,15,9,3,44,15,27,43,38,8,32,34,30,16,22,37,46,25,37,8,33,37,15,8,23,11,20,22,6,3,53,19,45,19,30,26,10,11,43,18,31,17,17,41,20,20,25,42,15,26,34,14,8,24,31,30,4,24,17,4,13,43,40,9,20,24,22,19,6,2,25,16,20,31,42,21,33,16,34,24,15,35,4,31,10,7,12,18]
costo_por_agente [190,12,83,113,189,5,473,8,194,37,338,221,49,124,118,59,377,243,9,81,325,147,25,12,239,212,99,63,50,423,293,7,355,176,515,16,23,75,553,124,58,17,349,240,8,34,7,321,31,110,177,252,295,435,554,9,273,9,11,10,12,166,9,444,57,33,451,559,276,21,579,12,279,8,391,360,41,53,30,7,401,16,86,23,554,102,72,314,7,374,513,16,2,19,9,3,136,15,27,413,218,10,34,384,148,152,178,377,212,25,109,100,509,299,17,10,55,453,64,28,10,7,313,19,221,273,30,32,10,291,421,20,161,17,17,543,350,70,105,468,17,150,482,18,8,396,159,526,6,388,19,4,13,199,422,77,234,214,22,19,6,2,27,16,22,121,492,75,479,466,314,36,17,207,8,263,260,7,14,18]
completion_time_por_agente [310,12,114,196,326,6,747,12,304,61,522,345,64,206,188,92,568,337,9,114,487,230,25,17,394,356,134,75,63,686,466,7,578,296,789,16,30,140,853,219,75,18,522,372,9,34,7,496,33,161,239,367,430,658,840,9,477,11,12,11,12,229,9,685,72,37,699,879,434,23,869,12,433,8,550,604,70,66,31,7,607,19,153,26,859,167,104,489,10,583,816,16,2,19,9,3,222,16,27,652,301,12,39,638,232,276,278,599,341,29,159,206,790,491,17,14,77,709,114,34,10,9,512,19,381,387,31,36,11,496,738,22,247,17,18,742,498,112,162,810,17,248,785,20,8,623,240,800,6,617,22,4,13,316,585,125,348,298,22,19,7,2,33,16,22,188,810,135,670,686,521,55,18,332,12,501,471,7,14,18]
tiempo_ultimo_agente_goal 879
tiempo_en_acabar 879
tiempo_promedio 255.283340
agentes_en_goal 180
bad_good_total_rate_pred [333853,156271,490124,0.3]
push_out_count 31073
RUN 10
valores_ideales [26,12,41,33,39,5,33,4,38,17,26,21,13,14,46,21,33,41,9,39,47,39,23,12,29,34,15,29,32,33,25,7,49,30,27,16,5,3,35,46,54,17,29,32,8,34,7,33,31,16,39,28,39,33,24,9,39,9,9,8,12,30,9,30,31,27,25,19,38,17,19,12,31,6,43,28,23,35,28,7,31,6,18,21,46,48,56,32,5,28,15,16,2,15,9,3,44,15,27,43,38,8,32,34,30,16,22,37,46,25,37,8,33,37,15,8,23,11,20,22,6,3,53,19,45,19,30,26,10,11,43,18,31,17,17,41,20,20,25,42,15,26,34,14,8,24,31,30,4,24,17,4,13,43,40,9,20,24,22,19,6,2,25,16,20,31,42,21,33,16,34,24,15,35,4,31,10,7,12,18]
costo_por_agente [426,14,181,213,205,5,153,4,228,61,146,53,15,30,56,189,77,323,11,161,365,159,23,12,195,406,53,131,50,47,175,17,85,170,235,16,5,9,107,52,54,17,273,168,8,34,7,273,31,32,127,90,83,331,198,9,237,9,9,8,12,76,9,212,59,31,289,187,164,19,279,12,285,8,173,306,27,39,38,13,265,22,18,31,164,74,58,260,11,266,239,16,2,23,9,3,94,15,39,103,86,8,32,280,146,252,136,233,68,63,159,10,233,273,17,10,45,213,74,24,8,7,65,21,77,237,30,26,12,247,291,18,229,21,21,49,312,92,321,226,17,412,70,16,8,226,135,174,6,208,17,6,13,365,278,9,174,254,22,19,6,2,27,16,22,97,266,49,237,136,166,36,15,365,26,107,84,7,22,20]
completion_time_por_agente [602,15,274,318,361,6,268,6,377,100,235,64,19,45,79,281,107,494,12,220,592,263,24,17,278,627,72,215,68,58,280,25,138,301,345,16,5,13,161,70,59,17,432,248,9,34,7,441,33,57,193,124,122,534,338,9,420,11,11,9,12,113,10,345,80,40,411,291,266,19,462,15,437,9,287,501,38,46,45,18,413,45,18,35,254,121,68,418,13,424,315,17,2,31,9,3,167,16,42,171,140,10,34,420,232,446,199,395,105,100,303,14,364,474,18,10,59,293,116,32,9,9,94,22,119,405,30,26,13,457,485,18,360,22,23,63,461,124,487,352,19,615,104,16,10,383,211,267,6,329,18,6,14,619,423,11,243,397,23,19,7,2,30,16,23,121,397,58,352,194,307,48,15,595,45,202,133,7,24,21]
tiempo_ultimo_agente_goal 627
tiempo_en_acabar 627
tiempo_promedio 168.105560
agentes_en_goal 180
bad_good_total_rate_pred [211594,100766,312360,0.3]
push_out_count 33566
RUN 11
valores_ideales [26,12,41,33,39,5,33,4,38,17,26,21,13,14,46,21,33,41,9,39,47,39,23,12,29,34,15,29,32,33,25,7,49,30,27,16,5,3,35,46,54,17,29,32,8,34,7,33,31,16,39,28,39,33,24,9,39,9,9,8,12,30,9,30,31,27,25,19,38,17,19,12,31,6,43,28,23,35,28,7,31,6,18,21,46,48,56,32,5,28,15,16,2,15,9,3,44,15,27,43,38,8,32,34,30,16,22,37,46,25,37,8,33,37,15,8,23,11,20,22,6,3,53,19,45,19,30,26,10,11,43,18,31,17,17,41,20,20,25,42,15,26,34,14,8,24,31,30,4,24,17,4,13,43,40,9,20,24,22,19,6,2,25,16,20,31,42,21,33,16,34,24,15,35,4,31,10,7,12,18]
costo_por_agente [370,14,249,461,391,5,281,8,246,57,442,71,23,204,48,359,445,79,13,111,343,205,23,12,427,468,139,193,86,33,401,7,75,354,163,16,17,5,453,394,340,17,85,454,10,34,7,63,31,58,199,380,255,243,440,9,115,9,11,12,14,292,9,254,147,29,197,461,180,19,385,12,353,6,465,408,37,171,30,7,347,130,20,27,162,108,64,90,7,148,483,16,2,25,11,3,76,15,69,163,138,16,38,244,96,416,162,135,92,31,413,290,201,265,15,8,135,317,76,26,18,3,457,23,159,291,148,28,10,31,137,18,147,17,17,199,94,480,223,102,15,358,164,16,8,254,341,266,16,398,17,6,29,185,414,99,236,216,24,31,6,2,27,16,20,277,102,25,427,270,132,28,15,287,4,399,274,7,26,22]
completion_time_por_agente [584,19,322,705,652,6,443,8,418,86,768,93,27,342,67,719,662,117,14,196,589,342,23,12,643,740,195,274,100,37,689,7,110,597,270,16,26,6,696,678,555,17,139,736,15,34,8,72,36,101,318,574,389,346,729,9,187,11,14,17,14,497,9,365,256,29,352,674,277,20,596,12,556,7,708,631,56,274,34,7,570,171,26,30,260,168,78,127,12,237,748,17,3,32,12,3,109,16,100,233,211,27,47,363,166,644,278,259,134,35,603,509,305,432,17,11,248,536,129,32,34,3,720,27,271,439,223,30,12,55,209,20,266,17,17,361,119,723,366,184,16,597,267,16,9,365,562,442,27,716,18,6,46,314,655,166,358,325,29,46,7,2,32,16,22,459,135,26,675,397,182,35,15,450,6,587,458,7,37,23]
tiempo_ultimo_agente_goal 768
tiempo_en_acabar 768
tiempo_promedio 236.466660
agentes_en_goal 180
bad_good_total_rate_pred [297554,147874,445428,0.3]
push_out_count 37353
RUN 12
valores_ideales [26,12,41,33,39,5,33,4,38,17,26,21,13,14,46,21,33,41,9,39,47,39,23,12,29,34,15,29,32,33,25,7,49,30,27,16,5,3,35,46,54,17,29,32,8,34,7,33,31,16,39,28,39,33,24,9,39,9,9,8,12,30,9,30,31,27,25,19,38,17,19,12,31,6,43,28,23,35,28,7,31,6,18,21,46,48,56,32,5,28,15,16,2,15,9,3,44,15,27,43,38,8,32,34,30,16,22,37,46,25,37,8,33,37,15,8,23,11,20,22,6,3,53,19,45,19,30,26,10,11,43,18,31,17,17,41,20,20,25,42,15,26,34,14,8,24,31,30,4,24,17,4,13,43,40,9,20,24,22,19,6,2,25,16,20,31,42,21,33,16,34,24,15,35,4,31,10,7,12,18]
costo_por_agente [408,12,271,441,401,5,519,8,374,43,410,301,231,52,72,67,463,429,13,523,351,319,23,12,93,496,289,51,76,99,409,7,61,396,175,16,11,535,481,92,140,17,147,386,10,34,7,313,31,160,415,184,121,493,620,9,451,9,9,10,18,442,9,508,195,31,333,203,538,19,533,12,311,6,101,310,27,55,30,11,377,82,24,21,170,64,118,154,5,376,387,16,2,23,9,3,118,15,483,507,108,12,42,306,366,410,322,353,130,27,581,196,549,189,23,10,43,453,60,28,6,5,61,21,99,303,30,26,10,77,239,20,167,17,17,277,582,424,455,212,15,448,284,30,8,328,333,460,12,462,17,8,13,107,380,49,82,464,22,19,6,2,27,16,20,277,260,47,273,126,258,42,15,255,4,113,324,7,18,22]
completion_time_por_agente [633,12,473,693,644,6,708,10,609,56,593,409,390,71,104,95,644,758,17,919,576,595,23,16,132,762,456,62,90,154,635,7,86,581,244,16,15,839,723,145,252,21,210,563,13,35,8,530,32,254,667,282,148,806,918,9,742,11,10,10,28,707,9,794,315,36,499,299,917,22,688,12,541,6,165,476,34,73,33,14,646,162,39,27,284,85,192,241,9,562,611,17,2,26,9,3,196,16,852,803,178,17,47,541,611,637,487,559,220,35,892,340,866,289,30,12,63,652,96,36,8,8,73,24,131,449,31,30,20,139,365,26,258,21,17,424,893,711,760,346,15,682,393,34,9,468,490,695,16,691,17,8,13,181,556,64,103,777,22,21,7,3,30,16,21,450,421,58,445,184,420,70,15,418,4,164,524,7,22,26]
tiempo_ultimo_agente_goal 919
tiempo_en_acabar 919
tiempo_promedio 277.077789
agentes_en_goal 180
bad_good_total_rate_pred [351483,164373,515856,0.3]
push_out_count 41653
RUN 13
valores_ideales [26,12,41,33,39,5,33,4,38,17,26,21,13,14,46,21,33,41,9,39,47,39,23,12,29,34,15,29,32,33,25,7,49,30,27,16,5,3,35,46,54,17,29,32,8,34,7,33,31,16,39,28,39,33,24,9,39,9,9,8,12,30,9,30,31,27,25,19,38,17,19,12,31,6,43,28,23,35,28,7,31,6,18,21,46,48,56,32,5,28,15,16,2,15,9,3,44,15,27,43,38,8,32,34,30,16,22,37,46,25,37,8,33,37,15,8,23,11,20,22,6,3,53,19,45,19,30,26,10,11,43,18,31,17,17,41,20,20,25,42,15,26,34,14,8,24,31,30,4,24,17,4,13,43,40,9,20,24,22,19,6,2,25,16,20,31,42,21,33,16,34,24,15,35,4,31,10,7,12,18]
costo_por_agente [164,12,299,327,209,19,345,4,184,43,126,409,27,146,56,273,271,141,9,337,181,255,27,14,233,290,71,61,38,271,111,7,93,380,443,16,19,3,391,98,68,17,175,394,10,34,7,133,31,108,309,182,143,229,298,9,93,9,9,8,12,46,9,308,67,27,399,347,360,17,179,12,159,8,339,418,29,65,32,7,185,32,20,21,108,70,92,112,9,182,245,16,2,23,11,3,48,15,27,319,290,8,40,156,132,300,154,185,306,33,261,132,281,89,19,10,45,227,30,36,6,3,65,23,149,279,30,38,12,13,187,18,107,19,19,335,268,176,381,390,15,374,92,20,8,394,367,212,108,246,17,6,13,125,160,101,188,186,22,19,6,2,25,16,24,247,314,85,79,192,208,24,15,349,4,199,110,7,12,22]
completion_time_por_agente [267,15,478,564,389,36,533,6,263,78,190,652,39,256,92,543,400,247,13,517,334,390,30,18,334,529,93,80,43,461,181,7,156,628,672,17,40,8,566,159,94,17,239,591,12,34,7,222,33,181,469,259,235,364,482,9,164,11,12,10,12,57,10,514,94,27,630,536,572,19,300,14,247,9,519,664,46,93,36,7,280,55,24,22,171,107,165,167,14,246,413,16,2,24,13,3,64,18,31,447,492,10,45,233,216,403,209,311,489,43,351,248,531,124,19,11,70,317,41,48,6,5,95,27,259,464,30,44,13,17,282,18,204,21,19,461,400,234,575,618,15,613,130,24,9,651,639,338,189,390,17,6,14,172,231,143,249,274,22,20,6,2,25,16,24,355,574,93,125,314,334,29,15,592,6,309,157,7,13,22]
tiempo_ultimo_agente_goal 672
tiempo_en_acabar 672
tiempo_promedio 197.911118
agentes_en_goal 180
bad_good_total_rate_pred [239327,122368,361695,0.3]
push_out_count 44803
RUN 14
valores_ideales [26,12,41,33,39,5,33,4,38,17,26,21,13,14,46,21,33,41,9,39,47,39,23,12,29,34,15,29,32,33,25,7,49,30,27,16,5,3,35,46,54,17,29,32,8,34,7,33,31,16,39,28,39,33,24,9,39,9,9,8,12,30,9,30,31,27,25,19,38,17,19,12,31,6,43,28,23,35,28,7,31,6,18,21,46,48,56,32,5,28,15,16,2,15,9,3,44,15,27,43,38,8,32,34,30,16,22,37,46,25,37,8,33,37,15,8,23,11,20,22,6,3,53,19,45,19,30,26,10,11,43,18,31,17,17,41,20,20,25,42,15,26,34,14,8,24,31,30,4,24,17,4,13,43,40,9,20,24,22,19,6,2,25,16,20,31,42,21,33,16,34,24,15,35,4,31,10,7,12,18]
costo_por_agente [342,16,283,369,245,7,375,10,276,25,162,267,35,238,56,53,439,291,11,247,315,223,23,14,71,244,177,125,52,145,341,7,99,260,361,16,17,5,337,286,100,17,255,284,8,34,9,313,33,164,177,66,83,421,348,9,191,11,11,8,14,338,9,350,185,37,367,311,182,17,407,12,267,6,219,400,75,59,34,15,443,6,18,27,218,158,252,256,9,452,385,18,2,19,9,3,56,15,29,299,68,10,32,100,280,424,194,299,206,49,161,12,315,205,15,12,45,249,30,36,8,3,79,21,333,385,30,26,12,13,229,18,175,17,17,183,144,70,327,346,17,126,56,16,8,258,245,210,6,188,19,10,13,291,400,379,60,366,22,19,6,4,33,16,20,107,108,25,125,280,80,28,17,123,4,109,412,7,18,24]
completion_time_por_agente [478,18,423,563,364,8,536,14,427,38,262,414,44,456,73,72,714,475,12,380,481,375,23,15,110,358,280,182,69,212,519,7,138,371,602,17,31,6,546,520,133,22,381,447,8,34,9,497,34,279,272,94,133,621,521,9,302,12,12,8,14,500,10,528,299,55,551,444,272,17,630,17,416,6,339,582,137,90,45,17,691,7,18,34,343,272,444,411,10,673,634,18,2,22,10,3,81,16,33,502,89,13,36,169,445,692,261,450,332,88,304,16,533,336,17,16,66,366,48,54,8,5,125,24,549,581,30,26,14,13,388,20,300,20,17,279,206,82,475,594,17,170,75,19,9,390,399,370,6,269,20,10,13,496,569,647,72,574,22,19,6,4,43,16,23,181,177,28,233,465,113,30,17,168,4,185,674,8,22,28]
tiempo_ultimo_agente_goal 714
tiempo_en_acabar 714
tiempo_promedio 212.955551
agentes_en_goal 180
bad_good_total_rate_pred [274222,129929,404151,0.3]
push_out_count 47949
RUN 15
valores_ideales [26,12,41,33,39,5,33,4,38,17,26,21,13,14,46,21,33,41,9,39,47,39,23,12,29,34,15,29,32,33,25,7,49,30,27,16,5,3,35,46,54,17,29,32,8,34,7,33,31,16,39,28,39,33,24,9,39,9,9,8,12,30,9,30,31,27,25,19,38,17,19,12,31,6,43,28,23,35,28,7,31,6,18,21,46,48,56,32,5,28,15,16,2,15,9,3,44,15,27,43,38,8,32,34,30,16,22,37,46,25,37,8,33,37,15,8,23,11,20,22,6,3,53,19,45,19,30,26,10,11,43,18,31,17,17,41,20,20,25,42,15,26,34,14,8,24,31,30,4,24,17,4,13,43,40,9,20,24,22,19,6,2,25,16,20,31,42,21,33,16,34,24,15,35,4,31,10,7,12,18]
costo_por_agente [268,16,247,499,415,5,367,10,312,19,368,155,17,64,230,61,311,303,19,321,273,309,25,16,195,400,125,47,74,33,415,7,195,122,389,16,9,83,205,58,62,17,359,292,8,34,7,361,31,150,219,382,77,127,462,9,205,11,9,12,12,248,9,464,93,39,371,407,84,21,517,12,261,8,409,268,33,69,30,11,429,12,20,31,236,78,80,174,7,376,235,18,2,17,9,3,316,15,37,205,232,8,44,354,278,344,380,319,134,29,369,50,475,285,15,12,71,459,314,32,6,5,127,19,215,385,30,30,10,13,285,18,223,17,17,247,414,222,351,464,17,366,102,16,8,206,87,320,6,234,17,6,13,149,382,25,194,346,22,19,6,2,27,16,20,149,360,61,125,424,100,28,15,151,270,89,236,7,16,20]
completion_time_por_agente [411,16,380,769,626,6,528,12,490,25,530,243,23,107,363,92,428,434,19,563,461,513,26,16,283,641,201,71,111,40,692,7,328,175,547,16,14,145,333,81,103,19,526,461,8,35,9,561,33,232,356,574,118,204,706,9,319,11,10,14,12,414,10,686,107,56,584,618,142,23,751,12,437,8,649,433,44,91,41,13,675,14,22,40,365,132,125,291,9,642,376,20,3,18,10,3,538,16,44,336,408,8,57,468,435,502,594,489,244,40,547,96,708,470,17,14,119,662,464,44,7,6,206,21,352,643,30,34,10,19,479,20,346,17,17,386,616,388,530,735,17,601,149,23,9,304,107,488,8,398,17,6,16,233,624,49,284,597,22,19,7,2,31,16,21,213,517,87,220,630,140,37,15,250,535,155,371,7,21,21]
tiempo_ultimo_agente_goal 769
tiempo_en_acabar 769
tiempo_promedio 235.550003
agentes_en_goal 180
bad_good_total_rate_pred [302275,140679,442954,0.3]
push_out_count 51497
RUN 16
valores_ideales [26,12,41,33,39,5,33,4,38,17,26,21,13,14,46,21,33,41,9,39,47,39,23,12,29,34,15,29,32,33,25,7,49,30,27,16,5,3,35,46,54,17,29,32,8,34,7,33,31,16,39,28,39,33,24,9,39,9,9,8,12,30,9,30,31,27,25,19,38,17,19,12,31,6,43,28,23,35,28,7,31,6,18,21,46,48,56,32,5,28,15,16,2,15,9,3,44,15,27,43,38,8,32,34,30,16,22,37,46,25,37,8,33,37,15,8,23,11,20,22,6,3,53,19,45,19,30,26,10,11,43,18,31,17,17,41,20,20,25,42,15,26,34,14,8,24,31,30,4,24,17,4,13,43,40,9,20,24,22,19,6,2,25,16,20,31,42,21,33,16,34,24,15,35,4,31,10,7,12,18]
costo_por_agente [230,14,225,213,139,7,457,8,190,31,142,327,23,68,46,141,231,283,9,447,205,259,23,12,85,352,161,51,36,41,159,7,63,208,81,16,7,145,349,80,56,19,461,326,8,34,7,343,31,88,337,92,103,329,498,9,259,9,9,12,12,112,9,362,191,33,365,379,340,21,401,12,315,8,429,248,47,57,38,11,213,36,20,21,334,58,78,240,7,270,249,16,2,35,11,3,256,15,31,221,142,20,40,262,188,326,84,155,90,25,463,14,439,215,15,10,159,293,34,26,12,5,75,21,177,105,30,40,10,347,119,18,321,17,17,291,342,168,303,430,19,308,98,16,10,158,245,452,6,328,17,4,13,205,196,41,212,210,22,19,6,2,25,16,22,267,386,77,445,252,146,28,15,97,4,301,150,7,50,18]
completion_time_por_agente [364,14,371,377,265,12,707,16,288,47,223,499,27,124,52,236,364,449,10,677,329,445,23,12,125,548,261,67,45,52,243,7,102,350,108,16,10,290,594,130,70,24,661,566,8,34,7,577,34,137,520,141,138,513,692,10,395,11,12,18,12,195,9,551,317,41,589,582,544,22,605,16,546,9,653,366,64,70,48,13,294,59,26,23,547,75,121,420,9,385,377,16,2,54,17,3,467,16,34,371,243,33,51,386,307,524,143,198,126,27,759,21,737,365,16,10,214,413,45,35,17,8,114,22,297,165,30,57,11,605,173,18,517,17,17,466,477,278,515,713,20,493,136,19,11,264,408,701,6,511,17,4,13,350,311,63,351,347,22,19,6,2,25,16,23,445,578,99,688,343,218,36,15,145,6,455,280,7,55,19]
tiempo_ultimo_agente_goal 759
tiempo_en_acabar 759
tiempo_promedio 215.066666
agentes_en_goal 180
bad_good_total_rate_pred [279320,132505,411825,0.3]
push_out_count 54744
RUN 17
valores_ideales [26,12,41,33,39,5,33,4,38,17,26,21,13,14,46,21,33,41,9,39,47,39,23,12,29,34,15,29,32,33,25,7,49,30,27,16,5,3,35,46,54,17,29,32,8,34,7,33,31,16,39,28,39,33,24,9,39,9,9,8,12,30,9,30,31,27,25,19,38,17,19,12,31,6,43,28,23,35,28,7,31,6,18,21,46,48,56,32,5,28,15,16,2,15,9,3,44,15,27,43,38,8,32,34,30,16,22,37,46,25,37,8,33,37,15,8,23,11,20,22,6,3,53,19,45,19,30,26,10,11,43,18,31,17,17,41,20,20,25,42,15,26,34,14,8,24,31,30,4,24,17,4,13,43,40,9,20,24,22,19,6,2,25,16,20,31,42,21,33,16,34,24,15,35,4,31,10,7,12,18]
costo_por_agente [258,12,113,187,275,9,213,4,68,35,162,133,35,46,80,129,297,487,11,359,281,313,25,12,85,124,99,83,44,249,155,7,67,348,269,16,9,71,207,376,58,19,361,334,8,34,7,125,35,150,281,136,307,403,388,9,397,9,9,10,12,82,9,144,81,27,343,179,158,17,147,12,233,8,79,360,47,167,44,9,239,36,24,23,222,258,90,286,7,262,211,16,2,17,11,3,96,15,37,389,406,26,42,260,356,306,206,307,244,27,361,290,265,55,17,10,49,369,28,42,6,5,293,19,167,291,30,28,12,99,119,18,165,21,17,309,142,124,267,296,15,320,192,18,8,382,211,156,6,218,17,6,17,337,206,57,86,154,22,21,6,2,29,16,20,303,234,173,191,304,112,50,17,69,48,293,138,7,20,18]
completion_time_por_agente [363,15,167,307,487,12,311,7,109,63,252,177,52,82,146,241,460,678,12,547,453,497,25,12,110,199,148,148,57,402,248,9,92,617,415,16,18,135,289,634,71,24,514,509,8,34,7,189,36,253,493,226,504,684,540,9,609,11,9,13,12,114,9,235,117,30,523,300,257,19,250,15,366,8,109,540,85,257,68,12,464,57,29,23,356,421,142,472,9,459,332,16,2,20,11,3,165,16,44,581,660,38,44,414,589,489,344,447,408,33,609,506,428,79,19,12,74,556,37,73,7,6,493,20,277,434,30,31,13,175,152,18,279,21,19,492,247,174,432,421,17,551,250,18,8,585,328,204,6,321,17,6,25,519,292,71,112,248,22,22,6,2,39,16,20,506,353,302,331,462,180,80,17,102,92,492,206,7,22,19]
tiempo_ultimo_agente_goal 684
tiempo_en_acabar 684
tiempo_promedio 206.550003
agentes_en_goal 180
bad_good_total_rate_pred [268805,126117,394922,0.3]
push_out_count 57929
RUN 18
valores_ideales [26,12,41,33,39,5,33,4,38,17,26,21,13,14,46,21,33,41,9,39,47,39,23,12,29,34,15,29,32,33,25,7,49,30,27,16,5,3,35,46,54,17,29,32,8,34,7,33,31,16,39,28,39,33,24,9,39,9,9,8,12,30,9,30,31,27,25,19,38,17,19,12,31,6,43,28,23,35,28,7,31,6,18,21,46,48,56,32,5,28,15,16,2,15,9,3,44,15,27,43,38,8,32,34,30,16,22,37,46,25,37,8,33,37,15,8,23,11,20,22,6,3,53,19,45,19,30,26,10,11,43,18,31,17,17,41,20,20,25,42,15,26,34,14,8,24,31,30,4,24,17,4,13,43,40,9,20,24,22,19,6,2,25,16,20,31,42,21,33,16,34,24,15,35,4,31,10,7,12,18]
costo_por_agente [386,14,337,401,367,7,215,10,236,41,354,211,17,174,154,311,463,147,15,351,367,125,23,12,123,228,271,81,60,53,183,7,113,128,389,16,13,59,333,100,80,23,351,112,8,34,7,271,33,202,71,148,183,111,382,9,161,9,9,8,12,156,9,64,269,27,333,413,204,19,259,14,221,6,189,474,35,73,28,9,267,56,26,21,114,282,94,82,7,228,409,16,2,29,19,3,68,15,41,389,288,10,32,210,258,146,172,137,224,49,329,284,369,87,17,10,77,387,92,26,6,3,117,19,73,97,30,32,16,367,217,18,293,19,17,87,366,304,455,110,15,180,128,14,10,218,371,384,6,432,17,4,13,143,442,63,194,206,22,21,6,4,25,16,22,281,354,83,347,206,72,24,17,133,4,311,100,7,24,18]
completion_time_por_agente [667,14,510,601,544,9,373,17,373,67,579,338,23,287,258,585,686,225,18,597,649,197,24,18,223,358,425,106,75,73,309,7,186,226,565,16,15,80,583,176,132,23,573,163,8,34,8,450,41,335,99,241,282,164,611,9,263,11,10,9,12,248,10,79,383,30,572,666,309,21,386,16,342,6,286,738,54,105,28,12,442,97,33,22,184,498,130,120,10,348,602,16,2,46,21,3,103,18,49,607,533,13,34,301,466,227,287,215,349,74,547,507,568,119,17,10,110,551,123,32,9,5,190,25,99,150,30,36,21,669,350,18,519,21,20,156,580,454,729,197,17,290,169,15,16,351,603,573,6,634,17,4,14,207,721,94,307,337,22,27,6,5,27,16,22,472,553,133,612,340,100,26,17,193,6,556,159,7,32,19]
tiempo_ultimo_agente_goal 738
tiempo_en_acabar 738
tiempo_promedio 218.266663
agentes_en_goal 180
bad_good_total_rate_pred [272116,136579,408695,0.3]
push_out_count 61394
RUN 19
valores_ideales [26,12,41,33,39,5,33,4,38,17,26,21,13,14,46,21,33,41,9,39,47,39,23,12,29,34,15,29,32,33,25,7,49,30,27,16,5,3,35,46,54,17,29,32,8,34,7,33,31,16,39,28,39,33,24,9,39,9,9,8,12,30,9,30,31,27,25,19,38,17,19,12,31,6,43,28,23,35,28,7,31,6,18,21,46,48,56,32,5,28,15,16,2,15,9,3,44,15,27,43,38,8,32,34,30,16,22,37,46,25,37,8,33,37,15,8,23,11,20,22,6,3,53,19,45,19,30,26,10,11,43,18,31,17,17,41,20,20,25,42,15,26,34,14,8,24,31,30,4,24,17,4,13,43,40,9,20,24,22,19,6,2,25,16,20,31,42,21,33,16,34,24,15,35,4,31,10,7,12,18]
costo_por_agente [404,12,135,107,341,5,311,8,162,25,202,287,27,172,70,153,377,393,15,385,105,183,23,12,459,474,21,85,60,291,345,7,103,444,279,16,5,3,235,254,58,17,335,444,8,34,7,131,31,162,145,144,141,409,188,9,281,9,9,8,14,62,9,394,261,27,253,273,188,23,195,12,355,6,179,462,71,63,32,11,439,28,22,27,290,64,78,202,9,344,155,16,2,21,11,3,246,15,35,477,346,12,32,392,288,374,216,83,170,103,157,10,427,147,17,10,75,413,56,24,8,3,65,19,115,399,30,28,12,177,143,18,227,17,17,315,278,338,383,308,17,250,72,14,8,182,157,404,6,440,17,8,15,311,366,79,138,180,22,21,6,2,29,16,22,161,66,75,353,442,118,28,15,91,4,147,78,7,20,20]
completion_time_por_agente [715,12,229,177,548,6,468,10,281,38,299,452,38,253,116,262,615,660,18,616,155,292,23,12,689,673,23,132,90,537,552,7,164,627,369,16,5,7,373,426,72,17,533,690,8,34,7,236,31,309,254,227,188,642,271,9,468,11,12,12,14,90,9,645,461,30,395,420,295,28,363,15,577,6,257,650,122,94,37,12,727,47,29,33,439,94,121,276,10,509,258,16,2,22,13,3,364,17,44,711,631,15,33,563,437,535,399,115,237,198,273,12,648,208,17,16,93,697,92,35,10,5,105,24,199,694,30,29,12,335,243,18,353,17,18,452,415,509,585,548,18,385,113,17,8,291,315,683,6,669,17,10,18,496,506,104,202,249,24,21,7,2,35,16,22,241,96,118,557,634,167,35,15,138,6,243,156,7,28,20]
tiempo_ultimo_agente_goal 727
tiempo_en_acabar 727
tiempo_promedio 221.227783
agentes_en_goal 180
bad_good_total_rate_pred [286577,134597,421174,0.3]
push_out_count 64804
RUN 20
valores_ideales [26,12,41,33,39,5,33,4,38,17,26,21,13,14,46,21,33,41,9,39,47,39,23,12,29,34,15,29,32,33,25,7,49,30,27,16,5,3,35,46,54,17,29,32,8,34,7,33,31,16,39,28,39,33,24,9,39,9,9,8,12,30,9,30,31,27,25,19,38,17,19,12,31,6,43,28,23,35,28,7,31,6,18,21,46,48,56,32,5,28,15,16,2,15,9,3,44,15,27,43,38,8,32,34,30,16,22,37,46,25,37,8,33,37,15,8,23,11,20,22,6,3,53,19,45,19,30,26,10,11,43,18,31,17,17,41,20,20,25,42,15,26,34,14,8,24,31,30,4,24,17,4,13,43,40,9,20,24,22,19,6,2,25,16,20,31,42,21,33,16,34,24,15,35,4,31,10,7,12,18]
costo_por_agente [254,12,575,341,319,35,403,6,236,49,284,69,449,158,262,95,303,139,9,457,397,85,23,14,157,380,65,105,42,51,351,7,325,168,371,18,11,3,461,108,152,21,511,316,8,34,7,135,33,284,369,182,129,407,440,9,287,11,9,8,12,192,9,542,121,33,243,431,312,17,339,14,341,6,361,342,45,349,42,11,143,14,28,25,350,154,98,260,5,150,485,18,2,19,11,3,424,15,33,309,160,12,424,184,430,146,298,153,96,39,491,20,413,189,15,10,89,525,30,78,8,5,113,25,129,275,30,26,12,459,91,18,449,19,17,389,42,262,257,320,21,314,170,16,20,312,409,460,8,480,19,6,13,255,304,543,212,366,22,19,6,2,25,16,22,161,416,117,401,160,64,90,15,157,4,447,394,7,12,18]
completion_time_por_agente [428,13,817,492,501,46,644,7,368,84,433,111,710,245,423,156,485,269,9,734,617,136,23,17,251,600,102,200,50,72,575,7,555,274,549,18,13,3,677,166,256,21,771,472,11,36,7,193,36,469,671,307,188,659,636,9,395,12,11,11,12,323,9,782,196,34,434,625,502,17,541,19,564,7,559,548,78,534,57,11,204,15,42,28,521,283,173,450,6,225,745,20,2,21,12,3,736,16,46,504,272,13,689,282,654,229,441,248,152,50,752,30,589,312,15,12,135,801,46,113,10,8,173,25,176,450,31,27,13,818,126,18,687,21,21,598,50,432,426,499,24,486,275,16,34,516,652,637,9,703,20,6,14,466,438,790,317,638,22,20,6,2,25,16,25,227,678,179,656,251,77,133,15,250,6,639,603,7,16,19]
tiempo_ultimo_agente_goal 818
tiempo_en_acabar 818
tiempo_promedio 262.844452
agentes_en_goal 180
bad_good_total_rate_pred [355392,163076,518468,0.3]
push_out_count 68623
RUN 21
valores_ideales [26,12,41,33,39,5,33,4,38,17,26,21,13,14,46,21,33,41,9,39,47,39,23,12,29,34,15,29,32,33,25,7,49,30,27,16,5,3,35,46,54,17,29,32,8,34,7,33,31,16,39,28,39,33,24,9,39,9,9,8,12,30,9,30,31,27,25,19,38,17,19,12,31,6,43,28,23,35,28,7,31,6,18,21,46,48,56,32,5,28,15,16,2,15,9,3,44,15,27,43,38,8,32,34,30,16,22,37,46,25,37,8,33,37,15,8,23,11,20,22,6,3,53,19,45,19,30,26,10,11,43,18,31,17,17,41,20,20,25,42,15,26,34,14,8,24,31,30,4,24,17,4,13,43,40,9,20,24,22,19,6,2,25,16,20,31,42,21,33,16,34,24,15,35,4,31,10,7,12,18]
costo_por_agente [258,12,189,477,235,5,575,4,390,49,202,91,27,130,48,287,427,179,9,659,425,501,23,12,251,234,629,101,164,271,331,7,339,246,455,16,11,3,291,424,76,17,205,258,8,34,7,109,39,170,125,334,239,409,658,9,395,9,9,8,12,344,9,570,285,27,331,509,298,17,595,14,225,6,499,360,55,137,30,23,309,16,18,21,446,66,442,412,7,338,467,16,2,29,9,3,506,15,31,217,108,10,48,414,266,234,148,383,70,25,277,8,393,435,15,10,97,539,42,24,14,5,119,19,273,229,30,28,12,65,267,18,417,17,19,479,308,212,545,472,15,450,186,14,8,388,307,594,26,514,17,4,17,91,384,97,254,238,26,19,6,2,25,16,20,267,626,97,127,306,596,38,15,185,4,407,240,7,12,22]
completion_time_por_agente [408,13,301,662,368,5,897,6,629,95,269,107,32,217,58,574,638,281,9,963,616,676,23,12,451,384,924,183,239,417,506,7,550,401,618,16,15,3,472,788,103,19,339,368,8,34,7,176,45,288,207,556,369,690,972,9,573,11,9,9,12,544,11,859,499,28,494,859,457,19,912,16,330,6,758,613,86,205,36,39,447,21,20,23,706,93,746,654,13,504,745,17,2,40,12,3,823,16,32,380,163,10,65,631,437,386,215,599,105,25,457,9,518,805,16,13,168,922,65,30,24,8,233,19,450,322,32,29,13,124,469,18,719,17,21,849,492,278,842,698,15,674,296,19,9,631,463,926,48,723,17,5,20,134,596,166,349,348,32,19,6,2,28,16,21,439,949,156,199,494,885,53,15,330,6,585,451,7,16,27]
tiempo_ultimo_agente_goal 972
tiempo_en_acabar 972
tiempo_promedio 289.866669
agentes_en_goal 180
bad_good_total_rate_pred [379506,176269,555775,0.3]
push_out_count 73104
RUN 22
valores_ideales [26,12,41,33,39,5,33,4,38,17,26,21,13,14,46,21,33,41,9,39,47,39,23,12,29,34,15,29,32,33,25,7,49,30,27,16,5,3,35,46,54,17,29,32,8,34,7,33,31,16,39,28,39,33,24,9,39,9,9,8,12,30,9,30,31,27,25,19,38,17,19,12,31,6,43,28,23,35,28,7,31,6,18,21,46,48,56,32,5,28,15,16,2,15,9,3,44,15,27,43,38,8,32,34,30,16,22,37,46,25,37,8,33,37,15,8,23,11,20,22,6,3,53,19,45,19,30,26,10,11,43,18,31,17,17,41,20,20,25,42,15,26,34,14,8,24,31,30,4,24,17,4,13,43,40,9,20,24,22,19,6,2,25,16,20,31,42,21,33,16,34,24,15,35,4,31,10,7,12,18]
costo_por_agente [348,16,385,279,491,5,379,6,162,53,272,163,35,46,112,167,141,201,9,477,337,173,25,14,197,288,69,61,274,69,269,7,115,264,457,16,7,43,465,56,86,19,389,368,16,34,7,49,33,188,165,188,263,235,398,9,419,13,9,12,12,274,11,400,347,27,481,275,442,17,285,12,219,8,349,276,31,427,30,11,167,6,72,25,78,84,62,348,7,308,509,16,2,37,19,3,104,15,27,221,396,28,32,300,302,212,262,315,170,55,127,152,305,307,15,12,53,89,32,30,10,3,193,25,213,319,30,26,10,17,149,18,207,17,17,443,34,106,199,58,15,216,92,14,10,348,337,352,14,486,17,8,17,117,344,113,356,136,22,19,8,2,29,16,20,163,64,55,171,190,422,28,15,133,4,231,188,9,24,18]
completion_time_por_agente [512,18,662,453,746,5,548,10,268,86,450,257,65,80,217,317,236,331,10,723,559,290,25,17,318,449,85,90,483,77,432,7,192,375,701,16,15,79,654,68,132,20,620,644,20,34,7,73,36,293,230,310,419,332,680,9,687,13,10,19,12,406,11,595,489,27,742,445,629,22,421,15,294,9,602,482,41,774,31,16,227,9,138,28,113,138,86,531,10,531,710,19,2,62,22,3,162,15,28,315,645,47,42,469,453,315,424,545,256,92,193,280,488,541,15,12,74,143,42,40,10,5,326,31,359,491,31,29,10,27,259,19,324,17,18,664,44,163,290,69,15,367,126,16,15,537,523,574,19,737,19,11,24,177,578,134,516,247,23,21,9,2,37,16,21,229,94,68,283,303,680,36,15,225,4,404,311,10,29,18]
tiempo_ultimo_agente_goal 774
tiempo_en_acabar 774
tiempo_promedio 225.005554
agentes_en_goal 180
bad_good_total_rate_pred [285764,141905,427669,0.3]
push_out_count 76622
RUN 23
valores_ideales [26,12,41,33,39,5,33,4,38,17,26,21,13,14,46,21,33,41,9,39,47,39,23,12,29,34,15,29,32,33,25,7,49,30,27,16,5,3,35,46,54,17,29,32,8,34,7,33,31,16,39,28,39,33,24,9,39,9,9,8,12,30,9,30,31,27,25,19,38,17,19,12,31,6,43,28,23,35,28,7,31,6,18,21,46,48,56,32,5,28,15,16,2,15,9,3,44,15,27,43,38,8,32,34,30,16,22,37,46,25,37,8,33,37,15,8,23,11,20,22,6,3,53,19,45,19,30,26,10,11,43,18,31,17,17,41,20,20,25,42,15,26,34,14,8,24,31,30,4,24,17,4,13,43,40,9,20,24,22,19,6,2,25,16,20,31,42,21,33,16,34,24,15,35,4,31,10,7,12,18]
costo_por_agente [182,20,303,115,297,5,231,6,96,43,268,71,29,228,76,127,413,191,9,239,349,209,23,14,187,410,29,73,38,125,263,7,67,322,331,16,9,3,241,170,74,21,209,386,8,34,7,353,31,114,115,144,167,111,320,9,155,9,11,8,12,200,9,268,317,29,385,151,84,19,303,12,151,8,87,428,79,257,28,9,221,26,78,21,268,48,64,276,15,356,329,18,2,61,9,3,136,15,27,435,358,10,46,202,248,380,208,379,138,31,291,8,289,101,15,12,43,271,42,36,10,5,87,19,285,201,30,28,12,15,149,18,223,17,17,275,308,44,189,110,21,284,260,18,8,66,207,398,4,350,17,4,13,349,386,25,42,266,22,21,6,2,25,16,20,175,326,37,325,354,62,38,15,377,12,281,134,7,18,18]
completion_time_por_agente [267,25,491,201,472,6,380,11,136,90,403,81,49,386,102,223,592,304,10,404,550,353,23,17,337,651,34,123,43,195,437,7,107,509,513,16,18,3,341,303,114,24,329,619,10,35,7,584,33,193,189,223,295,158,491,9,224,11,11,9,12,367,10,397,453,33,608,191,129,22,471,17,237,8,144,695,144,409,28,10,286,38,101,21,378,56,80,386,21,610,455,20,2,81,10,3,222,18,28,631,549,12,57,297,417,611,367,575,261,36,498,9,460,145,15,15,49,406,64,44,12,8,125,22,505,340,30,31,13,16,255,18,414,17,18,428,455,53,273,189,26,502,473,22,8,80,333,623,8,641,18,4,15,582,598,30,51,410,23,21,6,2,25,16,21,231,529,45,526,681,96,55,15,622,15,459,241,7,25,19]
tiempo_ultimo_agente_goal 695
tiempo_en_acabar 695
tiempo_promedio 204.588882
agentes_en_goal 180
bad_good_total_rate_pred [262283,128628,390911,0.3]
push_out_count 79885
RUN 24
valores_ideales [26,12,41,33,39,5,33,4,38,17,26,21,13,14,46,21,33,41,9,39,47,39,23,12,29,34,15,29,32,33,25,7,49,30,27,16,5,3,35,46,54,17,29,32,8,34,7,33,31,16,39,28,39,33,24,9,39,9,9,8,12,30,9,30,31,27,25,19,38,17,19,12,31,6,43,28,23,35,28,7,31,6,18,21,46,48,56,32,5,28,15,16,2,15,9,3,44,15,27,43,38,8,32,34,30,16,22,37,46,25,37,8,33,37,15,8,23,11,20,22,6,3,53,19,45,19,30,26,10,11,43,18,31,17,17,41,20,20,25,42,15,26,34,14,8,24,31,30,4,24,17,4,13,43,40,9,20,24,22,19,6,2,25,16,20,31,42,21,33,16,34,24,15,35,4,31,10,7,12,18]
costo_por_agente [384,12,139,437,391,7,319,10,266,23,80,91,27,126,50,67,165,289,9,459,109,387,27,14,245,238,105,85,118,47,315,7,69,74,39,18,11,109,479,88,128,17,415,452,8,34,7,193,31,62,259,104,199,219,280,9,85,9,11,8,12,220,9,520,93,29,415,323,342,19,517,12,303,6,361,406,27,67,36,13,197,36,18,23,256,138,68,60,13,362,393,16,2,17,9,3,50,15,31,193,128,8,34,124,162,246,160,229,260,25,445,8,381,227,17,10,65,335,48,26,14,3,83,19,121,413,30,44,12,101,201,18,477,17,19,377,44,248,133,328,19,234,192,16,8,378,145,396,6,284,17,8,13,139,298,125,284,314,22,19,6,2,25,16,24,315,404,45,383,354,120,26,17,239,20,79,288,7,16,18]
completion_time_por_agente [630,13,213,653,652,9,500,13,430,35,106,143,46,178,63,111,230,424,9,769,172,642,32,14,415,356,144,138,153,61,470,7,116,90,51,18,13,207,722,138,209,17,579,670,8,34,8,298,32,102,460,177,319,340,443,9,130,11,11,10,12,351,9,753,123,31,695,494,542,21,743,14,455,6,568,651,37,84,42,20,311,52,21,30,428,189,97,78,18,624,629,21,3,17,10,3,64,16,33,312,195,10,40,198,271,438,269,371,403,26,682,11,592,337,17,10,104,500,86,32,20,3,127,23,256,669,30,52,13,175,287,19,724,18,23,662,61,351,179,544,20,329,290,22,10,634,221,579,6,405,17,8,13,222,421,205,462,503,23,20,6,2,27,16,26,516,646,61,647,503,199,33,18,374,35,112,457,7,18,18]
tiempo_ultimo_agente_goal 769
tiempo_en_acabar 769
tiempo_promedio 214.550003
agentes_en_goal 180
bad_good_total_rate_pred [271732,127464,399196,0.3]
push_out_count 83116
RUN 25
valores_ideales [26,12,41,33,39,5,33,4,38,17,26,21,13,14,46,21,33,41,9,39,47,39,23,12,29,34,15,29,32,33,25,7,49,30,27,16,5,3,35,46,54,17,29,32,8,34,7,33,31,16,39,28,39,33,24,9,39,9,9,8,12,30,9,30,31,27,25,19,38,17,19,12,31,6,43,28,23,35,28,7,31,6,18,21,46,48,56,32,5,28,15,16,2,15,9,3,44,15,27,43,38,8,32,34,30,16,22,37,46,25,37,8,33,37,15,8,23,11,20,22,6,3,53,19,45,19,30,26,10,11,43,18,31,17,17,41,20,20,25,42,15,26,34,14,8,24,31,30,4,24,17,4,13,43,40,9,20,24,22,19,6,2,25,16,20,31,42,21,33,16,34,24,15,35,4,31,10,7,12,18]
costo_por_agente [272,14,289,161,181,9,441,8,96,27,256,235,19,58,94,229,397,357,13,351,131,327,25,12,161,394,69,127,82,233,377,7,183,196,379,16,5,5,441,162,64,17,165,212,8,34,7,237,33,24,259,290,353,213,478,9,269,11,19,10,12,226,9,242,307,29,463,517,286,21,343,12,227,6,231,198,55,41,30,7,255,12,20,23,140,54,58,406,5,410,431,32,2,29,11,3,56,17,29,345,74,14,32,352,418,392,336,339,258,37,323,8,127,97,17,10,49,315,50,36,8,5,83,19,75,353,30,28,10,187,131,20,481,17,19,73,484,404,241,316,15,344,234,14,8,228,183,502,112,372,17,4,19,215,416,53,30,148,22,21,6,2,29,16,20,309,262,55,427,192,112,28,17,413,6,61,130,7,16,24]
completion_time_por_agente [399,15,435,270,287,9,692,13,135,37,373,427,24,93,158,451,592,612,18,528,197,494,25,12,269,625,100,232,111,387,553,7,286,317,574,16,7,6,703,239,102,18,269,364,8,34,7,352,33,32,420,468,529,308,758,9,421,12,27,14,12,358,9,339,458,30,722,739,390,23,493,12,336,6,389,319,78,54,30,7,355,17,23,27,214,80,75,643,8,648,730,35,3,36,13,3,81,22,29,521,119,23,34,620,676,628,553,562,463,49,553,13,208,159,17,11,82,482,94,58,9,8,126,20,125,513,30,33,11,306,208,20,726,17,23,106,694,588,387,581,16,489,392,14,8,328,310,748,188,583,20,4,29,333,612,100,43,255,23,22,6,2,35,16,20,475,410,76,614,281,178,36,18,647,7,100,241,7,17,25]
tiempo_ultimo_agente_goal 758
tiempo_en_acabar 758
tiempo_promedio 227.461105
agentes_en_goal 180
bad_good_total_rate_pred [283737,138987,422724,0.3]
push_out_count 86705
RUN 26
valores_ideales [26,12,41,33,39,5,33,4,38,17,26,21,13,14,46,21,33,41,9,39,47,39,23,12,29,34,15,29,32,33,25,7,49,30,27,16,5,3,35,46,54,17,29,32,8,34,7,33,31,16,39,28,39,33,24,9,39,9,9,8,12,30,9,30,31,27,25,19,38,17,19,12,31,6,43,28,23,35,28,7,31,6,18,21,46,48,56,32,5,28,15,16,2,15,9,3,44,15,27,43,38,8,32,34,30,16,22,37,46,25,37,8,33,37,15,8,23,11,20,22,6,3,53,19,45,19,30,26,10,11,43,18,31,17,17,41,20,20,25,42,15,26,34,14,8,24,31,30,4,24,17,4,13,43,40,9,20,24,22,19,6,2,25,16,20,31,42,21,33,16,34,24,15,35,4,31,10,7,12,18]
costo_por_agente [250,14,91,195,257,7,401,6,284,39,198,217,45,58,48,275,165,321,13,329,257,179,23,12,143,308,55,63,48,117,301,7,119,222,173,16,5,7,347,82,56,19,171,382,8,34,7,217,31,80,183,400,397,297,170,9,293,11,11,8,12,182,9,142,163,33,383,265,230,19,307,12,253,6,141,272,97,61,28,7,207,12,18,23,116,66,78,136,15,366,195,16,2,15,11,3,86,15,29,371,70,50,32,158,128,396,192,45,104,25,247,26,287,157,17,8,39,285,108,30,8,3,167,19,117,189,30,32,10,167,97,18,247,19,19,183,326,58,413,132,17,312,136,16,8,42,265,286,6,210,17,10,13,373,362,53,298,150,22,23,6,2,27,16,20,167,266,43,185,408,122,24,15,167,4,301,124,7,14,18]
completion_time_por_agente [369,17,155,296,479,7,541,7,448,68,341,369,57,98,58,533,261,565,18,490,431,322,23,12,245,479,92,80,64,159,459,8,181,361,267,16,7,12,503,116,67,19,280,614,8,34,8,384,32,158,285,609,643,463,280,10,494,12,16,8,12,288,9,249,234,35,497,404,407,19,531,14,349,8,223,445,158,80,28,10,308,16,19,27,189,104,114,209,21,593,340,16,2,18,11,3,126,16,33,574,112,93,34,222,198,652,294,61,166,30,350,37,411,215,17,11,58,420,181,36,10,3,293,20,195,298,30,35,11,306,142,18,437,20,20,265,518,76,612,239,18,438,187,19,8,50,387,417,8,342,17,10,13,605,522,90,468,222,23,30,8,2,30,16,21,237,397,55,259,657,219,28,15,247,6,432,179,7,18,18]
tiempo_ultimo_agente_goal 657
tiempo_en_acabar 657
tiempo_promedio 189.155548
agentes_en_goal 180
bad_good_total_rate_pred [236522,115878,352400,0.3]
push_out_count 89696
RUN 27
valores_ideales [26,12,41,33,39,5,33,4,38,17,26,21,13,14,46,21,33,41,9,39,47,39,23,12,29,34,15,29,32,33,25,7,49,30,27,16,5,3,35,46,54,17,29,32,8,34,7,33,31,16,39,28,39,33,24,9,39,9,9,8,12,30,9,30,31,27,25,19,38,17,19,12,31,6,43,28,23,35,28,7,31,6,18,21,46,48,56,32,5,28,15,16,2,15,9,3,44,15,27,43,38,8,32,34,30,16,22,37,46,25,37,8,33,37,15,8,23,11,20,22,6,3,53,19,45,19,30,26,10,11,43,18,31,17,17,41,20,20,25,42,15,26,34,14,8,24,31,30,4,24,17,4,13,43,40,9,20,24,22,19,6,2,25,16,20,31,42,21,33,16,34,24,15,35,4,31,10,7,12,18]
costo_por_agente [220,12,147,163,277,5,353,12,194,35,172,261,15,256,110,87,305,223,13,77,227,141,23,88,291,256,87,45,278,67,365,9,81,118,365,18,9,3,323,274,58,17,337,226,8,34,7,279,31,28,273,142,91,203,142,9,165,9,9,10,12,80,11,362,139,29,337,425,308,17,349,12,373,6,325,240,47,61,36,11,271,70,20,21,164,68,62,94,9,216,373,16,2,27,11,3,142,15,27,325,282,8,32,272,238,236,112,239,64,31,117,128,301,113,15,12,105,141,102,28,10,5,79,19,135,137,30,28,12,15,203,18,53,17,17,335,78,262,299,64,19,284,92,18,8,76,175,442,6,58,17,8,13,219,216,101,268,76,22,27,6,2,25,16,20,111,376,31,275,302,132,26,15,151,4,95,322,7,12,18]
completion_time_por_agente [325,15,266,235,429,6,516,16,242,50,277,366,22,428,180,146,405,411,20,121,356,198,24,163,420,414,111,59,505,79,628,9,113,179,561,18,17,7,492,454,74,18,514,335,8,34,8,458,32,43,483,216,159,305,231,9,288,9,12,11,12,108,11,594,180,33,536,621,490,17,508,15,554,6,620,380,82,99,48,21,447,103,25,21,271,110,84,142,11,335,630,17,2,39,12,3,249,16,33,506,454,11,34,486,367,397,147,352,107,35,213,265,519,177,15,14,156,245,196,34,10,8,127,19,213,230,30,36,13,24,347,18,79,20,17,539,90,384,498,92,19,466,128,19,8,126,317,601,6,76,17,8,13,358,339,172,405,104,22,38,7,3,27,16,20,192,634,36,470,505,201,29,15,239,6,165,482,7,12,18]
tiempo_ultimo_agente_goal 634
tiempo_en_acabar 634
tiempo_promedio 188.138885
agentes_en_goal 180
bad_good_total_rate_pred [242457,115379,357836,0.3]
push_out_count 92574
RUN 28
valores_ideales [26,12,41,33,39,5,33,4,38,17,26,21,13,14,46,21,33,41,9,39,47,39,23,12,29,34,15,29,32,33,25,7,49,30,27,16,5,3,35,46,54,17,29,32,8,34,7,33,31,16,39,28,39,33,24,9,39,9,9,8,12,30,9,30,31,27,25,19,38,17,19,12,31,6,43,28,23,35,28,7,31,6,18,21,46,48,56,32,5,28,15,16,2,15,9,3,44,15,27,43,38,8,32,34,30,16,22,37,46,25,37,8,33,37,15,8,23,11,20,22,6,3,53,19,45,19,30,26,10,11,43,18,31,17,17,41,20,20,25,42,15,26,34,14,8,24,31,30,4,24,17,4,13,43,40,9,20,24,22,19,6,2,25,16,20,31,42,21,33,16,34,24,15,35,4,31,10,7,12,18]
costo_por_agente [304,12,385,237,419,5,323,4,254,19,342,265,265,60,58,251,431,67,17,113,123,119,25,58,187,230,71,75,76,67,347,7,293,162,395,16,9,37,359,84,62,17,133,242,8,36,7,125,31,382,105,144,83,281,462,9,277,9,9,10,14,184,9,418,297,29,171,303,186,17,405,12,235,6,349,316,35,59,30,9,241,46,18,21,338,210,78,384,13,270,395,22,2,19,15,3,314,15,27,111,172,16,40,234,330,368,426,213,154,25,449,16,209,231,19,12,115,321,84,30,14,3,183,19,191,233,30,46,14,57,211,18,283,21,17,365,436,284,163,374,17,308,204,16,8,248,173,338,6,270,17,8,17,289,438,101,144,320,22,21,6,6,25,16,20,301,388,45,377,320,322,28,15,297,4,315,70,7,12,20]
completion_time_por_agente [483,15,534,355,673,6,554,4,402,32,536,421,373,108,70,421,668,102,18,200,211,147,26,93,264,379,86,116,106,107,487,7,456,263,580,16,10,60,585,122,84,17,186,362,9,36,9,184,36,566,145,241,164,456,683,9,471,11,11,14,14,290,9,703,464,32,298,461,303,19,600,18,384,6,618,516,53,79,31,10,396,59,20,21,488,370,105,569,18,398,621,24,3,21,22,3,522,17,33,191,275,22,58,393,491,588,659,335,267,25,683,22,311,387,21,14,158,463,159,38,19,4,302,26,276,406,31,65,14,100,382,23,515,22,18,523,684,404,274,589,17,411,317,17,8,372,292,603,6,430,17,8,19,433,681,183,215,550,24,21,7,6,28,16,20,449,661,61,582,526,534,32,16,433,6,479,96,7,14,21]
tiempo_ultimo_agente_goal 703
tiempo_en_acabar 703
tiempo_promedio 229.238892
agentes_en_goal 180
bad_good_total_rate_pred [305451,139139,444590,0.3]
push_out_count 96020
RUN 29
valores_ideales [26,12,41,33,39,5,33,4,38,17,26,21,13,14,46,21,33,41,9,39,47,39,23,12,29,34,15,29,32,33,25,7,49,30,27,16,5,3,35,46,54,17,29,32,8,34,7,33,31,16,39,28,39,33,24,9,39,9,9,8,12,30,9,30,31,27,25,19,38,17,19,12,31,6,43,28,23,35,28,7,31,6,18,21,46,48,56,32,5,28,15,16,2,15,9,3,44,15,27,43,38,8,32,34,30,16,22,37,46,25,37,8,33,37,15,8,23,11,20,22,6,3,53,19,45,19,30,26,10,11,43,18,31,17,17,41,20,20,25,42,15,26,34,14,8,24,31,30,4,24,17,4,13,43,40,9,20,24,22,19,6,2,25,16,20,31,42,21,33,16,34,24,15,35,4,31,10,7,12,18]
costo_por_agente [256,12,395,397,447,5,435,10,194,25,142,227,187,330,70,299,115,297,13,117,277,87,23,16,219,384,353,63,42,109,417,9,57,240,195,16,21,5,301,64,96,19,347,358,32,34,7,355,33,222,385,302,317,251,372,9,119,9,9,12,12,180,11,182,67,27,429,441,142,19,479,12,201,6,147,318,43,57,28,9,325,80,24,23,330,72,64,104,7,252,97,16,2,29,9,3,76,15,29,189,318,8,40,126,336,108,152,369,340,29,409,98,289,169,19,10,57,441,28,22,6,3,93,21,189,291,30,26,12,185,163,18,95,17,19,191,396,350,251,190,15,134,248,14,20,282,425,292,6,436,17,10,13,171,368,493,306,32,22,21,6,2,27,16,20,357,120,81,353,380,50,36,15,395,40,121,88,7,12,20]
completion_time_por_agente [408,16,590,623,677,6,685,13,351,37,247,356,258,554,97,596,179,454,16,185,404,137,23,16,329,551,528,81,54,139,695,9,82,366,313,16,29,6,461,99,136,20,552,607,62,34,8,485,35,316,615,441,465,372,555,9,198,11,10,13,12,290,13,292,101,27,671,611,235,21,727,14,285,6,218,439,50,74,29,10,538,126,31,23,541,110,88,135,11,413,175,16,2,30,10,3,110,16,30,327,477,12,42,163,516,152,253,605,619,29,684,200,456,310,20,11,93,693,36,23,6,3,148,25,316,474,30,27,13,368,251,18,184,17,23,315,653,501,410,351,15,232,397,15,31,444,684,438,6,659,17,13,14,274,545,717,422,38,25,24,7,2,30,16,21,626,187,120,568,573,69,52,15,611,78,166,123,7,13,23]
tiempo_ultimo_agente_goal 727
tiempo_en_acabar 727
tiempo_promedio 224.077774
agentes_en_goal 180
bad_good_total_rate_pred [279388,129367,408755,0.3]
push_out_count 99375
RUN 30
valores_ideales [26,12,41,33,39,5,33,4,38,17,26,21,13,14,46,21,33,41,9,39,47,39,23,12,29,34,15,29,32,33,25,7,49,30,27,16,5,3,35,46,54,17,29,32,8,34,7,33,31,16,39,28,39,33,24,9,39,9,9,8,12,30,9,30,31,27,25,19,38,17,19,12,31,6,43,28,23,35,28,7,31,6,18,21,46,48,56,32,5,28,15,16,2,15,9,3,44,15,27,43,38,8,32,34,30,16,22,37,46,25,37,8,33,37,15,8,23,11,20,22,6,3,53,19,45,19,30,26,10,11,43,18,31,17,17,41,20,20,25,42,15,26,34,14,8,24,31,30,4,24,17,4,13,43,40,9,20,24,22,19,6,2,25,16,20,31,42,21,33,16,34,24,15,35,4,31,10,7,12,18]
costo_por_agente [214,12,83,255,325,5,269,6,184,57,254,99,17,82,86,129,61,197,9,105,285,185,23,14,299,376,145,97,48,187,307,7,359,68,309,16,9,153,291,84,62,17,449,238,8,34,7,49,31,244,301,122,91,207,414,9,199,9,9,8,16,70,9,316,175,27,211,427,174,21,97,14,265,6,391,352,71,321,36,13,321,44,18,21,144,66,58,204,7,356,357,16,2,15,11,3,188,15,31,245,94,8,60,332,366,222,262,207,54,25,303,62,431,139,15,10,87,175,60,22,6,3,279,19,195,249,30,26,10,137,145,18,389,17,19,453,134,162,303,64,17,362,372,16,8,80,93,230,8,266,17,8,15,327,366,29,76,98,22,21,6,4,27,16,20,299,144,299,371,374,82,32,17,403,4,299,66,7,12,18]
completion_time_por_agente [307,12,123,358,536,8,405,6,263,101,360,152,23,165,141,176,89,334,9,186,527,283,23,14,419,551,193,171,73,324,472,7,507,87,521,16,12,276,447,129,84,17,733,330,8,34,8,65,34,383,475,209,124,333,603,9,273,11,10,10,16,99,9,489,260,27,322,609,327,25,157,18,414,6,646,524,97,522,41,20,503,78,20,21,226,110,74,280,7,593,507,16,2,15,11,3,308,16,38,359,163,9,82,482,579,355,388,345,80,25,506,130,728,213,17,10,137,274,99,23,7,5,480,20,349,387,30,26,12,267,261,20,674,17,20,715,184,291,475,113,17,539,525,22,9,111,132,384,8,417,17,8,20,537,550,35,93,180,22,21,6,6,27,16,20,454,206,552,569,587,135,45,19,595,7,481,116,7,12,18]
tiempo_ultimo_agente_goal 733
tiempo_en_acabar 733
tiempo_promedio 204.983337
agentes_en_goal 180
bad_good_total_rate_pred [256232,126849,383081,0.3]
push_out_count 102556
RUN 31
valores_ideales [26,12,41,33,39,5,33,4,38,17,26,21,13,14,46,21,33,41,9,39,47,39,23,12,29,34,15,29,32,33,25,7,49,30,27,16,5,3,35,46,54,17,29,32,8,34,7,33,31,16,39,28,39,33,24,9,39,9,9,8,12,30,9,30,31,27,25,19,38,17,19,12,31,6,43,28,23,35,28,7,31,6,18,21,46,48,56,32,5,28,15,16,2,15,9,3,44,15,27,43,38,8,32,34,30,16,22,37,46,25,37,8,33,37,15,8,23,11,20,22,6,3,53,19,45,19,30,26,10,11,43,18,31,17,17,41,20,20,25,42,15,26,34,14,8,24,31,30,4,24,17,4,13,43,40,9,20,24,22,19,6,2,25,16,20,31,42,21,33,16,34,24,15,35,4,31,10,7,12,18]
costo_por_agente [368,16,207,389,143,5,351,10,200,125,182,149,31,84,52,79,269,215,9,381,223,85,23,12,125,248,125,153,60,73,333,7,75,246,433,16,5,61,315,154,90,17,151,240,10,34,7,265,33,150,219,278,207,265,344,9,41,13,13,8,12,250,9,410,209,29,173,223,304,19,373,16,275,8,247,306,39,51,28,9,301,8,24,25,224,58,126,158,5,306,411,16,2,23,11,3,250,15,31,119,272,10,44,230,126,308,62,253,88,27,341,10,149,231,15,8,187,243,38,30,6,3,83,19,323,75,30,36,12,17,275,22,93,17,17,197,130,50,291,354,17,182,158,16,8,248,217,294,26,166,17,4,17,253,334,95,242,136,22,19,6,2,29,16,22,87,172,91,113,254,126,26,15,211,384,325,180,7,16,18]
completion_time_por_agente [542,17,314,614,274,6,569,14,348,263,321,237,40,128,73,113,432,395,12,637,314,117,23,15,207,408,162,261,76,95,475,7,120,394,624,18,7,84,465,281,137,17,230,317,12,34,7,475,35,257,337,402,318,431,486,9,46,13,14,10,12,432,9,694,341,37,255,350,525,20,503,22,403,8,345,509,52,70,28,11,501,11,31,30,353,71,212,235,10,425,698,16,3,27,12,3,447,16,33,169,456,17,57,392,199,489,102,409,146,33,533,12,235,372,15,10,279,336,48,41,7,5,123,19,461,111,30,42,13,34,412,27,174,17,19,299,222,71,394,594,18,305,243,20,8,365,328,443,49,276,18,5,24,387,507,139,354,207,22,19,7,2,37,16,22,139,271,146,195,364,210,26,15,382,593,503,290,7,17,18]
tiempo_ultimo_agente_goal 698
tiempo_en_acabar 698
tiempo_promedio 195.944443
agentes_en_goal 180
bad_good_total_rate_pred [265045,121302,386347,0.3]
push_out_count 105378
RUN 32
valores_ideales [26,12,41,33,39,5,33,4,38,17,26,21,13,14,46,21,33,41,9,39,47,39,23,12,29,34,15,29,32,33,25,7,49,30,27,16,5,3,35,46,54,17,29,32,8,34,7,33,31,16,39,28,39,33,24,9,39,9,9,8,12,30,9,30,31,27,25,19,38,17,19,12,31,6,43,28,23,35,28,7,31,6,18,21,46,48,56,32,5,28,15,16,2,15,9,3,44,15,27,43,38,8,32,34,30,16,22,37,46,25,37,8,33,37,15,8,23,11,20,22,6,3,53,19,45,19,30,26,10,11,43,18,31,17,17,41,20,20,25,42,15,26,34,14,8,24,31,30,4,24,17,4,13,43,40,9,20,24,22,19,6,2,25,16,20,31,42,21,33,16,34,24,15,35,4,31,10,7,12,18]
costo_por_agente [224,12,317,369,185,5,353,6,166,65,248,213,19,44,70,319,161,163,17,365,129,245,25,14,69,278,69,91,42,85,151,7,53,228,213,16,5,3,309,232,160,17,297,148,8,34,7,135,33,58,119,316,165,325,228,9,469,11,9,8,12,94,9,278,67,35,193,259,80,17,331,12,167,6,337,178,31,45,38,11,133,82,18,23,254,48,90,126,11,236,283,16,2,17,11,3,160,15,41,253,206,8,32,128,394,310,402,133,104,25,411,98,329,155,17,10,91,265,52,26,8,3,183,19,75,121,30,26,12,215,149,18,249,21,17,285,282,126,435,314,15,148,106,16,12,168,207,276,140,302,29,6,13,215,312,71,134,404,22,21,6,2,25,16,24,181,376,171,377,166,56,28,15,167,4,351,218,7,12,18]
completion_time_por_agente [324,12,465,559,284,6,516,8,220,121,378,368,21,58,114,634,246,241,20,602,200,384,26,16,102,480,94,127,54,115,223,7,65,362,321,16,7,4,434,375,267,17,467,211,8,34,8,225,35,108,190,497,264,519,383,9,732,12,10,10,12,143,10,508,78,45,322,421,134,19,594,14,252,6,544,251,40,52,48,12,184,159,18,24,377,58,132,158,18,362,450,16,2,20,12,3,299,17,60,417,318,8,35,226,652,475,587,188,155,26,623,194,513,271,17,10,133,379,90,29,8,3,309,23,100,209,30,26,12,391,227,18,453,21,18,397,455,192,630,514,16,206,143,17,12,233,296,393,245,486,42,6,15,352,497,91,193,704,22,27,7,2,25,16,26,281,679,281,589,258,84,35,16,272,6,645,341,7,15,22]
tiempo_ultimo_agente_goal 732
tiempo_en_acabar 732
tiempo_promedio 197.077774
agentes_en_goal 180
bad_good_total_rate_pred [249026,124352,373378,0.3]
push_out_count 108413
RUN 33
valores_ideales [26,12,41,33,39,5,33,4,38,17,26,21,13,14,46,21,33,41,9,39,47,39,23,12,29,34,15,29,32,33,25,7,49,30,27,16,5,3,35,46,54,17,29,32,8,34,7,33,31,16,39,28,39,33,24,9,39,9,9,8,12,30,9,30,31,27,25,19,38,17,19,12,31,6,43,28,23,35,28,7,31,6,18,21,46,48,56,32,5,28,15,16,2,15,9,3,44,15,27,43,38,8,32,34,30,16,22,37,46,25,37,8,33,37,15,8,23,11,20,22,6,3,53,19,45,19,30,26,10,11,43,18,31,17,17,41,20,20,25,42,15,26,34,14,8,24,31,30,4,24,17,4,13,43,40,9,20,24,22,19,6,2,25,16,20,31,42,21,33,16,34,24,15,35,4,31,10,7,12,18]
costo_por_agente [146,14,295,367,327,5,253,4,162,47,262,177,83,44,84,139,209,173,9,215,159,249,23,12,75,218,77,97,182,33,187,7,217,106,389,16,7,5,195,94,76,17,305,184,8,34,7,101,35,208,209,184,151,213,152,9,339,11,13,14,12,152,9,298,93,27,371,331,256,17,225,12,111,8,97,246,55,71,38,9,207,42,28,21,228,66,64,244,9,240,243,16,2,25,9,3,128,15,29,239,238,8,308,104,274,292,190,205,58,55,179,12,85,77,17,12,161,111,114,40,8,5,99,23,87,197,30,26,10,13,101,18,45,17,17,315,296,188,81,70,17,190,170,14,8,260,123,300,6,66,19,6,13,167,286,45,178,104,22,19,6,2,25,16,24,173,316,37,279,178,80,26,15,43,4,41,198,7,16,18]
completion_time_por_agente [242,15,409,574,470,6,409,5,230,97,373,268,106,86,142,248,347,268,14,400,246,407,23,12,103,329,106,161,312,40,320,7,352,138,603,16,8,7,299,146,110,18,444,306,11,34,7,184,42,371,352,293,244,323,232,9,484,11,13,16,12,270,10,433,138,27,591,511,440,17,404,17,140,9,129,414,91,97,46,10,356,77,42,21,347,98,79,340,14,386,334,16,2,28,14,3,212,17,31,363,354,11,572,172,507,480,320,271,73,107,309,26,105,128,17,14,256,160,206,61,8,8,151,26,131,293,31,26,10,16,179,18,52,20,20,518,408,261,133,92,18,303,291,17,10,371,207,477,6,88,20,6,13,284,479,71,275,161,22,19,7,4,30,16,26,261,421,48,435,313,118,33,15,56,6,46,335,7,23,22]
tiempo_ultimo_agente_goal 603
tiempo_en_acabar 603
tiempo_promedio 168.577774
agentes_en_goal 180
bad_good_total_rate_pred [213677,103155,316832,0.3]
push_out_count 110908
RUN 34
valores_ideales [26,12,41,33,39,5,33,4,38,17,26,21,13,14,46,21,33,41,9,39,47,39,23,12,29,34,15,29,32,33,25,7,49,30,27,16,5,3,35,46,54,17,29,32,8,34,7,33,31,16,39,28,39,33,24,9,39,9,9,8,12,30,9,30,31,27,25,19,38,17,19,12,31,6,43,28,23,35,28,7,31,6,18,21,46,48,56,32,5,28,15,16,2,15,9,3,44,15,27,43,38,8,32,34,30,16,22,37,46,25,37,8,33,37,15,8,23,11,20,22,6,3,53,19,45,19,30,26,10,11,43,18,31,17,17,41,20,20,25,42,15,26,34,14,8,24,31,30,4,24,17,4,13,43,40,9,20,24,22,19,6,2,25,16,20,31,42,21,33,16,34,24,15,35,4,31,10,7,12,18]
costo_por_agente [300,12,149,191,395,5,285,4,288,49,156,369,17,116,56,39,359,291,9,335,205,93,25,12,219,334,29,119,50,207,251,11,67,256,103,16,19,11,319,322,102,19,233,354,8,34,7,119,33,116,311,228,207,287,328,9,107,11,11,10,12,66,9,130,199,27,341,445,136,19,365,12,291,8,133,378,45,105,30,15,101,58,20,25,190,70,142,148,7,342,311,16,2,37,11,3,68,15,27,275,290,38,32,156,244,304,112,251,182,93,127,100,339,67,17,10,49,287,82,32,10,3,205,21,205,331,30,26,10,239,347,20,97,17,19,203,428,66,341,208,15,282,156,14,8,128,295,212,6,392,17,4,13,253,294,15,58,134,22,31,6,2,25,16,20,153,128,93,143,354,64,28,15,273,4,91,264,7,24,20]
completion_time_por_agente [515,13,239,275,582,6,442,8,489,93,246,502,23,167,77,55,506,494,9,566,302,142,27,14,359,549,45,220,74,343,371,11,95,421,152,16,34,14,510,527,153,21,386,564,8,34,8,158,33,217,548,307,339,453,567,9,180,11,15,11,12,101,9,223,318,27,544,621,215,22,535,12,495,8,201,538,71,157,32,24,152,104,21,26,305,109,237,243,7,489,462,17,3,45,12,3,105,16,27,497,416,72,35,269,370,561,201,409,326,168,186,184,553,98,17,12,61,460,160,46,13,5,358,24,351,531,32,31,11,437,581,20,169,20,22,315,609,90,513,356,16,461,247,14,9,156,455,353,6,589,17,4,14,416,412,21,106,231,22,44,7,2,27,16,22,242,217,162,231,477,71,36,15,443,6,146,436,7,33,21]
tiempo_ultimo_agente_goal 621
tiempo_en_acabar 621
tiempo_promedio 199.455551
agentes_en_goal 180
bad_good_total_rate_pred [253524,123652,377176,0.3]
push_out_count 114055
RUN 35
valores_ideales [26,12,41,33,39,5,33,4,38,17,26,21,13,14,46,21,33,41,9,39,47,39,23,12,29,34,15,29,32,33,25,7,49,30,27,16,5,3,35,46,54,17,29,32,8,34,7,33,31,16,39,28,39,33,24,9,39,9,9,8,12,30,9,30,31,27,25,19,38,17,19,12,31,6,43,28,23,35,28,7,31,6,18,21,46,48,56,32,5,28,15,16,2,15,9,3,44,15,27,43,38,8,32,34,30,16,22,37,46,25,37,8,33,37,15,8,23,11,20,22,6,3,53,19,45,19,30,26,10,11,43,18,31,17,17,41,20,20,25,42,15,26,34,14,8,24,31,30,4,24,17,4,13,43,40,9,20,24,22,19,6,2,25,16,20,31,42,21,33,16,34,24,15,35,4,31,10,7,12,18]
costo_por_agente [212,14,167,301,339,5,313,14,266,41,78,79,29,126,100,43,265,193,15,153,131,81,25,14,235,294,91,79,72,53,323,7,95,202,257,16,25,5,265,60,66,19,337,220,8,34,7,101,33,114,237,200,239,277,136,9,49,11,9,10,12,242,9,224,129,31,293,323,220,23,271,12,225,6,351,290,37,35,38,19,175,10,20,21,120,62,84,284,7,330,339,16,2,19,9,3,56,15,29,271,76,8,32,204,152,278,142,175,152,127,315,138,109,235,17,8,59,273,202,46,6,5,63,35,167,277,30,26,12,99,171,18,107,23,19,107,282,288,289,308,17,216,126,16,12,250,327,330,10,244,17,6,15,275,208,49,272,204,22,21,8,4,25,16,24,175,128,29,169,268,106,34,15,185,4,173,206,7,12,18]
completion_time_por_agente [294,14,264,454,533,5,474,20,437,66,104,122,47,244,158,55,446,301,19,239,174,121,25,16,378,430,129,150,104,74,452,7,135,358,453,16,33,8,367,89,90,22,540,328,8,34,7,156,35,191,444,326,398,391,203,9,54,12,10,12,12,343,9,347,194,34,448,471,386,26,410,15,373,6,557,476,52,42,54,30,280,21,29,21,197,98,133,463,9,493,534,16,2,21,9,3,77,16,29,402,127,8,34,289,211,436,236,296,271,249,489,251,170,356,17,11,92,381,318,71,6,7,92,53,256,447,30,28,13,213,272,18,206,27,24,184,445,437,464,505,17,318,198,17,14,399,546,514,18,406,19,7,19,450,312,80,406,338,24,21,8,5,25,16,25,270,188,43,303,417,157,47,15,335,6,243,361,7,14,19]
tiempo_ultimo_agente_goal 557
tiempo_en_acabar 557
tiempo_promedio 182.722229
agentes_en_goal 180
bad_good_total_rate_pred [233329,110630,343959,0.3]
push_out_count 116725
RUN 36
valores_ideales [26,12,41,33,39,5,33,4,38,17,26,21,13,14,46,21,33,41,9,39,47,39,23,12,29,34,15,29,32,33,25,7,49,30,27,16,5,3,35,46,54,17,29,32,8,34,7,33,31,16,39,28,39,33,24,9,39,9,9,8,12,30,9,30,31,27,25,19,38,17,19,12,31,6,43,28,23,35,28,7,31,6,18,21,46,48,56,32,5,28,15,16,2,15,9,3,44,15,27,43,38,8,32,34,30,16,22,37,46,25,37,8,33,37,15,8,23,11,20,22,6,3,53,19,45,19,30,26,10,11,43,18,31,17,17,41,20,20,25,42,15,26,34,14,8,24,31,30,4,24,17,4,13,43,40,9,20,24,22,19,6,2,25,16,20,31,42,21,33,16,34,24,15,35,4,31,10,7,12,18]
costo_por_agente [404,12,187,327,267,7,289,4,180,103,68,327,15,152,84,173,293,297,9,351,315,253,25,14,245,136,115,133,66,109,187,7,193,322,231,16,23,29,179,60,108,17,261,318,12,34,7,139,31,154,287,326,309,219,256,9,269,9,11,12,12,320,9,128,99,43,349,379,254,19,231,12,325,8,181,306,31,41,28,7,145,38,18,23,112,64,84,174,9,332,253,24,2,45,11,3,288,15,31,389,346,8,36,168,146,336,238,361,80,39,203,104,201,317,15,18,47,295,36,24,14,3,297,19,197,197,30,30,12,159,247,18,67,17,17,259,382,258,325,380,17,252,124,18,10,294,115,136,6,114,17,6,17,71,274,67,304,180,22,19,6,4,29,16,22,161,238,61,349,302,116,24,15,285,6,123,262,7,20,18]
completion_time_por_agente [591,12,273,452,434,11,451,6,300,204,94,515,16,260,143,268,518,473,13,550,490,391,28,14,414,192,145,205,86,162,326,8,332,522,359,16,31,49,273,79,183,17,397,508,14,34,8,218,34,222,460,498,496,356,397,9,415,9,11,15,12,546,10,211,154,56,544,600,445,25,342,16,479,8,327,491,40,57,28,10,218,69,19,24,186,99,121,277,12,491,392,28,3,73,13,3,488,16,33,573,535,9,45,245,215,525,385,563,116,56,293,185,355,510,16,20,68,404,46,26,16,3,519,20,315,319,30,35,13,327,375,18,81,17,19,430,589,441,460,580,20,408,221,19,11,493,180,255,6,169,18,7,22,114,413,102,441,286,22,19,6,5,36,16,22,258,344,92,556,512,203,25,15,424,8,222,433,7,24,18]
tiempo_ultimo_agente_goal 600
tiempo_en_acabar 600
tiempo_promedio 206.788895
agentes_en_goal 180
bad_good_total_rate_pred [279750,130417,410167,0.3]
push_out_count 119696
RUN 37
valores_ideales [26,12,41,33,39,5,33,4,38,17,26,21,13,14,46,21,33,41,9,39,47,39,23,12,29,34,15,29,32,33,25,7,49,30,27,16,5,3,35,46,54,17,29,32,8,34,7,33,31,16,39,28,39,33,24,9,39,9,9,8,12,30,9,30,31,27,25,19,38,17,19,12,31,6,43,28,23,35,28,7,31,6,18,21,46,48,56,32,5,28,15,16,2,15,9,3,44,15,27,43,38,8,32,34,30,16,22,37,46,25,37,8,33,37,15,8,23,11,20,22,6,3,53,19,45,19,30,26,10,11,43,18,31,17,17,41,20,20,25,42,15,26,34,14,8,24,31,30,4,24,17,4,13,43,40,9,20,24,22,19,6,2,25,16,20,31,42,21,33,16,34,24,15,35,4,31,10,7,12,18]
costo_por_agente [308,12,281,141,149,7,291,8,316,33,234,195,17,108,88,37,329,353,19,107,305,129,25,12,381,316,47,79,50,41,127,7,83,228,253,16,27,79,423,116,56,17,461,242,10,34,7,285,31,56,291,216,241,277,338,9,295,9,9,16,12,192,9,410,215,29,165,499,186,19,331,16,247,6,85,370,41,159,44,7,291,14,18,39,298,68,68,126,9,342,409,16,2,17,9,3,96,15,27,283,472,8,46,160,284,284,322,75,418,25,309,90,143,317,15,10,37,499,66,22,8,7,171,23,139,225,30,32,12,241,91,22,57,21,17,107,52,344,151,154,15,338,72,14,8,280,149,140,16,302,17,8,13,205,266,29,200,142,22,19,6,2,27,16,22,307,382,59,279,170,110,26,15,225,34,157,194,7,22,22]
completion_time_por_agente [500,12,405,231,271,10,405,12,447,56,279,317,23,197,170,49,482,502,29,192,489,225,25,13,607,520,56,114,58,50,174,7,114,371,408,16,48,120,703,174,73,20,749,354,11,34,7,412,32,85,505,291,392,447,519,9,516,11,12,23,12,322,9,712,307,32,307,720,272,19,485,18,350,8,124,633,72,257,59,11,468,23,20,63,463,100,91,194,18,472,582,18,2,20,10,3,176,16,27,544,675,10,56,259,470,424,500,95,647,26,492,139,219,496,17,10,44,728,117,23,9,8,265,27,216,332,30,34,13,450,154,23,81,21,20,144,56,511,258,274,15,585,108,15,10,440,191,240,32,426,17,8,14,343,387,36,295,221,23,19,6,2,29,16,22,460,591,66,407,314,158,31,15,367,69,229,316,7,22,27]
tiempo_ultimo_agente_goal 749
tiempo_en_acabar 749
tiempo_promedio 202.077774
agentes_en_goal 180
bad_good_total_rate_pred [250414,121321,371735,0.3]
push_out_count 122905
RUN 38
valores_ideales [26,12,41,33,39,5,33,4,38,17,26,21,13,14,46,21,33,41,9,39,47,39,23,12,29,34,15,29,32,33,25,7,49,30,27,16,5,3,35,46,54,17,29,32,8,34,7,33,31,16,39,28,39,33,24,9,39,9,9,8,12,30,9,30,31,27,25,19,38,17,19,12,31,6,43,28,23,35,28,7,31,6,18,21,46,48,56,32,5,28,15,16,2,15,9,3,44,15,27,43,38,8,32,34,30,16,22,37,46,25,37,8,33,37,15,8,23,11,20,22,6,3,53,19,45,19,30,26,10,11,43,18,31,17,17,41,20,20,25,42,15,26,34,14,8,24,31,30,4,24,17,4,13,43,40,9,20,24,22,19,6,2,25,16,20,31,42,21,33,16,34,24,15,35,4,31,10,7,12,18]
costo_por_agente [258,22,379,363,145,5,453,6,108,115,470,191,27,76,56,121,71,313,11,175,83,435,23,24,153,316,375,85,64,123,239,7,103,296,539,16,19,177,483,242,102,19,433,212,8,34,7,189,31,76,187,258,289,337,470,9,121,9,9,10,12,244,9,470,319,39,339,407,158,17,399,16,261,8,363,202,33,51,30,13,391,6,22,21,358,60,92,180,7,348,425,18,2,23,11,3,98,15,27,421,56,8,32,194,302,318,150,243,226,55,385,24,451,249,17,14,125,453,60,26,6,3,271,21,231,231,30,30,10,301,185,20,155,19,17,183,442,92,367,488,17,410,356,18,10,54,393,310,8,508,21,8,13,297,286,79,46,252,26,19,6,4,33,16,20,201,328,29,167,218,218,32,15,355,48,241,462,7,14,20]
completion_time_por_agente [445,24,539,590,253,8,700,8,163,220,694,355,39,138,81,224,95,456,13,295,119,644,26,36,280,499,551,120,86,191,415,7,168,450,767,17,32,292,771,413,167,19,598,318,8,35,7,313,33,136,303,386,446,549,688,9,213,11,10,13,12,403,10,650,488,49,571,584,259,18,662,22,411,9,562,299,43,68,34,16,645,8,29,23,567,68,153,244,8,577,634,20,2,24,11,3,174,16,28,665,81,10,34,295,459,463,229,388,422,108,607,31,650,343,19,16,203,742,111,33,7,5,483,21,375,344,30,37,10,532,314,20,260,19,17,315,654,127,601,770,19,667,555,18,11,64,624,523,11,743,22,9,14,513,469,158,95,401,28,20,6,5,41,16,21,337,573,36,227,410,312,47,15,566,84,365,735,7,14,20]
tiempo_ultimo_agente_goal 771
tiempo_en_acabar 771
tiempo_promedio 241.894440
agentes_en_goal 180
bad_good_total_rate_pred [309788,143610,453398,0.3]
push_out_count 126543
RUN 39
valores_ideales [26,12,41,33,39,5,33,4,38,17,26,21,13,14,46,21,33,41,9,39,47,39,23,12,29,34,15,29,32,33,25,7,49,30,27,16,5,3,35,46,54,17,29,32,8,34,7,33,31,16,39,28,39,33,24,9,39,9,9,8,12,30,9,30,31,27,25,19,38,17,19,12,31,6,43,28,23,35,28,7,31,6,18,21,46,48,56,32,5,28,15,16,2,15,9,3,44,15,27,43,38,8,32,34,30,16,22,37,46,25,37,8,33,37,15,8,23,11,20,22,6,3,53,19,45,19,30,26,10,11,43,18,31,17,17,41,20,20,25,42,15,26,34,14,8,24,31,30,4,24,17,4,13,43,40,9,20,24,22,19,6,2,25,16,20,31,42,21,33,16,34,24,15,35,4,31,10,7,12,18]
costo_por_agente [368,12,135,365,375,7,417,8,238,27,298,307,15,36,54,51,383,95,9,141,261,175,25,16,329,240,49,43,52,63,145,7,119,270,59,16,5,5,197,356,56,19,415,242,8,34,7,301,33,250,137,276,83,329,322,9,121,9,9,8,12,74,9,312,275,29,241,403,148,19,361,16,217,8,435,296,49,67,34,7,273,6,18,25,400,250,66,444,7,340,483,18,2,21,11,3,316,15,27,219,238,8,32,98,314,312,220,105,266,25,435,64,115,151,15,8,97,109,36,26,10,5,73,21,295,353,30,38,10,23,87,20,161,17,21,365,490,246,337,354,15,282,180,24,8,334,115,454,64,380,17,8,13,263,368,115,274,252,24,19,6,2,25,16,20,355,202,83,159,294,244,28,15,301,76,115,100,7,16,18]
completion_time_por_agente [561,12,192,600,661,9,646,13,457,46,502,451,20,51,77,86,595,157,9,206,372,265,27,16,529,410,73,63,64,89,208,7,199,489,77,16,7,6,299,594,70,21,650,366,11,34,7,463,38,375,204,451,139,482,511,9,182,11,9,8,12,118,10,534,413,31,358,688,244,20,577,23,382,9,639,467,74,111,35,7,429,8,20,26,678,360,93,724,10,522,672,18,2,27,11,3,556,17,31,357,381,9,34,152,561,448,361,192,433,27,710,104,175,242,16,10,134,192,57,30,12,8,109,26,473,493,31,46,10,42,133,20,308,17,25,623,730,437,489,602,16,468,310,25,10,505,166,649,120,536,17,8,15,461,549,198,468,394,24,20,6,2,26,16,21,525,306,121,225,447,357,33,15,470,137,200,157,7,25,18]
tiempo_ultimo_agente_goal 730
tiempo_en_acabar 730
tiempo_promedio 219.405548
agentes_en_goal 180
bad_good_total_rate_pred [280968,132548,413516,0.3]
push_out_count 130012
