RUN 0
valores_ideales [0,0,0,0,0,0,0,0,0,0,0,0,0,0,0,0,0,0,0,0,0,0,0,0,0,0,0,0,0,0,0,0,0,0,0,0,0,0,0,0,0,0,0,0,0,0,0,0,0,0,0,0,0,0,0,0,0,0,0,0,0,0,0,0,0,0,0,0,0,0,0,0,0,0,0,0,0,0,0,0]
costo_por_agente [44,16,31,78,21,11,111,31,69,48,14,43,76,11,51,6,9,8,26,12,85,40,24,93,23,42,31,46,177,22,25,9,22,5,39,48,16,66,24,44,16,38,3,17,32,29,50,43,10,13,58,34,154,27,32,6,21,132,133,126,62,42,33,4,71,63,4,97,34,30,66,28,66,28,25,15,62,25,13,11]
completion_time_por_agente [47,17,32,80,22,12,112,32,70,49,15,45,77,12,52,7,10,9,27,13,86,41,25,95,24,43,32,47,178,23,27,10,23,6,41,49,17,69,25,45,17,40,5,18,33,31,51,45,11,14,59,35,155,28,35,7,22,133,134,129,63,43,34,5,72,65,5,98,35,31,67,29,69,29,26,16,64,27,14,12]
tiempo_ultimo_agente_goal 178
tiempo_en_acabar 178
tiempo_promedio 43.150002
agentes_en_goal 80
push_out_count 0
RUN 1
valores_ideales [0,0,0,0,0,0,0,0,0,0,0,0,0,0,0,0,0,0,0,0,0,0,0,0,0,0,0,0,0,0,0,0,0,0,0,0,0,0,0,0,0,0,0,0,0,0,0,0,0,0,0,0,0,0,0,0,0,0,0,0,0,0,0,0,0,0,0,0,0,0,0,0,0,0,0,0,0,0,0,0]
costo_por_agente [40,16,29,56,21,11,217,31,41,44,14,57,104,11,59,6,15,8,22,12,79,26,24,97,23,46,65,36,91,24,25,9,20,5,37,56,16,44,26,160,14,38,5,17,46,45,40,43,10,15,52,34,86,23,12,6,11,148,167,94,90,54,37,4,101,51,8,39,26,40,112,28,34,20,29,17,106,81,13,13]
completion_time_por_agente [41,17,30,58,22,12,219,32,42,45,15,58,107,12,60,7,16,9,24,13,80,27,25,100,24,47,66,37,96,25,26,10,21,6,38,57,17,46,27,161,15,41,7,18,48,46,41,44,11,16,53,35,87,24,14,7,12,149,169,97,91,55,38,5,102,52,9,40,27,42,115,29,36,21,30,20,108,83,14,14]
tiempo_ultimo_agente_goal 219
tiempo_en_acabar 219
tiempo_promedio 45.500000
agentes_en_goal 80
push_out_count 0
RUN 2
valores_ideales [0,0,0,0,0,0,0,0,0,0,0,0,0,0,0,0,0,0,0,0,0,0,0,0,0,0,0,0,0,0,0,0,0,0,0,0,0,0,0,0,0,0,0,0,0,0,0,0,0,0,0,0,0,0,0,0,0,0,0,0,0,0,0,0,0,0,0,0,0,0,0,0,0,0,0,0,0,0,0,0]
costo_por_agente [36,16,49,82,21,11,199,35,47,68,16,69,120,11,77,6,11,8,12,14,115,26,26,93,25,40,35,46,165,26,41,13,20,5,45,52,16,16,30,44,14,38,3,17,42,43,42,107,10,13,90,34,136,25,12,6,19,184,95,60,60,30,29,4,73,53,8,71,40,32,130,28,52,20,37,21,76,81,13,13]
completion_time_por_agente [37,17,50,83,22,12,201,36,48,69,17,70,121,12,78,7,12,9,13,15,117,28,28,97,26,41,36,47,167,28,46,14,21,6,46,57,17,18,31,45,16,40,5,18,44,44,43,108,11,14,91,35,137,26,14,7,20,186,96,61,62,31,30,5,74,54,10,72,41,33,133,29,54,21,38,25,78,84,14,14]
tiempo_ultimo_agente_goal 201
tiempo_en_acabar 201
tiempo_promedio 47.037498
agentes_en_goal 80
push_out_count 0
RUN 3
valores_ideales [0,0,0,0,0,0,0,0,0,0,0,0,0,0,0,0,0,0,0,0,0,0,0,0,0,0,0,0,0,0,0,0,0,0,0,0,0,0,0,0,0,0,0,0,0,0,0,0,0,0,0,0,0,0,0,0,0,0,0,0,0,0,0,0,0,0,0,0,0,0,0,0,0,0,0,0,0,0,0,0]
costo_por_agente [46,16,37,80,21,15,165,31,33,60,14,47,80,11,59,6,15,8,12,16,79,24,26,83,27,48,31,46,219,22,25,11,22,5,53,50,20,28,24,102,20,40,5,23,12,25,42,63,10,13,70,34,120,25,16,16,17,136,121,72,94,62,43,4,51,79,4,45,42,30,148,28,48,20,29,23,68,31,15,21]
completion_time_por_agente [47,17,38,82,22,16,168,32,34,66,15,48,81,12,60,7,16,9,13,17,81,25,27,85,28,49,34,47,221,23,26,12,23,6,55,52,21,31,25,104,21,41,7,24,13,27,43,64,11,14,71,35,122,26,18,17,19,138,122,74,96,63,44,5,52,81,5,46,43,31,149,29,50,21,30,24,70,32,18,22]
tiempo_ultimo_agente_goal 221
tiempo_en_acabar 221
tiempo_promedio 44.912498
agentes_en_goal 80
push_out_count 0
RUN 4
valores_ideales [0,0,0,0,0,0,0,0,0,0,0,0,0,0,0,0,0,0,0,0,0,0,0,0,0,0,0,0,0,0,0,0,0,0,0,0,0,0,0,0,0,0,0,0,0,0,0,0,0,0,0,0,0,0,0,0,0,0,0,0,0,0,0,0,0,0,0,0,0,0,0,0,0,0,0,0,0,0,0,0]
costo_por_agente [48,16,29,84,21,11,221,33,91,64,14,45,92,11,67,6,13,8,12,12,69,34,26,95,23,46,31,52,185,22,27,15,20,5,43,92,18,26,34,40,16,40,3,25,24,29,42,61,10,17,78,34,100,29,16,10,15,68,83,56,60,54,29,4,51,73,4,53,40,30,58,28,50,20,33,69,70,33,13,11]
completion_time_por_agente [49,17,30,86,22,12,223,35,92,65,15,47,95,12,68,7,14,9,13,13,70,35,27,96,24,48,32,53,186,23,28,16,21,6,44,94,19,27,35,41,17,42,5,26,25,31,43,62,11,18,79,35,101,30,18,11,16,70,85,57,62,55,30,5,52,74,5,54,41,31,59,29,52,21,34,73,73,34,14,12]
tiempo_ultimo_agente_goal 223
tiempo_en_acabar 223
tiempo_promedio 43.012501
agentes_en_goal 80
push_out_count 0
RUN 5
valores_ideales [0,0,0,0,0,0,0,0,0,0,0,0,0,0,0,0,0,0,0,0,0,0,0,0,0,0,0,0,0,0,0,0,0,0,0,0,0,0,0,0,0,0,0,0,0,0,0,0,0,0,0,0,0,0,0,0,0,0,0,0,0,0,0,0,0,0,0,0,0,0,0,0,0,0,0,0,0,0,0,0]
costo_por_agente [48,16,33,38,21,11,165,31,37,56,14,39,36,11,95,6,17,8,12,12,101,26,42,75,23,62,31,32,157,24,29,17,22,5,37,72,28,50,24,200,14,64,5,17,12,33,40,99,10,13,60,34,124,31,14,6,15,116,149,126,86,28,31,4,81,67,4,93,34,30,108,28,36,24,33,25,62,57,13,11]
completion_time_por_agente [49,17,34,39,22,12,168,32,40,57,15,41,38,12,96,7,18,9,13,13,102,27,44,82,24,63,32,33,161,25,30,18,23,6,38,74,30,54,25,201,15,65,7,18,13,34,41,101,11,14,66,35,127,32,15,7,16,118,152,127,87,29,32,5,82,68,5,95,36,31,109,29,38,25,34,27,64,62,14,14]
tiempo_ultimo_agente_goal 201
tiempo_en_acabar 201
tiempo_promedio 46.549999
agentes_en_goal 80
push_out_count 0
RUN 6
valores_ideales [0,0,0,0,0,0,0,0,0,0,0,0,0,0,0,0,0,0,0,0,0,0,0,0,0,0,0,0,0,0,0,0,0,0,0,0,0,0,0,0,0,0,0,0,0,0,0,0,0,0,0,0,0,0,0,0,0,0,0,0,0,0,0,0,0,0,0,0,0,0,0,0,0,0,0,0,0,0,0,0]
costo_por_agente [44,16,45,64,21,13,155,31,91,84,16,59,94,11,73,6,13,10,12,12,111,22,24,41,23,36,33,46,157,22,25,31,22,5,39,60,16,16,24,64,14,42,3,17,28,25,42,37,10,15,60,34,80,29,20,6,13,88,63,100,68,34,65,4,63,77,4,53,26,30,126,28,38,20,37,15,52,51,13,11]
completion_time_por_agente [45,17,46,65,22,14,156,32,92,85,17,60,97,12,75,7,14,11,13,13,113,24,25,43,24,37,34,47,159,23,26,33,23,6,40,61,17,17,25,66,16,43,5,18,29,27,43,38,11,16,62,35,81,30,21,7,14,89,64,101,69,35,66,5,64,79,5,54,27,31,128,29,41,21,38,16,53,53,14,12]
tiempo_ultimo_agente_goal 159
tiempo_en_acabar 159
tiempo_promedio 41.575001
agentes_en_goal 80
push_out_count 0
RUN 7
valores_ideales [0,0,0,0,0,0,0,0,0,0,0,0,0,0,0,0,0,0,0,0,0,0,0,0,0,0,0,0,0,0,0,0,0,0,0,0,0,0,0,0,0,0,0,0,0,0,0,0,0,0,0,0,0,0,0,0,0,0,0,0,0,0,0,0,0,0,0,0,0,0,0,0,0,0,0,0,0,0,0,0]
costo_por_agente [36,16,31,94,21,11,245,31,33,60,14,57,70,11,63,6,9,8,12,12,89,38,26,73,23,48,31,42,137,24,29,9,24,5,41,72,16,16,32,148,14,38,5,17,52,33,46,81,10,13,80,34,56,41,18,24,11,142,99,48,96,38,43,4,65,73,4,109,26,28,96,28,68,20,25,15,80,65,13,11]
completion_time_por_agente [37,17,32,96,22,12,246,32,34,61,15,58,73,12,64,7,10,9,13,13,91,39,27,75,24,49,33,43,138,25,30,10,25,6,43,73,17,18,33,151,15,39,7,18,55,34,47,83,11,14,82,35,57,42,19,25,12,143,101,49,98,39,44,5,66,76,5,110,27,29,97,29,70,21,26,17,82,68,14,12]
tiempo_ultimo_agente_goal 246
tiempo_en_acabar 246
tiempo_promedio 45.450001
agentes_en_goal 80
push_out_count 0
RUN 8
valores_ideales [0,0,0,0,0,0,0,0,0,0,0,0,0,0,0,0,0,0,0,0,0,0,0,0,0,0,0,0,0,0,0,0,0,0,0,0,0,0,0,0,0,0,0,0,0,0,0,0,0,0,0,0,0,0,0,0,0,0,0,0,0,0,0,0,0,0,0,0,0,0,0,0,0,0,0,0,0,0,0,0]
costo_por_agente [34,16,47,96,23,11,153,31,75,50,20,51,122,11,71,6,11,8,12,12,125,28,24,67,47,38,31,38,255,22,25,9,20,5,41,52,22,18,26,100,14,40,3,19,12,33,42,43,10,15,56,34,110,35,16,6,13,84,135,70,102,40,41,4,95,85,4,85,48,30,128,32,46,20,39,25,70,91,13,21]
completion_time_por_agente [35,17,48,99,24,12,154,32,76,52,21,52,126,12,72,7,12,9,13,13,126,29,25,69,48,39,32,39,256,23,27,10,22,6,44,54,23,19,27,102,15,41,5,20,13,34,43,45,11,16,57,35,111,36,18,7,14,86,138,72,103,41,42,5,96,87,5,86,49,31,129,33,48,21,40,26,72,93,14,22]
tiempo_ultimo_agente_goal 256
tiempo_en_acabar 256
tiempo_promedio 47.075001
agentes_en_goal 80
push_out_count 0
RUN 9
valores_ideales [0,0,0,0,0,0,0,0,0,0,0,0,0,0,0,0,0,0,0,0,0,0,0,0,0,0,0,0,0,0,0,0,0,0,0,0,0,0,0,0,0,0,0,0,0,0,0,0,0,0,0,0,0,0,0,0,0,0,0,0,0,0,0,0,0,0,0,0,0,0,0,0,0,0,0,0,0,0,0,0]
costo_por_agente [40,16,31,74,21,13,163,31,53,72,18,95,74,11,69,6,11,8,12,12,99,28,36,101,25,42,33,50,47,28,25,9,20,5,37,48,20,56,64,160,12,40,3,17,46,39,40,37,10,13,74,34,98,27,20,6,19,156,83,52,68,40,51,4,127,71,4,45,26,30,190,28,34,20,35,17,66,57,13,15]
completion_time_por_agente [41,17,32,77,22,14,165,32,54,73,19,96,77,12,70,7,12,9,13,13,100,29,37,104,26,43,35,51,49,29,26,10,21,6,38,49,21,57,67,161,13,42,5,18,48,40,41,39,11,14,75,35,99,28,22,7,20,158,85,53,69,41,52,5,128,73,5,47,27,31,191,29,37,21,36,18,67,61,14,16]
tiempo_ultimo_agente_goal 191
tiempo_en_acabar 191
tiempo_promedio 45.437500
agentes_en_goal 80
push_out_count 0
RUN 10
valores_ideales [0,0,0,0,0,0,0,0,0,0,0,0,0,0,0,0,0,0,0,0,0,0,0,0,0,0,0,0,0,0,0,0,0,0,0,0,0,0,0,0,0,0,0,0,0,0,0,0,0,0,0,0,0,0,0,0,0,0,0,0,0,0,0,0,0,0,0,0,0,0,0,0,0,0,0,0,0,0,0,0]
costo_por_agente [50,16,35,116,21,11,207,31,75,42,14,83,58,11,65,6,9,10,12,12,71,22,26,45,23,36,31,36,49,22,25,9,30,5,41,50,18,22,68,48,14,44,3,23,60,29,40,59,10,15,84,34,122,23,16,6,15,82,165,66,84,52,29,4,97,93,4,103,44,34,156,28,48,22,41,17,100,39,13,17]
completion_time_por_agente [51,17,36,117,22,12,208,32,77,44,15,84,61,12,66,7,10,11,13,13,72,24,27,46,24,37,32,37,51,24,26,10,31,6,42,51,19,23,71,49,15,46,5,24,61,30,41,61,11,16,85,35,123,24,18,7,17,83,167,67,85,53,30,5,98,94,5,104,45,35,157,29,50,24,42,18,102,41,14,18]
tiempo_ultimo_agente_goal 208
tiempo_en_acabar 208
tiempo_promedio 44.937500
agentes_en_goal 80
push_out_count 0
RUN 11
valores_ideales [0,0,0,0,0,0,0,0,0,0,0,0,0,0,0,0,0,0,0,0,0,0,0,0,0,0,0,0,0,0,0,0,0,0,0,0,0,0,0,0,0,0,0,0,0,0,0,0,0,0,0,0,0,0,0,0,0,0,0,0,0,0,0,0,0,0,0,0,0,0,0,0,0,0,0,0,0,0,0,0]
costo_por_agente [48,16,29,112,21,13,185,31,107,54,14,53,136,11,59,6,15,8,12,12,57,26,26,103,23,44,31,46,179,20,29,11,20,5,41,104,18,26,66,242,18,42,3,23,40,25,40,85,10,15,86,34,96,33,16,26,11,96,103,112,98,38,33,4,97,49,4,107,26,30,50,28,42,20,29,19,64,93,13,9]
completion_time_por_agente [49,17,30,115,22,14,187,32,108,55,15,54,138,12,60,7,16,9,13,13,58,27,27,105,24,45,32,47,180,21,30,12,22,6,43,105,19,28,68,244,19,43,5,24,41,27,41,89,11,16,87,35,97,34,18,29,12,98,105,114,100,39,34,5,98,51,5,108,27,31,51,29,43,21,30,20,66,94,14,10]
tiempo_ultimo_agente_goal 244
tiempo_en_acabar 244
tiempo_promedio 49.125000
agentes_en_goal 80
push_out_count 0
RUN 12
valores_ideales [0,0,0,0,0,0,0,0,0,0,0,0,0,0,0,0,0,0,0,0,0,0,0,0,0,0,0,0,0,0,0,0,0,0,0,0,0,0,0,0,0,0,0,0,0,0,0,0,0,0,0,0,0,0,0,0,0,0,0,0,0,0,0,0,0,0,0,0,0,0,0,0,0,0,0,0,0,0,0,0]
costo_por_agente [48,16,37,94,21,11,63,31,37,52,16,31,62,11,107,6,13,12,12,12,77,34,26,93,23,56,31,52,117,24,25,13,22,5,41,54,18,22,26,48,14,38,5,25,38,23,44,69,10,15,98,34,170,29,22,12,19,204,71,86,62,44,29,4,53,85,4,85,28,30,98,28,56,24,29,15,56,35,13,9]
completion_time_por_agente [49,17,38,95,22,12,64,32,40,53,17,33,63,12,109,7,14,13,13,13,78,35,27,95,26,57,32,53,118,25,28,14,23,6,42,55,19,23,28,49,15,40,7,26,39,25,45,70,11,16,100,35,171,30,23,13,20,206,72,88,63,45,31,5,56,86,5,86,29,31,99,29,58,25,30,16,58,36,14,11]
tiempo_ultimo_agente_goal 206
tiempo_en_acabar 206
tiempo_promedio 42.674999
agentes_en_goal 80
push_out_count 0
RUN 13
valores_ideales [0,0,0,0,0,0,0,0,0,0,0,0,0,0,0,0,0,0,0,0,0,0,0,0,0,0,0,0,0,0,0,0,0,0,0,0,0,0,0,0,0,0,0,0,0,0,0,0,0,0,0,0,0,0,0,0,0,0,0,0,0,0,0,0,0,0,0,0,0,0,0,0,0,0,0,0,0,0,0,0]
costo_por_agente [46,16,29,100,23,11,153,39,55,44,18,33,72,11,103,6,9,8,12,12,69,34,26,87,23,38,31,36,171,22,25,11,20,5,37,52,16,66,26,44,16,42,3,17,12,55,44,37,10,15,100,34,132,27,18,6,19,140,135,46,76,32,31,4,83,85,8,153,30,36,164,28,46,20,29,15,72,49,17,9]
completion_time_por_agente [47,17,30,106,24,12,154,40,56,45,19,35,73,12,105,7,10,9,13,13,70,35,27,91,24,39,32,37,173,23,27,12,21,6,38,53,17,68,27,45,17,44,5,18,13,57,45,39,11,16,102,35,133,28,19,7,22,141,138,48,77,33,32,5,84,87,9,154,31,37,165,29,48,21,30,17,74,54,20,10]
tiempo_ultimo_agente_goal 173
tiempo_en_acabar 173
tiempo_promedio 45.587502
agentes_en_goal 80
push_out_count 0
RUN 14
valores_ideales [0,0,0,0,0,0,0,0,0,0,0,0,0,0,0,0,0,0,0,0,0,0,0,0,0,0,0,0,0,0,0,0,0,0,0,0,0,0,0,0,0,0,0,0,0,0,0,0,0,0,0,0,0,0,0,0,0,0,0,0,0,0,0,0,0,0,0,0,0,0,0,0,0,0,0,0,0,0,0,0]
costo_por_agente [50,16,29,58,21,13,131,33,93,84,14,55,154,11,57,6,13,8,12,12,103,38,24,81,23,38,35,52,225,20,29,11,22,5,39,52,16,54,26,46,18,40,3,17,34,29,40,81,10,13,102,34,76,29,16,12,11,152,55,76,102,32,49,4,65,73,4,37,50,32,118,28,36,22,29,15,70,31,13,9]
completion_time_por_agente [51,17,30,59,22,14,134,34,94,85,15,56,160,12,58,7,14,9,13,13,104,39,25,82,24,40,36,54,226,21,31,12,23,6,40,53,17,55,27,47,19,41,5,18,35,31,41,85,11,14,103,35,77,30,17,14,12,154,56,78,103,33,50,5,66,75,5,38,51,33,119,29,37,23,30,16,72,32,14,10]
tiempo_ultimo_agente_goal 226
tiempo_en_acabar 226
tiempo_promedio 44.700001
agentes_en_goal 80
push_out_count 0
RUN 15
valores_ideales [0,0,0,0,0,0,0,0,0,0,0,0,0,0,0,0,0,0,0,0,0,0,0,0,0,0,0,0,0,0,0,0,0,0,0,0,0,0,0,0,0,0,0,0,0,0,0,0,0,0,0,0,0,0,0,0,0,0,0,0,0,0,0,0,0,0,0,0,0,0,0,0,0,0,0,0,0,0,0,0]
costo_por_agente [46,18,33,58,21,13,235,31,65,80,18,69,92,11,83,6,11,8,12,12,95,26,34,47,23,40,33,38,91,26,25,11,22,5,49,54,18,28,26,124,12,46,3,17,12,49,40,51,10,13,70,34,142,35,16,6,15,166,105,128,84,32,39,4,65,81,4,109,34,30,44,30,58,22,33,21,50,41,13,15]
completion_time_por_agente [47,19,34,59,22,14,236,33,66,82,19,70,94,12,87,7,12,9,13,13,97,28,35,51,24,41,34,39,92,27,26,12,23,6,50,55,19,30,27,128,14,51,5,18,13,50,41,53,11,14,72,35,143,36,17,7,17,171,106,129,86,33,40,5,66,83,5,111,38,31,45,33,60,23,34,22,54,43,14,16]
tiempo_ultimo_agente_goal 236
tiempo_en_acabar 236
tiempo_promedio 45.462502
agentes_en_goal 80
push_out_count 0
RUN 16
valores_ideales [0,0,0,0,0,0,0,0,0,0,0,0,0,0,0,0,0,0,0,0,0,0,0,0,0,0,0,0,0,0,0,0,0,0,0,0,0,0,0,0,0,0,0,0,0,0,0,0,0,0,0,0,0,0,0,0,0,0,0,0,0,0,0,0,0,0,0,0,0,0,0,0,0,0,0,0,0,0,0,0]
costo_por_agente [38,18,29,84,23,11,157,31,55,72,14,47,88,11,53,6,19,8,30,12,85,34,26,67,23,38,31,32,161,24,27,13,26,5,39,92,16,18,24,194,12,116,3,17,32,25,42,39,10,13,102,34,72,29,20,6,11,106,45,66,86,44,31,4,111,73,6,67,46,30,50,32,42,18,31,21,74,37,13,13]
completion_time_por_agente [39,19,30,86,24,12,158,32,56,74,15,48,90,12,54,7,20,9,32,13,86,35,27,70,24,39,32,33,162,26,28,14,27,6,40,94,17,20,25,197,13,117,6,18,33,27,43,40,11,14,103,35,73,30,22,7,12,107,46,67,87,45,32,5,112,75,7,68,47,31,51,33,44,19,32,23,76,38,14,15]
tiempo_ultimo_agente_goal 197
tiempo_en_acabar 197
tiempo_promedio 43.875000
agentes_en_goal 80
push_out_count 0
RUN 17
valores_ideales [0,0,0,0,0,0,0,0,0,0,0,0,0,0,0,0,0,0,0,0,0,0,0,0,0,0,0,0,0,0,0,0,0,0,0,0,0,0,0,0,0,0,0,0,0,0,0,0,0,0,0,0,0,0,0,0,0,0,0,0,0,0,0,0,0,0,0,0,0,0,0,0,0,0,0,0,0,0,0,0]
costo_por_agente [52,16,31,72,21,11,147,35,61,122,14,47,132,11,65,6,11,8,12,12,107,32,28,69,23,40,31,44,105,20,29,21,20,5,37,50,20,16,22,44,16,108,3,19,32,25,42,37,10,13,102,34,86,33,16,6,13,112,137,44,88,38,43,4,111,91,4,113,40,28,84,28,42,22,55,19,98,41,13,9]
completion_time_por_agente [53,17,32,73,22,12,149,36,62,123,15,48,136,12,66,7,12,9,13,13,108,33,29,72,24,42,32,45,107,21,30,22,21,6,38,51,21,17,23,45,17,111,5,20,33,27,43,38,11,14,103,35,87,34,18,7,14,114,138,45,89,39,44,5,112,95,5,114,41,29,87,29,44,23,56,20,101,44,15,10]
tiempo_ultimo_agente_goal 149
tiempo_en_acabar 149
tiempo_promedio 45.162498
agentes_en_goal 80
push_out_count 0
RUN 18
valores_ideales [0,0,0,0,0,0,0,0,0,0,0,0,0,0,0,0,0,0,0,0,0,0,0,0,0,0,0,0,0,0,0,0,0,0,0,0,0,0,0,0,0,0,0,0,0,0,0,0,0,0,0,0,0,0,0,0,0,0,0,0,0,0,0,0,0,0,0,0,0,0,0,0,0,0,0,0,0,0,0,0]
costo_por_agente [42,16,29,46,21,11,161,33,67,94,14,59,98,11,53,6,9,10,12,12,81,20,30,55,23,40,31,42,61,24,25,11,22,5,47,50,22,48,36,334,14,40,3,15,46,25,40,51,10,13,54,34,26,25,16,6,29,120,117,60,70,42,37,4,69,51,4,99,48,34,170,28,36,22,35,19,64,77,13,11]
completion_time_por_agente [43,17,30,48,22,12,163,35,71,96,15,60,99,12,54,7,10,11,13,13,84,23,32,58,24,41,32,43,65,26,27,12,23,6,48,51,23,50,39,337,15,42,5,16,47,27,41,53,11,14,58,35,27,26,18,7,35,123,118,62,71,43,38,5,70,54,5,100,50,35,171,30,40,24,36,20,65,78,14,13]
tiempo_ultimo_agente_goal 337
tiempo_en_acabar 337
tiempo_promedio 45.212502
agentes_en_goal 80
push_out_count 0
RUN 19
valores_ideales [0,0,0,0,0,0,0,0,0,0,0,0,0,0,0,0,0,0,0,0,0,0,0,0,0,0,0,0,0,0,0,0,0,0,0,0,0,0,0,0,0,0,0,0,0,0,0,0,0,0,0,0,0,0,0,0,0,0,0,0,0,0,0,0,0,0,0,0,0,0,0,0,0,0,0,0,0,0,0,0]
costo_por_agente [38,16,29,104,23,11,119,49,41,64,14,47,106,11,63,6,9,8,12,12,85,24,30,41,23,38,31,32,359,24,25,11,22,5,37,50,24,22,70,44,14,40,3,17,14,33,42,37,10,13,76,34,144,33,20,6,19,118,143,50,70,44,29,4,51,81,4,59,28,30,182,28,36,26,33,19,70,51,13,13]
completion_time_por_agente [39,17,30,105,24,12,121,50,42,66,15,48,107,12,64,7,10,9,13,13,86,26,31,42,24,39,32,33,360,25,26,12,23,6,38,51,26,23,72,45,15,41,5,18,15,34,43,39,11,14,78,35,145,34,21,7,20,119,144,51,71,45,30,5,52,83,5,60,29,31,183,29,38,27,34,20,71,52,14,14]
tiempo_ultimo_agente_goal 360
tiempo_en_acabar 360
tiempo_promedio 45.075001
agentes_en_goal 80
push_out_count 0
RUN 20
valores_ideales [0,0,0,0,0,0,0,0,0,0,0,0,0,0,0,0,0,0,0,0,0,0,0,0,0,0,0,0,0,0,0,0,0,0,0,0,0,0,0,0,0,0,0,0,0,0,0,0,0,0,0,0,0,0,0,0,0,0,0,0,0,0,0,0,0,0,0,0,0,0,0,0,0,0,0,0,0,0,0,0]
costo_por_agente [48,16,37,56,21,11,47,31,59,74,14,43,42,15,89,6,9,10,12,12,71,30,26,81,41,48,33,36,85,24,27,17,20,5,37,48,20,18,58,280,12,38,3,17,12,29,42,83,10,15,76,34,132,23,16,8,17,80,169,42,94,30,29,4,105,57,6,93,48,34,154,28,96,28,35,95,58,59,13,11]
completion_time_por_agente [49,17,38,57,22,12,48,32,61,76,15,45,44,16,91,7,10,11,13,13,72,31,27,82,42,49,35,37,91,27,28,18,21,6,38,49,21,19,61,282,13,40,6,18,13,31,43,85,11,16,77,35,134,24,18,9,18,82,171,43,97,31,30,5,107,58,7,95,49,35,155,29,102,29,36,98,60,60,14,12]
tiempo_ultimo_agente_goal 282
tiempo_en_acabar 282
tiempo_promedio 46.362499
agentes_en_goal 80
push_out_count 0
RUN 21
valores_ideales [0,0,0,0,0,0,0,0,0,0,0,0,0,0,0,0,0,0,0,0,0,0,0,0,0,0,0,0,0,0,0,0,0,0,0,0,0,0,0,0,0,0,0,0,0,0,0,0,0,0,0,0,0,0,0,0,0,0,0,0,0,0,0,0,0,0,0,0,0,0,0,0,0,0,0,0,0,0,0,0]
costo_por_agente [38,16,43,84,21,19,169,31,41,80,16,89,98,15,47,6,11,8,12,12,85,36,26,95,23,58,31,36,295,22,29,11,20,5,39,52,16,16,38,214,14,38,5,17,24,25,44,41,10,15,76,34,62,25,20,6,39,276,153,108,88,38,35,6,87,49,4,61,28,30,60,28,56,26,25,21,80,37,13,11]
completion_time_por_agente [39,17,44,87,22,20,172,32,42,81,17,90,102,16,48,7,12,9,13,13,88,37,27,99,24,59,32,37,297,23,30,12,21,6,40,55,17,17,39,215,15,40,7,18,25,27,45,42,11,16,77,35,63,26,21,7,41,280,155,110,90,39,36,7,88,50,5,62,29,31,61,29,58,28,26,22,83,41,14,12]
tiempo_ultimo_agente_goal 297
tiempo_en_acabar 297
tiempo_promedio 49.125000
agentes_en_goal 80
push_out_count 0
RUN 22
valores_ideales [0,0,0,0,0,0,0,0,0,0,0,0,0,0,0,0,0,0,0,0,0,0,0,0,0,0,0,0,0,0,0,0,0,0,0,0,0,0,0,0,0,0,0,0,0,0,0,0,0,0,0,0,0,0,0,0,0,0,0,0,0,0,0,0,0,0,0,0,0,0,0,0,0,0,0,0,0,0,0,0]
costo_por_agente [38,16,41,112,21,13,195,33,91,64,14,49,108,11,53,6,9,10,12,12,75,24,24,77,23,52,33,38,117,22,25,13,22,5,37,48,18,56,36,258,12,100,3,17,28,25,42,39,10,15,110,34,120,37,16,6,17,148,153,98,98,34,39,4,71,89,8,85,54,32,132,28,40,20,27,103,86,61,13,11]
completion_time_por_agente [39,17,42,115,22,14,198,35,93,66,15,50,115,12,54,7,10,11,13,13,77,25,25,83,24,53,34,40,122,23,26,14,23,6,38,50,19,60,37,260,13,105,5,18,29,27,43,41,11,16,114,35,121,38,18,7,18,150,158,104,99,35,40,5,72,93,9,86,55,33,136,29,43,21,28,108,88,64,14,12]
tiempo_ultimo_agente_goal 260
tiempo_en_acabar 260
tiempo_promedio 51.512501
agentes_en_goal 80
push_out_count 0
RUN 23
valores_ideales [0,0,0,0,0,0,0,0,0,0,0,0,0,0,0,0,0,0,0,0,0,0,0,0,0,0,0,0,0,0,0,0,0,0,0,0,0,0,0,0,0,0,0,0,0,0,0,0,0,0,0,0,0,0,0,0,0,0,0,0,0,0,0,0,0,0,0,0,0,0,0,0,0,0,0,0,0,0,0,0]
costo_por_agente [40,16,37,62,21,11,127,31,63,82,22,55,78,13,67,6,9,12,12,12,67,20,26,47,23,36,31,38,259,24,27,13,22,5,37,50,18,48,24,188,18,38,3,17,26,39,42,39,10,13,74,34,142,39,12,6,17,60,179,42,90,38,41,4,87,53,18,77,26,30,92,28,46,20,37,21,60,57,13,13]
completion_time_por_agente [41,17,38,65,22,12,128,32,64,83,23,56,81,14,69,7,10,13,13,13,68,21,27,48,24,37,33,40,263,25,28,14,23,6,38,53,19,52,26,189,19,41,5,18,27,40,43,40,11,14,76,35,143,40,14,7,18,61,183,44,92,39,42,5,89,55,20,78,28,31,93,29,49,21,38,23,62,59,14,14]
tiempo_ultimo_agente_goal 263
tiempo_en_acabar 263
tiempo_promedio 44.937500
agentes_en_goal 80
push_out_count 0
RUN 24
valores_ideales [0,0,0,0,0,0,0,0,0,0,0,0,0,0,0,0,0,0,0,0,0,0,0,0,0,0,0,0,0,0,0,0,0,0,0,0,0,0,0,0,0,0,0,0,0,0,0,0,0,0,0,0,0,0,0,0,0,0,0,0,0,0,0,0,0,0,0,0,0,0,0,0,0,0,0,0,0,0,0,0]
costo_por_agente [38,16,37,56,21,17,193,31,59,44,14,61,64,11,47,6,13,10,22,12,95,32,24,75,23,56,31,48,97,24,31,15,24,5,39,110,16,48,74,104,14,40,3,19,46,21,40,45,10,17,44,34,208,25,16,6,15,94,95,64,96,56,29,4,65,67,6,147,26,30,186,28,52,20,25,17,100,71,13,19]
completion_time_por_agente [39,17,38,61,22,18,195,32,60,47,15,62,67,12,48,7,14,11,23,13,96,33,25,76,24,57,32,49,101,26,32,16,25,6,40,112,17,50,76,105,15,43,6,20,48,23,41,48,11,18,46,35,209,26,18,7,18,96,98,65,98,57,30,5,66,68,7,148,27,31,188,29,56,21,26,18,102,72,14,20]
tiempo_ultimo_agente_goal 209
tiempo_en_acabar 209
tiempo_promedio 47.162498
agentes_en_goal 80
push_out_count 0
RUN 25
valores_ideales [0,0,0,0,0,0,0,0,0,0,0,0,0,0,0,0,0,0,0,0,0,0,0,0,0,0,0,0,0,0,0,0,0,0,0,0,0,0,0,0,0,0,0,0,0,0,0,0,0,0,0,0,0,0,0,0,0,0,0,0,0,0,0,0,0,0,0,0,0,0,0,0,0,0,0,0,0,0,0,0]
costo_por_agente [36,16,51,88,21,11,183,33,45,48,16,53,102,11,103,6,13,10,12,12,87,40,24,83,23,40,31,32,255,24,25,9,26,5,37,52,28,16,26,92,22,70,3,17,12,37,46,99,10,15,74,34,144,29,12,6,17,184,191,122,100,48,45,4,111,93,4,95,34,30,88,28,52,20,31,15,88,55,13,13]
completion_time_por_agente [37,17,52,90,22,12,185,34,47,49,17,54,106,12,105,7,14,11,13,13,88,41,25,85,24,41,32,33,257,25,26,10,27,6,38,53,30,17,27,93,23,72,5,18,13,38,47,101,11,16,76,35,146,30,13,7,18,185,195,123,101,49,46,5,112,95,5,97,35,31,90,29,54,21,32,16,90,58,14,14]
tiempo_ultimo_agente_goal 257
tiempo_en_acabar 257
tiempo_promedio 50.512501
agentes_en_goal 80
push_out_count 0
RUN 26
valores_ideales [0,0,0,0,0,0,0,0,0,0,0,0,0,0,0,0,0,0,0,0,0,0,0,0,0,0,0,0,0,0,0,0,0,0,0,0,0,0,0,0,0,0,0,0,0,0,0,0,0,0,0,0,0,0,0,0,0,0,0,0,0,0,0,0,0,0,0,0,0,0,0,0,0,0,0,0,0,0,0,0]
costo_por_agente [38,16,29,100,23,11,193,33,63,78,16,43,66,11,51,6,13,10,12,12,115,26,30,83,23,38,31,34,177,26,33,13,20,5,51,52,16,16,28,230,16,38,7,17,36,21,40,35,10,13,84,34,100,49,16,6,11,112,155,144,88,32,29,4,83,73,4,47,58,32,98,28,64,22,33,27,72,85,13,11]
completion_time_por_agente [40,17,30,102,24,12,195,35,64,81,17,44,69,12,52,7,14,11,13,13,117,27,31,85,24,39,32,35,179,27,35,14,21,6,52,54,17,17,29,231,18,40,9,18,38,23,41,36,11,14,87,35,101,50,18,7,12,113,157,147,90,33,30,5,84,74,5,48,59,33,99,30,67,23,34,28,74,87,14,12]
tiempo_ultimo_agente_goal 231
tiempo_en_acabar 231
tiempo_promedio 47.849998
agentes_en_goal 80
push_out_count 0
RUN 27
valores_ideales [0,0,0,0,0,0,0,0,0,0,0,0,0,0,0,0,0,0,0,0,0,0,0,0,0,0,0,0,0,0,0,0,0,0,0,0,0,0,0,0,0,0,0,0,0,0,0,0,0,0,0,0,0,0,0,0,0,0,0,0,0,0,0,0,0,0,0,0,0,0,0,0,0,0,0,0,0,0,0,0]
costo_por_agente [54,16,33,34,21,11,187,35,71,90,16,51,56,11,51,6,15,8,12,12,95,26,26,85,23,46,37,42,235,20,27,13,22,5,45,104,20,16,36,44,14,40,3,17,28,21,42,37,10,13,76,34,122,35,16,6,17,118,61,114,74,36,37,4,85,91,4,63,26,30,148,28,34,22,25,23,68,33,13,9]
completion_time_por_agente [55,17,34,35,22,12,188,36,72,91,17,52,58,12,52,7,16,9,13,13,97,27,27,87,24,47,38,43,236,21,28,15,23,6,47,105,21,17,38,45,15,42,5,18,31,23,43,39,11,14,77,35,123,36,18,7,18,120,63,115,75,37,38,5,86,94,5,64,27,31,149,29,35,23,26,24,69,35,14,10]
tiempo_ultimo_agente_goal 236
tiempo_en_acabar 236
tiempo_promedio 44.150002
agentes_en_goal 80
push_out_count 0
RUN 28
valores_ideales [0,0,0,0,0,0,0,0,0,0,0,0,0,0,0,0,0,0,0,0,0,0,0,0,0,0,0,0,0,0,0,0,0,0,0,0,0,0,0,0,0,0,0,0,0,0,0,0,0,0,0,0,0,0,0,0,0,0,0,0,0,0,0,0,0,0,0,0,0,0,0,0,0,0,0,0,0,0,0,0]
costo_por_agente [36,18,33,88,21,17,197,41,67,62,18,55,106,11,53,6,13,8,12,12,71,20,30,57,37,58,31,42,329,28,27,21,20,5,45,50,22,58,80,112,14,68,3,17,22,43,42,41,10,13,144,34,100,27,12,6,23,90,131,56,90,42,39,4,103,103,6,131,34,28,74,28,62,26,25,13,56,35,13,11]
completion_time_por_agente [37,19,34,91,22,19,198,42,68,63,19,56,111,12,54,7,14,9,13,13,73,22,31,58,38,59,32,43,331,29,28,23,21,6,46,51,24,61,81,115,15,69,6,18,25,44,43,43,11,14,148,35,101,28,13,7,25,92,135,58,92,43,40,5,105,106,7,133,36,29,76,29,65,27,26,14,58,37,14,12]
tiempo_ultimo_agente_goal 331
tiempo_en_acabar 331
tiempo_promedio 49.462502
agentes_en_goal 80
push_out_count 0
RUN 29
valores_ideales [0,0,0,0,0,0,0,0,0,0,0,0,0,0,0,0,0,0,0,0,0,0,0,0,0,0,0,0,0,0,0,0,0,0,0,0,0,0,0,0,0,0,0,0,0,0,0,0,0,0,0,0,0,0,0,0,0,0,0,0,0,0,0,0,0,0,0,0,0,0,0,0,0,0,0,0,0,0,0,0]
costo_por_agente [38,22,49,130,21,11,289,37,33,54,16,45,98,11,83,6,25,8,12,12,93,22,24,77,23,40,31,32,55,22,25,9,26,5,37,48,18,34,24,114,16,90,3,17,22,39,40,77,10,13,88,34,114,25,12,6,13,102,85,128,90,38,53,4,73,59,6,85,30,30,130,28,42,20,29,19,64,45,13,11]
completion_time_por_agente [39,23,50,132,22,12,291,38,35,55,17,46,103,12,85,7,26,9,13,13,94,23,25,81,24,41,32,33,60,23,26,10,27,6,38,49,19,35,25,115,17,91,6,18,23,40,41,78,11,14,89,35,115,26,13,7,14,104,89,130,91,39,54,5,74,61,7,86,31,31,131,29,43,21,30,20,66,47,14,12]
tiempo_ultimo_agente_goal 291
tiempo_en_acabar 291
tiempo_promedio 45.837502
agentes_en_goal 80
push_out_count 0
RUN 30
valores_ideales [0,0,0,0,0,0,0,0,0,0,0,0,0,0,0,0,0,0,0,0,0,0,0,0,0,0,0,0,0,0,0,0,0,0,0,0,0,0,0,0,0,0,0,0,0,0,0,0,0,0,0,0,0,0,0,0,0,0,0,0,0,0,0,0,0,0,0,0,0,0,0,0,0,0,0,0,0,0,0,0]
costo_por_agente [46,18,35,114,21,11,61,33,53,70,14,31,34,11,55,6,17,8,30,12,75,26,28,93,57,36,31,32,249,22,25,11,22,5,37,50,16,22,116,84,16,82,3,17,40,69,40,45,10,17,80,34,158,29,22,6,11,150,173,112,74,34,39,4,107,79,4,83,50,30,82,28,54,20,35,19,66,69,13,15]
completion_time_por_agente [47,19,36,115,22,12,63,34,55,73,15,32,35,12,56,7,18,9,31,13,77,27,29,94,58,37,32,33,250,23,26,12,23,6,38,52,17,23,118,89,17,84,5,18,42,72,41,47,11,18,82,35,159,30,24,7,12,152,174,114,75,35,40,5,108,81,5,85,51,31,85,30,56,21,36,20,67,71,14,17]
tiempo_ultimo_agente_goal 250
tiempo_en_acabar 250
tiempo_promedio 48.062500
agentes_en_goal 80
push_out_count 0
RUN 31
valores_ideales [0,0,0,0,0,0,0,0,0,0,0,0,0,0,0,0,0,0,0,0,0,0,0,0,0,0,0,0,0,0,0,0,0,0,0,0,0,0,0,0,0,0,0,0,0,0,0,0,0,0,0,0,0,0,0,0,0,0,0,0,0,0,0,0,0,0,0,0,0,0,0,0,0,0,0,0,0,0,0,0]
costo_por_agente [44,16,29,96,21,13,135,31,73,74,14,47,106,13,59,6,9,12,30,12,87,26,38,99,23,48,31,48,191,22,33,9,20,5,45,52,20,58,36,154,14,40,3,17,26,35,40,45,10,15,52,34,102,31,14,6,13,112,139,72,94,48,29,4,97,75,4,83,34,30,154,28,48,20,29,23,84,49,13,15]
completion_time_por_agente [46,17,30,98,22,14,137,32,74,75,15,49,111,14,60,7,10,13,31,13,89,27,39,102,24,49,32,49,195,23,35,10,21,6,46,53,21,60,38,155,15,41,5,18,27,36,41,48,11,16,53,35,103,32,15,7,14,113,140,73,95,49,30,5,98,77,5,84,36,31,158,29,53,22,30,24,85,50,14,16]
tiempo_ultimo_agente_goal 195
tiempo_en_acabar 195
tiempo_promedio 47.200001
agentes_en_goal 80
push_out_count 0
RUN 32
valores_ideales [0,0,0,0,0,0,0,0,0,0,0,0,0,0,0,0,0,0,0,0,0,0,0,0,0,0,0,0,0,0,0,0,0,0,0,0,0,0,0,0,0,0,0,0,0,0,0,0,0,0,0,0,0,0,0,0,0,0,0,0,0,0,0,0,0,0,0,0,0,0,0,0,0,0,0,0,0,0,0,0]
costo_por_agente [44,18,31,54,23,11,183,35,45,50,14,33,66,11,55,6,9,8,38,12,103,20,40,81,23,38,31,42,303,22,25,11,24,5,39,62,26,72,78,192,14,40,3,17,36,25,46,91,10,23,78,34,158,25,16,6,13,88,169,58,102,60,29,4,101,53,4,97,26,28,66,30,36,20,33,19,68,49,13,13]
completion_time_por_agente [46,19,32,55,24,12,184,36,47,51,15,35,68,12,56,7,10,9,39,13,104,22,41,83,24,39,32,43,305,23,26,12,25,6,40,64,29,74,80,193,15,43,5,18,38,27,47,93,11,24,79,35,159,26,18,7,14,89,173,59,103,61,30,5,103,54,5,98,27,29,67,32,39,22,34,20,70,51,14,14]
tiempo_ultimo_agente_goal 305
tiempo_en_acabar 305
tiempo_promedio 48.662498
agentes_en_goal 80
push_out_count 0
RUN 33
valores_ideales [0,0,0,0,0,0,0,0,0,0,0,0,0,0,0,0,0,0,0,0,0,0,0,0,0,0,0,0,0,0,0,0,0,0,0,0,0,0,0,0,0,0,0,0,0,0,0,0,0,0,0,0,0,0,0,0,0,0,0,0,0,0,0,0,0,0,0,0,0,0,0,0,0,0,0,0,0,0,0,0]
costo_por_agente [44,16,29,94,21,13,57,43,57,46,16,51,90,11,55,6,17,10,12,12,81,22,24,95,23,52,35,38,151,22,31,13,20,5,37,52,16,42,72,128,12,38,3,19,26,21,42,95,10,17,98,34,172,35,16,22,19,90,127,74,96,44,29,4,101,81,8,51,30,32,108,28,64,20,35,19,64,41,13,11]
completion_time_por_agente [45,17,30,95,22,14,59,44,59,47,17,52,91,12,56,7,18,11,13,13,83,23,25,97,24,53,36,40,153,23,32,14,21,6,38,53,17,44,74,129,13,40,5,20,27,23,43,97,11,18,99,35,173,36,18,25,20,91,129,75,98,45,31,5,102,83,9,52,31,33,110,29,67,21,36,21,65,42,14,12]
tiempo_ultimo_agente_goal 173
tiempo_en_acabar 173
tiempo_promedio 45.137501
agentes_en_goal 80
push_out_count 0
RUN 34
valores_ideales [0,0,0,0,0,0,0,0,0,0,0,0,0,0,0,0,0,0,0,0,0,0,0,0,0,0,0,0,0,0,0,0,0,0,0,0,0,0,0,0,0,0,0,0,0,0,0,0,0,0,0,0,0,0,0,0,0,0,0,0,0,0,0,0,0,0,0,0,0,0,0,0,0,0,0,0,0,0,0,0]
costo_por_agente [36,16,37,78,21,11,155,31,33,52,14,43,42,11,79,6,13,10,30,12,57,24,26,139,23,56,31,48,195,22,29,13,20,5,39,80,16,18,78,94,18,90,5,17,44,41,40,63,10,15,88,34,68,35,12,6,11,76,95,56,88,40,49,4,55,55,4,141,26,30,118,28,44,22,41,17,62,39,13,9]
completion_time_por_agente [37,17,38,82,22,12,162,32,35,53,15,44,43,12,80,7,14,11,32,13,58,25,27,142,24,57,32,49,197,23,32,14,22,6,44,82,17,19,81,95,19,93,7,18,49,42,41,65,11,16,89,35,69,36,13,7,12,77,98,57,89,41,50,5,56,58,5,142,27,31,119,29,46,23,42,18,64,41,14,10]
tiempo_ultimo_agente_goal 197
tiempo_en_acabar 197
tiempo_promedio 44.637501
agentes_en_goal 80
push_out_count 0
RUN 35
valores_ideales [0,0,0,0,0,0,0,0,0,0,0,0,0,0,0,0,0,0,0,0,0,0,0,0,0,0,0,0,0,0,0,0,0,0,0,0,0,0,0,0,0,0,0,0,0,0,0,0,0,0,0,0,0,0,0,0,0,0,0,0,0,0,0,0,0,0,0,0,0,0,0,0,0,0,0,0,0,0,0,0]
costo_por_agente [42,16,29,90,21,15,155,31,83,86,14,39,96,11,95,6,13,10,44,12,97,30,24,91,27,38,33,32,261,22,25,13,22,5,39,74,16,40,28,200,16,40,5,19,28,25,40,65,10,13,76,34,120,29,14,22,15,134,245,42,64,54,37,4,99,61,4,63,34,38,52,28,82,20,39,97,52,57,13,13]
completion_time_por_agente [43,17,30,94,22,16,156,32,84,87,15,41,98,12,97,7,14,11,45,13,98,31,25,93,28,39,34,33,264,23,27,14,23,6,40,75,17,44,29,202,17,41,7,20,29,26,41,67,11,14,78,35,121,30,15,25,16,135,247,43,66,55,38,5,100,63,5,64,36,39,53,29,85,21,40,99,54,59,14,14]
tiempo_ultimo_agente_goal 264
tiempo_en_acabar 264
tiempo_promedio 50.450001
agentes_en_goal 80
push_out_count 0
RUN 36
valores_ideales [0,0,0,0,0,0,0,0,0,0,0,0,0,0,0,0,0,0,0,0,0,0,0,0,0,0,0,0,0,0,0,0,0,0,0,0,0,0,0,0,0,0,0,0,0,0,0,0,0,0,0,0,0,0,0,0,0,0,0,0,0,0,0,0,0,0,0,0,0,0,0,0,0,0,0,0,0,0,0,0]
costo_por_agente [50,24,31,74,21,13,205,33,55,78,14,27,66,13,89,6,9,8,12,12,109,26,38,63,23,40,31,48,85,24,27,11,20,5,37,50,22,22,72,282,16,40,3,17,22,29,42,39,10,13,78,34,130,31,18,6,13,72,69,80,98,52,31,4,83,47,4,53,34,32,56,30,62,32,35,19,58,103,13,13]
completion_time_por_agente [51,25,32,75,22,14,208,35,56,79,15,29,67,14,90,7,10,9,13,13,111,28,39,64,24,41,32,49,87,25,28,12,22,6,38,51,24,23,74,284,17,42,5,18,25,31,43,40,11,14,79,35,131,32,20,7,14,74,70,81,100,53,32,5,85,48,5,54,35,33,57,32,64,35,36,20,61,104,14,14]
tiempo_ultimo_agente_goal 284
tiempo_en_acabar 284
tiempo_promedio 45.025002
agentes_en_goal 80
push_out_count 0
RUN 37
valores_ideales [0,0,0,0,0,0,0,0,0,0,0,0,0,0,0,0,0,0,0,0,0,0,0,0,0,0,0,0,0,0,0,0,0,0,0,0,0,0,0,0,0,0,0,0,0,0,0,0,0,0,0,0,0,0,0,0,0,0,0,0,0,0,0,0,0,0,0,0,0,0,0,0,0,0,0,0,0,0,0,0]
costo_por_agente [42,16,35,44,21,13,119,59,41,86,16,63,108,11,95,6,13,8,14,12,71,34,26,45,25,46,31,44,193,20,29,15,20,5,37,62,18,42,26,84,16,40,3,23,42,41,44,35,10,13,100,34,36,31,16,12,17,44,137,58,90,38,37,4,53,51,6,57,28,30,74,28,54,22,35,17,76,59,13,19]
completion_time_por_agente [43,17,36,46,22,14,122,60,43,87,17,64,110,12,96,7,14,9,15,13,72,35,27,46,26,47,32,45,194,21,30,16,21,6,38,64,19,45,28,87,17,41,5,24,43,42,45,37,11,14,101,35,37,32,17,13,18,45,140,59,91,39,38,5,54,52,7,58,29,31,77,29,56,24,36,19,77,60,14,20]
tiempo_ultimo_agente_goal 194
tiempo_en_acabar 194
tiempo_promedio 41.724998
agentes_en_goal 80
push_out_count 0
RUN 38
valores_ideales [0,0,0,0,0,0,0,0,0,0,0,0,0,0,0,0,0,0,0,0,0,0,0,0,0,0,0,0,0,0,0,0,0,0,0,0,0,0,0,0,0,0,0,0,0,0,0,0,0,0,0,0,0,0,0,0,0,0,0,0,0,0,0,0,0,0,0,0,0,0,0,0,0,0,0,0,0,0,0,0]
costo_por_agente [52,16,37,36,21,15,233,31,37,74,18,83,130,13,91,6,9,14,36,12,107,30,36,81,23,48,33,32,101,24,31,11,26,5,37,48,16,20,22,148,12,40,5,17,36,33,40,119,10,17,96,34,168,31,20,6,15,78,135,48,74,46,41,4,101,49,4,99,26,30,84,30,44,30,35,13,60,65,13,13]
completion_time_por_agente [53,17,38,38,22,16,234,33,41,75,19,84,131,14,92,7,10,15,37,13,109,31,37,82,24,49,35,33,104,25,33,12,27,6,38,51,17,21,25,152,13,42,7,18,38,35,42,120,11,18,97,35,169,32,21,7,17,80,138,51,76,47,42,5,102,50,5,100,28,31,85,34,46,33,36,14,62,66,14,14]
tiempo_ultimo_agente_goal 234
tiempo_en_acabar 234
tiempo_promedio 47.262501
agentes_en_goal 80
push_out_count 0
RUN 39
valores_ideales [0,0,0,0,0,0,0,0,0,0,0,0,0,0,0,0,0,0,0,0,0,0,0,0,0,0,0,0,0,0,0,0,0,0,0,0,0,0,0,0,0,0,0,0,0,0,0,0,0,0,0,0,0,0,0,0,0,0,0,0,0,0,0,0,0,0,0,0,0,0,0,0,0,0,0,0,0,0,0,0]
costo_por_agente [58,16,35,118,21,11,189,31,57,56,16,59,68,11,47,6,11,10,12,12,87,30,26,59,23,48,31,36,87,22,27,9,20,5,37,70,18,32,110,112,14,38,3,17,24,37,42,59,10,15,54,34,170,31,16,10,19,76,111,130,110,46,29,4,85,79,4,89,42,32,54,28,88,24,29,29,66,63,13,11]
completion_time_por_agente [59,17,36,122,22,12,190,32,58,58,17,61,70,12,48,7,12,11,13,13,88,31,27,60,24,49,32,37,88,23,28,10,21,6,38,71,19,33,111,114,15,40,5,18,25,39,43,60,11,16,55,35,171,32,18,11,22,77,112,132,111,47,30,5,86,80,5,90,43,33,55,29,91,25,30,30,67,67,14,12]
tiempo_ultimo_agente_goal 190
tiempo_en_acabar 190
tiempo_promedio 45.837502
agentes_en_goal 80
push_out_count 0
