RUN 0
valores_ideales [39,24,6,6,34,21,38,6,50,11,34,14,17,4,21,24,11,14,42,20,35,41,4,26,5,9,13,35,29,25,10,30,33,21,42,30,30,16,29,28]
costo_por_agente [39,28,6,6,34,23,38,6,50,13,46,14,23,6,23,24,15,14,44,34,37,45,4,26,5,9,15,35,29,25,12,32,39,21,48,30,32,26,31,28]
completion_time_por_agente [39,29,6,7,34,26,38,6,50,13,60,16,27,7,24,24,16,14,45,38,38,58,4,27,5,9,15,35,29,25,12,33,41,21,54,35,36,28,35,28]
tiempo_ultimo_agente_goal 60
tiempo_en_acabar 60
tiempo_promedio 27.174999
agentes_en_goal 40
bad_good_total_rate_pred [850,995,1845,0.5]
push_out_count 9
RUN 1
valores_ideales [39,24,6,6,34,21,38,6,50,11,34,14,17,4,21,24,11,14,42,20,35,41,4,26,5,9,13,35,29,25,10,30,33,21,42,30,30,16,29,28]
costo_por_agente [39,26,6,6,40,23,38,6,50,11,36,16,25,6,23,24,13,14,44,30,41,41,4,26,5,9,25,35,29,25,12,32,33,21,42,30,30,18,31,30]
completion_time_por_agente [39,26,6,7,40,24,39,6,52,11,37,17,29,7,26,24,15,14,44,30,43,41,4,27,5,9,34,37,29,28,12,35,33,21,42,31,32,18,31,31]
tiempo_ultimo_agente_goal 52
tiempo_en_acabar 52
tiempo_promedio 25.900000
agentes_en_goal 40
bad_good_total_rate_pred [751,930,1681,0.6]
push_out_count 11
RUN 2
valores_ideales [39,24,6,6,34,21,38,6,50,11,34,14,17,4,21,24,11,14,42,20,35,41,4,26,5,9,13,35,29,25,10,30,33,21,42,30,30,16,29,28]
costo_por_agente [39,24,6,8,38,23,44,6,50,13,36,14,27,6,33,24,13,14,44,36,51,41,4,26,5,9,13,35,29,25,12,38,35,21,42,30,30,18,33,30]
completion_time_por_agente [39,26,6,8,39,27,50,6,51,13,36,14,29,7,43,24,15,14,44,39,65,41,4,27,5,9,13,35,29,31,14,50,37,21,42,31,32,18,35,31]
tiempo_ultimo_agente_goal 65
tiempo_en_acabar 65
tiempo_promedio 27.500000
agentes_en_goal 40
bad_good_total_rate_pred [822,1050,1872,0.6]
push_out_count 25
RUN 3
valores_ideales [39,24,6,6,34,21,38,6,50,11,34,14,17,4,21,24,11,14,42,20,35,41,4,26,5,9,13,35,29,25,10,30,33,21,42,30,30,16,29,28]
costo_por_agente [39,26,6,6,36,23,38,6,50,13,36,14,29,6,23,24,17,14,44,44,35,41,4,26,5,9,13,35,31,25,12,30,35,21,42,30,32,30,31,30]
completion_time_por_agente [39,26,6,7,37,23,44,6,50,15,37,15,32,7,25,24,24,14,47,54,35,41,4,27,5,9,13,35,32,25,14,33,35,21,42,30,34,34,31,32]
tiempo_ultimo_agente_goal 54
tiempo_en_acabar 54
tiempo_promedio 26.600000
agentes_en_goal 40
bad_good_total_rate_pred [701,927,1628,0.6]
push_out_count 29
RUN 4
valores_ideales [39,24,6,6,34,21,38,6,50,11,34,14,17,4,21,24,11,14,42,20,35,41,4,26,5,9,13,35,29,25,10,30,33,21,42,30,30,16,29,28]
costo_por_agente [39,24,6,6,46,21,44,6,50,11,36,14,23,6,31,24,13,14,50,44,49,41,4,26,5,9,13,35,31,39,10,40,33,21,42,30,30,18,31,30]
completion_time_por_agente [39,24,6,7,59,21,54,6,51,11,37,16,26,7,46,24,15,14,55,65,71,41,4,27,5,9,13,35,32,53,11,57,33,21,42,31,32,18,31,32]
tiempo_ultimo_agente_goal 71
tiempo_en_acabar 71
tiempo_promedio 29.525000
agentes_en_goal 40
bad_good_total_rate_pred [1087,1372,2459,0.6]
push_out_count 55
RUN 5
valores_ideales [39,24,6,6,34,21,38,6,50,11,34,14,17,4,21,24,11,14,42,20,35,41,4,26,5,9,13,35,29,25,10,30,33,21,42,30,30,16,29,28]
costo_por_agente [39,26,6,8,36,25,38,6,50,13,36,14,27,4,23,24,13,14,46,34,39,41,4,26,5,9,13,35,29,25,12,30,35,21,42,30,30,18,31,30]
completion_time_por_agente [39,26,6,10,39,26,41,7,51,13,36,14,30,4,24,24,15,14,51,37,41,41,4,27,5,9,13,36,29,31,14,33,36,21,42,31,32,18,31,31]
tiempo_ultimo_agente_goal 51
tiempo_en_acabar 51
tiempo_promedio 25.799999
agentes_en_goal 40
bad_good_total_rate_pred [696,992,1688,0.6]
push_out_count 61
RUN 6
valores_ideales [39,24,6,6,34,21,38,6,50,11,34,14,17,4,21,24,11,14,42,20,35,41,4,26,5,9,13,35,29,25,10,30,33,21,42,30,30,16,29,28]
costo_por_agente [39,24,6,6,38,21,42,6,50,13,36,14,17,6,21,24,13,14,52,46,43,41,4,26,5,9,13,35,29,25,12,36,37,21,42,30,32,18,31,32]
completion_time_por_agente [39,24,6,6,43,21,46,6,52,13,36,16,17,7,22,24,14,14,54,59,61,41,4,27,5,9,13,37,29,31,14,47,37,21,42,31,32,18,31,33]
tiempo_ultimo_agente_goal 61
tiempo_en_acabar 61
tiempo_promedio 27.049999
agentes_en_goal 40
bad_good_total_rate_pred [842,978,1820,0.5]
push_out_count 67
RUN 7
valores_ideales [39,24,6,6,34,21,38,6,50,11,34,14,17,4,21,24,11,14,42,20,35,41,4,26,5,9,13,35,29,25,10,30,33,21,42,30,30,16,29,28]
costo_por_agente [39,24,6,6,38,23,38,6,50,11,36,16,17,6,23,24,15,14,44,34,39,41,4,26,5,9,13,35,29,27,10,30,35,21,42,32,30,24,31,30]
completion_time_por_agente [39,25,6,6,39,24,38,6,50,14,36,16,17,7,25,24,16,14,46,41,40,41,4,28,5,9,13,35,29,29,10,33,36,21,42,34,32,30,31,31]
tiempo_ultimo_agente_goal 50
tiempo_en_acabar 50
tiempo_promedio 25.549999
agentes_en_goal 40
bad_good_total_rate_pred [690,958,1648,0.6]
push_out_count 69
RUN 8
valores_ideales [39,24,6,6,34,21,38,6,50,11,34,14,17,4,21,24,11,14,42,20,35,41,4,26,5,9,13,35,29,25,10,30,33,21,42,30,30,16,29,28]
costo_por_agente [39,26,6,6,36,21,42,6,50,11,38,14,17,4,25,24,13,14,44,36,41,41,4,26,5,9,13,35,29,29,12,30,37,21,42,30,30,18,33,28]
completion_time_por_agente [39,27,6,7,38,21,42,6,51,11,40,14,17,4,28,24,15,14,48,42,44,41,4,27,5,9,13,36,29,32,16,33,37,21,43,31,32,18,33,28]
tiempo_ultimo_agente_goal 51
tiempo_en_acabar 51
tiempo_promedio 25.650000
agentes_en_goal 40
bad_good_total_rate_pred [669,889,1558,0.6]
push_out_count 72
RUN 9
valores_ideales [39,24,6,6,34,21,38,6,50,11,34,14,17,4,21,24,11,14,42,20,35,41,4,26,5,9,13,35,29,25,10,30,33,21,42,30,30,16,29,28]
costo_por_agente [39,24,6,6,40,25,44,6,50,11,36,14,17,4,39,24,13,14,46,40,37,43,4,26,5,9,13,35,29,25,12,34,35,21,42,30,30,42,35,30]
completion_time_por_agente [39,24,6,7,46,27,52,6,51,11,36,14,17,4,51,24,14,14,53,47,39,48,4,27,5,9,13,35,29,25,14,37,35,21,45,31,32,55,41,30]
tiempo_ultimo_agente_goal 55
tiempo_en_acabar 55
tiempo_promedio 27.950001
agentes_en_goal 40
bad_good_total_rate_pred [943,1116,2059,0.5]
push_out_count 81
RUN 10
valores_ideales [39,24,6,6,34,21,38,6,50,11,34,14,17,4,21,24,11,14,42,20,35,41,4,26,5,9,13,35,29,25,10,30,33,21,42,30,30,16,29,28]
costo_por_agente [39,24,6,6,38,23,42,6,50,11,36,16,17,6,29,24,13,14,44,38,39,41,4,26,5,9,15,35,31,33,12,42,35,21,42,30,30,18,31,30]
completion_time_por_agente [39,24,6,6,40,24,46,6,51,11,36,17,17,7,33,24,15,14,44,45,46,41,4,27,5,9,15,36,32,37,12,57,35,21,42,31,32,18,31,31]
tiempo_ultimo_agente_goal 57
tiempo_en_acabar 57
tiempo_promedio 26.674999
agentes_en_goal 40
bad_good_total_rate_pred [813,945,1758,0.5]
push_out_count 88
RUN 11
valores_ideales [39,24,6,6,34,21,38,6,50,11,34,14,17,4,21,24,11,14,42,20,35,41,4,26,5,9,13,35,29,25,10,30,33,21,42,30,30,16,29,28]
costo_por_agente [39,24,6,8,36,23,38,6,50,11,36,14,17,4,31,24,15,14,44,36,37,41,4,26,5,9,13,37,31,29,12,34,33,21,42,30,30,18,31,30]
completion_time_por_agente [39,24,6,8,37,24,39,6,52,11,36,16,17,4,36,24,16,14,48,44,41,41,4,27,5,9,13,39,32,38,14,40,33,21,42,31,32,18,31,31]
tiempo_ultimo_agente_goal 52
tiempo_en_acabar 52
tiempo_promedio 26.075001
agentes_en_goal 40
bad_good_total_rate_pred [701,1075,1776,0.6]
push_out_count 93
RUN 12
valores_ideales [39,24,6,6,34,21,38,6,50,11,34,14,17,4,21,24,11,14,42,20,35,41,4,26,5,9,13,35,29,25,10,30,33,21,42,30,30,16,29,28]
costo_por_agente [39,24,6,6,36,21,42,6,50,15,40,14,17,6,27,24,13,14,44,40,49,43,4,26,5,9,13,35,29,25,12,30,37,21,42,32,32,18,33,30]
completion_time_por_agente [39,25,6,6,37,21,46,6,50,17,44,16,17,7,30,24,14,14,45,51,56,48,4,27,5,9,13,35,29,31,14,32,37,21,42,33,34,18,39,32]
tiempo_ultimo_agente_goal 56
tiempo_en_acabar 56
tiempo_promedio 26.850000
agentes_en_goal 40
bad_good_total_rate_pred [777,934,1711,0.5]
push_out_count 97
RUN 13
valores_ideales [39,24,6,6,34,21,38,6,50,11,34,14,17,4,21,24,11,14,42,20,35,41,4,26,5,9,13,35,29,25,10,30,33,21,42,30,30,16,29,28]
costo_por_agente [39,24,6,6,36,25,42,6,50,11,36,14,19,6,33,24,13,14,46,38,37,41,4,26,5,9,13,35,29,25,12,42,43,21,44,30,38,18,31,30]
completion_time_por_agente [39,27,6,7,39,29,52,6,51,11,38,16,20,7,42,24,17,14,46,43,40,43,4,27,5,9,13,35,31,28,14,56,56,21,50,31,39,18,34,31]
tiempo_ultimo_agente_goal 56
tiempo_en_acabar 56
tiempo_promedio 27.975000
agentes_en_goal 40
bad_good_total_rate_pred [884,1088,1972,0.6]
push_out_count 109
RUN 14
valores_ideales [39,24,6,6,34,21,38,6,50,11,34,14,17,4,21,24,11,14,42,20,35,41,4,26,5,9,13,35,29,25,10,30,33,21,42,30,30,16,29,28]
costo_por_agente [39,24,6,6,38,29,46,6,50,11,36,14,17,6,31,24,15,14,44,54,49,41,4,26,5,9,13,35,29,45,10,32,35,21,42,30,30,18,33,28]
completion_time_por_agente [39,24,6,7,39,30,55,6,51,13,39,16,17,7,39,24,17,14,46,78,61,43,4,27,5,9,13,36,31,64,10,38,35,21,42,32,33,18,33,28]
tiempo_ultimo_agente_goal 78
tiempo_en_acabar 78
tiempo_promedio 28.750000
agentes_en_goal 40
bad_good_total_rate_pred [925,1166,2091,0.6]
push_out_count 130
RUN 15
valores_ideales [39,24,6,6,34,21,38,6,50,11,34,14,17,4,21,24,11,14,42,20,35,41,4,26,5,9,13,35,29,25,10,30,33,21,42,30,30,16,29,28]
costo_por_agente [39,24,6,6,54,21,38,6,52,11,36,14,17,8,23,24,13,14,42,44,37,41,4,26,5,9,13,35,29,25,12,46,37,21,42,30,30,32,31,30]
completion_time_por_agente [39,24,6,7,60,21,39,6,52,11,36,15,17,9,23,24,15,14,42,49,37,41,4,27,5,9,13,37,29,25,14,65,37,21,42,31,32,36,31,31]
tiempo_ultimo_agente_goal 65
tiempo_en_acabar 65
tiempo_promedio 26.900000
agentes_en_goal 40
bad_good_total_rate_pred [731,959,1690,0.6]
push_out_count 138
RUN 16
valores_ideales [39,24,6,6,34,21,38,6,50,11,34,14,17,4,21,24,11,14,42,20,35,41,4,26,5,9,13,35,29,25,10,30,33,21,42,30,30,16,29,28]
costo_por_agente [39,26,6,6,50,21,40,6,50,11,40,14,17,6,31,24,19,14,42,40,45,41,4,28,5,9,13,35,29,31,10,36,37,21,42,32,30,18,33,34]
completion_time_por_agente [39,27,6,7,59,21,43,6,51,11,43,16,17,7,39,24,24,14,42,59,59,41,4,32,5,9,13,36,29,38,10,40,37,21,42,33,32,18,33,35]
tiempo_ultimo_agente_goal 59
tiempo_en_acabar 59
tiempo_promedio 28.049999
agentes_en_goal 40
bad_good_total_rate_pred [873,1028,1901,0.5]
push_out_count 150
RUN 17
valores_ideales [39,24,6,6,34,21,38,6,50,11,34,14,17,4,21,24,11,14,42,20,35,41,4,26,5,9,13,35,29,25,10,30,33,21,42,30,30,16,29,28]
costo_por_agente [39,24,6,8,36,25,40,6,50,13,36,14,25,4,23,24,13,14,46,38,39,41,4,26,5,9,13,35,29,29,12,44,35,21,42,30,30,18,31,28]
completion_time_por_agente [39,24,6,8,38,26,41,6,51,13,36,15,26,4,24,24,14,14,49,44,44,41,4,27,5,9,13,35,29,42,14,61,36,21,42,31,32,18,31,31]
tiempo_ultimo_agente_goal 61
tiempo_en_acabar 61
tiempo_promedio 26.700001
agentes_en_goal 40
bad_good_total_rate_pred [677,991,1668,0.6]
push_out_count 162
RUN 18
valores_ideales [39,24,6,6,34,21,38,6,50,11,34,14,17,4,21,24,11,14,42,20,35,41,4,26,5,9,13,35,29,25,10,30,33,21,42,30,30,16,29,28]
costo_por_agente [39,24,6,6,38,23,42,6,52,13,36,14,19,6,25,24,13,14,42,42,37,43,4,26,5,9,13,35,31,35,12,40,37,21,42,30,30,18,31,30]
completion_time_por_agente [39,24,6,6,38,25,51,6,58,13,38,16,21,7,30,24,15,14,42,52,39,48,4,27,5,9,13,37,32,44,14,53,39,21,42,31,32,18,39,31]
tiempo_ultimo_agente_goal 58
tiempo_en_acabar 58
tiempo_promedio 27.575001
agentes_en_goal 40
bad_good_total_rate_pred [865,963,1828,0.5]
push_out_count 172
RUN 19
valores_ideales [39,24,6,6,34,21,38,6,50,11,34,14,17,4,21,24,11,14,42,20,35,41,4,26,5,9,13,35,29,25,10,30,33,21,42,30,30,16,29,28]
costo_por_agente [39,24,6,6,36,27,40,6,50,13,36,16,17,6,25,24,13,14,44,34,41,43,4,26,5,9,15,35,31,27,12,34,35,21,42,30,30,18,31,28]
completion_time_por_agente [39,24,6,7,38,28,43,6,51,13,38,17,17,7,28,24,15,14,46,40,48,48,4,27,5,9,15,36,32,31,12,43,35,21,43,31,32,18,33,33]
tiempo_ultimo_agente_goal 51
tiempo_en_acabar 51
tiempo_promedio 26.424999
agentes_en_goal 40
bad_good_total_rate_pred [779,924,1703,0.5]
push_out_count 178
RUN 20
valores_ideales [39,24,6,6,34,21,38,6,50,11,34,14,17,4,21,24,11,14,42,20,35,41,4,26,5,9,13,35,29,25,10,30,33,21,42,30,30,16,29,28]
costo_por_agente [39,24,6,6,38,25,38,6,50,11,36,14,25,6,27,24,19,14,44,42,37,47,4,26,5,9,13,35,31,33,12,32,35,21,44,30,30,18,33,32]
completion_time_por_agente [39,24,6,7,41,26,48,6,53,11,38,14,30,7,28,24,24,14,46,58,38,57,4,27,5,9,13,38,32,38,14,35,35,21,51,32,32,18,35,35]
tiempo_ultimo_agente_goal 58
tiempo_en_acabar 58
tiempo_promedio 27.825001
agentes_en_goal 40
bad_good_total_rate_pred [891,1067,1958,0.5]
push_out_count 189
RUN 21
valores_ideales [39,24,6,6,34,21,38,6,50,11,34,14,17,4,21,24,11,14,42,20,35,41,4,26,5,9,13,35,29,25,10,30,33,21,42,30,30,16,29,28]
costo_por_agente [39,24,6,6,36,23,38,6,50,11,36,14,23,4,23,24,17,14,44,38,39,41,4,26,5,9,13,35,31,27,12,32,35,21,42,30,30,18,31,30]
completion_time_por_agente [39,24,6,7,36,26,39,6,50,11,37,14,26,4,24,24,24,14,45,40,43,41,4,29,5,9,13,35,32,31,14,32,38,21,42,32,33,18,33,33]
tiempo_ultimo_agente_goal 50
tiempo_en_acabar 50
tiempo_promedio 25.850000
agentes_en_goal 40
bad_good_total_rate_pred [776,991,1767,0.6]
push_out_count 191
RUN 22
valores_ideales [39,24,6,6,34,21,38,6,50,11,34,14,17,4,21,24,11,14,42,20,35,41,4,26,5,9,13,35,29,25,10,30,33,21,42,30,30,16,29,28]
costo_por_agente [39,26,6,6,40,21,42,6,50,11,36,16,19,4,39,24,15,14,44,36,39,41,4,26,5,9,13,35,29,37,12,32,35,21,42,30,30,18,31,30]
completion_time_por_agente [39,26,6,7,49,21,47,6,50,11,37,17,20,4,52,24,16,14,49,44,42,41,4,29,5,9,13,35,29,47,14,35,36,21,42,31,32,18,36,30]
tiempo_ultimo_agente_goal 52
tiempo_en_acabar 52
tiempo_promedio 27.200001
agentes_en_goal 40
bad_good_total_rate_pred [864,1067,1931,0.6]
push_out_count 201
RUN 23
valores_ideales [39,24,6,6,34,21,38,6,50,11,34,14,17,4,21,24,11,14,42,20,35,41,4,26,5,9,13,35,29,25,10,30,33,21,42,30,30,16,29,28]
costo_por_agente [39,24,6,6,36,23,40,6,50,11,40,14,23,6,25,24,17,14,44,40,37,41,4,26,5,9,13,35,29,31,12,38,33,21,42,30,32,18,31,30]
completion_time_por_agente [39,24,6,9,37,24,40,6,51,11,47,16,29,7,28,24,22,14,48,45,39,41,4,27,5,9,13,37,30,42,14,45,33,21,42,33,34,18,31,32]
tiempo_ultimo_agente_goal 51
tiempo_en_acabar 51
tiempo_promedio 26.924999
agentes_en_goal 40
bad_good_total_rate_pred [746,988,1734,0.6]
push_out_count 208
RUN 24
valores_ideales [39,24,6,6,34,21,38,6,50,11,34,14,17,4,21,24,11,14,42,20,35,41,4,26,5,9,13,35,29,25,10,30,33,21,42,30,30,16,29,28]
costo_por_agente [39,24,6,8,34,23,38,6,50,11,36,14,31,6,23,24,15,14,44,32,35,41,4,26,5,9,13,35,29,25,12,30,35,21,42,32,30,26,33,30]
completion_time_por_agente [39,24,6,8,34,24,38,6,50,11,37,15,42,7,27,24,17,14,45,35,35,41,4,27,5,9,15,35,29,25,12,31,35,21,48,34,35,30,33,30]
tiempo_ultimo_agente_goal 50
tiempo_en_acabar 50
tiempo_promedio 25.924999
agentes_en_goal 40
bad_good_total_rate_pred [676,970,1646,0.6]
push_out_count 213
RUN 25
valores_ideales [39,24,6,6,34,21,38,6,50,11,34,14,17,4,21,24,11,14,42,20,35,41,4,26,5,9,13,35,29,25,10,30,33,21,42,30,30,16,29,28]
costo_por_agente [39,24,6,6,34,25,38,6,50,11,36,14,29,6,29,24,17,14,44,36,39,41,4,26,5,9,13,35,29,25,12,32,37,21,44,30,36,18,39,30]
completion_time_por_agente [39,24,6,6,35,26,38,6,51,11,38,16,34,7,31,24,22,14,46,39,41,41,4,31,5,9,13,36,29,27,14,33,38,21,44,31,41,18,49,30]
tiempo_ultimo_agente_goal 51
tiempo_en_acabar 51
tiempo_promedio 26.700001
agentes_en_goal 40
bad_good_total_rate_pred [722,966,1688,0.6]
push_out_count 219
RUN 26
valores_ideales [39,24,6,6,34,21,38,6,50,11,34,14,17,4,21,24,11,14,42,20,35,41,4,26,5,9,13,35,29,25,10,30,33,21,42,30,30,16,29,28]
costo_por_agente [39,24,6,6,38,23,38,6,50,11,36,14,27,4,25,24,13,14,44,38,37,41,4,26,5,9,13,35,29,25,12,32,35,21,42,30,30,18,31,28]
completion_time_por_agente [39,24,6,7,39,24,38,6,51,11,37,14,38,4,26,24,15,14,44,39,39,41,4,27,5,9,13,35,29,28,14,33,36,21,42,31,32,18,31,28]
tiempo_ultimo_agente_goal 51
tiempo_en_acabar 51
tiempo_promedio 25.400000
agentes_en_goal 40
bad_good_total_rate_pred [707,865,1572,0.6]
push_out_count 224
RUN 27
valores_ideales [39,24,6,6,34,21,38,6,50,11,34,14,17,4,21,24,11,14,42,20,35,41,4,26,5,9,13,35,29,25,10,30,33,21,42,30,30,16,29,28]
costo_por_agente [39,24,6,6,36,27,40,6,50,13,38,16,23,6,23,24,13,14,44,32,35,41,4,26,5,9,13,35,31,25,12,30,37,21,42,30,32,24,31,28]
completion_time_por_agente [39,24,6,9,36,28,41,6,50,13,42,16,31,7,23,24,15,14,45,40,35,42,4,27,5,9,13,35,32,25,14,34,40,21,42,32,33,28,32,32]
tiempo_ultimo_agente_goal 50
tiempo_en_acabar 50
tiempo_promedio 26.100000
agentes_en_goal 40
bad_good_total_rate_pred [746,992,1738,0.6]
push_out_count 229
RUN 28
valores_ideales [39,24,6,6,34,21,38,6,50,11,34,14,17,4,21,24,11,14,42,20,35,41,4,26,5,9,13,35,29,25,10,30,33,21,42,30,30,16,29,28]
costo_por_agente [39,24,6,6,36,21,38,6,50,11,38,16,17,6,29,24,19,14,46,36,39,41,4,26,5,9,13,35,29,33,12,36,35,21,42,30,30,18,35,30]
completion_time_por_agente [39,25,6,7,37,21,39,6,51,11,42,16,17,7,30,24,24,14,48,40,42,42,4,27,5,9,13,36,29,37,14,41,37,21,42,31,32,18,41,30]
tiempo_ultimo_agente_goal 51
tiempo_en_acabar 51
tiempo_promedio 26.375000
agentes_en_goal 40
bad_good_total_rate_pred [772,948,1720,0.6]
push_out_count 232
RUN 29
valores_ideales [39,24,6,6,34,21,38,6,50,11,34,14,17,4,21,24,11,14,42,20,35,41,4,26,5,9,13,35,29,25,10,30,33,21,42,30,30,16,29,28]
costo_por_agente [39,26,6,6,38,25,38,6,50,11,36,14,25,6,25,24,13,14,44,26,35,43,4,28,5,9,13,35,29,25,12,34,37,21,42,30,30,18,33,30]
completion_time_por_agente [39,26,6,7,40,25,38,6,55,11,36,15,26,7,31,24,15,14,46,32,40,48,4,34,5,9,13,35,29,35,14,38,37,21,42,31,33,18,41,30]
tiempo_ultimo_agente_goal 55
tiempo_en_acabar 55
tiempo_promedio 26.400000
agentes_en_goal 40
bad_good_total_rate_pred [938,960,1898,0.5]
push_out_count 235
RUN 30
valores_ideales [39,24,6,6,34,21,38,6,50,11,34,14,17,4,21,24,11,14,42,20,35,41,4,26,5,9,13,35,29,25,10,30,33,21,42,30,30,16,29,28]
costo_por_agente [39,24,6,6,38,25,46,6,50,11,36,16,25,4,29,24,13,14,44,42,45,41,4,26,5,9,13,35,29,35,12,34,35,21,42,30,30,18,31,30]
completion_time_por_agente [39,24,6,7,39,26,50,6,51,11,37,16,26,4,35,24,15,14,44,55,52,41,4,27,5,9,13,35,29,51,14,43,36,21,42,31,32,18,31,31]
tiempo_ultimo_agente_goal 55
tiempo_en_acabar 55
tiempo_promedio 27.350000
agentes_en_goal 40
bad_good_total_rate_pred [825,1027,1852,0.6]
push_out_count 244
RUN 31
valores_ideales [39,24,6,6,34,21,38,6,50,11,34,14,17,4,21,24,11,14,42,20,35,41,4,26,5,9,13,35,29,25,10,30,33,21,42,30,30,16,29,28]
costo_por_agente [39,24,6,6,36,21,40,6,50,11,38,14,17,4,23,24,15,14,44,34,35,41,4,26,5,9,13,35,29,25,14,30,37,21,42,30,30,26,29,28]
completion_time_por_agente [39,24,6,7,37,21,42,6,50,11,39,14,17,4,25,24,17,14,45,44,35,42,4,27,5,9,13,35,29,25,15,33,37,21,42,32,33,31,29,29]
tiempo_ultimo_agente_goal 50
tiempo_en_acabar 50
tiempo_promedio 25.299999
agentes_en_goal 40
bad_good_total_rate_pred [671,904,1575,0.6]
push_out_count 245
RUN 32
valores_ideales [39,24,6,6,34,21,38,6,50,11,34,14,17,4,21,24,11,14,42,20,35,41,4,26,5,9,13,35,29,25,10,30,33,21,42,30,30,16,29,28]
costo_por_agente [39,24,6,6,34,25,38,6,50,11,36,14,17,6,23,24,13,14,44,30,35,41,4,26,5,9,13,35,29,25,12,30,33,21,42,30,30,24,37,30]
completion_time_por_agente [39,24,6,6,34,26,38,6,50,11,37,14,17,7,25,24,15,14,45,33,35,43,4,27,5,9,13,35,29,25,14,32,33,21,42,31,32,27,41,31]
tiempo_ultimo_agente_goal 50
tiempo_en_acabar 50
tiempo_promedio 25.000000
agentes_en_goal 40
bad_good_total_rate_pred [618,871,1489,0.6]
push_out_count 246
RUN 33
valores_ideales [39,24,6,6,34,21,38,6,50,11,34,14,17,4,21,24,11,14,42,20,35,41,4,26,5,9,13,35,29,25,10,30,33,21,42,30,30,16,29,28]
costo_por_agente [39,24,6,6,38,25,40,6,50,11,40,14,19,4,29,24,13,14,46,38,37,41,4,26,5,9,13,35,29,29,10,32,35,21,50,30,32,18,37,30]
completion_time_por_agente [39,24,6,6,38,28,41,6,51,11,46,14,20,4,31,24,15,14,46,51,39,41,4,27,5,9,13,35,29,34,10,36,36,21,51,34,35,18,43,30]
tiempo_ultimo_agente_goal 51
tiempo_en_acabar 51
tiempo_promedio 26.625000
agentes_en_goal 40
bad_good_total_rate_pred [771,982,1753,0.6]
push_out_count 252
RUN 34
valores_ideales [39,24,6,6,34,21,38,6,50,11,34,14,17,4,21,24,11,14,42,20,35,41,4,26,5,9,13,35,29,25,10,30,33,21,42,30,30,16,29,28]
costo_por_agente [39,24,6,6,36,21,38,6,50,11,36,16,17,6,27,24,19,14,44,28,41,41,4,26,5,9,13,35,31,29,12,40,37,21,42,30,32,18,31,28]
completion_time_por_agente [39,24,6,7,37,21,39,6,50,13,36,17,17,7,29,24,24,14,45,28,41,41,4,29,5,9,13,35,33,33,14,53,37,21,42,31,32,18,32,32]
tiempo_ultimo_agente_goal 53
tiempo_en_acabar 53
tiempo_promedio 25.950001
agentes_en_goal 40
bad_good_total_rate_pred [743,870,1613,0.5]
push_out_count 259
RUN 35
valores_ideales [39,24,6,6,34,21,38,6,50,11,34,14,17,4,21,24,11,14,42,20,35,41,4,26,5,9,13,35,29,25,10,30,33,21,42,30,30,16,29,28]
costo_por_agente [39,24,6,6,36,21,40,6,50,13,36,14,17,4,23,24,13,14,44,38,35,41,4,26,5,9,13,35,31,25,12,30,37,21,42,30,32,18,31,30]
completion_time_por_agente [39,24,6,6,37,21,40,6,50,13,36,16,17,4,27,24,15,14,45,41,35,41,4,26,5,9,13,35,32,27,12,31,37,21,42,32,33,18,31,32]
tiempo_ultimo_agente_goal 50
tiempo_en_acabar 50
tiempo_promedio 24.924999
agentes_en_goal 40
bad_good_total_rate_pred [647,879,1526,0.6]
push_out_count 259
RUN 36
valores_ideales [39,24,6,6,34,21,38,6,50,11,34,14,17,4,21,24,11,14,42,20,35,41,4,26,5,9,13,35,29,25,10,30,33,21,42,30,30,16,29,28]
costo_por_agente [39,24,6,6,34,25,38,6,50,11,36,14,23,4,23,24,13,14,44,46,37,43,4,26,5,9,13,35,29,25,12,34,35,21,42,30,32,18,31,30]
completion_time_por_agente [39,24,6,6,35,26,38,6,51,11,38,15,25,4,24,24,16,14,44,64,39,48,4,27,5,9,13,37,29,28,14,35,35,21,43,32,33,18,34,30]
tiempo_ultimo_agente_goal 64
tiempo_en_acabar 64
tiempo_promedio 26.100000
agentes_en_goal 40
bad_good_total_rate_pred [741,891,1632,0.5]
push_out_count 265
RUN 37
valores_ideales [39,24,6,6,34,21,38,6,50,11,34,14,17,4,21,24,11,14,42,20,35,41,4,26,5,9,13,35,29,25,10,30,33,21,42,30,30,16,29,28]
costo_por_agente [39,26,6,6,42,41,40,6,50,11,40,14,19,6,35,24,13,14,44,38,39,41,4,26,5,9,13,35,29,25,12,30,37,21,42,30,30,18,35,30]
completion_time_por_agente [39,26,6,7,49,51,45,6,51,11,42,15,19,7,41,24,15,14,44,49,41,42,4,27,5,9,13,36,29,28,14,33,41,21,45,32,32,18,40,30]
tiempo_ultimo_agente_goal 51
tiempo_en_acabar 51
tiempo_promedio 27.525000
agentes_en_goal 40
bad_good_total_rate_pred [823,1023,1846,0.6]
push_out_count 274
RUN 38
valores_ideales [39,24,6,6,34,21,38,6,50,11,34,14,17,4,21,24,11,14,42,20,35,41,4,26,5,9,13,35,29,25,10,30,33,21,42,30,30,16,29,28]
costo_por_agente [39,24,6,6,42,21,38,6,50,11,36,16,25,4,41,24,13,14,44,42,39,41,4,26,5,9,13,35,31,29,12,34,37,21,42,30,32,18,31,32]
completion_time_por_agente [40,24,6,9,46,21,46,6,51,11,36,16,25,4,55,24,15,14,45,57,41,41,4,27,5,9,13,36,32,40,14,42,37,21,42,31,32,18,32,37]
tiempo_ultimo_agente_goal 57
tiempo_en_acabar 57
tiempo_promedio 27.625000
agentes_en_goal 40
bad_good_total_rate_pred [839,1015,1854,0.5]
push_out_count 288
RUN 39
valores_ideales [39,24,6,6,34,21,38,6,50,11,34,14,17,4,21,24,11,14,42,20,35,41,4,26,5,9,13,35,29,25,10,30,33,21,42,30,30,16,29,28]
costo_por_agente [39,24,6,6,48,23,40,6,50,11,36,14,17,6,23,24,25,14,46,54,39,41,4,26,5,9,13,37,29,43,12,48,35,21,42,32,32,18,31,28]
completion_time_por_agente [39,24,6,6,69,24,52,6,51,11,38,14,17,8,27,24,27,14,49,80,41,41,4,27,5,9,13,37,32,61,14,59,35,21,42,37,37,18,31,28]
tiempo_ultimo_agente_goal 80
tiempo_en_acabar 80
tiempo_promedio 29.450001
agentes_en_goal 40
bad_good_total_rate_pred [984,1231,2215,0.6]
push_out_count 310
