RUN 0
valores_ideales [41,40,52,25,14,10,52,16,22,6,4,29,44,12,28,48,46,3,34,31,7,13,42,11,16,39,26,32,42,41,17,13,30,26,19,9,31,39,5,28,22,36,40,35,5,10,20,8,36,38,46,6,2,9,10,23,7,26,9,37,36,10,21,39,32,15,20,26,35,41,25,23,42,48,22,41,23,17,13,26,11,28,40,22,36,23,20,27,32,19,34,35,35,5,43,21,33,44,6,5,25,18,5,36,31,33,31,17,19,12,33,29,12,10,38,47,12,34,37,20,36,15,22,43,30,10,36,29,45,42,31,46,20,2,20,37,47,24,41,32]
costo_por_agente [59,52,60,69,28,10,54,16,66,6,10,115,54,12,62,68,54,3,54,77,9,13,52,19,16,71,84,56,44,93,29,79,58,92,31,13,35,77,5,44,68,88,104,45,5,12,22,12,66,54,56,16,2,11,28,35,23,66,67,59,106,26,37,81,50,19,22,26,99,75,83,37,56,54,24,91,29,17,13,44,13,34,50,62,36,29,78,35,90,55,58,37,53,5,55,29,103,88,66,7,71,20,5,50,57,61,65,19,21,12,73,39,14,10,50,61,14,50,81,34,96,15,52,85,54,14,46,87,87,80,47,48,24,2,34,75,67,34,61,54]
completion_time_por_agente [74,70,88,112,47,11,61,19,101,8,14,171,75,12,100,121,71,3,69,128,10,13,67,21,16,111,132,82,54,138,42,157,93,145,45,18,39,124,7,62,125,133,186,60,5,16,24,17,100,75,71,24,2,11,43,51,38,102,135,83,194,49,47,126,72,25,23,27,145,123,149,51,69,67,26,141,32,18,14,70,13,37,63,105,36,34,123,44,150,99,91,44,77,5,74,39,195,142,133,7,110,25,5,63,83,93,107,19,24,12,130,53,15,10,60,97,15,83,131,52,147,15,81,124,77,15,74,137,143,141,72,58,26,2,51,118,100,35,76,69]
tiempo_ultimo_agente_goal 195
tiempo_en_acabar 195
tiempo_promedio 69.707146
agentes_en_goal 140
bad_good_total_rate_pred [37794,31464,69258,0.5]
push_out_count 663
RUN 1
valores_ideales [41,40,52,25,14,10,52,16,22,6,4,29,44,12,28,48,46,3,34,31,7,13,42,11,16,39,26,32,42,41,17,13,30,26,19,9,31,39,5,28,22,36,40,35,5,10,20,8,36,38,46,6,2,9,10,23,7,26,9,37,36,10,21,39,32,15,20,26,35,41,25,23,42,48,22,41,23,17,13,26,11,28,40,22,36,23,20,27,32,19,34,35,35,5,43,21,33,44,6,5,25,18,5,36,31,33,31,17,19,12,33,29,12,10,38,47,12,34,37,20,36,15,22,43,30,10,36,29,45,42,31,46,20,2,20,37,47,24,41,32]
costo_por_agente [45,54,66,105,40,10,70,16,90,6,8,89,56,14,66,80,56,3,92,61,7,13,54,15,16,57,114,82,48,107,131,97,102,102,39,9,31,99,9,58,76,112,96,57,9,16,28,8,108,66,74,6,2,11,16,39,7,88,37,107,66,28,29,87,58,15,20,26,57,91,129,29,54,80,22,57,23,17,15,46,31,48,46,76,42,51,98,37,104,25,80,43,93,5,51,49,77,72,6,5,63,18,9,50,85,109,93,17,27,12,59,41,20,10,60,71,14,52,67,26,116,17,124,81,86,14,108,71,89,94,53,50,48,2,28,57,71,26,53,44]
completion_time_por_agente [54,76,88,186,54,10,95,16,136,8,10,169,75,14,106,109,75,3,170,100,7,13,72,24,16,96,210,143,59,148,214,183,185,185,55,10,34,176,9,87,123,190,177,67,9,25,28,12,188,111,95,7,2,13,25,51,7,155,63,171,79,41,39,149,73,20,20,26,94,166,236,37,78,118,23,80,24,20,18,82,51,65,56,112,53,102,187,45,199,34,116,55,139,6,71,74,113,91,6,5,91,20,9,60,150,185,163,17,30,12,84,55,24,10,78,88,14,82,85,28,212,23,187,118,152,15,174,94,136,153,68,62,70,2,38,77,88,27,76,49]
tiempo_ultimo_agente_goal 236
tiempo_en_acabar 236
tiempo_promedio 79.342857
agentes_en_goal 140
bad_good_total_rate_pred [42294,33633,75927,0.4]
push_out_count 1544
RUN 2
valores_ideales [41,40,52,25,14,10,52,16,22,6,4,29,44,12,28,48,46,3,34,31,7,13,42,11,16,39,26,32,42,41,17,13,30,26,19,9,31,39,5,28,22,36,40,35,5,10,20,8,36,38,46,6,2,9,10,23,7,26,9,37,36,10,21,39,32,15,20,26,35,41,25,23,42,48,22,41,23,17,13,26,11,28,40,22,36,23,20,27,32,19,34,35,35,5,43,21,33,44,6,5,25,18,5,36,31,33,31,17,19,12,33,29,12,10,38,47,12,34,37,20,36,15,22,43,30,10,36,29,45,42,31,46,20,2,20,37,47,24,41,32]
costo_por_agente [51,50,90,115,28,10,116,16,92,6,4,85,52,14,34,140,48,3,60,91,7,13,86,21,16,81,46,60,48,75,91,33,74,72,35,9,35,83,5,42,126,60,84,51,9,14,24,14,96,92,78,30,2,25,64,95,9,72,41,67,48,18,35,81,46,19,22,28,109,77,47,35,84,58,24,57,25,17,13,46,21,34,50,70,38,31,138,37,74,25,108,37,61,5,147,25,63,128,26,5,131,20,9,44,63,99,69,17,29,12,91,45,16,10,54,103,14,126,55,38,56,15,82,49,64,22,56,151,71,54,99,50,34,4,24,47,85,28,105,56]
completion_time_por_agente [60,72,128,168,38,11,192,21,158,10,5,132,60,17,39,244,68,3,92,144,9,13,123,26,16,133,65,81,59,112,125,63,121,105,50,10,43,132,7,62,246,105,121,75,9,14,33,21,164,154,131,59,2,31,113,186,10,143,61,106,70,28,45,117,53,19,30,29,195,122,73,44,138,84,28,78,29,17,14,70,26,36,57,129,43,39,262,45,100,28,187,40,111,5,234,30,99,202,53,5,193,20,11,53,83,171,103,17,36,12,150,69,17,10,66,149,18,216,72,55,81,15,106,62,110,25,76,252,98,72,165,62,44,4,25,54,128,28,149,81]
tiempo_ultimo_agente_goal 262
tiempo_en_acabar 262
tiempo_promedio 78.378571
agentes_en_goal 140
bad_good_total_rate_pred [41301,34453,75754,0.5]
push_out_count 2407
RUN 3
valores_ideales [41,40,52,25,14,10,52,16,22,6,4,29,44,12,28,48,46,3,34,31,7,13,42,11,16,39,26,32,42,41,17,13,30,26,19,9,31,39,5,28,22,36,40,35,5,10,20,8,36,38,46,6,2,9,10,23,7,26,9,37,36,10,21,39,32,15,20,26,35,41,25,23,42,48,22,41,23,17,13,26,11,28,40,22,36,23,20,27,32,19,34,35,35,5,43,21,33,44,6,5,25,18,5,36,31,33,31,17,19,12,33,29,12,10,38,47,12,34,37,20,36,15,22,43,30,10,36,29,45,42,31,46,20,2,20,37,47,24,41,32]
costo_por_agente [65,60,106,143,42,10,52,22,170,6,4,115,80,12,80,76,116,3,114,137,7,15,106,21,16,157,86,44,42,105,83,31,92,108,41,9,35,75,5,40,72,104,62,77,5,14,20,16,58,76,56,10,2,13,40,159,7,134,25,129,46,14,53,65,42,17,20,26,71,103,71,33,82,140,32,57,23,17,15,30,13,42,100,88,36,43,78,45,80,33,80,43,117,5,135,33,79,156,88,7,63,18,5,42,109,149,129,17,23,12,69,37,14,10,54,59,12,74,59,38,86,15,36,93,56,16,56,85,65,84,99,54,32,6,24,51,105,26,61,60]
completion_time_por_agente [97,83,180,249,65,13,54,22,266,7,5,162,148,12,122,125,170,3,195,259,7,17,187,23,16,253,165,53,43,161,166,64,158,179,69,10,42,126,7,56,121,155,78,118,6,19,22,25,94,126,67,17,2,14,68,279,7,247,42,209,67,17,77,97,49,18,22,27,130,162,109,42,146,249,39,76,25,20,16,38,16,60,180,151,38,59,130,67,125,53,139,54,203,5,226,49,132,261,167,10,91,20,6,56,188,252,194,17,28,12,80,46,16,10,78,83,16,139,85,57,143,15,50,148,69,23,76,143,98,134,169,69,47,6,27,70,155,30,89,74]
tiempo_ultimo_agente_goal 279
tiempo_en_acabar 279
tiempo_promedio 88.678574
agentes_en_goal 140
bad_good_total_rate_pred [49254,40275,89529,0.4]
push_out_count 3435
RUN 4
valores_ideales [41,40,52,25,14,10,52,16,22,6,4,29,44,12,28,48,46,3,34,31,7,13,42,11,16,39,26,32,42,41,17,13,30,26,19,9,31,39,5,28,22,36,40,35,5,10,20,8,36,38,46,6,2,9,10,23,7,26,9,37,36,10,21,39,32,15,20,26,35,41,25,23,42,48,22,41,23,17,13,26,11,28,40,22,36,23,20,27,32,19,34,35,35,5,43,21,33,44,6,5,25,18,5,36,31,33,31,17,19,12,33,29,12,10,38,47,12,34,37,20,36,15,22,43,30,10,36,29,45,42,31,46,20,2,20,37,47,24,41,32]
costo_por_agente [71,46,96,143,24,10,56,18,100,8,8,55,46,18,120,130,78,3,74,173,7,13,58,33,18,47,68,86,58,63,61,53,80,54,61,17,31,61,9,36,150,68,68,87,5,10,32,12,70,46,86,8,2,11,62,85,7,92,39,99,56,26,27,65,48,17,22,26,139,85,35,35,48,68,34,87,23,17,13,38,11,48,40,86,36,47,146,39,78,33,94,37,63,7,49,37,53,80,56,9,75,20,7,72,127,131,51,19,31,12,63,55,18,10,52,69,16,132,55,38,50,17,82,65,98,20,48,121,67,90,39,52,40,4,28,61,61,26,61,46]
completion_time_por_agente [125,64,141,242,28,10,65,20,179,10,10,71,56,25,240,242,117,3,118,280,8,13,83,40,18,58,121,135,79,93,105,107,143,76,97,28,33,82,9,52,275,109,110,153,5,10,36,17,103,72,156,8,2,11,115,127,7,152,70,164,76,50,37,96,59,19,24,28,255,119,38,40,63,110,47,130,26,20,14,55,16,69,52,164,36,69,264,53,140,60,141,38,89,8,74,52,82,122,111,11,130,20,8,109,228,256,77,19,41,12,102,90,25,10,69,87,25,231,76,54,70,18,122,106,156,25,69,239,98,144,47,56,54,4,38,85,97,27,83,62]
tiempo_ultimo_agente_goal 280
tiempo_en_acabar 280
tiempo_promedio 81.099998
agentes_en_goal 140
bad_good_total_rate_pred [40449,35513,75962,0.5]
push_out_count 4445
RUN 5
valores_ideales [41,40,52,25,14,10,52,16,22,6,4,29,44,12,28,48,46,3,34,31,7,13,42,11,16,39,26,32,42,41,17,13,30,26,19,9,31,39,5,28,22,36,40,35,5,10,20,8,36,38,46,6,2,9,10,23,7,26,9,37,36,10,21,39,32,15,20,26,35,41,25,23,42,48,22,41,23,17,13,26,11,28,40,22,36,23,20,27,32,19,34,35,35,5,43,21,33,44,6,5,25,18,5,36,31,33,31,17,19,12,33,29,12,10,38,47,12,34,37,20,36,15,22,43,30,10,36,29,45,42,31,46,20,2,20,37,47,24,41,32]
costo_por_agente [55,50,70,125,30,10,66,16,108,6,4,65,58,12,122,78,76,3,90,131,7,13,80,21,16,113,54,44,42,125,107,29,122,170,25,9,33,111,5,44,38,118,58,53,7,10,24,12,74,122,60,8,2,11,52,85,9,114,35,121,56,20,43,81,42,17,24,30,91,117,43,37,72,108,22,63,27,17,13,40,13,54,56,128,36,47,112,47,110,29,78,37,75,5,77,81,131,124,6,5,101,18,7,58,107,129,115,17,25,12,69,45,16,10,44,63,12,110,115,52,62,17,90,135,40,32,54,105,125,56,99,62,46,2,26,57,79,28,79,68]
completion_time_por_agente [85,64,85,225,40,11,83,16,184,7,5,96,82,12,199,106,120,3,150,230,7,14,132,29,17,179,74,70,47,206,195,41,216,253,27,9,36,176,7,68,56,190,85,82,7,14,28,18,122,202,74,15,2,13,93,153,9,192,58,215,88,34,70,129,51,26,31,32,176,203,60,50,116,185,22,92,30,19,15,53,16,75,71,238,39,69,222,65,205,40,132,42,137,6,119,134,239,199,8,5,180,18,10,85,181,225,191,17,29,12,106,63,17,10,55,82,14,210,195,86,96,18,142,241,53,50,72,195,221,83,181,85,71,2,33,85,139,35,106,96]
tiempo_ultimo_agente_goal 253
tiempo_en_acabar 253
tiempo_promedio 89.764282
agentes_en_goal 140
bad_good_total_rate_pred [47777,40873,88650,0.5]
push_out_count 5585
RUN 6
valores_ideales [41,40,52,25,14,10,52,16,22,6,4,29,44,12,28,48,46,3,34,31,7,13,42,11,16,39,26,32,42,41,17,13,30,26,19,9,31,39,5,28,22,36,40,35,5,10,20,8,36,38,46,6,2,9,10,23,7,26,9,37,36,10,21,39,32,15,20,26,35,41,25,23,42,48,22,41,23,17,13,26,11,28,40,22,36,23,20,27,32,19,34,35,35,5,43,21,33,44,6,5,25,18,5,36,31,33,31,17,19,12,33,29,12,10,38,47,12,34,37,20,36,15,22,43,30,10,36,29,45,42,31,46,20,2,20,37,47,24,41,32]
costo_por_agente [43,48,60,93,20,10,56,16,48,8,4,53,60,12,58,66,54,3,108,103,7,13,60,31,16,57,132,68,52,115,107,23,94,104,25,9,33,75,5,46,90,132,48,41,9,10,24,24,72,48,58,74,2,11,56,39,7,88,45,47,56,22,33,67,36,17,26,26,51,93,115,41,54,58,22,59,23,17,21,36,15,40,98,104,36,59,56,39,102,37,110,45,95,5,45,39,75,84,6,5,123,18,7,56,87,89,49,17,27,12,109,39,14,10,58,61,14,98,67,56,64,29,70,55,54,28,62,57,93,82,109,54,46,2,42,81,87,30,61,66]
completion_time_por_agente [53,60,76,157,20,11,65,16,85,12,5,79,80,13,88,95,69,3,188,180,7,13,81,49,16,68,236,90,61,199,216,39,146,209,32,11,40,91,7,61,164,233,60,44,11,15,29,45,102,64,67,146,2,12,92,48,7,158,84,59,76,38,59,115,48,21,31,27,85,161,217,67,76,76,25,79,25,19,25,52,18,54,171,187,37,93,109,55,171,57,186,49,147,6,59,56,140,135,8,6,213,21,10,70,132,153,62,17,31,12,201,46,17,11,84,78,16,171,83,97,97,45,106,82,73,49,100,80,128,127,170,59,68,2,53,117,148,32,92,95]
tiempo_ultimo_agente_goal 236
tiempo_en_acabar 236
tiempo_promedio 77.021431
agentes_en_goal 140
bad_good_total_rate_pred [39644,34114,73758,0.5]
push_out_count 6482
RUN 7
valores_ideales [41,40,52,25,14,10,52,16,22,6,4,29,44,12,28,48,46,3,34,31,7,13,42,11,16,39,26,32,42,41,17,13,30,26,19,9,31,39,5,28,22,36,40,35,5,10,20,8,36,38,46,6,2,9,10,23,7,26,9,37,36,10,21,39,32,15,20,26,35,41,25,23,42,48,22,41,23,17,13,26,11,28,40,22,36,23,20,27,32,19,34,35,35,5,43,21,33,44,6,5,25,18,5,36,31,33,31,17,19,12,33,29,12,10,38,47,12,34,37,20,36,15,22,43,30,10,36,29,45,42,31,46,20,2,20,37,47,24,41,32]
costo_por_agente [69,74,74,95,20,10,72,16,128,6,4,159,48,12,160,150,78,3,124,119,7,13,60,35,16,133,132,60,56,79,59,87,114,100,31,11,35,67,7,60,120,68,44,85,5,12,20,16,76,48,52,8,2,13,18,65,7,114,19,133,100,26,51,111,50,15,20,26,133,113,169,35,96,126,22,49,23,17,15,38,13,40,66,38,36,35,170,33,104,49,114,41,105,9,91,55,59,176,8,5,93,18,5,74,139,149,109,17,21,12,115,41,14,10,120,73,12,82,151,32,148,17,42,51,90,34,46,101,85,62,147,52,34,2,26,81,107,28,71,52]
completion_time_por_agente [104,126,106,153,21,10,100,17,211,9,5,256,54,12,300,246,115,3,215,202,7,13,82,38,16,212,229,88,76,120,106,152,199,165,44,14,35,90,7,89,215,100,51,137,5,16,21,26,115,57,58,13,2,13,26,94,7,203,32,227,158,35,77,183,74,16,21,26,243,173,281,41,140,211,22,64,27,17,19,70,16,57,101,60,38,39,321,36,164,67,167,53,174,16,150,90,89,309,12,6,149,20,7,109,258,279,194,19,21,12,192,53,17,10,227,99,13,128,230,48,257,17,59,61,117,50,56,158,125,81,241,58,42,2,32,122,191,28,115,77]
tiempo_ultimo_agente_goal 321
tiempo_en_acabar 321
tiempo_promedio 95.014282
agentes_en_goal 140
bad_good_total_rate_pred [51822,42493,94315,0.5]
push_out_count 7714
RUN 8
valores_ideales [41,40,52,25,14,10,52,16,22,6,4,29,44,12,28,48,46,3,34,31,7,13,42,11,16,39,26,32,42,41,17,13,30,26,19,9,31,39,5,28,22,36,40,35,5,10,20,8,36,38,46,6,2,9,10,23,7,26,9,37,36,10,21,39,32,15,20,26,35,41,25,23,42,48,22,41,23,17,13,26,11,28,40,22,36,23,20,27,32,19,34,35,35,5,43,21,33,44,6,5,25,18,5,36,31,33,31,17,19,12,33,29,12,10,38,47,12,34,37,20,36,15,22,43,30,10,36,29,45,42,31,46,20,2,20,37,47,24,41,32]
costo_por_agente [71,72,54,91,24,10,58,16,92,8,4,85,60,12,70,76,62,3,90,113,7,13,58,15,16,97,130,62,78,105,97,15,110,98,43,9,33,87,7,74,80,104,104,67,5,10,20,18,68,74,54,6,2,11,38,85,7,120,55,107,62,20,25,115,38,15,22,30,121,119,93,25,50,98,24,63,25,19,13,60,13,50,60,66,36,79,122,37,76,45,108,39,91,5,57,63,69,126,6,5,121,18,5,60,109,73,123,19,27,12,85,51,14,10,72,79,12,124,57,34,118,15,60,59,70,18,62,57,117,134,73,60,66,4,22,57,123,30,53,50]
completion_time_por_agente [104,109,63,143,26,10,75,16,170,9,5,149,78,12,121,118,79,3,137,200,7,14,75,19,16,137,229,97,113,183,163,26,189,172,58,11,37,124,8,119,126,169,175,104,5,13,23,25,111,114,62,7,2,11,73,143,7,214,94,183,73,36,28,204,45,17,23,32,195,213,132,31,60,161,25,85,32,22,14,98,13,73,79,114,36,133,212,49,108,75,153,42,154,6,74,108,112,210,10,5,219,18,6,82,172,110,225,20,29,12,137,69,18,10,99,121,13,219,64,40,177,17,108,76,118,23,91,68,207,195,124,74,93,5,23,85,199,32,63,67]
tiempo_ultimo_agente_goal 229
tiempo_en_acabar 229
tiempo_promedio 85.035713
agentes_en_goal 140
bad_good_total_rate_pred [43665,37905,81570,0.5]
push_out_count 8775
RUN 9
valores_ideales [41,40,52,25,14,10,52,16,22,6,4,29,44,12,28,48,46,3,34,31,7,13,42,11,16,39,26,32,42,41,17,13,30,26,19,9,31,39,5,28,22,36,40,35,5,10,20,8,36,38,46,6,2,9,10,23,7,26,9,37,36,10,21,39,32,15,20,26,35,41,25,23,42,48,22,41,23,17,13,26,11,28,40,22,36,23,20,27,32,19,34,35,35,5,43,21,33,44,6,5,25,18,5,36,31,33,31,17,19,12,33,29,12,10,38,47,12,34,37,20,36,15,22,43,30,10,36,29,45,42,31,46,20,2,20,37,47,24,41,32]
costo_por_agente [103,70,98,115,30,10,52,20,114,6,4,165,50,12,162,138,50,3,82,133,7,15,84,27,18,67,178,68,68,121,175,25,96,54,29,9,33,115,5,42,132,208,84,107,5,10,54,24,118,46,66,8,2,11,22,97,7,90,107,99,78,26,23,173,54,19,22,30,119,81,209,31,60,130,22,63,27,17,17,60,13,40,66,94,36,27,94,47,102,67,102,35,95,5,75,49,51,150,12,5,131,22,11,50,127,119,53,17,21,12,39,49,20,12,66,135,12,138,211,30,78,15,168,107,108,18,70,149,181,46,115,54,44,4,22,77,85,32,61,62]
completion_time_por_agente [168,100,165,195,33,10,63,24,204,8,5,313,68,12,272,212,64,3,145,278,7,16,138,44,18,104,336,105,114,198,356,44,168,83,32,10,38,167,7,59,230,340,141,183,5,11,77,40,219,68,82,10,2,11,35,168,7,156,194,165,107,52,25,302,77,24,24,37,228,152,365,41,88,201,23,75,38,19,20,79,14,51,99,151,37,33,144,66,203,118,168,38,172,5,118,81,82,246,19,5,234,25,15,72,216,213,78,17,29,12,53,70,24,12,98,234,15,223,340,37,144,15,294,187,187,31,117,267,340,50,203,64,54,5,30,122,134,38,83,76]
tiempo_ultimo_agente_goal 365
tiempo_en_acabar 365
tiempo_promedio 105.821426
agentes_en_goal 140
bad_good_total_rate_pred [58232,50226,108458,0.5]
push_out_count 10263
RUN 10
valores_ideales [41,40,52,25,14,10,52,16,22,6,4,29,44,12,28,48,46,3,34,31,7,13,42,11,16,39,26,32,42,41,17,13,30,26,19,9,31,39,5,28,22,36,40,35,5,10,20,8,36,38,46,6,2,9,10,23,7,26,9,37,36,10,21,39,32,15,20,26,35,41,25,23,42,48,22,41,23,17,13,26,11,28,40,22,36,23,20,27,32,19,34,35,35,5,43,21,33,44,6,5,25,18,5,36,31,33,31,17,19,12,33,29,12,10,38,47,12,34,37,20,36,15,22,43,30,10,36,29,45,42,31,46,20,2,20,37,47,24,41,32]
costo_por_agente [51,46,98,75,22,10,84,16,94,8,80,109,50,12,44,96,52,3,64,89,9,15,58,15,16,99,52,42,70,101,115,37,70,114,23,9,31,75,5,44,116,84,44,53,5,12,22,12,98,70,52,12,2,15,38,113,7,122,69,55,122,20,27,65,46,15,20,26,83,75,43,41,52,80,38,63,25,17,15,34,11,56,134,126,38,59,112,37,110,47,102,43,135,7,51,27,87,76,6,5,87,18,9,72,51,73,101,17,23,12,61,39,30,12,46,81,14,96,79,44,84,15,46,55,52,26,122,97,77,98,117,48,34,4,38,59,51,30,49,46]
completion_time_por_agente [74,53,149,129,29,10,131,16,157,8,154,185,53,12,55,141,56,3,98,138,9,15,80,16,17,160,78,51,101,153,221,71,95,210,29,10,31,122,7,70,175,131,58,79,6,20,24,17,136,96,59,16,2,15,60,199,7,209,125,74,177,29,31,105,66,18,22,27,129,119,57,66,65,117,42,100,33,20,17,60,14,81,217,211,41,93,208,49,193,70,173,45,239,9,68,39,122,120,8,6,154,18,15,112,72,124,161,17,24,12,94,55,42,13,61,124,14,167,103,64,131,16,60,73,81,36,197,163,116,147,188,54,45,4,58,87,66,36,57,56]
tiempo_ultimo_agente_goal 239
tiempo_en_acabar 239
tiempo_promedio 79.485718
agentes_en_goal 140
bad_good_total_rate_pred [42282,32620,74902,0.4]
push_out_count 11161
RUN 11
valores_ideales [41,40,52,25,14,10,52,16,22,6,4,29,44,12,28,48,46,3,34,31,7,13,42,11,16,39,26,32,42,41,17,13,30,26,19,9,31,39,5,28,22,36,40,35,5,10,20,8,36,38,46,6,2,9,10,23,7,26,9,37,36,10,21,39,32,15,20,26,35,41,25,23,42,48,22,41,23,17,13,26,11,28,40,22,36,23,20,27,32,19,34,35,35,5,43,21,33,44,6,5,25,18,5,36,31,33,31,17,19,12,33,29,12,10,38,47,12,34,37,20,36,15,22,43,30,10,36,29,45,42,31,46,20,2,20,37,47,24,41,32]
costo_por_agente [119,90,60,61,22,10,64,16,100,6,4,67,64,12,124,132,58,3,74,57,7,13,52,27,16,51,64,50,80,109,75,65,40,64,35,27,33,107,9,48,122,106,156,93,5,24,20,12,112,66,48,6,2,11,38,47,9,76,33,69,52,24,47,73,52,17,20,26,67,157,97,45,66,48,28,79,23,17,15,38,13,46,56,98,36,63,128,43,128,57,120,35,61,5,55,31,73,94,6,5,109,22,5,50,93,125,63,17,35,12,61,53,18,10,158,115,14,74,45,56,134,15,78,109,108,18,60,85,91,56,67,88,50,2,24,105,65,30,95,74]
completion_time_por_agente [198,145,79,109,32,10,87,19,157,8,5,106,88,13,219,225,67,3,108,84,7,14,65,29,17,60,118,66,130,180,111,121,60,96,42,53,34,199,9,60,227,172,274,154,5,46,20,12,194,96,57,9,2,11,73,61,9,121,52,112,70,47,86,117,67,18,20,27,96,265,163,69,96,57,37,139,25,17,15,53,13,67,68,169,37,97,232,54,223,88,233,41,78,6,82,44,89,128,6,7,205,23,6,69,153,203,89,17,42,12,82,82,19,10,260,183,15,98,56,86,222,16,130,163,176,30,91,147,140,85,102,138,63,2,28,183,76,31,156,126]
tiempo_ultimo_agente_goal 274
tiempo_en_acabar 274
tiempo_promedio 85.721428
agentes_en_goal 140
bad_good_total_rate_pred [42127,38320,80447,0.5]
push_out_count 12248
RUN 12
valores_ideales [41,40,52,25,14,10,52,16,22,6,4,29,44,12,28,48,46,3,34,31,7,13,42,11,16,39,26,32,42,41,17,13,30,26,19,9,31,39,5,28,22,36,40,35,5,10,20,8,36,38,46,6,2,9,10,23,7,26,9,37,36,10,21,39,32,15,20,26,35,41,25,23,42,48,22,41,23,17,13,26,11,28,40,22,36,23,20,27,32,19,34,35,35,5,43,21,33,44,6,5,25,18,5,36,31,33,31,17,19,12,33,29,12,10,38,47,12,34,37,20,36,15,22,43,30,10,36,29,45,42,31,46,20,2,20,37,47,24,41,32]
costo_por_agente [51,64,62,67,16,10,54,16,72,6,4,55,58,12,58,70,66,15,78,73,7,13,82,23,16,77,118,50,42,99,77,19,78,136,31,9,51,57,9,64,70,132,102,47,5,10,24,12,68,94,58,6,2,19,32,51,11,60,13,61,50,24,55,107,48,17,46,28,67,123,39,25,50,52,22,149,25,17,13,40,13,50,110,80,36,65,82,31,126,39,72,39,79,5,53,41,121,58,134,5,109,18,7,60,83,87,145,19,37,12,139,47,16,10,56,63,12,90,57,36,56,15,50,61,86,10,86,77,105,48,45,62,58,4,24,53,59,28,69,54]
completion_time_por_agente [83,94,72,119,19,13,57,19,133,13,5,75,74,12,93,106,101,16,136,125,7,14,147,45,16,124,208,72,45,176,129,23,116,228,36,9,70,80,12,96,113,241,154,68,5,13,32,18,113,159,73,8,2,19,42,73,15,96,27,96,52,31,107,176,61,19,75,28,86,186,52,29,69,67,24,236,29,17,16,62,14,82,205,124,36,91,145,43,211,56,116,43,149,5,76,63,204,92,241,5,191,18,7,92,143,135,221,21,49,12,238,73,19,13,79,84,13,145,77,49,81,16,70,93,141,12,133,140,191,69,63,87,80,4,33,71,69,30,117,69]
tiempo_ultimo_agente_goal 241
tiempo_en_acabar 241
tiempo_promedio 78.971428
agentes_en_goal 140
bad_good_total_rate_pred [41479,35099,76578,0.5]
push_out_count 13130
RUN 13
valores_ideales [41,40,52,25,14,10,52,16,22,6,4,29,44,12,28,48,46,3,34,31,7,13,42,11,16,39,26,32,42,41,17,13,30,26,19,9,31,39,5,28,22,36,40,35,5,10,20,8,36,38,46,6,2,9,10,23,7,26,9,37,36,10,21,39,32,15,20,26,35,41,25,23,42,48,22,41,23,17,13,26,11,28,40,22,36,23,20,27,32,19,34,35,35,5,43,21,33,44,6,5,25,18,5,36,31,33,31,17,19,12,33,29,12,10,38,47,12,34,37,20,36,15,22,43,30,10,36,29,45,42,31,46,20,2,20,37,47,24,41,32]
costo_por_agente [71,60,52,83,16,10,106,18,34,6,48,43,52,14,86,112,116,3,124,127,7,15,126,23,16,67,32,68,98,123,103,43,110,112,41,11,35,117,9,62,146,94,48,57,7,12,34,12,76,108,70,6,2,11,32,103,7,78,29,87,80,28,31,63,42,21,22,28,71,61,93,43,80,74,28,125,27,17,15,42,15,44,48,102,36,35,64,37,128,39,78,37,59,5,129,37,89,126,38,5,53,18,9,42,85,129,157,17,27,12,101,35,16,10,54,129,14,70,157,30,102,15,90,93,78,26,98,75,73,62,83,58,54,2,30,79,75,30,81,42]
completion_time_por_agente [89,85,55,123,19,11,157,20,38,7,98,54,66,14,153,191,202,3,200,216,7,16,230,30,16,95,44,111,169,196,176,78,208,204,77,16,39,210,20,107,217,152,66,89,9,19,38,20,104,165,91,7,2,12,47,198,7,131,44,132,124,37,34,87,59,29,22,31,104,96,136,65,117,120,36,191,35,19,16,69,16,67,60,186,37,41,119,41,193,57,119,37,98,5,236,52,162,212,69,5,85,19,13,48,150,229,242,17,32,12,179,44,17,10,81,215,15,107,242,43,169,16,171,138,115,37,146,141,113,86,120,75,84,2,34,137,115,32,130,65]
tiempo_ultimo_agente_goal 242
tiempo_en_acabar 242
tiempo_promedio 88.321426
agentes_en_goal 140
bad_good_total_rate_pred [47734,38235,85969,0.4]
push_out_count 14208
RUN 14
valores_ideales [41,40,52,25,14,10,52,16,22,6,4,29,44,12,28,48,46,3,34,31,7,13,42,11,16,39,26,32,42,41,17,13,30,26,19,9,31,39,5,28,22,36,40,35,5,10,20,8,36,38,46,6,2,9,10,23,7,26,9,37,36,10,21,39,32,15,20,26,35,41,25,23,42,48,22,41,23,17,13,26,11,28,40,22,36,23,20,27,32,19,34,35,35,5,43,21,33,44,6,5,25,18,5,36,31,33,31,17,19,12,33,29,12,10,38,47,12,34,37,20,36,15,22,43,30,10,36,29,45,42,31,46,20,2,20,37,47,24,41,32]
costo_por_agente [63,56,76,123,24,10,56,16,124,6,28,55,54,12,30,140,54,3,68,119,7,13,90,19,16,105,58,52,46,119,35,23,104,94,45,11,33,73,7,42,44,114,56,71,5,16,38,14,112,58,84,8,2,59,48,31,11,56,59,105,68,24,23,83,42,17,20,26,65,111,117,31,54,104,24,57,23,17,13,34,13,52,62,34,36,53,128,43,112,33,62,39,61,5,77,31,81,64,30,7,115,30,5,56,103,125,119,17,35,12,111,53,16,10,66,103,14,112,65,28,56,19,58,83,84,16,52,123,89,76,55,58,42,4,28,51,87,28,55,38]
completion_time_por_agente [95,72,122,201,25,10,75,16,206,7,57,72,69,14,35,231,62,3,103,218,8,14,149,26,16,189,86,81,58,162,52,47,179,131,72,13,36,114,7,61,67,191,71,99,5,18,63,17,189,80,146,9,2,99,77,34,13,102,109,195,112,50,32,139,54,23,24,26,103,194,189,39,58,175,26,83,24,18,14,60,16,79,91,52,36,88,233,71,166,48,91,42,82,6,106,42,129,108,56,8,187,42,9,82,192,202,176,17,50,12,207,81,17,10,95,159,15,214,101,31,88,28,102,129,150,25,77,220,123,132,79,70,58,5,36,68,141,33,71,41]
tiempo_ultimo_agente_goal 233
tiempo_en_acabar 233
tiempo_promedio 81.057144
agentes_en_goal 140
bad_good_total_rate_pred [40830,36324,77154,0.5]
push_out_count 15185
RUN 15
valores_ideales [41,40,52,25,14,10,52,16,22,6,4,29,44,12,28,48,46,3,34,31,7,13,42,11,16,39,26,32,42,41,17,13,30,26,19,9,31,39,5,28,22,36,40,35,5,10,20,8,36,38,46,6,2,9,10,23,7,26,9,37,36,10,21,39,32,15,20,26,35,41,25,23,42,48,22,41,23,17,13,26,11,28,40,22,36,23,20,27,32,19,34,35,35,5,43,21,33,44,6,5,25,18,5,36,31,33,31,17,19,12,33,29,12,10,38,47,12,34,37,20,36,15,22,43,30,10,36,29,45,42,31,46,20,2,20,37,47,24,41,32]
costo_por_agente [63,52,82,97,28,10,52,16,82,10,4,129,46,12,80,100,56,3,78,103,7,13,54,33,18,81,114,56,42,83,69,25,110,102,29,11,31,99,7,38,100,56,70,51,9,12,44,12,68,68,56,46,2,13,30,61,7,60,29,85,50,18,33,111,36,23,22,28,73,71,37,37,52,60,24,49,25,17,13,48,15,42,50,120,36,55,22,49,88,43,82,45,55,5,59,43,59,88,98,5,113,24,11,54,93,77,99,19,45,12,53,43,14,10,54,63,16,72,75,34,60,15,58,83,98,40,54,49,81,70,55,62,40,4,32,51,69,30,71,56]
completion_time_por_agente [82,75,119,167,31,11,60,18,145,12,5,201,60,12,151,175,72,3,135,175,7,13,73,46,18,111,180,92,49,137,126,40,185,175,43,15,37,174,9,54,160,90,121,74,9,13,59,16,111,92,80,99,2,13,45,100,7,89,62,137,67,30,46,193,46,37,27,30,134,120,45,57,70,90,24,58,29,18,14,78,17,53,63,180,37,90,36,73,126,53,127,56,83,5,84,67,101,134,169,5,180,35,14,65,150,124,182,19,61,12,77,61,17,11,76,95,17,112,106,46,92,17,98,152,158,68,77,88,142,131,84,80,49,4,40,66,91,32,106,89]
tiempo_ultimo_agente_goal 201
tiempo_en_acabar 201
tiempo_promedio 75.485718
agentes_en_goal 140
bad_good_total_rate_pred [39148,31634,70782,0.4]
push_out_count 15993
RUN 16
valores_ideales [41,40,52,25,14,10,52,16,22,6,4,29,44,12,28,48,46,3,34,31,7,13,42,11,16,39,26,32,42,41,17,13,30,26,19,9,31,39,5,28,22,36,40,35,5,10,20,8,36,38,46,6,2,9,10,23,7,26,9,37,36,10,21,39,32,15,20,26,35,41,25,23,42,48,22,41,23,17,13,26,11,28,40,22,36,23,20,27,32,19,34,35,35,5,43,21,33,44,6,5,25,18,5,36,31,33,31,17,19,12,33,29,12,10,38,47,12,34,37,20,36,15,22,43,30,10,36,29,45,42,31,46,20,2,20,37,47,24,41,32]
costo_por_agente [61,54,100,105,40,10,74,22,108,6,8,71,52,12,70,86,62,3,62,93,7,15,62,25,16,73,56,38,44,63,123,69,74,100,41,9,31,101,5,82,100,98,94,51,5,12,22,26,46,82,60,6,2,11,30,83,7,40,19,75,48,40,53,83,52,17,20,30,103,95,33,31,76,66,24,59,25,17,17,42,19,42,122,98,36,29,90,37,78,31,80,41,95,5,61,31,39,94,12,5,99,18,5,62,33,109,31,17,33,12,43,41,46,10,52,83,16,102,45,48,104,17,94,91,48,24,60,93,75,54,51,66,74,4,44,61,63,30,53,62]
completion_time_por_agente [85,70,157,189,58,10,102,24,189,7,14,119,61,13,120,132,76,3,98,165,7,16,79,31,16,114,86,45,53,89,194,122,100,161,53,10,32,164,7,141,179,178,147,70,5,18,24,45,62,128,83,9,2,11,44,127,7,47,30,98,57,62,68,139,88,17,21,38,197,154,49,53,115,91,27,88,36,17,19,71,25,64,189,164,39,35,180,47,115,48,113,45,141,6,90,43,53,162,19,6,149,19,6,83,34,202,32,17,43,12,58,51,62,10,65,133,26,173,57,77,196,17,166,150,75,39,88,176,110,64,60,90,141,4,59,86,83,34,71,83]
tiempo_ultimo_agente_goal 202
tiempo_en_acabar 202
tiempo_promedio 75.842857
agentes_en_goal 140
bad_good_total_rate_pred [38404,31856,70260,0.5]
push_out_count 16889
RUN 17
valores_ideales [41,40,52,25,14,10,52,16,22,6,4,29,44,12,28,48,46,3,34,31,7,13,42,11,16,39,26,32,42,41,17,13,30,26,19,9,31,39,5,28,22,36,40,35,5,10,20,8,36,38,46,6,2,9,10,23,7,26,9,37,36,10,21,39,32,15,20,26,35,41,25,23,42,48,22,41,23,17,13,26,11,28,40,22,36,23,20,27,32,19,34,35,35,5,43,21,33,44,6,5,25,18,5,36,31,33,31,17,19,12,33,29,12,10,38,47,12,34,37,20,36,15,22,43,30,10,36,29,45,42,31,46,20,2,20,37,47,24,41,32]
costo_por_agente [53,56,74,69,20,10,54,18,54,6,4,111,64,12,28,54,72,5,58,71,7,15,74,25,16,67,106,60,46,115,133,75,52,120,37,9,31,77,5,68,54,62,124,65,5,10,22,18,44,50,56,8,2,11,26,39,7,52,33,41,100,32,43,149,40,15,22,26,51,137,153,43,48,64,22,85,27,17,15,52,13,44,58,58,36,29,74,51,94,55,58,39,63,5,53,61,127,84,62,5,89,18,7,42,37,67,53,17,27,12,49,55,14,10,66,57,12,68,59,44,140,17,98,49,106,24,76,77,129,116,61,58,46,2,40,49,51,28,65,46]
completion_time_por_agente [76,76,103,94,23,11,56,20,91,7,5,175,85,15,38,70,117,8,96,111,7,16,109,35,16,96,182,85,57,196,220,144,78,214,54,10,35,128,5,102,85,86,223,93,5,14,26,24,67,64,67,8,2,12,42,54,7,75,55,48,130,64,58,232,50,18,26,27,80,257,243,45,66,84,24,140,28,17,17,83,14,58,76,104,37,31,131,70,152,98,73,43,80,5,72,96,244,126,96,6,148,19,8,50,47,109,79,18,31,12,64,92,16,10,90,71,13,118,80,64,198,18,165,70,185,38,128,137,214,193,87,77,64,3,56,78,60,30,98,51]
tiempo_ultimo_agente_goal 257
tiempo_en_acabar 257
tiempo_promedio 75.092857
agentes_en_goal 140
bad_good_total_rate_pred [40302,32073,72375,0.4]
push_out_count 17699
RUN 18
valores_ideales [41,40,52,25,14,10,52,16,22,6,4,29,44,12,28,48,46,3,34,31,7,13,42,11,16,39,26,32,42,41,17,13,30,26,19,9,31,39,5,28,22,36,40,35,5,10,20,8,36,38,46,6,2,9,10,23,7,26,9,37,36,10,21,39,32,15,20,26,35,41,25,23,42,48,22,41,23,17,13,26,11,28,40,22,36,23,20,27,32,19,34,35,35,5,43,21,33,44,6,5,25,18,5,36,31,33,31,17,19,12,33,29,12,10,38,47,12,34,37,20,36,15,22,43,30,10,36,29,45,42,31,46,20,2,20,37,47,24,41,32]
costo_por_agente [107,70,76,111,20,10,78,18,84,6,22,61,50,12,60,120,68,3,82,93,7,13,90,15,16,91,100,88,46,105,63,23,68,112,39,9,31,97,7,74,84,102,62,43,5,12,26,10,102,56,48,6,2,11,34,55,9,42,11,55,54,24,83,71,46,19,22,30,53,99,31,47,124,68,24,65,25,17,17,46,13,52,86,88,36,53,90,33,112,47,110,43,47,7,69,37,49,54,32,5,85,18,9,64,107,81,75,17,23,12,87,59,14,12,58,73,12,106,49,30,56,15,118,73,72,32,66,109,55,50,73,52,28,2,34,41,75,28,53,42]
completion_time_por_agente [189,111,117,174,26,12,125,21,113,8,28,96,62,12,111,193,88,5,131,156,7,13,141,21,16,143,175,149,54,178,120,39,109,186,55,10,33,163,9,130,144,159,91,56,5,19,34,10,166,85,54,9,2,12,58,70,9,54,14,75,89,48,145,111,61,20,24,33,74,176,32,55,224,104,26,97,27,17,19,77,19,76,150,132,38,73,160,45,173,89,184,46,69,9,96,62,75,86,54,5,124,23,16,100,162,124,127,17,25,12,126,86,18,13,94,101,13,165,57,38,97,15,194,108,122,54,94,181,73,65,113,67,31,2,44,59,102,29,78,48]
tiempo_ultimo_agente_goal 224
tiempo_en_acabar 224
tiempo_promedio 76.942856
agentes_en_goal 140
bad_good_total_rate_pred [35972,33402,69374,0.5]
push_out_count 18578
RUN 19
valores_ideales [41,40,52,25,14,10,52,16,22,6,4,29,44,12,28,48,46,3,34,31,7,13,42,11,16,39,26,32,42,41,17,13,30,26,19,9,31,39,5,28,22,36,40,35,5,10,20,8,36,38,46,6,2,9,10,23,7,26,9,37,36,10,21,39,32,15,20,26,35,41,25,23,42,48,22,41,23,17,13,26,11,28,40,22,36,23,20,27,32,19,34,35,35,5,43,21,33,44,6,5,25,18,5,36,31,33,31,17,19,12,33,29,12,10,38,47,12,34,37,20,36,15,22,43,30,10,36,29,45,42,31,46,20,2,20,37,47,24,41,32]
costo_por_agente [47,62,82,109,24,10,54,16,106,6,32,85,50,12,62,58,48,3,62,87,7,13,112,19,16,43,50,58,48,105,67,33,84,74,33,11,41,61,5,56,60,70,72,67,13,12,20,36,102,86,64,8,2,13,48,31,7,114,35,99,58,18,51,75,52,19,22,26,51,75,137,33,50,94,22,81,29,19,19,42,15,38,50,92,42,25,68,31,112,51,104,37,55,5,69,35,47,72,6,7,127,18,13,44,103,81,117,17,29,12,83,41,16,12,42,77,12,96,49,26,128,17,60,53,68,18,82,55,97,56,91,50,54,4,30,53,59,34,65,42]
completion_time_por_agente [58,93,105,186,28,11,65,16,175,8,65,142,60,16,98,79,59,3,107,129,7,15,166,24,18,46,90,85,60,158,116,59,130,128,45,12,43,97,7,76,83,109,118,109,16,17,26,66,171,151,84,14,2,13,68,37,7,202,54,170,70,26,72,114,79,23,22,27,69,119,229,45,64,158,22,112,36,23,23,60,22,49,58,169,45,30,109,37,179,91,163,38,91,5,113,47,60,108,6,8,221,18,20,52,168,133,184,17,38,12,133,53,17,12,56,105,13,162,60,29,209,19,102,70,84,32,118,94,151,82,158,64,86,5,43,68,78,37,87,53]
tiempo_ultimo_agente_goal 229
tiempo_en_acabar 229
tiempo_promedio 74.042854
agentes_en_goal 140
bad_good_total_rate_pred [37630,30582,68212,0.4]
push_out_count 19392
RUN 20
valores_ideales [41,40,52,25,14,10,52,16,22,6,4,29,44,12,28,48,46,3,34,31,7,13,42,11,16,39,26,32,42,41,17,13,30,26,19,9,31,39,5,28,22,36,40,35,5,10,20,8,36,38,46,6,2,9,10,23,7,26,9,37,36,10,21,39,32,15,20,26,35,41,25,23,42,48,22,41,23,17,13,26,11,28,40,22,36,23,20,27,32,19,34,35,35,5,43,21,33,44,6,5,25,18,5,36,31,33,31,17,19,12,33,29,12,10,38,47,12,34,37,20,36,15,22,43,30,10,36,29,45,42,31,46,20,2,20,37,47,24,41,32]
costo_por_agente [47,62,98,103,22,10,104,16,114,6,4,41,48,14,98,150,96,3,108,53,7,13,60,13,18,95,90,68,44,83,101,79,92,100,35,9,31,111,7,40,114,80,50,113,7,10,20,18,46,64,88,8,2,13,46,109,7,46,57,93,108,18,35,113,52,15,22,26,123,63,45,29,102,116,22,89,35,17,15,52,17,44,66,112,48,87,110,35,116,33,66,37,119,9,59,39,59,134,10,5,97,20,7,50,95,57,109,17,19,12,41,41,26,10,66,69,14,112,57,32,104,17,96,61,64,18,70,135,65,96,77,80,44,4,22,69,107,26,63,46]
completion_time_por_agente [59,96,170,186,26,10,166,16,208,8,5,56,59,15,177,251,161,3,192,75,9,13,88,15,18,165,142,107,54,115,165,160,162,172,48,10,34,181,13,64,227,134,74,189,7,13,20,32,60,86,142,11,2,15,77,186,7,70,91,145,179,27,52,178,70,15,26,28,194,76,58,36,180,197,22,139,45,17,19,83,25,70,91,209,70,165,198,41,187,50,103,39,192,15,84,53,86,230,15,5,169,26,8,63,158,73,188,17,19,12,49,62,28,12,106,101,16,202,90,35,173,18,161,86,93,29,121,240,86,166,144,131,66,5,24,104,170,28,86,52]
tiempo_ultimo_agente_goal 251
tiempo_en_acabar 251
tiempo_promedio 87.485718
agentes_en_goal 140
bad_good_total_rate_pred [46605,38878,85483,0.5]
push_out_count 20479
RUN 21
valores_ideales [41,40,52,25,14,10,52,16,22,6,4,29,44,12,28,48,46,3,34,31,7,13,42,11,16,39,26,32,42,41,17,13,30,26,19,9,31,39,5,28,22,36,40,35,5,10,20,8,36,38,46,6,2,9,10,23,7,26,9,37,36,10,21,39,32,15,20,26,35,41,25,23,42,48,22,41,23,17,13,26,11,28,40,22,36,23,20,27,32,19,34,35,35,5,43,21,33,44,6,5,25,18,5,36,31,33,31,17,19,12,33,29,12,10,38,47,12,34,37,20,36,15,22,43,30,10,36,29,45,42,31,46,20,2,20,37,47,24,41,32]
costo_por_agente [47,54,144,113,24,10,54,22,174,6,4,227,48,12,68,60,130,3,148,101,7,13,60,35,18,121,220,194,46,145,195,191,122,186,37,9,33,131,7,46,86,154,178,69,5,10,52,14,56,92,84,30,2,17,76,97,7,122,23,117,168,24,57,107,40,21,22,28,95,161,179,31,74,138,28,53,25,17,25,44,13,40,202,152,36,113,118,35,150,37,120,39,63,5,65,49,83,82,68,7,59,18,7,40,89,47,215,19,29,12,177,39,28,10,52,69,14,116,213,40,216,17,60,65,92,10,136,89,213,136,159,54,84,8,30,97,117,32,53,48]
completion_time_por_agente [52,78,255,189,31,10,59,27,283,7,5,415,58,12,100,85,223,5,277,169,7,13,91,45,19,212,400,286,52,252,347,401,207,331,59,10,40,203,8,72,168,276,315,104,5,13,84,24,83,161,131,49,2,28,150,193,7,207,36,196,288,41,89,175,52,33,25,34,149,269,318,36,119,245,38,67,29,17,41,69,13,52,326,258,38,217,204,38,250,54,227,42,110,6,99,79,115,137,133,9,83,19,13,45,126,84,367,22,32,12,282,54,37,10,70,97,16,191,370,62,393,20,99,102,137,12,209,153,413,222,274,67,143,15,36,173,182,35,58,51]
tiempo_ultimo_agente_goal 415
tiempo_en_acabar 415
tiempo_promedio 121.099998
agentes_en_goal 140
bad_good_total_rate_pred [76002,54037,130039,0.4]
push_out_count 22188
RUN 22
valores_ideales [41,40,52,25,14,10,52,16,22,6,4,29,44,12,28,48,46,3,34,31,7,13,42,11,16,39,26,32,42,41,17,13,30,26,19,9,31,39,5,28,22,36,40,35,5,10,20,8,36,38,46,6,2,9,10,23,7,26,9,37,36,10,21,39,32,15,20,26,35,41,25,23,42,48,22,41,23,17,13,26,11,28,40,22,36,23,20,27,32,19,34,35,35,5,43,21,33,44,6,5,25,18,5,36,31,33,31,17,19,12,33,29,12,10,38,47,12,34,37,20,36,15,22,43,30,10,36,29,45,42,31,46,20,2,20,37,47,24,41,32]
costo_por_agente [47,60,54,71,20,10,60,16,86,6,6,111,56,12,28,78,72,5,66,99,7,13,74,17,16,63,136,66,44,107,151,55,88,162,47,9,35,77,5,56,96,122,52,49,5,12,36,14,44,52,52,8,2,13,44,71,7,62,39,109,80,12,43,131,40,17,20,36,59,131,123,29,60,94,28,81,25,17,15,40,17,64,50,80,36,35,52,35,170,53,54,55,89,5,73,29,75,58,10,5,149,54,5,56,101,95,139,17,21,12,71,49,16,10,56,89,14,102,67,58,64,17,104,95,58,24,56,85,109,128,87,52,44,2,22,65,77,28,63,50]
completion_time_por_agente [68,86,69,97,26,11,69,16,156,7,11,178,62,12,28,117,109,5,108,170,8,15,108,18,16,84,220,113,48,183,270,84,137,290,66,10,36,114,7,90,142,200,68,65,5,13,50,14,54,67,65,10,2,15,85,107,7,89,71,178,108,14,72,241,57,17,20,51,82,201,193,41,84,148,36,117,29,19,17,59,22,87,74,158,37,49,76,42,284,89,79,74,149,6,105,39,119,79,15,5,250,89,6,81,177,164,231,17,22,12,124,64,17,11,88,145,19,155,77,89,89,20,186,162,85,39,81,144,197,235,151,67,60,2,23,84,108,28,89,71]
tiempo_ultimo_agente_goal 290
tiempo_en_acabar 290
tiempo_promedio 82.728569
agentes_en_goal 140
bad_good_total_rate_pred [45061,33792,78853,0.4]
push_out_count 23140
RUN 23
valores_ideales [41,40,52,25,14,10,52,16,22,6,4,29,44,12,28,48,46,3,34,31,7,13,42,11,16,39,26,32,42,41,17,13,30,26,19,9,31,39,5,28,22,36,40,35,5,10,20,8,36,38,46,6,2,9,10,23,7,26,9,37,36,10,21,39,32,15,20,26,35,41,25,23,42,48,22,41,23,17,13,26,11,28,40,22,36,23,20,27,32,19,34,35,35,5,43,21,33,44,6,5,25,18,5,36,31,33,31,17,19,12,33,29,12,10,38,47,12,34,37,20,36,15,22,43,30,10,36,29,45,42,31,46,20,2,20,37,47,24,41,32]
costo_por_agente [51,58,74,101,24,10,52,16,116,6,4,129,52,12,64,118,60,5,52,113,9,13,104,15,18,55,116,80,158,95,113,21,40,102,35,9,39,59,5,48,56,110,52,107,5,10,34,12,102,52,62,42,2,11,30,105,7,96,35,59,114,28,27,123,40,21,20,28,117,155,43,33,106,52,28,179,33,17,15,44,13,46,50,88,36,37,116,49,140,41,126,53,69,5,53,35,97,118,6,5,149,22,23,58,85,105,145,17,25,12,87,67,14,12,56,51,12,128,53,60,168,15,90,79,66,86,92,123,131,116,79,50,48,4,36,119,57,28,53,50]
completion_time_por_agente [70,75,103,169,34,11,56,17,182,8,5,218,68,15,114,202,82,7,78,191,9,13,138,19,18,82,167,137,257,145,180,41,52,152,49,10,46,83,7,78,91,176,60,189,5,13,47,13,170,70,74,82,2,11,38,179,7,177,53,87,176,45,34,194,53,31,21,30,203,261,66,40,185,66,34,269,37,19,19,67,13,60,67,156,39,42,220,63,225,50,208,68,110,6,76,54,156,192,8,5,244,28,44,80,147,182,230,17,25,12,137,104,16,15,70,62,15,210,85,87,288,15,133,127,87,171,145,215,203,181,119,67,65,4,45,196,85,34,70,64]
tiempo_ultimo_agente_goal 288
tiempo_en_acabar 288
tiempo_promedio 90.885712
agentes_en_goal 140
bad_good_total_rate_pred [55112,38371,93483,0.4]
push_out_count 24244
RUN 24
valores_ideales [41,40,52,25,14,10,52,16,22,6,4,29,44,12,28,48,46,3,34,31,7,13,42,11,16,39,26,32,42,41,17,13,30,26,19,9,31,39,5,28,22,36,40,35,5,10,20,8,36,38,46,6,2,9,10,23,7,26,9,37,36,10,21,39,32,15,20,26,35,41,25,23,42,48,22,41,23,17,13,26,11,28,40,22,36,23,20,27,32,19,34,35,35,5,43,21,33,44,6,5,25,18,5,36,31,33,31,17,19,12,33,29,12,10,38,47,12,34,37,20,36,15,22,43,30,10,36,29,45,42,31,46,20,2,20,37,47,24,41,32]
costo_por_agente [45,46,56,71,18,10,64,16,74,6,4,71,44,12,54,74,70,9,64,87,7,15,48,21,16,47,74,62,62,67,113,41,78,70,33,9,33,85,9,80,58,128,84,55,13,10,32,14,86,56,80,52,2,9,66,51,9,46,31,89,56,20,35,117,58,15,28,26,85,153,105,25,52,64,26,121,23,17,13,44,15,68,68,70,38,33,84,41,80,41,50,37,47,7,73,23,99,74,6,5,77,20,17,46,45,81,111,21,27,12,103,39,16,10,50,83,12,64,47,48,108,15,104,75,46,20,64,81,147,140,65,70,68,2,56,73,47,26,73,52]
completion_time_por_agente [54,57,64,124,22,11,98,16,116,7,5,110,50,12,89,111,108,12,100,138,7,15,61,27,16,52,114,87,102,96,197,81,115,129,51,10,34,138,10,149,96,223,141,78,16,14,44,17,119,86,117,99,2,9,118,59,10,61,59,130,66,34,57,204,95,19,38,27,140,258,159,31,68,88,36,200,25,17,14,65,17,115,94,127,40,34,142,64,137,68,58,40,51,8,115,29,148,122,6,5,121,20,24,67,61,130,169,24,35,12,163,47,22,10,65,131,13,95,59,76,176,15,172,114,63,27,96,129,247,242,107,107,121,2,85,114,53,27,124,66]
tiempo_ultimo_agente_goal 258
tiempo_en_acabar 258
tiempo_promedio 77.035713
agentes_en_goal 140
bad_good_total_rate_pred [40727,32537,73264,0.4]
push_out_count 25154
RUN 25
valores_ideales [41,40,52,25,14,10,52,16,22,6,4,29,44,12,28,48,46,3,34,31,7,13,42,11,16,39,26,32,42,41,17,13,30,26,19,9,31,39,5,28,22,36,40,35,5,10,20,8,36,38,46,6,2,9,10,23,7,26,9,37,36,10,21,39,32,15,20,26,35,41,25,23,42,48,22,41,23,17,13,26,11,28,40,22,36,23,20,27,32,19,34,35,35,5,43,21,33,44,6,5,25,18,5,36,31,33,31,17,19,12,33,29,12,10,38,47,12,34,37,20,36,15,22,43,30,10,36,29,45,42,31,46,20,2,20,37,47,24,41,32]
costo_por_agente [67,56,96,93,22,10,52,18,40,6,20,69,58,12,94,70,86,3,96,103,7,15,90,17,16,67,62,68,44,93,91,33,114,68,35,9,37,75,7,54,98,88,52,71,5,18,24,14,72,50,52,10,2,11,32,33,9,68,37,49,60,16,25,71,52,19,22,28,75,91,39,23,52,94,26,57,29,17,13,54,13,42,58,114,36,35,92,33,76,41,82,45,65,7,89,47,57,98,78,5,67,20,9,48,63,83,89,19,21,12,81,39,16,12,48,61,16,64,49,32,64,15,66,99,84,16,66,63,59,52,89,48,40,2,20,57,97,36,63,44]
completion_time_por_agente [97,83,136,171,24,10,58,22,54,7,45,110,72,13,161,94,139,3,143,186,7,18,145,23,16,94,104,118,48,151,141,59,176,100,40,9,44,104,10,83,177,135,56,125,5,24,26,20,93,70,54,17,2,11,61,41,9,107,66,75,79,33,27,116,86,27,24,31,122,150,49,29,68,151,26,71,37,19,14,79,13,47,87,180,41,45,169,43,129,65,117,52,85,9,126,80,80,159,138,5,121,21,9,60,101,144,125,19,23,12,137,50,17,13,56,85,17,87,69,43,94,17,118,161,134,16,101,97,85,68,146,51,71,2,20,82,147,48,91,50]
tiempo_ultimo_agente_goal 186
tiempo_en_acabar 186
tiempo_promedio 71.485718
agentes_en_goal 140
bad_good_total_rate_pred [34843,29412,64255,0.5]
push_out_count 25878
RUN 26
valores_ideales [41,40,52,25,14,10,52,16,22,6,4,29,44,12,28,48,46,3,34,31,7,13,42,11,16,39,26,32,42,41,17,13,30,26,19,9,31,39,5,28,22,36,40,35,5,10,20,8,36,38,46,6,2,9,10,23,7,26,9,37,36,10,21,39,32,15,20,26,35,41,25,23,42,48,22,41,23,17,13,26,11,28,40,22,36,23,20,27,32,19,34,35,35,5,43,21,33,44,6,5,25,18,5,36,31,33,31,17,19,12,33,29,12,10,38,47,12,34,37,20,36,15,22,43,30,10,36,29,45,42,31,46,20,2,20,37,47,24,41,32]
costo_por_agente [53,44,66,87,16,10,62,16,102,8,20,147,44,14,32,62,70,3,52,81,7,13,114,23,16,69,90,88,82,103,117,29,102,158,29,11,43,75,11,36,52,128,52,35,5,12,42,22,66,56,54,8,2,21,40,99,7,96,43,95,52,34,41,117,48,17,22,26,51,161,41,27,58,100,32,51,33,17,13,54,13,42,70,102,36,49,102,41,96,27,82,41,51,5,85,45,123,56,10,5,89,22,19,50,97,101,99,17,35,12,107,59,14,10,48,67,12,110,117,40,114,15,46,65,94,22,86,109,69,52,95,58,26,4,22,113,59,30,63,56]
completion_time_por_agente [73,57,78,150,23,12,82,18,175,11,26,256,49,15,39,90,77,3,82,127,8,13,179,31,17,103,166,139,138,159,207,48,179,273,46,15,50,118,14,47,77,219,65,44,5,18,61,33,92,72,60,10,2,24,74,161,7,159,83,152,72,60,60,200,63,24,22,27,79,253,45,37,84,149,39,67,39,17,14,86,14,60,98,166,38,70,175,58,140,31,116,41,60,6,109,77,233,79,17,7,142,25,36,61,159,172,173,18,58,12,187,83,16,10,64,89,13,183,208,64,184,15,80,93,152,36,101,174,100,70,148,79,32,5,22,185,76,37,92,72]
tiempo_ultimo_agente_goal 273
tiempo_en_acabar 273
tiempo_promedio 81.207146
agentes_en_goal 140
bad_good_total_rate_pred [44284,36628,80912,0.5]
push_out_count 26791
RUN 27
valores_ideales [41,40,52,25,14,10,52,16,22,6,4,29,44,12,28,48,46,3,34,31,7,13,42,11,16,39,26,32,42,41,17,13,30,26,19,9,31,39,5,28,22,36,40,35,5,10,20,8,36,38,46,6,2,9,10,23,7,26,9,37,36,10,21,39,32,15,20,26,35,41,25,23,42,48,22,41,23,17,13,26,11,28,40,22,36,23,20,27,32,19,34,35,35,5,43,21,33,44,6,5,25,18,5,36,31,33,31,17,19,12,33,29,12,10,38,47,12,34,37,20,36,15,22,43,30,10,36,29,45,42,31,46,20,2,20,37,47,24,41,32]
costo_por_agente [59,46,120,129,24,10,90,16,92,6,4,69,50,12,60,88,78,3,90,117,7,13,122,31,16,75,44,72,44,101,69,21,62,108,35,11,31,135,9,54,104,88,76,49,5,36,34,20,92,56,54,6,2,9,46,85,7,100,21,105,72,18,43,131,48,17,24,26,69,89,37,29,56,88,32,109,23,17,13,42,17,42,78,92,36,47,94,39,128,27,86,37,63,5,63,43,117,82,54,5,117,20,5,50,123,127,83,17,21,12,127,37,14,12,48,141,14,118,85,30,80,15,128,115,124,20,54,67,139,100,83,52,46,4,24,99,63,28,107,54]
completion_time_por_agente [70,57,174,230,28,10,139,16,164,7,5,110,66,12,79,140,115,3,140,206,8,14,219,37,16,117,62,128,55,181,124,37,91,194,53,13,31,226,12,87,187,141,116,78,7,66,44,24,133,78,56,7,2,10,86,132,7,180,37,161,126,30,61,215,69,19,28,28,110,128,43,33,67,135,42,179,26,19,14,68,22,57,122,152,38,63,181,50,213,35,136,44,103,6,86,58,180,126,103,5,206,20,6,69,195,235,110,17,23,12,207,55,15,12,63,242,18,211,128,45,126,15,237,218,207,31,80,108,228,184,140,63,66,5,27,152,99,32,178,79]
tiempo_ultimo_agente_goal 242
tiempo_en_acabar 242
tiempo_promedio 88.657143
agentes_en_goal 140
bad_good_total_rate_pred [47072,38441,85513,0.4]
push_out_count 27862
RUN 28
valores_ideales [41,40,52,25,14,10,52,16,22,6,4,29,44,12,28,48,46,3,34,31,7,13,42,11,16,39,26,32,42,41,17,13,30,26,19,9,31,39,5,28,22,36,40,35,5,10,20,8,36,38,46,6,2,9,10,23,7,26,9,37,36,10,21,39,32,15,20,26,35,41,25,23,42,48,22,41,23,17,13,26,11,28,40,22,36,23,20,27,32,19,34,35,35,5,43,21,33,44,6,5,25,18,5,36,31,33,31,17,19,12,33,29,12,10,38,47,12,34,37,20,36,15,22,43,30,10,36,29,45,42,31,46,20,2,20,37,47,24,41,32]
costo_por_agente [61,64,94,97,20,10,52,16,114,6,4,93,46,14,46,94,88,11,108,109,7,13,48,33,16,87,112,36,48,135,119,27,88,86,55,9,35,71,5,56,70,104,98,53,5,12,30,12,88,58,58,30,2,13,40,91,7,98,35,61,54,24,29,99,48,23,22,26,55,93,115,31,48,76,24,61,23,21,21,46,13,34,76,102,36,51,86,35,114,57,116,45,67,5,87,35,99,76,8,5,113,18,9,62,105,57,109,17,21,12,77,43,14,10,48,71,12,116,49,44,96,15,74,73,64,30,60,97,101,84,43,52,50,4,34,71,61,34,55,44]
completion_time_por_agente [82,83,153,156,23,10,58,16,192,9,5,171,50,14,65,143,129,17,193,166,7,14,57,44,16,138,205,48,60,211,188,52,150,161,89,10,38,114,7,88,99,157,170,76,5,16,47,19,133,82,81,55,2,13,70,162,7,140,47,96,72,45,37,161,69,27,24,28,84,150,199,33,62,114,25,92,26,23,22,64,15,39,119,187,39,80,164,47,216,89,198,49,88,6,131,51,145,110,14,5,203,18,12,80,170,73,189,17,21,12,126,66,16,10,67,95,15,162,63,68,179,15,113,120,105,52,91,170,174,143,62,58,85,4,41,111,87,42,69,46]
tiempo_ultimo_agente_goal 216
tiempo_en_acabar 216
tiempo_promedio 80.771431
agentes_en_goal 140
bad_good_total_rate_pred [41081,35076,76157,0.5]
push_out_count 28830
RUN 29
valores_ideales [41,40,52,25,14,10,52,16,22,6,4,29,44,12,28,48,46,3,34,31,7,13,42,11,16,39,26,32,42,41,17,13,30,26,19,9,31,39,5,28,22,36,40,35,5,10,20,8,36,38,46,6,2,9,10,23,7,26,9,37,36,10,21,39,32,15,20,26,35,41,25,23,42,48,22,41,23,17,13,26,11,28,40,22,36,23,20,27,32,19,34,35,35,5,43,21,33,44,6,5,25,18,5,36,31,33,31,17,19,12,33,29,12,10,38,47,12,34,37,20,36,15,22,43,30,10,36,29,45,42,31,46,20,2,20,37,47,24,41,32]
costo_por_agente [49,46,66,99,26,12,74,16,108,22,4,101,44,12,72,86,68,3,70,75,9,15,58,13,16,105,110,44,74,65,71,97,66,114,27,29,33,59,7,98,106,100,54,55,5,10,22,18,72,58,62,36,2,11,36,127,7,102,35,89,94,30,27,93,42,17,20,26,63,81,113,39,64,52,22,99,23,17,15,48,13,44,58,52,36,61,78,43,70,67,74,39,57,5,51,51,61,74,6,7,85,22,5,44,105,69,105,17,21,12,73,55,14,10,56,63,14,82,103,34,68,15,50,117,46,12,56,105,111,72,93,50,52,4,24,59,89,30,51,42]
completion_time_por_agente [66,56,95,171,27,12,106,19,173,38,5,155,54,12,116,119,96,5,93,129,9,15,81,16,16,168,168,63,125,85,130,178,104,194,30,48,36,91,9,168,177,164,74,80,5,13,24,19,101,82,73,65,2,11,50,204,7,173,65,152,146,63,28,154,51,19,22,26,88,120,193,58,90,64,22,140,24,17,17,78,15,61,78,89,36,104,135,63,112,118,113,43,78,6,69,88,84,124,6,10,141,25,5,49,193,118,167,17,21,12,116,82,16,11,68,79,14,126,157,48,95,16,77,189,62,13,62,169,182,107,158,56,83,4,28,75,155,37,68,45]
tiempo_ultimo_agente_goal 204
tiempo_en_acabar 204
tiempo_promedio 77.285713
agentes_en_goal 140
bad_good_total_rate_pred [42464,34802,77266,0.5]
push_out_count 29693
RUN 30
valores_ideales [41,40,52,25,14,10,52,16,22,6,4,29,44,12,28,48,46,3,34,31,7,13,42,11,16,39,26,32,42,41,17,13,30,26,19,9,31,39,5,28,22,36,40,35,5,10,20,8,36,38,46,6,2,9,10,23,7,26,9,37,36,10,21,39,32,15,20,26,35,41,25,23,42,48,22,41,23,17,13,26,11,28,40,22,36,23,20,27,32,19,34,35,35,5,43,21,33,44,6,5,25,18,5,36,31,33,31,17,19,12,33,29,12,10,38,47,12,34,37,20,36,15,22,43,30,10,36,29,45,42,31,46,20,2,20,37,47,24,41,32]
costo_por_agente [49,46,70,111,22,10,54,22,88,26,4,87,50,14,112,144,66,3,96,111,7,13,76,29,16,71,44,36,46,69,115,27,102,64,33,9,33,63,9,82,60,62,82,45,5,18,24,18,84,46,56,6,2,11,50,93,7,86,35,79,50,18,59,75,42,23,20,26,135,55,115,27,124,88,38,53,23,17,25,34,21,34,60,94,36,55,104,41,66,23,78,41,81,5,97,41,83,124,10,5,61,24,17,60,145,51,47,17,23,12,57,49,18,10,48,73,12,120,49,42,58,15,68,127,86,16,88,89,107,58,43,48,34,4,22,47,89,26,49,54]
completion_time_por_agente [68,61,85,194,25,10,60,27,160,45,5,152,65,16,207,253,91,3,156,198,7,13,110,30,16,126,67,40,53,101,191,50,159,93,48,10,34,82,9,126,77,101,156,57,5,23,27,27,138,59,74,8,2,11,85,145,7,133,62,113,69,33,99,121,50,24,20,29,254,75,205,32,222,145,55,76,27,18,39,43,22,34,85,150,36,94,199,53,92,25,117,43,148,6,186,56,116,236,18,5,98,29,23,87,245,72,56,17,23,12,88,78,19,10,73,106,14,223,65,59,86,15,129,216,131,20,129,162,188,87,54,55,37,5,25,62,153,29,58,65]
tiempo_ultimo_agente_goal 254
tiempo_en_acabar 254
tiempo_promedio 78.685715
agentes_en_goal 140
bad_good_total_rate_pred [40815,36012,76827,0.5]
push_out_count 30620
RUN 31
valores_ideales [41,40,52,25,14,10,52,16,22,6,4,29,44,12,28,48,46,3,34,31,7,13,42,11,16,39,26,32,42,41,17,13,30,26,19,9,31,39,5,28,22,36,40,35,5,10,20,8,36,38,46,6,2,9,10,23,7,26,9,37,36,10,21,39,32,15,20,26,35,41,25,23,42,48,22,41,23,17,13,26,11,28,40,22,36,23,20,27,32,19,34,35,35,5,43,21,33,44,6,5,25,18,5,36,31,33,31,17,19,12,33,29,12,10,38,47,12,34,37,20,36,15,22,43,30,10,36,29,45,42,31,46,20,2,20,37,47,24,41,32]
costo_por_agente [51,44,58,33,24,10,52,16,88,6,4,51,62,12,36,60,52,3,58,77,7,13,52,15,16,59,130,100,46,113,47,59,56,108,31,9,35,87,5,64,80,88,76,51,5,14,20,14,84,62,56,6,2,11,60,39,9,92,29,65,50,36,47,63,40,19,20,26,87,53,51,57,50,96,52,81,23,17,13,48,13,58,58,54,36,41,92,47,114,39,62,47,63,5,65,35,97,70,6,5,109,18,19,48,61,89,125,17,31,12,109,55,14,12,48,77,12,94,61,36,102,15,46,59,76,20,52,87,99,58,89,68,26,4,30,63,57,28,63,44]
completion_time_por_agente [56,60,78,47,29,10,59,16,157,9,5,67,78,12,51,87,65,3,97,131,7,14,64,18,16,82,202,146,56,184,80,104,79,182,43,10,40,134,7,85,142,137,126,79,5,20,20,19,131,99,63,9,2,11,116,56,10,171,47,110,65,78,79,90,47,25,20,29,142,80,72,102,56,161,93,130,27,22,19,69,16,86,78,90,38,66,153,65,188,55,88,56,89,5,97,53,176,93,6,5,148,20,39,60,100,138,204,17,35,12,191,77,16,13,62,109,15,161,84,48,177,16,64,83,123,29,64,147,133,86,155,82,35,5,32,82,70,33,79,50]
tiempo_ultimo_agente_goal 204
tiempo_en_acabar 204
tiempo_promedio 71.757141
agentes_en_goal 140
bad_good_total_rate_pred [35633,29950,65583,0.5]
push_out_count 31394
RUN 32
valores_ideales [41,40,52,25,14,10,52,16,22,6,4,29,44,12,28,48,46,3,34,31,7,13,42,11,16,39,26,32,42,41,17,13,30,26,19,9,31,39,5,28,22,36,40,35,5,10,20,8,36,38,46,6,2,9,10,23,7,26,9,37,36,10,21,39,32,15,20,26,35,41,25,23,42,48,22,41,23,17,13,26,11,28,40,22,36,23,20,27,32,19,34,35,35,5,43,21,33,44,6,5,25,18,5,36,31,33,31,17,19,12,33,29,12,10,38,47,12,34,37,20,36,15,22,43,30,10,36,29,45,42,31,46,20,2,20,37,47,24,41,32]
costo_por_agente [51,60,74,91,18,10,54,26,82,6,4,57,52,12,74,94,94,3,74,77,7,15,50,25,16,85,60,48,44,75,71,41,68,82,29,9,33,71,7,44,66,88,50,43,9,12,22,12,62,58,48,6,2,9,42,35,7,46,29,63,64,24,51,81,36,15,20,26,117,87,51,27,56,66,22,97,29,19,15,32,11,34,88,94,38,33,82,35,90,87,84,39,63,5,121,35,71,124,68,5,69,18,11,56,45,75,87,17,21,12,51,67,14,10,44,61,14,102,49,30,64,19,54,63,74,16,58,93,79,58,45,48,24,2,30,59,57,30,49,62]
completion_time_por_agente [64,75,119,157,18,10,61,36,139,8,5,94,67,12,107,143,147,3,113,124,7,16,66,37,16,130,107,57,58,113,118,70,107,136,40,10,36,99,8,54,105,133,66,51,9,15,24,17,90,95,58,9,2,9,63,50,7,83,42,101,83,47,78,138,45,15,21,28,215,132,73,34,70,107,23,164,42,21,17,41,13,39,130,175,42,41,137,43,135,149,133,42,92,6,213,43,110,191,135,5,92,21,17,66,56,120,150,17,24,12,67,113,15,10,51,79,14,174,72,39,105,22,90,96,113,21,83,158,118,67,61,59,27,2,35,86,79,33,72,74]
tiempo_ultimo_agente_goal 215
tiempo_en_acabar 215
tiempo_promedio 69.242859
agentes_en_goal 140
bad_good_total_rate_pred [33847,27953,61800,0.5]
push_out_count 32161
RUN 33
valores_ideales [41,40,52,25,14,10,52,16,22,6,4,29,44,12,28,48,46,3,34,31,7,13,42,11,16,39,26,32,42,41,17,13,30,26,19,9,31,39,5,28,22,36,40,35,5,10,20,8,36,38,46,6,2,9,10,23,7,26,9,37,36,10,21,39,32,15,20,26,35,41,25,23,42,48,22,41,23,17,13,26,11,28,40,22,36,23,20,27,32,19,34,35,35,5,43,21,33,44,6,5,25,18,5,36,31,33,31,17,19,12,33,29,12,10,38,47,12,34,37,20,36,15,22,43,30,10,36,29,45,42,31,46,20,2,20,37,47,24,41,32]
costo_por_agente [63,48,84,121,22,10,52,16,74,6,14,125,60,12,108,88,66,3,80,133,7,13,90,23,16,65,116,56,50,105,45,49,98,150,37,9,31,73,7,46,56,74,46,43,5,10,32,18,58,76,70,8,2,11,46,53,7,58,41,103,62,20,41,105,40,19,24,26,83,135,135,31,126,58,26,73,23,17,19,46,13,36,74,96,36,71,138,39,92,29,82,41,85,7,77,69,63,82,6,5,105,18,7,44,95,129,103,17,21,12,81,37,16,10,46,85,12,136,59,46,114,17,40,61,94,18,64,121,69,88,87,46,72,4,22,69,73,26,49,38]
completion_time_por_agente [92,65,119,208,26,10,55,19,115,8,21,209,85,12,205,142,88,3,120,239,7,15,135,28,16,93,203,86,62,153,63,91,134,250,53,10,32,92,9,67,90,110,55,58,5,13,38,30,75,98,98,11,2,13,65,103,7,106,65,185,105,28,70,170,54,26,25,28,128,222,236,33,221,88,30,109,26,18,28,72,13,45,120,169,36,118,219,54,152,36,145,42,136,7,124,129,85,131,10,5,175,18,8,47,162,213,179,17,21,12,120,45,17,10,55,119,14,229,75,55,173,17,65,90,146,22,97,230,105,135,115,49,126,5,24,102,101,26,62,48]
tiempo_ultimo_agente_goal 250
tiempo_en_acabar 250
tiempo_promedio 82.064285
agentes_en_goal 140
bad_good_total_rate_pred [44519,34486,79005,0.4]
push_out_count 33153
RUN 34
valores_ideales [41,40,52,25,14,10,52,16,22,6,4,29,44,12,28,48,46,3,34,31,7,13,42,11,16,39,26,32,42,41,17,13,30,26,19,9,31,39,5,28,22,36,40,35,5,10,20,8,36,38,46,6,2,9,10,23,7,26,9,37,36,10,21,39,32,15,20,26,35,41,25,23,42,48,22,41,23,17,13,26,11,28,40,22,36,23,20,27,32,19,34,35,35,5,43,21,33,44,6,5,25,18,5,36,31,33,31,17,19,12,33,29,12,10,38,47,12,34,37,20,36,15,22,43,30,10,36,29,45,42,31,46,20,2,20,37,47,24,41,32]
costo_por_agente [45,54,90,101,60,12,102,18,98,6,8,43,64,12,68,112,58,3,62,109,7,13,66,25,16,63,98,48,42,79,57,21,56,98,33,9,41,83,5,70,60,78,48,51,5,12,22,10,74,90,66,6,2,15,30,29,7,60,21,57,52,30,65,55,44,19,20,28,79,99,101,29,78,60,32,71,25,23,19,48,11,42,46,94,36,45,82,37,106,63,96,37,67,5,53,51,53,84,10,5,69,32,19,56,61,57,47,17,37,12,83,43,36,12,66,71,12,84,43,32,76,15,94,65,58,14,54,75,49,72,71,52,38,6,26,51,59,30,67,54]
completion_time_por_agente [60,66,138,170,94,12,154,18,166,7,15,47,92,12,115,177,82,3,97,174,7,14,94,32,16,101,156,67,45,116,94,37,92,179,43,11,55,132,7,105,116,119,68,68,5,18,27,17,112,152,98,11,2,17,48,31,7,106,27,77,68,50,114,73,63,25,20,30,131,151,175,45,124,85,45,109,32,28,24,78,16,55,49,151,36,67,168,40,156,102,143,39,88,6,69,84,71,139,15,5,94,48,25,69,100,102,65,17,48,12,128,57,47,12,101,106,12,136,48,47,121,17,171,83,91,20,71,139,74,109,113,70,48,7,31,71,88,31,98,65]
tiempo_ultimo_agente_goal 179
tiempo_en_acabar 179
tiempo_promedio 71.349998
agentes_en_goal 140
bad_good_total_rate_pred [36175,28822,64997,0.4]
push_out_count 33907
RUN 35
valores_ideales [41,40,52,25,14,10,52,16,22,6,4,29,44,12,28,48,46,3,34,31,7,13,42,11,16,39,26,32,42,41,17,13,30,26,19,9,31,39,5,28,22,36,40,35,5,10,20,8,36,38,46,6,2,9,10,23,7,26,9,37,36,10,21,39,32,15,20,26,35,41,25,23,42,48,22,41,23,17,13,26,11,28,40,22,36,23,20,27,32,19,34,35,35,5,43,21,33,44,6,5,25,18,5,36,31,33,31,17,19,12,33,29,12,10,38,47,12,34,37,20,36,15,22,43,30,10,36,29,45,42,31,46,20,2,20,37,47,24,41,32]
costo_por_agente [53,48,92,125,30,10,56,16,100,6,12,137,46,12,138,154,72,3,40,135,7,17,56,19,16,63,160,48,56,137,147,37,80,174,39,11,33,83,9,56,110,148,176,107,5,10,22,18,80,72,56,100,2,11,28,69,7,92,13,69,114,28,47,175,46,17,26,28,103,53,159,31,50,66,22,57,25,17,15,44,13,48,58,70,38,57,122,47,110,89,90,37,73,5,89,35,45,114,18,5,141,18,5,44,93,137,57,17,21,12,127,37,14,10,54,71,12,126,61,30,140,15,106,59,110,12,92,147,141,58,79,52,24,4,22,87,79,30,61,52]
completion_time_por_agente [72,53,162,220,44,10,65,16,164,8,17,246,61,12,244,264,98,3,46,229,8,17,85,21,16,86,280,70,63,256,266,72,129,289,57,15,34,144,10,94,196,271,307,186,5,14,26,19,145,111,72,185,2,11,45,117,7,151,17,119,205,47,57,310,53,22,37,31,178,71,286,41,66,97,22,82,29,18,18,70,17,73,78,137,41,91,218,58,193,167,126,41,108,7,142,54,66,193,32,5,272,18,5,54,152,238,75,17,23,12,231,50,16,10,69,103,12,222,83,39,256,16,191,91,198,15,163,252,254,89,121,65,30,5,26,127,122,30,85,73]
tiempo_ultimo_agente_goal 310
tiempo_en_acabar 310
tiempo_promedio 96.778572
agentes_en_goal 140
bad_good_total_rate_pred [54781,47454,102235,0.5]
push_out_count 35207
RUN 36
valores_ideales [41,40,52,25,14,10,52,16,22,6,4,29,44,12,28,48,46,3,34,31,7,13,42,11,16,39,26,32,42,41,17,13,30,26,19,9,31,39,5,28,22,36,40,35,5,10,20,8,36,38,46,6,2,9,10,23,7,26,9,37,36,10,21,39,32,15,20,26,35,41,25,23,42,48,22,41,23,17,13,26,11,28,40,22,36,23,20,27,32,19,34,35,35,5,43,21,33,44,6,5,25,18,5,36,31,33,31,17,19,12,33,29,12,10,38,47,12,34,37,20,36,15,22,43,30,10,36,29,45,42,31,46,20,2,20,37,47,24,41,32]
costo_por_agente [131,58,56,109,48,10,52,18,78,22,4,45,70,12,76,86,56,3,50,119,7,15,72,21,16,77,84,58,42,67,99,25,116,114,39,31,31,81,5,72,110,62,116,69,5,22,20,12,70,62,58,6,2,13,24,61,9,98,25,119,54,38,45,73,44,17,22,30,85,117,47,25,82,82,38,57,29,17,13,48,13,52,112,60,36,29,100,33,96,31,64,43,63,5,89,35,37,114,10,5,73,26,7,46,63,117,107,17,23,12,43,49,18,10,60,73,12,104,45,44,54,15,72,109,66,20,56,77,117,50,55,46,54,4,20,67,87,28,57,64]
completion_time_por_agente [201,84,68,177,72,10,55,20,120,38,5,54,102,12,143,133,69,3,70,212,7,15,102,22,16,106,157,86,43,99,197,43,212,210,51,59,31,136,6,124,187,94,183,114,5,32,24,19,124,93,67,11,2,13,31,94,15,164,46,199,72,65,75,121,58,19,26,38,163,194,54,30,139,132,52,73,39,17,15,74,17,74,195,104,43,34,195,45,174,42,101,55,96,6,140,51,48,210,20,5,128,39,8,53,87,207,182,17,23,12,54,72,19,10,83,100,13,196,58,61,75,16,119,154,86,25,73,121,202,74,74,50,96,4,21,90,134,32,73,89]
tiempo_ultimo_agente_goal 212
tiempo_en_acabar 212
tiempo_promedio 78.771431
agentes_en_goal 140
bad_good_total_rate_pred [39600,35237,74837,0.5]
push_out_count 36149
RUN 37
valores_ideales [41,40,52,25,14,10,52,16,22,6,4,29,44,12,28,48,46,3,34,31,7,13,42,11,16,39,26,32,42,41,17,13,30,26,19,9,31,39,5,28,22,36,40,35,5,10,20,8,36,38,46,6,2,9,10,23,7,26,9,37,36,10,21,39,32,15,20,26,35,41,25,23,42,48,22,41,23,17,13,26,11,28,40,22,36,23,20,27,32,19,34,35,35,5,43,21,33,44,6,5,25,18,5,36,31,33,31,17,19,12,33,29,12,10,38,47,12,34,37,20,36,15,22,43,30,10,36,29,45,42,31,46,20,2,20,37,47,24,41,32]
costo_por_agente [49,60,78,55,26,10,58,16,36,6,8,49,62,12,36,58,82,5,42,45,7,15,106,19,16,41,92,42,52,135,171,67,72,154,23,9,35,95,5,42,36,128,104,63,5,12,20,40,98,68,70,10,2,13,42,27,7,76,23,101,78,24,49,73,44,15,20,26,57,169,167,35,46,88,24,73,23,17,21,38,15,54,142,74,36,41,30,33,116,21,116,59,57,5,47,35,103,60,14,9,155,18,7,62,31,69,73,17,21,12,125,43,24,10,56,55,14,54,85,38,80,17,104,51,80,24,90,47,99,64,47,54,26,4,24,75,71,30,55,48]
completion_time_por_agente [57,89,120,89,28,11,60,16,53,7,9,60,76,14,48,80,130,5,56,56,7,15,195,33,16,44,167,46,69,211,275,130,118,236,24,10,42,145,7,56,55,194,173,88,5,18,23,63,182,107,107,20,2,22,83,28,7,137,40,160,120,32,83,127,55,18,23,26,90,269,247,42,60,141,27,122,24,17,29,55,16,75,234,122,37,60,50,43,204,21,172,81,77,6,56,56,187,82,25,11,256,19,9,85,33,111,105,17,22,12,247,54,36,10,88,72,14,86,145,55,133,18,193,65,115,37,146,70,173,108,55,66,33,5,28,124,104,38,92,67]
tiempo_ultimo_agente_goal 275
tiempo_en_acabar 275
tiempo_promedio 77.085716
agentes_en_goal 140
bad_good_total_rate_pred [42651,33344,75995,0.4]
push_out_count 37005
RUN 38
valores_ideales [41,40,52,25,14,10,52,16,22,6,4,29,44,12,28,48,46,3,34,31,7,13,42,11,16,39,26,32,42,41,17,13,30,26,19,9,31,39,5,28,22,36,40,35,5,10,20,8,36,38,46,6,2,9,10,23,7,26,9,37,36,10,21,39,32,15,20,26,35,41,25,23,42,48,22,41,23,17,13,26,11,28,40,22,36,23,20,27,32,19,34,35,35,5,43,21,33,44,6,5,25,18,5,36,31,33,31,17,19,12,33,29,12,10,38,47,12,34,37,20,36,15,22,43,30,10,36,29,45,42,31,46,20,2,20,37,47,24,41,32]
costo_por_agente [59,62,62,67,22,10,56,16,74,8,4,119,58,12,64,54,46,5,50,65,7,13,98,15,18,49,164,44,44,101,171,21,56,168,31,9,47,107,7,36,76,188,100,77,5,20,22,18,120,80,68,6,2,11,48,33,11,54,15,55,82,32,21,111,52,19,26,28,61,151,173,31,48,54,28,57,25,17,19,46,13,40,60,86,36,29,72,47,90,37,90,37,57,7,63,31,77,56,6,5,117,34,15,54,53,73,167,23,29,12,131,33,28,10,54,81,12,78,51,28,160,19,132,65,100,30,80,77,161,64,47,52,76,2,20,49,57,34,61,54]
completion_time_por_agente [84,101,76,126,24,10,66,18,102,11,5,220,79,12,98,80,53,5,77,111,7,13,167,21,19,57,273,66,47,161,309,30,81,302,42,10,68,175,8,49,142,316,165,131,6,37,28,24,192,126,80,9,2,11,85,36,11,84,21,74,141,59,22,202,69,20,34,34,97,265,288,46,58,71,35,82,34,17,19,67,16,54,81,120,38,34,131,64,158,51,145,39,86,9,84,48,123,81,6,5,193,50,23,70,66,111,284,26,37,12,238,40,44,10,77,129,14,113,62,41,285,23,235,97,148,49,129,121,277,107,70,57,126,2,21,61,70,35,90,80]
tiempo_ultimo_agente_goal 316
tiempo_en_acabar 316
tiempo_promedio 82.849998
agentes_en_goal 140
bad_good_total_rate_pred [47235,35911,83146,0.4]
push_out_count 38016
RUN 39
valores_ideales [41,40,52,25,14,10,52,16,22,6,4,29,44,12,28,48,46,3,34,31,7,13,42,11,16,39,26,32,42,41,17,13,30,26,19,9,31,39,5,28,22,36,40,35,5,10,20,8,36,38,46,6,2,9,10,23,7,26,9,37,36,10,21,39,32,15,20,26,35,41,25,23,42,48,22,41,23,17,13,26,11,28,40,22,36,23,20,27,32,19,34,35,35,5,43,21,33,44,6,5,25,18,5,36,31,33,31,17,19,12,33,29,12,10,38,47,12,34,37,20,36,15,22,43,30,10,36,29,45,42,31,46,20,2,20,37,47,24,41,32]
costo_por_agente [47,58,84,93,22,10,110,18,38,6,4,143,54,12,28,126,58,3,96,121,7,13,56,19,16,43,84,82,52,79,181,127,94,164,31,9,33,71,9,58,70,64,66,81,5,12,20,10,92,52,60,6,2,9,26,63,7,106,25,41,54,28,59,77,46,17,20,26,113,177,57,27,58,62,24,159,23,17,15,56,19,44,54,98,36,61,106,43,120,75,124,55,71,5,73,77,123,104,200,5,101,18,13,42,111,119,99,17,25,12,105,57,18,10,106,61,12,92,139,38,60,15,68,97,38,18,56,119,149,242,35,48,36,4,30,49,49,26,59,54]
completion_time_por_agente [54,72,121,176,26,14,181,19,56,7,5,191,68,12,28,199,83,3,178,208,7,15,79,26,16,52,124,118,83,126,333,230,164,306,49,10,36,99,10,85,120,97,100,122,6,16,21,21,138,67,87,9,2,9,45,78,7,174,40,54,68,47,100,106,59,18,20,27,193,300,85,41,75,97,25,273,25,20,20,91,26,61,78,193,36,96,200,63,193,124,209,64,122,6,117,134,188,189,376,6,171,18,20,48,188,208,162,17,25,12,168,87,18,10,164,83,14,155,214,62,93,15,110,163,43,21,81,202,253,393,40,55,55,5,40,72,54,27,79,70]
tiempo_ultimo_agente_goal 393
tiempo_en_acabar 393
tiempo_promedio 91.199997
agentes_en_goal 140
bad_good_total_rate_pred [49662,37194,86856,0.4]
push_out_count 39151
