RUN 0
valores_ideales [0,0,0,0,0,0,0,0,0,0,0,0,0,0,0,0,0,0,0,0,0,0,0,0,0,0,0,0,0,0,0,0,0,0,0,0,0,0,0,0,0,0,0,0,0,0,0,0,0,0,0,0,0,0,0,0,0,0,0,0,0,0,0,0,0,0,0,0,0,0,0,0,0,0,0,0,0,0,0,0,0,0,0,0,0,0,0,0,0,0,0,0,0,0,0,0,0,0,0,0,0,0,0,0,0,0,0,0,0,0]
costo_por_agente [61,6,29,11,24,182,27,103,44,12,28,21,137,25,99,13,43,82,43,22,111,155,103,191,20,25,56,14,74,2,24,39,23,7,29,87,5,50,29,21,21,35,9,42,31,24,16,4,111,52,40,142,112,101,134,50,106,113,44,7,126,79,17,15,11,5,25,16,119,30,63,17,78,76,2,48,11,35,182,20,5,16,15,25,44,93,11,42,28,3,22,7,211,27,1,24,18,7,41,31,243,5,27,31,22,3,26,49,63,33]
completion_time_por_agente [63,7,30,12,26,183,28,105,45,13,29,22,139,29,103,14,44,84,44,23,115,156,104,192,21,26,57,15,79,3,27,40,25,8,30,88,6,53,30,22,22,36,10,44,33,26,17,5,114,55,42,146,116,102,136,52,108,117,46,8,127,81,18,16,12,6,26,17,122,31,64,18,80,78,3,49,12,36,185,21,6,17,16,26,46,97,12,43,29,4,23,8,214,32,2,25,19,8,42,32,246,6,28,33,23,4,27,50,66,34]
tiempo_ultimo_agente_goal 246
tiempo_en_acabar 246
tiempo_promedio 50.863636
agentes_en_goal 110
push_out_count 0
RUN 1
valores_ideales [0,0,0,0,0,0,0,0,0,0,0,0,0,0,0,0,0,0,0,0,0,0,0,0,0,0,0,0,0,0,0,0,0,0,0,0,0,0,0,0,0,0,0,0,0,0,0,0,0,0,0,0,0,0,0,0,0,0,0,0,0,0,0,0,0,0,0,0,0,0,0,0,0,0,0,0,0,0,0,0,0,0,0,0,0,0,0,0,0,0,0,0,0,0,0,0,0,0,0,0,0,0,0,0,0,0,0,0,0,0]
costo_por_agente [45,4,29,9,34,166,23,55,104,36,40,19,103,27,209,19,29,66,41,24,77,255,57,169,10,25,28,14,86,2,16,35,19,7,29,55,5,76,39,21,23,43,9,118,23,14,16,6,93,34,52,114,114,33,170,32,68,63,34,7,68,89,17,15,13,5,37,18,117,28,103,15,62,120,2,40,11,33,52,22,5,14,21,25,44,101,11,24,24,3,18,7,193,25,1,24,18,11,45,29,91,5,35,29,14,7,56,59,95,33]
completion_time_por_agente [46,5,30,10,37,167,24,56,108,38,41,20,104,30,211,20,30,67,42,25,78,257,59,170,12,26,31,15,87,3,18,36,21,8,30,59,6,77,40,22,25,44,10,120,25,15,17,7,94,36,53,118,116,34,171,34,69,67,35,8,69,91,18,16,14,6,38,19,119,29,105,16,65,123,3,41,12,34,54,23,6,15,22,26,47,102,12,27,25,4,20,8,196,30,2,25,19,12,46,30,93,6,36,31,15,8,57,60,96,35]
tiempo_ultimo_agente_goal 257
tiempo_en_acabar 257
tiempo_promedio 47.909092
agentes_en_goal 110
push_out_count 0
RUN 2
valores_ideales [0,0,0,0,0,0,0,0,0,0,0,0,0,0,0,0,0,0,0,0,0,0,0,0,0,0,0,0,0,0,0,0,0,0,0,0,0,0,0,0,0,0,0,0,0,0,0,0,0,0,0,0,0,0,0,0,0,0,0,0,0,0,0,0,0,0,0,0,0,0,0,0,0,0,0,0,0,0,0,0,0,0,0,0,0,0,0,0,0,0,0,0,0,0,0,0,0,0,0,0,0,0,0,0,0,0,0,0,0,0]
costo_por_agente [43,4,31,9,36,116,19,85,58,12,28,21,201,27,185,17,65,94,39,22,115,39,83,157,12,25,20,12,76,2,20,41,43,11,29,51,5,92,29,21,51,45,9,74,37,20,16,4,57,34,42,118,114,33,126,38,86,39,30,7,70,41,17,17,11,11,45,20,221,28,73,17,88,94,2,40,11,35,96,22,3,14,21,29,42,77,11,58,26,3,18,7,67,25,1,24,20,9,41,29,83,5,35,27,14,7,26,49,107,35]
completion_time_por_agente [44,5,32,10,40,118,20,87,59,13,29,22,203,28,189,19,66,95,40,23,116,43,87,159,13,26,21,13,81,3,25,42,44,12,30,52,6,94,30,22,54,46,10,77,38,22,17,5,58,37,44,121,118,34,127,39,88,40,31,8,73,43,18,18,12,12,47,21,223,29,74,18,90,98,3,41,12,36,97,23,4,15,22,30,44,80,12,60,27,4,20,8,69,29,2,25,21,10,42,30,85,6,36,28,15,8,27,52,109,37]
tiempo_ultimo_agente_goal 223
tiempo_en_acabar 223
tiempo_promedio 45.636364
agentes_en_goal 110
push_out_count 0
RUN 3
valores_ideales [0,0,0,0,0,0,0,0,0,0,0,0,0,0,0,0,0,0,0,0,0,0,0,0,0,0,0,0,0,0,0,0,0,0,0,0,0,0,0,0,0,0,0,0,0,0,0,0,0,0,0,0,0,0,0,0,0,0,0,0,0,0,0,0,0,0,0,0,0,0,0,0,0,0,0,0,0,0,0,0,0,0,0,0,0,0,0,0,0,0,0,0,0,0,0,0,0,0,0,0,0,0,0,0,0,0,0,0,0,0]
costo_por_agente [79,6,29,15,20,158,21,87,82,24,28,19,165,25,125,21,41,82,41,22,81,103,85,165,20,27,22,16,102,2,24,61,13,7,55,71,5,52,31,37,59,47,11,82,23,18,16,4,67,28,56,108,72,33,182,48,80,35,30,7,72,77,17,19,13,5,35,22,113,32,81,15,60,114,2,36,11,39,46,46,5,18,19,27,40,89,11,30,26,3,20,11,87,25,1,24,20,9,41,31,123,5,37,25,14,11,28,69,37,39]
completion_time_por_agente [81,7,30,16,22,159,22,90,85,25,29,20,167,28,128,23,42,83,42,23,84,106,88,166,21,28,24,18,104,3,27,62,14,8,56,72,6,53,32,38,60,48,12,86,25,20,17,5,68,29,60,109,73,34,184,49,81,38,31,8,74,78,18,20,14,6,36,23,115,33,82,16,61,117,3,37,12,40,47,50,6,19,20,28,41,94,12,32,28,4,21,12,91,29,2,25,22,10,42,32,126,6,39,27,15,12,29,70,38,40]
tiempo_ultimo_agente_goal 184
tiempo_en_acabar 184
tiempo_promedio 45.663635
agentes_en_goal 110
push_out_count 0
RUN 4
valores_ideales [0,0,0,0,0,0,0,0,0,0,0,0,0,0,0,0,0,0,0,0,0,0,0,0,0,0,0,0,0,0,0,0,0,0,0,0,0,0,0,0,0,0,0,0,0,0,0,0,0,0,0,0,0,0,0,0,0,0,0,0,0,0,0,0,0,0,0,0,0,0,0,0,0,0,0,0,0,0,0,0,0,0,0,0,0,0,0,0,0,0,0,0,0,0,0,0,0,0,0,0,0,0,0,0,0,0,0,0,0,0]
costo_por_agente [75,6,29,9,30,250,21,71,66,12,28,19,79,29,157,17,33,108,39,18,69,33,89,111,16,25,58,16,58,2,26,33,39,7,29,77,5,90,55,21,31,39,9,64,47,20,16,4,139,28,76,136,100,39,88,48,66,101,40,7,64,57,17,15,11,5,35,22,91,26,89,17,86,72,2,46,11,37,68,20,3,16,15,45,42,127,11,28,26,3,20,7,145,23,1,24,24,5,61,27,149,5,25,27,18,7,28,77,55,65]
completion_time_por_agente [76,7,30,10,31,251,22,73,68,13,29,20,80,30,160,18,34,109,40,19,72,34,94,113,17,26,64,17,60,3,27,34,40,8,30,78,6,92,57,22,32,40,10,65,48,21,17,5,144,29,79,139,102,40,89,51,68,107,41,8,65,60,18,16,12,6,36,23,97,27,90,18,88,74,3,47,12,38,71,21,4,17,16,47,43,129,12,29,27,4,21,8,149,24,2,25,27,6,62,29,152,6,26,28,19,8,29,78,59,66]
tiempo_ultimo_agente_goal 251
tiempo_en_acabar 251
tiempo_promedio 46.572727
agentes_en_goal 110
push_out_count 0
RUN 5
valores_ideales [0,0,0,0,0,0,0,0,0,0,0,0,0,0,0,0,0,0,0,0,0,0,0,0,0,0,0,0,0,0,0,0,0,0,0,0,0,0,0,0,0,0,0,0,0,0,0,0,0,0,0,0,0,0,0,0,0,0,0,0,0,0,0,0,0,0,0,0,0,0,0,0,0,0,0,0,0,0,0,0,0,0,0,0,0,0,0,0,0,0,0,0,0,0,0,0,0,0,0,0,0,0,0,0,0,0,0,0,0,0]
costo_por_agente [49,4,29,13,22,198,19,97,70,12,28,23,127,23,167,17,35,78,39,18,45,91,77,165,14,25,48,12,92,2,18,43,21,9,65,81,5,72,45,21,23,47,11,58,25,18,16,4,75,48,68,84,114,109,256,30,56,57,40,7,78,103,17,21,11,9,27,22,99,24,89,17,48,112,2,42,11,59,130,26,3,14,21,51,38,65,11,34,24,3,20,7,187,21,1,24,18,9,41,39,177,5,47,21,22,5,26,71,55,49]
completion_time_por_agente [50,5,30,14,23,199,20,98,72,13,29,24,129,24,169,18,36,80,40,19,46,92,80,166,15,26,50,13,96,3,19,44,22,10,66,82,6,74,46,22,24,48,12,60,26,20,17,5,76,50,69,86,116,112,257,31,57,61,42,8,79,105,18,22,12,10,28,23,102,25,91,18,50,116,3,44,12,60,134,27,4,15,22,52,39,67,12,35,25,4,21,8,188,22,2,25,20,10,42,40,180,6,50,22,23,6,27,73,57,50]
tiempo_ultimo_agente_goal 257
tiempo_en_acabar 257
tiempo_promedio 48.845455
agentes_en_goal 110
push_out_count 0
RUN 6
valores_ideales [0,0,0,0,0,0,0,0,0,0,0,0,0,0,0,0,0,0,0,0,0,0,0,0,0,0,0,0,0,0,0,0,0,0,0,0,0,0,0,0,0,0,0,0,0,0,0,0,0,0,0,0,0,0,0,0,0,0,0,0,0,0,0,0,0,0,0,0,0,0,0,0,0,0,0,0,0,0,0,0,0,0,0,0,0,0,0,0,0,0,0,0,0,0,0,0,0,0,0,0,0,0,0,0,0,0,0,0,0,0]
costo_por_agente [43,4,29,9,34,142,23,65,48,20,30,19,133,19,115,19,47,84,41,24,43,121,99,145,16,29,34,12,62,2,36,49,15,7,29,67,5,92,47,21,21,37,9,108,25,20,16,4,69,52,72,110,58,33,112,48,46,49,34,7,138,59,17,15,11,5,45,20,89,32,73,17,90,122,2,34,13,33,64,20,5,14,21,33,36,91,13,22,24,3,18,7,177,23,1,26,18,7,41,37,255,5,39,21,12,5,30,61,77,35]
completion_time_por_agente [44,5,31,10,41,145,25,66,50,21,32,21,135,20,119,21,48,86,42,25,44,125,102,147,17,31,40,13,67,3,37,50,16,8,30,68,6,94,49,22,22,38,10,110,27,22,17,5,74,53,73,113,59,35,113,49,48,50,35,8,139,62,18,16,12,6,46,21,93,33,74,18,92,123,3,35,14,34,70,21,6,15,22,34,37,92,14,23,25,4,19,8,178,24,2,27,19,8,42,38,260,6,40,22,13,6,31,62,79,37]
tiempo_ultimo_agente_goal 260
tiempo_en_acabar 260
tiempo_promedio 45.818180
agentes_en_goal 110
push_out_count 0
RUN 7
valores_ideales [0,0,0,0,0,0,0,0,0,0,0,0,0,0,0,0,0,0,0,0,0,0,0,0,0,0,0,0,0,0,0,0,0,0,0,0,0,0,0,0,0,0,0,0,0,0,0,0,0,0,0,0,0,0,0,0,0,0,0,0,0,0,0,0,0,0,0,0,0,0,0,0,0,0,0,0,0,0,0,0,0,0,0,0,0,0,0,0,0,0,0,0,0,0,0,0,0,0,0,0,0,0,0,0,0,0,0,0,0,0]
costo_por_agente [43,4,29,9,22,174,23,99,56,24,32,21,191,23,107,23,51,78,41,18,49,153,95,215,12,27,54,16,78,2,24,31,13,7,29,53,5,52,29,21,21,57,7,38,31,22,16,4,79,34,42,88,120,33,182,58,68,131,38,7,68,25,17,15,11,5,25,22,133,28,71,17,78,62,2,40,11,55,52,46,3,16,29,29,42,99,11,44,24,3,18,13,149,23,1,28,18,5,53,31,157,5,27,27,14,5,26,137,85,79]
completion_time_por_agente [44,5,30,10,24,175,24,100,59,25,33,22,193,26,109,24,52,79,42,19,50,155,96,216,13,28,57,17,80,3,27,32,14,8,30,55,6,53,30,22,22,58,9,40,32,24,17,5,80,36,44,90,121,34,185,59,71,139,39,8,70,26,18,16,12,6,26,23,134,29,72,18,79,63,3,41,12,56,56,47,4,17,30,30,45,101,12,45,25,4,19,14,151,25,2,29,20,6,54,32,158,6,28,29,15,6,27,138,86,80]
tiempo_ultimo_agente_goal 216
tiempo_en_acabar 216
tiempo_promedio 47.681820
agentes_en_goal 110
push_out_count 0
RUN 8
valores_ideales [0,0,0,0,0,0,0,0,0,0,0,0,0,0,0,0,0,0,0,0,0,0,0,0,0,0,0,0,0,0,0,0,0,0,0,0,0,0,0,0,0,0,0,0,0,0,0,0,0,0,0,0,0,0,0,0,0,0,0,0,0,0,0,0,0,0,0,0,0,0,0,0,0,0,0,0,0,0,0,0,0,0,0,0,0,0,0,0,0,0,0,0,0,0,0,0,0,0,0,0,0,0,0,0,0,0,0,0,0,0]
costo_por_agente [113,8,51,13,26,202,23,65,118,18,30,21,159,19,151,15,33,64,41,18,77,79,95,209,16,25,36,24,60,2,30,31,21,7,29,63,5,50,31,21,23,37,11,44,37,18,24,4,67,46,82,114,70,33,180,30,82,41,38,7,96,43,17,15,13,7,25,18,149,28,75,15,56,104,2,40,13,37,86,20,5,24,25,39,46,91,11,28,24,3,16,13,167,21,1,26,18,7,49,31,217,5,29,25,16,5,28,99,103,37]
completion_time_por_agente [118,9,53,14,28,203,25,70,119,19,32,22,161,20,155,16,34,65,42,19,80,81,98,210,17,26,42,25,62,3,31,32,22,8,30,66,6,51,32,22,25,38,13,46,38,20,25,5,68,47,84,117,72,34,182,31,84,42,39,8,98,44,18,16,14,8,26,19,151,29,77,16,57,106,3,41,14,38,88,21,6,25,26,40,47,92,12,29,25,4,17,14,168,22,2,27,19,8,50,32,220,6,30,26,18,6,29,100,105,38]
tiempo_ultimo_agente_goal 220
tiempo_en_acabar 220
tiempo_promedio 48.299999
agentes_en_goal 110
push_out_count 0
RUN 9
valores_ideales [0,0,0,0,0,0,0,0,0,0,0,0,0,0,0,0,0,0,0,0,0,0,0,0,0,0,0,0,0,0,0,0,0,0,0,0,0,0,0,0,0,0,0,0,0,0,0,0,0,0,0,0,0,0,0,0,0,0,0,0,0,0,0,0,0,0,0,0,0,0,0,0,0,0,0,0,0,0,0,0,0,0,0,0,0,0,0,0,0,0,0,0,0,0,0,0,0,0,0,0,0,0,0,0,0,0,0,0,0,0]
costo_por_agente [87,6,29,11,20,176,23,55,78,26,30,19,115,19,169,17,37,50,39,18,45,119,85,141,24,29,40,12,46,2,18,31,15,9,31,101,5,86,31,21,35,45,9,40,29,24,16,6,73,50,76,84,118,33,176,38,88,77,44,7,64,95,17,15,13,5,25,20,53,26,75,17,114,104,2,40,13,43,100,20,3,14,17,43,38,111,13,26,24,3,18,9,91,29,1,24,18,7,57,31,73,5,37,23,12,15,34,105,73,59]
completion_time_por_agente [89,7,30,12,21,177,24,57,80,27,31,20,117,20,171,18,38,53,40,19,46,123,86,142,25,30,47,13,47,3,19,32,16,10,32,103,6,89,32,22,36,46,10,41,31,26,17,7,76,51,78,87,119,34,177,40,89,79,45,8,67,97,19,16,14,7,26,21,54,27,76,18,116,105,3,41,14,44,102,22,4,15,18,44,39,112,14,28,25,4,19,10,92,30,2,25,20,8,58,32,74,6,38,24,13,16,35,107,74,60]
tiempo_ultimo_agente_goal 177
tiempo_en_acabar 177
tiempo_promedio 45.509090
agentes_en_goal 110
push_out_count 0
RUN 10
valores_ideales [0,0,0,0,0,0,0,0,0,0,0,0,0,0,0,0,0,0,0,0,0,0,0,0,0,0,0,0,0,0,0,0,0,0,0,0,0,0,0,0,0,0,0,0,0,0,0,0,0,0,0,0,0,0,0,0,0,0,0,0,0,0,0,0,0,0,0,0,0,0,0,0,0,0,0,0,0,0,0,0,0,0,0,0,0,0,0,0,0,0,0,0,0,0,0,0,0,0,0,0,0,0,0,0,0,0,0,0,0,0]
costo_por_agente [43,4,29,11,26,138,23,73,76,12,28,21,165,19,137,13,47,72,37,24,71,131,113,147,16,25,32,24,68,2,48,31,15,15,29,51,5,82,33,47,23,45,9,76,25,20,16,4,91,36,60,48,106,35,152,54,66,41,40,9,78,45,17,15,11,5,25,34,79,28,81,17,102,110,2,46,11,45,76,22,3,16,17,49,46,105,11,44,26,3,18,7,157,27,1,26,18,5,57,39,99,5,33,25,16,5,28,131,89,41]
completion_time_por_agente [44,5,30,12,28,139,24,75,77,13,29,22,166,20,139,14,48,73,38,25,74,133,115,149,17,26,33,25,69,3,49,32,16,16,30,52,6,85,34,48,25,46,11,77,26,22,17,5,92,37,61,49,110,36,154,56,70,42,41,10,80,46,18,16,12,6,26,35,81,29,82,18,106,111,3,47,12,46,78,23,4,17,19,50,47,109,12,46,27,4,19,8,159,28,2,28,19,6,58,40,101,6,34,27,17,6,29,132,91,44]
tiempo_ultimo_agente_goal 166
tiempo_en_acabar 166
tiempo_promedio 46.218182
agentes_en_goal 110
push_out_count 0
RUN 11
valores_ideales [0,0,0,0,0,0,0,0,0,0,0,0,0,0,0,0,0,0,0,0,0,0,0,0,0,0,0,0,0,0,0,0,0,0,0,0,0,0,0,0,0,0,0,0,0,0,0,0,0,0,0,0,0,0,0,0,0,0,0,0,0,0,0,0,0,0,0,0,0,0,0,0,0,0,0,0,0,0,0,0,0,0,0,0,0,0,0,0,0,0,0,0,0,0,0,0,0,0,0,0,0,0,0,0,0,0,0,0,0,0]
costo_por_agente [113,6,29,17,22,98,25,57,74,28,38,23,127,19,73,17,53,100,35,18,97,137,83,147,10,33,36,18,72,4,18,31,15,9,65,55,5,50,31,21,27,57,9,110,29,22,16,4,73,32,38,72,88,33,206,34,54,53,38,7,72,89,17,19,21,5,25,22,183,26,75,17,106,106,2,42,11,45,52,20,5,18,17,25,42,125,11,42,38,3,20,7,47,39,1,26,20,9,47,25,103,5,35,21,12,5,28,105,41,41]
completion_time_por_agente [114,7,30,20,24,100,26,58,75,30,39,25,128,20,75,18,54,103,36,19,99,139,84,149,12,35,38,19,73,5,19,32,16,10,66,56,6,51,34,22,28,58,11,114,31,24,17,5,74,34,39,74,90,34,208,36,55,54,39,8,74,91,18,20,23,6,26,23,185,27,76,18,109,107,3,43,12,47,55,21,6,19,19,26,44,128,12,43,40,4,21,8,48,41,2,28,21,10,48,26,106,6,36,22,13,6,29,107,43,42]
tiempo_ultimo_agente_goal 208
tiempo_en_acabar 208
tiempo_promedio 45.336365
agentes_en_goal 110
push_out_count 0
RUN 12
valores_ideales [0,0,0,0,0,0,0,0,0,0,0,0,0,0,0,0,0,0,0,0,0,0,0,0,0,0,0,0,0,0,0,0,0,0,0,0,0,0,0,0,0,0,0,0,0,0,0,0,0,0,0,0,0,0,0,0,0,0,0,0,0,0,0,0,0,0,0,0,0,0,0,0,0,0,0,0,0,0,0,0,0,0,0,0,0,0,0,0,0,0,0,0,0,0,0,0,0,0,0,0,0,0,0,0,0,0,0,0,0,0]
costo_por_agente [45,6,31,9,34,150,19,71,60,30,30,19,157,19,135,15,29,98,39,18,77,119,73,99,12,25,44,24,58,2,24,31,17,7,29,77,5,68,31,21,23,51,9,110,27,16,16,4,51,40,54,104,92,35,128,30,56,39,34,7,70,53,17,15,11,5,25,28,141,26,67,17,100,52,2,52,11,31,118,20,3,24,15,33,50,125,11,40,24,3,18,7,119,33,1,24,20,9,41,31,101,5,37,25,12,5,70,103,35,75]
completion_time_por_agente [46,7,33,10,37,152,20,72,63,31,31,21,158,20,137,16,30,99,40,19,78,122,77,100,14,26,45,25,59,3,25,32,18,8,30,78,6,69,32,22,25,52,10,112,29,18,17,5,54,42,60,105,94,36,129,31,57,40,35,8,71,55,18,16,12,7,26,29,142,27,69,18,103,54,3,54,12,32,119,21,4,25,16,34,53,126,12,41,25,4,19,8,120,35,2,25,21,10,42,32,102,6,38,26,13,6,72,104,36,76]
tiempo_ultimo_agente_goal 158
tiempo_en_acabar 158
tiempo_promedio 44.463634
agentes_en_goal 110
push_out_count 0
RUN 13
valores_ideales [0,0,0,0,0,0,0,0,0,0,0,0,0,0,0,0,0,0,0,0,0,0,0,0,0,0,0,0,0,0,0,0,0,0,0,0,0,0,0,0,0,0,0,0,0,0,0,0,0,0,0,0,0,0,0,0,0,0,0,0,0,0,0,0,0,0,0,0,0,0,0,0,0,0,0,0,0,0,0,0,0,0,0,0,0,0,0,0,0,0,0,0,0,0,0,0,0,0,0,0,0,0,0,0,0,0,0,0,0,0]
costo_por_agente [85,8,29,13,26,190,19,109,86,22,38,21,151,23,41,23,41,62,49,18,81,33,93,117,20,25,60,16,64,2,34,35,19,7,29,83,5,52,45,21,23,45,9,118,25,14,16,4,47,32,66,52,112,33,132,34,46,33,42,7,74,59,17,15,15,5,25,22,113,24,49,19,82,92,2,38,11,49,38,20,5,16,15,49,38,85,11,32,26,3,16,13,123,23,1,24,20,5,49,33,75,5,35,21,18,5,54,57,75,59]
completion_time_por_agente [88,9,30,14,27,191,20,111,87,24,39,22,153,24,42,24,42,64,50,19,82,34,95,118,21,26,61,17,66,3,35,36,20,8,30,85,6,55,48,22,24,46,10,119,27,15,17,5,48,34,68,55,113,34,133,35,48,34,43,8,75,61,18,16,17,6,26,23,115,25,51,20,85,94,3,39,12,50,40,21,6,17,16,51,39,87,12,33,27,4,17,14,124,24,2,25,21,6,50,35,76,6,36,22,19,7,56,59,76,61]
tiempo_ultimo_agente_goal 191
tiempo_en_acabar 191
tiempo_promedio 42.627274
agentes_en_goal 110
push_out_count 0
RUN 14
valores_ideales [0,0,0,0,0,0,0,0,0,0,0,0,0,0,0,0,0,0,0,0,0,0,0,0,0,0,0,0,0,0,0,0,0,0,0,0,0,0,0,0,0,0,0,0,0,0,0,0,0,0,0,0,0,0,0,0,0,0,0,0,0,0,0,0,0,0,0,0,0,0,0,0,0,0,0,0,0,0,0,0,0,0,0,0,0,0,0,0,0,0,0,0,0,0,0,0,0,0,0,0,0,0,0,0,0,0,0,0,0,0]
costo_por_agente [87,4,45,13,32,284,25,71,106,26,28,23,79,23,49,19,47,82,37,18,57,103,69,127,18,35,62,26,84,2,42,31,57,7,29,109,5,54,31,21,23,29,9,50,29,16,16,4,67,28,124,106,58,35,184,38,90,45,32,7,124,53,17,19,11,9,27,16,83,26,89,19,96,100,2,48,11,33,80,20,5,28,15,31,36,71,13,36,24,3,34,9,97,27,1,24,18,7,41,33,77,5,27,21,14,3,32,61,93,69]
completion_time_por_agente [90,5,46,14,34,285,26,75,107,27,29,24,81,24,50,20,48,83,38,19,60,106,71,128,19,36,71,27,85,3,43,32,58,8,30,111,6,56,33,22,25,30,10,51,31,17,17,5,69,29,127,109,59,36,186,39,91,46,33,8,125,56,18,20,12,10,28,18,87,27,91,20,98,104,3,50,12,36,83,21,6,29,16,32,38,73,14,37,25,4,36,10,102,28,2,25,19,8,42,34,80,6,28,22,15,4,33,64,96,73]
tiempo_ultimo_agente_goal 285
tiempo_en_acabar 285
tiempo_promedio 46.072727
agentes_en_goal 110
push_out_count 0
RUN 15
valores_ideales [0,0,0,0,0,0,0,0,0,0,0,0,0,0,0,0,0,0,0,0,0,0,0,0,0,0,0,0,0,0,0,0,0,0,0,0,0,0,0,0,0,0,0,0,0,0,0,0,0,0,0,0,0,0,0,0,0,0,0,0,0,0,0,0,0,0,0,0,0,0,0,0,0,0,0,0,0,0,0,0,0,0,0,0,0,0,0,0,0,0,0,0,0,0,0,0,0,0,0,0,0,0,0,0,0,0,0,0,0,0]
costo_por_agente [93,6,29,13,20,70,21,81,80,12,28,19,107,27,133,17,43,118,47,20,73,89,63,77,24,29,44,18,70,2,20,31,21,7,29,55,5,114,49,21,23,47,9,98,29,22,20,4,61,34,70,86,136,37,150,32,112,43,32,7,102,45,17,17,11,11,33,24,65,28,45,17,64,84,2,60,13,35,80,20,5,16,17,35,38,135,13,40,24,3,22,7,97,29,1,24,18,9,43,35,147,5,29,33,12,5,28,123,71,37]
completion_time_por_agente [96,7,30,14,22,71,22,82,82,13,30,20,108,34,135,18,44,122,48,21,76,91,65,79,25,30,50,19,71,3,27,32,23,8,30,58,6,116,52,22,25,48,10,99,35,23,21,5,64,39,72,89,137,38,153,34,114,44,33,8,106,47,18,18,12,12,34,25,67,29,46,18,66,88,3,61,14,37,81,21,6,17,18,36,40,136,14,43,25,4,23,9,99,37,2,25,19,10,44,36,150,6,30,36,13,6,29,124,75,38]
tiempo_ultimo_agente_goal 153
tiempo_en_acabar 153
tiempo_promedio 44.963634
agentes_en_goal 110
push_out_count 0
RUN 16
valores_ideales [0,0,0,0,0,0,0,0,0,0,0,0,0,0,0,0,0,0,0,0,0,0,0,0,0,0,0,0,0,0,0,0,0,0,0,0,0,0,0,0,0,0,0,0,0,0,0,0,0,0,0,0,0,0,0,0,0,0,0,0,0,0,0,0,0,0,0,0,0,0,0,0,0,0,0,0,0,0,0,0,0,0,0,0,0,0,0,0,0,0,0,0,0,0,0,0,0,0,0,0,0,0,0,0,0,0,0,0,0,0]
costo_por_agente [71,4,29,9,26,182,21,57,46,16,32,21,165,19,155,17,35,84,35,20,45,141,101,111,14,27,38,14,90,2,30,31,37,7,29,81,5,64,39,21,21,41,9,112,27,18,16,6,61,28,60,110,80,137,100,54,78,37,46,7,98,45,17,15,13,11,27,14,151,28,63,17,66,122,2,38,11,51,66,30,5,14,15,25,36,107,11,28,24,3,18,9,125,39,1,24,18,7,55,27,65,5,35,21,12,5,26,153,35,67]
completion_time_por_agente [73,5,30,10,27,185,22,59,48,19,33,22,168,20,157,18,36,85,36,21,46,142,103,112,15,28,39,15,91,3,32,32,38,8,30,83,6,65,41,22,22,42,10,116,28,20,17,7,62,29,62,113,83,140,101,55,80,39,48,8,99,49,19,16,14,12,28,16,153,29,65,18,70,125,3,39,12,52,68,33,6,15,16,26,37,109,12,33,25,4,20,10,126,42,2,25,19,8,56,28,66,6,36,22,13,6,27,154,39,69]
tiempo_ultimo_agente_goal 185
tiempo_en_acabar 185
tiempo_promedio 46.218182
agentes_en_goal 110
push_out_count 0
RUN 17
valores_ideales [0,0,0,0,0,0,0,0,0,0,0,0,0,0,0,0,0,0,0,0,0,0,0,0,0,0,0,0,0,0,0,0,0,0,0,0,0,0,0,0,0,0,0,0,0,0,0,0,0,0,0,0,0,0,0,0,0,0,0,0,0,0,0,0,0,0,0,0,0,0,0,0,0,0,0,0,0,0,0,0,0,0,0,0,0,0,0,0,0,0,0,0,0,0,0,0,0,0,0,0,0,0,0,0,0,0,0,0,0,0]
costo_por_agente [47,4,37,13,26,98,23,125,60,18,30,21,101,29,99,17,37,96,37,20,81,37,105,173,18,31,24,18,96,2,24,37,13,7,29,55,5,116,39,21,25,43,11,78,27,16,16,6,81,32,100,92,114,33,140,48,88,45,40,7,64,65,17,21,19,5,31,16,161,44,35,17,82,90,2,36,11,39,38,20,3,16,15,37,46,87,11,28,24,3,20,11,175,23,1,28,18,11,65,29,215,5,25,25,16,5,34,133,81,41]
completion_time_por_agente [48,5,38,14,28,99,24,128,61,19,32,22,102,31,103,19,38,97,38,21,82,39,106,174,19,32,25,19,99,3,25,38,14,8,30,56,6,117,40,22,27,44,12,80,28,18,17,7,83,34,103,95,117,34,142,49,89,46,41,8,65,67,18,22,20,6,32,18,163,45,37,18,85,91,3,37,12,40,40,21,4,17,16,38,48,88,12,30,25,4,23,13,177,27,2,29,20,12,66,30,218,6,26,26,18,6,36,134,82,42]
tiempo_ultimo_agente_goal 218
tiempo_en_acabar 218
tiempo_promedio 46.454544
agentes_en_goal 110
push_out_count 0
RUN 18
valores_ideales [0,0,0,0,0,0,0,0,0,0,0,0,0,0,0,0,0,0,0,0,0,0,0,0,0,0,0,0,0,0,0,0,0,0,0,0,0,0,0,0,0,0,0,0,0,0,0,0,0,0,0,0,0,0,0,0,0,0,0,0,0,0,0,0,0,0,0,0,0,0,0,0,0,0,0,0,0,0,0,0,0,0,0,0,0,0,0,0,0,0,0,0,0,0,0,0,0,0,0,0,0,0,0,0,0,0,0,0,0,0]
costo_por_agente [103,6,29,13,32,56,23,73,82,12,28,21,105,19,113,15,49,90,37,18,43,183,103,117,16,29,42,18,98,2,32,39,15,7,29,47,5,90,45,21,21,35,13,68,27,14,16,4,93,28,62,114,108,33,148,30,64,31,38,7,100,61,17,15,11,5,25,24,81,26,69,17,40,112,2,42,11,33,114,20,3,16,17,41,40,123,11,40,24,3,22,7,137,23,1,24,18,9,41,29,93,5,29,21,12,5,26,129,77,31]
completion_time_por_agente [105,7,30,14,34,57,24,77,85,13,29,22,107,20,115,16,50,91,38,19,44,184,106,118,18,30,43,19,99,3,33,40,16,8,30,50,6,91,48,22,22,36,14,69,29,15,17,5,94,29,63,119,112,34,149,31,66,33,39,8,101,64,18,16,12,6,26,25,84,27,71,18,43,115,3,43,12,35,116,21,4,17,18,42,41,125,12,41,25,4,23,8,138,24,2,26,19,10,42,30,96,6,30,22,13,6,27,131,78,32]
tiempo_ultimo_agente_goal 184
tiempo_en_acabar 184
tiempo_promedio 44.481819
agentes_en_goal 110
push_out_count 0
RUN 19
valores_ideales [0,0,0,0,0,0,0,0,0,0,0,0,0,0,0,0,0,0,0,0,0,0,0,0,0,0,0,0,0,0,0,0,0,0,0,0,0,0,0,0,0,0,0,0,0,0,0,0,0,0,0,0,0,0,0,0,0,0,0,0,0,0,0,0,0,0,0,0,0,0,0,0,0,0,0,0,0,0,0,0,0,0,0,0,0,0,0,0,0,0,0,0,0,0,0,0,0,0,0,0,0,0,0,0,0,0,0,0,0,0]
costo_por_agente [43,4,29,11,24,174,25,65,62,28,28,21,159,23,121,15,53,82,39,18,43,231,117,147,14,25,30,12,82,2,28,33,21,7,29,61,5,106,33,21,23,43,23,74,29,22,16,6,73,34,74,116,138,35,152,46,72,105,32,7,132,39,17,15,13,5,31,16,71,28,73,17,130,66,2,42,15,43,94,20,3,16,23,63,50,123,15,40,24,3,18,7,85,45,1,24,24,7,45,33,129,5,41,31,12,7,30,63,63,39]
completion_time_por_agente [44,5,30,12,25,176,26,66,63,29,29,22,160,28,123,17,54,83,40,19,44,233,122,148,15,26,32,13,83,3,30,34,24,8,30,64,6,108,34,22,24,44,24,75,31,24,17,7,78,36,77,120,139,36,154,47,73,107,34,8,134,40,18,16,14,6,32,18,74,29,75,18,131,67,3,43,16,44,98,21,4,17,24,64,51,124,16,41,25,4,20,8,88,46,2,25,26,8,46,34,133,6,42,34,13,8,32,64,64,41]
tiempo_ultimo_agente_goal 233
tiempo_en_acabar 233
tiempo_promedio 48.109093
agentes_en_goal 110
push_out_count 0
RUN 20
valores_ideales [0,0,0,0,0,0,0,0,0,0,0,0,0,0,0,0,0,0,0,0,0,0,0,0,0,0,0,0,0,0,0,0,0,0,0,0,0,0,0,0,0,0,0,0,0,0,0,0,0,0,0,0,0,0,0,0,0,0,0,0,0,0,0,0,0,0,0,0,0,0,0,0,0,0,0,0,0,0,0,0,0,0,0,0,0,0,0,0,0,0,0,0,0,0,0,0,0,0,0,0,0,0,0,0,0,0,0,0,0,0]
costo_por_agente [49,6,29,9,32,104,31,51,176,14,30,19,43,21,115,15,49,94,43,18,75,91,143,169,14,35,32,14,74,2,38,35,21,13,29,43,5,136,33,21,25,31,9,78,27,18,16,6,81,40,60,112,100,33,120,52,50,35,34,7,116,39,17,15,13,5,25,20,139,26,63,15,104,98,2,46,11,39,44,22,3,20,15,57,40,79,11,44,24,3,18,9,131,23,1,24,18,7,47,35,147,5,31,21,12,5,98,73,79,43]
completion_time_por_agente [50,7,30,10,34,107,32,52,179,15,31,20,45,22,118,16,50,97,44,19,79,94,145,170,16,36,35,15,75,3,39,36,22,14,30,44,6,137,34,22,27,32,10,80,29,20,17,7,82,41,62,114,101,34,122,53,52,36,35,8,119,40,18,16,14,6,26,21,141,27,64,16,105,101,3,47,12,40,46,23,4,21,17,58,42,80,12,45,25,4,19,10,132,24,2,25,19,8,48,36,148,6,32,22,13,6,100,76,82,45]
tiempo_ultimo_agente_goal 179
tiempo_en_acabar 179
tiempo_promedio 45.799999
agentes_en_goal 110
push_out_count 0
RUN 21
valores_ideales [0,0,0,0,0,0,0,0,0,0,0,0,0,0,0,0,0,0,0,0,0,0,0,0,0,0,0,0,0,0,0,0,0,0,0,0,0,0,0,0,0,0,0,0,0,0,0,0,0,0,0,0,0,0,0,0,0,0,0,0,0,0,0,0,0,0,0,0,0,0,0,0,0,0,0,0,0,0,0,0,0,0,0,0,0,0,0,0,0,0,0,0,0,0,0,0,0,0,0,0,0,0,0,0,0,0,0,0,0,0]
costo_por_agente [85,6,29,9,26,132,19,69,48,12,32,19,127,19,135,15,43,44,35,20,73,245,73,159,10,27,22,12,52,2,36,33,15,7,29,57,5,50,41,21,65,35,9,100,29,22,16,4,85,44,38,114,52,37,176,30,56,61,30,7,82,65,17,23,11,5,39,22,123,28,69,15,56,84,2,38,11,37,38,20,7,26,17,41,36,69,11,30,28,3,20,9,89,23,1,26,20,9,41,41,109,5,35,21,12,5,26,123,97,49]
completion_time_por_agente [86,7,31,10,27,133,20,70,49,13,33,23,129,20,138,16,44,45,36,21,74,246,76,160,11,28,23,13,53,3,37,34,16,8,30,59,6,51,42,22,67,36,10,101,30,24,17,5,88,45,40,118,53,38,177,31,58,62,31,8,84,66,18,24,12,6,40,24,125,29,71,16,58,85,3,39,12,38,39,21,8,27,18,42,37,70,12,31,30,4,21,10,91,24,2,27,21,10,42,42,111,6,37,22,13,6,27,124,98,50]
tiempo_ultimo_agente_goal 246
tiempo_en_acabar 246
tiempo_promedio 44.136364
agentes_en_goal 110
push_out_count 0
RUN 22
valores_ideales [0,0,0,0,0,0,0,0,0,0,0,0,0,0,0,0,0,0,0,0,0,0,0,0,0,0,0,0,0,0,0,0,0,0,0,0,0,0,0,0,0,0,0,0,0,0,0,0,0,0,0,0,0,0,0,0,0,0,0,0,0,0,0,0,0,0,0,0,0,0,0,0,0,0,0,0,0,0,0,0,0,0,0,0,0,0,0,0,0,0,0,0,0,0,0,0,0,0,0,0,0,0,0,0,0,0,0,0,0,0]
costo_por_agente [43,8,29,11,40,138,19,79,44,12,28,19,177,19,105,15,39,88,35,20,61,89,73,115,12,25,44,14,56,2,26,39,29,7,29,93,5,104,31,21,25,63,7,68,33,22,16,4,67,28,60,48,90,35,154,36,74,65,40,7,94,55,17,15,35,5,33,30,133,28,53,15,46,112,2,34,11,53,68,20,3,16,23,33,40,71,11,36,24,3,16,11,139,25,1,24,18,5,41,21,161,5,41,21,14,5,32,83,81,71]
completion_time_por_agente [44,9,30,12,45,139,20,80,45,13,29,20,178,20,107,16,40,89,36,21,62,93,77,117,14,26,46,15,59,3,29,40,30,8,30,95,6,106,32,22,26,64,9,69,34,24,17,5,72,29,61,50,92,36,156,37,76,66,41,8,97,56,18,16,38,6,35,31,134,29,54,16,47,113,3,36,12,54,69,21,4,17,24,35,41,72,12,37,25,4,17,12,140,27,2,25,20,6,42,23,163,6,42,22,15,6,33,84,82,73]
tiempo_ultimo_agente_goal 178
tiempo_en_acabar 178
tiempo_promedio 44.281818
agentes_en_goal 110
push_out_count 0
RUN 23
valores_ideales [0,0,0,0,0,0,0,0,0,0,0,0,0,0,0,0,0,0,0,0,0,0,0,0,0,0,0,0,0,0,0,0,0,0,0,0,0,0,0,0,0,0,0,0,0,0,0,0,0,0,0,0,0,0,0,0,0,0,0,0,0,0,0,0,0,0,0,0,0,0,0,0,0,0,0,0,0,0,0,0,0,0,0,0,0,0,0,0,0,0,0,0,0,0,0,0,0,0,0,0,0,0,0,0,0,0,0,0,0,0]
costo_por_agente [43,4,29,9,30,256,25,85,66,24,28,19,159,25,121,15,41,90,35,20,101,33,83,155,14,27,44,14,84,2,24,31,35,7,29,79,5,88,29,21,23,43,11,84,27,16,16,4,117,52,42,84,90,33,168,58,90,39,46,7,116,65,19,15,11,5,31,16,125,28,91,15,124,90,2,44,11,41,70,22,3,18,35,33,38,89,11,50,26,3,20,7,91,23,1,24,20,9,41,33,135,5,33,21,12,5,34,101,75,79]
completion_time_por_agente [44,5,30,10,34,259,26,87,67,26,29,21,160,26,125,16,42,93,37,21,103,34,85,157,15,28,45,15,85,3,25,32,36,8,30,82,6,91,30,22,24,44,12,85,28,18,17,5,122,53,45,86,92,34,170,59,92,43,48,8,118,66,20,16,12,6,32,17,128,29,94,16,126,91,3,45,12,42,71,23,4,19,36,35,40,91,12,51,28,4,22,8,94,25,2,25,22,10,42,34,137,6,34,23,13,6,35,102,77,80]
tiempo_ultimo_agente_goal 259
tiempo_en_acabar 259
tiempo_promedio 47.809090
agentes_en_goal 110
push_out_count 0
RUN 24
valores_ideales [0,0,0,0,0,0,0,0,0,0,0,0,0,0,0,0,0,0,0,0,0,0,0,0,0,0,0,0,0,0,0,0,0,0,0,0,0,0,0,0,0,0,0,0,0,0,0,0,0,0,0,0,0,0,0,0,0,0,0,0,0,0,0,0,0,0,0,0,0,0,0,0,0,0,0,0,0,0,0,0,0,0,0,0,0,0,0,0,0,0,0,0,0,0,0,0,0,0,0,0,0,0,0,0,0,0,0,0,0,0]
costo_por_agente [81,6,29,13,28,258,19,97,58,12,28,19,61,21,193,17,37,106,55,20,63,247,109,147,12,25,30,10,54,2,20,39,15,7,29,83,5,78,29,21,21,33,9,56,31,20,16,6,119,40,60,98,104,33,102,34,86,41,46,7,94,103,17,15,11,5,29,20,209,28,97,17,62,102,2,38,11,43,58,20,3,18,23,39,46,145,11,42,26,3,18,9,167,23,1,28,20,5,53,31,137,5,27,21,14,5,32,59,67,43]
completion_time_por_agente [83,7,30,14,30,259,20,98,59,13,29,20,65,22,199,18,38,107,56,21,64,249,113,149,14,26,31,11,56,3,21,40,16,8,30,85,6,80,30,22,22,34,10,57,32,21,17,7,122,41,63,101,108,34,104,38,88,42,47,8,95,105,18,16,12,6,30,21,211,29,99,18,64,103,3,40,12,44,61,21,4,19,24,40,47,153,12,46,27,4,19,10,169,24,2,30,21,6,54,32,140,6,28,22,15,6,33,61,69,44]
tiempo_ultimo_agente_goal 259
tiempo_en_acabar 259
tiempo_promedio 49.209091
agentes_en_goal 110
push_out_count 0
RUN 25
valores_ideales [0,0,0,0,0,0,0,0,0,0,0,0,0,0,0,0,0,0,0,0,0,0,0,0,0,0,0,0,0,0,0,0,0,0,0,0,0,0,0,0,0,0,0,0,0,0,0,0,0,0,0,0,0,0,0,0,0,0,0,0,0,0,0,0,0,0,0,0,0,0,0,0,0,0,0,0,0,0,0,0,0,0,0,0,0,0,0,0,0,0,0,0,0,0,0,0,0,0,0,0,0,0,0,0,0,0,0,0,0,0]
costo_por_agente [65,4,51,13,30,120,35,81,64,36,30,19,77,19,151,15,31,58,35,18,43,153,59,197,12,27,44,12,100,2,18,57,13,9,29,99,5,56,41,21,23,47,9,68,29,16,16,4,89,40,76,120,64,37,204,36,70,87,38,7,88,49,17,17,11,5,51,20,93,26,89,19,164,48,2,46,11,31,48,58,3,14,19,47,40,75,11,24,28,3,18,15,167,21,1,24,20,7,51,27,195,5,29,21,12,5,26,73,35,51]
completion_time_por_agente [66,5,52,14,31,121,36,82,65,40,31,20,80,20,154,16,32,59,36,19,45,155,64,198,13,28,51,13,101,3,19,58,14,10,30,101,6,57,42,22,25,48,10,69,32,18,17,5,93,41,79,121,67,39,205,37,71,92,39,8,90,51,18,18,12,6,52,21,95,27,92,20,165,50,3,48,12,32,52,60,4,15,20,49,41,77,12,25,29,4,19,16,170,22,2,25,22,8,52,28,197,6,30,22,13,6,27,74,36,52]
tiempo_ultimo_agente_goal 205
tiempo_en_acabar 205
tiempo_promedio 46.836365
agentes_en_goal 110
push_out_count 0
RUN 26
valores_ideales [0,0,0,0,0,0,0,0,0,0,0,0,0,0,0,0,0,0,0,0,0,0,0,0,0,0,0,0,0,0,0,0,0,0,0,0,0,0,0,0,0,0,0,0,0,0,0,0,0,0,0,0,0,0,0,0,0,0,0,0,0,0,0,0,0,0,0,0,0,0,0,0,0,0,0,0,0,0,0,0,0,0,0,0,0,0,0,0,0,0,0,0,0,0,0,0,0,0,0,0,0,0,0,0,0,0,0,0,0,0]
costo_por_agente [47,6,29,11,22,160,25,53,156,14,38,23,155,27,67,15,39,72,35,18,117,115,77,197,22,33,22,16,72,2,26,31,21,7,33,71,5,74,43,21,21,39,9,114,23,16,16,4,73,38,40,100,110,33,188,68,56,33,52,7,80,43,17,19,11,7,27,18,103,24,43,19,88,68,2,34,11,49,74,34,3,18,29,51,42,73,11,44,24,3,16,9,175,39,1,24,20,5,47,27,73,5,37,25,12,5,30,75,113,37]
completion_time_por_agente [48,7,30,12,24,161,27,54,157,16,39,24,158,29,68,17,40,73,36,19,118,116,79,198,23,34,24,17,73,3,27,32,22,8,34,73,6,75,44,22,22,40,10,115,25,17,17,5,74,40,41,102,113,34,189,69,58,34,54,8,81,44,18,20,12,8,29,19,106,25,45,20,89,71,3,35,12,50,76,35,4,19,30,52,43,75,12,46,25,4,17,10,176,40,2,25,21,6,48,28,75,6,38,28,13,6,32,76,115,40]
tiempo_ultimo_agente_goal 198
tiempo_en_acabar 198
tiempo_promedio 45.854546
agentes_en_goal 110
push_out_count 0
RUN 27
valores_ideales [0,0,0,0,0,0,0,0,0,0,0,0,0,0,0,0,0,0,0,0,0,0,0,0,0,0,0,0,0,0,0,0,0,0,0,0,0,0,0,0,0,0,0,0,0,0,0,0,0,0,0,0,0,0,0,0,0,0,0,0,0,0,0,0,0,0,0,0,0,0,0,0,0,0,0,0,0,0,0,0,0,0,0,0,0,0,0,0,0,0,0,0,0,0,0,0,0,0,0,0,0,0,0,0,0,0,0,0,0,0]
costo_por_agente [51,4,29,9,26,106,21,85,106,12,32,19,157,21,101,17,27,120,41,26,43,155,81,77,14,25,40,12,92,2,38,31,21,7,29,111,5,54,33,21,37,39,11,188,49,18,16,4,75,36,62,106,64,35,140,34,64,67,36,7,104,69,17,15,13,7,27,18,135,40,47,17,106,76,2,60,13,39,62,22,5,14,27,39,38,87,13,24,28,3,20,13,177,45,1,24,18,9,41,31,163,5,27,31,12,3,26,103,81,55]
completion_time_por_agente [52,5,31,10,27,108,22,90,107,13,33,20,159,24,103,18,28,121,43,27,44,161,83,78,15,26,48,13,93,3,41,32,23,8,30,113,6,56,34,22,40,40,12,189,50,20,17,5,78,39,64,110,65,36,143,37,65,68,37,8,105,73,18,16,14,8,28,19,138,41,49,18,107,77,3,61,14,40,66,23,6,15,28,40,40,90,14,26,29,4,21,14,180,47,2,25,19,10,42,32,166,6,28,35,13,4,27,104,82,56]
tiempo_ultimo_agente_goal 189
tiempo_en_acabar 189
tiempo_promedio 47.418182
agentes_en_goal 110
push_out_count 0
RUN 28
valores_ideales [0,0,0,0,0,0,0,0,0,0,0,0,0,0,0,0,0,0,0,0,0,0,0,0,0,0,0,0,0,0,0,0,0,0,0,0,0,0,0,0,0,0,0,0,0,0,0,0,0,0,0,0,0,0,0,0,0,0,0,0,0,0,0,0,0,0,0,0,0,0,0,0,0,0,0,0,0,0,0,0,0,0,0,0,0,0,0,0,0,0,0,0,0,0,0,0,0,0,0,0,0,0,0,0,0,0,0,0,0,0]
costo_por_agente [79,6,51,11,26,126,25,51,86,14,34,19,43,23,181,15,53,92,37,18,43,135,115,181,12,25,26,22,66,2,24,31,13,7,29,51,5,72,33,25,21,57,9,84,29,20,16,4,111,40,50,82,108,33,162,44,88,39,36,7,90,51,17,15,21,5,25,22,103,22,51,15,104,96,2,46,11,49,58,38,7,16,15,25,36,81,11,38,24,3,18,19,155,23,1,24,20,9,43,25,151,5,25,23,12,13,50,85,123,45]
completion_time_por_agente [81,7,52,12,31,127,26,52,88,15,35,20,45,24,184,16,54,94,38,19,44,136,118,182,13,26,27,23,67,3,25,32,14,8,30,52,6,73,35,26,22,58,10,85,31,22,17,5,114,41,51,87,111,34,164,45,89,40,37,8,91,54,18,16,23,6,26,24,105,23,53,16,105,97,3,47,12,50,61,39,8,17,16,26,37,84,12,39,25,4,20,20,156,25,2,25,22,10,44,26,155,6,26,24,13,14,52,86,124,46]
tiempo_ultimo_agente_goal 184
tiempo_en_acabar 184
tiempo_promedio 46.036366
agentes_en_goal 110
push_out_count 0
RUN 29
valores_ideales [0,0,0,0,0,0,0,0,0,0,0,0,0,0,0,0,0,0,0,0,0,0,0,0,0,0,0,0,0,0,0,0,0,0,0,0,0,0,0,0,0,0,0,0,0,0,0,0,0,0,0,0,0,0,0,0,0,0,0,0,0,0,0,0,0,0,0,0,0,0,0,0,0,0,0,0,0,0,0,0,0,0,0,0,0,0,0,0,0,0,0,0,0,0,0,0,0,0,0,0,0,0,0,0,0,0,0,0,0,0]
costo_por_agente [43,4,29,9,24,110,19,67,98,36,30,21,111,19,41,15,39,114,35,18,101,309,91,187,14,31,22,16,86,2,44,39,21,7,53,75,5,80,29,35,21,29,9,154,33,18,16,4,105,32,42,120,92,33,206,50,72,35,40,11,94,39,17,15,11,7,25,22,125,26,61,17,92,70,2,34,11,45,70,22,5,16,17,53,44,89,11,44,24,3,18,7,59,37,1,24,18,9,57,27,133,5,29,29,12,5,28,59,81,35]
completion_time_por_agente [44,5,31,10,26,112,20,69,100,38,31,22,113,20,44,17,40,116,36,19,102,310,94,191,16,32,23,17,87,3,45,40,23,8,55,77,6,82,30,36,22,30,11,156,34,19,17,5,107,34,43,123,93,34,207,51,74,38,41,12,96,40,18,16,12,8,26,23,126,27,63,18,94,71,3,36,12,46,71,23,6,17,18,54,45,90,12,45,25,4,19,8,60,38,2,25,20,10,58,29,135,6,30,30,13,6,29,60,82,36]
tiempo_ultimo_agente_goal 310
tiempo_en_acabar 310
tiempo_promedio 47.109093
agentes_en_goal 110
push_out_count 0
RUN 30
valores_ideales [0,0,0,0,0,0,0,0,0,0,0,0,0,0,0,0,0,0,0,0,0,0,0,0,0,0,0,0,0,0,0,0,0,0,0,0,0,0,0,0,0,0,0,0,0,0,0,0,0,0,0,0,0,0,0,0,0,0,0,0,0,0,0,0,0,0,0,0,0,0,0,0,0,0,0,0,0,0,0,0,0,0,0,0,0,0,0,0,0,0,0,0,0,0,0,0,0,0,0,0,0,0,0,0,0,0,0,0,0,0]
costo_por_agente [43,6,39,11,32,132,21,79,50,18,36,19,127,19,105,17,33,102,35,24,93,101,93,101,14,29,42,16,64,2,20,31,15,7,29,61,5,52,37,21,61,39,9,112,25,18,20,4,85,44,66,112,114,79,166,40,68,133,30,7,82,51,17,15,11,5,31,18,131,26,39,17,56,106,2,38,11,39,52,36,5,18,17,45,38,129,11,28,26,3,16,7,217,23,1,24,18,9,55,31,125,5,25,21,16,3,28,115,37,51]
completion_time_por_agente [44,7,40,12,34,134,22,82,53,19,37,21,130,20,106,18,34,104,36,25,95,105,95,103,15,30,46,17,66,3,21,32,16,8,30,63,6,53,38,22,63,40,10,114,26,20,21,5,88,45,67,116,119,80,168,41,72,135,31,8,85,52,18,16,12,6,34,19,133,27,41,18,57,107,3,39,12,40,56,37,6,19,18,46,39,133,12,29,28,4,17,9,218,24,2,25,19,10,56,32,126,6,26,22,18,4,29,117,38,53]
tiempo_ultimo_agente_goal 218
tiempo_en_acabar 218
tiempo_promedio 46.436363
agentes_en_goal 110
push_out_count 0
RUN 31
valores_ideales [0,0,0,0,0,0,0,0,0,0,0,0,0,0,0,0,0,0,0,0,0,0,0,0,0,0,0,0,0,0,0,0,0,0,0,0,0,0,0,0,0,0,0,0,0,0,0,0,0,0,0,0,0,0,0,0,0,0,0,0,0,0,0,0,0,0,0,0,0,0,0,0,0,0,0,0,0,0,0,0,0,0,0,0,0,0,0,0,0,0,0,0,0,0,0,0,0,0,0,0,0,0,0,0,0,0,0,0,0,0]
costo_por_agente [43,4,29,11,34,346,21,61,110,18,30,21,111,19,127,21,37,96,45,22,65,169,107,203,10,31,36,18,60,2,30,39,13,7,29,47,5,54,29,21,73,43,11,80,23,18,16,4,109,28,52,78,112,33,172,32,82,45,48,7,104,79,17,15,11,5,37,18,105,28,57,19,106,106,2,36,11,45,60,84,7,16,23,39,38,103,11,46,24,3,16,13,289,39,1,30,22,7,47,29,125,5,29,23,14,3,56,77,75,37]
completion_time_por_agente [44,5,31,12,36,348,22,63,111,19,32,22,112,20,132,22,38,97,47,23,66,171,114,205,11,32,38,19,61,3,32,40,14,8,30,48,6,56,30,22,74,44,12,83,24,20,17,5,111,29,53,82,116,34,174,34,84,47,51,8,105,80,18,16,12,6,38,19,107,29,58,20,107,107,3,38,12,46,63,86,8,17,24,40,40,107,12,47,26,4,17,14,291,42,2,32,23,8,48,31,127,6,30,26,15,4,57,79,78,38]
tiempo_ultimo_agente_goal 348
tiempo_en_acabar 348
tiempo_promedio 50.972729
agentes_en_goal 110
push_out_count 0
RUN 32
valores_ideales [0,0,0,0,0,0,0,0,0,0,0,0,0,0,0,0,0,0,0,0,0,0,0,0,0,0,0,0,0,0,0,0,0,0,0,0,0,0,0,0,0,0,0,0,0,0,0,0,0,0,0,0,0,0,0,0,0,0,0,0,0,0,0,0,0,0,0,0,0,0,0,0,0,0,0,0,0,0,0,0,0,0,0,0,0,0,0,0,0,0,0,0,0,0,0,0,0,0,0,0,0,0,0,0,0,0,0,0,0,0]
costo_por_agente [107,4,29,9,28,284,25,105,84,12,36,21,99,19,59,21,37,110,35,18,111,267,111,71,24,25,56,16,68,2,18,33,55,7,29,55,5,50,35,21,25,55,15,80,25,16,16,4,81,48,48,142,94,37,178,30,50,51,36,7,70,25,17,15,17,5,25,20,143,24,65,17,72,66,2,42,13,51,72,22,3,14,17,29,36,137,11,32,26,3,18,9,119,21,1,24,18,9,43,29,231,5,45,21,12,5,48,99,97,31]
completion_time_por_agente [108,5,30,10,30,286,26,106,85,13,37,22,101,20,62,22,38,111,36,19,112,270,113,72,25,26,57,17,69,3,19,34,56,8,30,57,6,52,38,22,26,56,16,81,26,17,17,5,83,50,49,144,97,39,179,31,53,52,37,8,71,26,18,16,19,6,26,21,146,25,68,18,75,69,3,43,14,52,76,23,4,15,18,30,37,140,12,33,27,4,19,10,122,22,2,25,19,10,44,30,232,6,46,22,13,6,49,100,99,32]
tiempo_ultimo_agente_goal 286
tiempo_en_acabar 286
tiempo_promedio 48.745453
agentes_en_goal 110
push_out_count 0
RUN 33
valores_ideales [0,0,0,0,0,0,0,0,0,0,0,0,0,0,0,0,0,0,0,0,0,0,0,0,0,0,0,0,0,0,0,0,0,0,0,0,0,0,0,0,0,0,0,0,0,0,0,0,0,0,0,0,0,0,0,0,0,0,0,0,0,0,0,0,0,0,0,0,0,0,0,0,0,0,0,0,0,0,0,0,0,0,0,0,0,0,0,0,0,0,0,0,0,0,0,0,0,0,0,0,0,0,0,0,0,0,0,0,0,0]
costo_por_agente [43,4,33,11,30,124,27,119,50,26,30,19,143,19,121,17,43,68,35,22,77,175,55,153,14,33,28,12,54,2,24,39,13,7,53,75,5,64,47,21,23,55,7,92,45,22,24,4,65,74,78,88,106,35,170,30,44,59,44,7,130,41,17,15,11,5,25,22,119,26,83,15,98,106,2,54,15,43,142,22,3,20,17,27,40,115,13,34,24,3,18,11,133,23,1,26,22,7,45,33,87,5,33,21,12,7,48,107,35,59]
completion_time_por_agente [44,5,34,12,31,125,28,120,53,27,31,20,145,20,124,18,44,70,36,23,78,176,59,155,15,34,30,13,56,3,25,40,14,8,54,77,6,66,49,22,24,56,8,93,46,24,25,5,72,75,81,91,109,36,171,31,46,62,47,8,131,42,18,16,12,6,26,23,121,28,87,16,99,108,3,55,16,44,146,23,4,21,19,28,41,118,14,36,25,4,19,13,137,24,2,27,24,8,46,35,91,6,34,22,13,8,50,108,36,61]
tiempo_ultimo_agente_goal 176
tiempo_en_acabar 176
tiempo_promedio 47.218182
agentes_en_goal 110
push_out_count 0
RUN 34
valores_ideales [0,0,0,0,0,0,0,0,0,0,0,0,0,0,0,0,0,0,0,0,0,0,0,0,0,0,0,0,0,0,0,0,0,0,0,0,0,0,0,0,0,0,0,0,0,0,0,0,0,0,0,0,0,0,0,0,0,0,0,0,0,0,0,0,0,0,0,0,0,0,0,0,0,0,0,0,0,0,0,0,0,0,0,0,0,0,0,0,0,0,0,0,0,0,0,0,0,0,0,0,0,0,0,0,0,0,0,0,0,0]
costo_por_agente [53,4,29,13,24,154,21,55,56,22,34,19,65,19,93,17,33,106,35,18,67,131,95,165,12,25,42,18,54,2,24,31,27,7,29,53,5,50,33,21,23,55,9,130,29,26,16,4,157,28,56,98,92,35,72,40,52,49,52,7,80,37,17,19,11,5,25,22,95,28,93,17,78,52,2,48,11,49,78,20,5,18,17,47,44,107,11,30,24,3,18,7,109,25,1,24,18,9,45,31,81,5,41,21,12,7,40,89,73,63]
completion_time_por_agente [54,5,30,14,26,156,22,56,58,23,35,20,66,21,95,19,34,107,36,19,69,134,100,166,13,26,44,19,55,3,26,32,28,8,30,58,6,51,34,22,24,56,10,131,30,28,17,5,162,29,57,102,93,36,73,46,54,51,53,8,81,39,18,20,12,6,26,23,97,29,94,18,80,53,3,49,12,50,80,21,6,19,19,54,45,108,12,31,25,4,19,8,114,27,2,25,19,10,46,32,82,6,43,22,13,8,42,90,74,65]
tiempo_ultimo_agente_goal 166
tiempo_en_acabar 166
tiempo_promedio 43.327274
agentes_en_goal 110
push_out_count 0
RUN 35
valores_ideales [0,0,0,0,0,0,0,0,0,0,0,0,0,0,0,0,0,0,0,0,0,0,0,0,0,0,0,0,0,0,0,0,0,0,0,0,0,0,0,0,0,0,0,0,0,0,0,0,0,0,0,0,0,0,0,0,0,0,0,0,0,0,0,0,0,0,0,0,0,0,0,0,0,0,0,0,0,0,0,0,0,0,0,0,0,0,0,0,0,0,0,0,0,0,0,0,0,0,0,0,0,0,0,0,0,0,0,0,0,0]
costo_por_agente [43,4,29,13,22,224,21,91,44,28,32,21,113,21,81,19,53,68,37,20,85,127,95,181,16,25,20,14,84,2,20,31,21,9,29,63,5,66,31,27,21,31,17,42,33,16,16,4,83,30,70,112,100,33,78,32,92,61,38,7,122,47,17,15,33,11,33,20,101,32,81,15,106,92,2,34,13,51,94,20,5,14,19,31,36,107,13,40,24,3,22,9,181,37,1,28,18,5,53,27,59,5,33,31,12,5,70,87,35,31]
completion_time_por_agente [44,5,30,14,24,225,22,92,46,29,33,22,114,22,87,21,54,69,38,21,86,131,99,183,17,26,21,15,86,3,22,32,22,10,30,64,6,67,32,28,22,32,18,43,34,18,17,5,86,32,72,120,102,34,79,34,94,62,39,8,123,49,18,16,36,12,34,21,105,33,82,16,108,93,3,36,14,52,97,21,6,15,21,32,37,109,14,41,26,4,23,11,182,38,2,29,19,6,54,28,62,6,34,32,13,6,71,89,37,32]
tiempo_ultimo_agente_goal 225
tiempo_en_acabar 225
tiempo_promedio 45.372726
agentes_en_goal 110
push_out_count 0
RUN 36
valores_ideales [0,0,0,0,0,0,0,0,0,0,0,0,0,0,0,0,0,0,0,0,0,0,0,0,0,0,0,0,0,0,0,0,0,0,0,0,0,0,0,0,0,0,0,0,0,0,0,0,0,0,0,0,0,0,0,0,0,0,0,0,0,0,0,0,0,0,0,0,0,0,0,0,0,0,0,0,0,0,0,0,0,0,0,0,0,0,0,0,0,0,0,0,0,0,0,0,0,0,0,0,0,0,0,0,0,0,0,0,0,0]
costo_por_agente [87,6,29,11,30,140,25,125,102,12,28,19,127,21,155,21,35,72,37,20,107,229,59,139,12,33,70,24,64,2,26,55,41,7,29,51,5,80,41,21,23,45,11,102,29,14,16,4,45,36,56,108,60,37,176,34,44,45,52,7,76,75,17,15,13,5,27,20,117,26,39,17,130,78,2,62,11,49,46,20,5,16,19,41,38,115,11,36,30,3,18,9,221,21,1,28,18,5,49,31,91,5,27,21,12,5,36,67,95,35]
completion_time_por_agente [88,7,31,12,32,141,26,127,107,13,30,20,128,22,159,22,36,73,38,21,109,230,60,140,13,34,71,25,66,3,27,56,42,8,30,53,6,81,42,22,25,46,12,104,30,15,17,5,46,37,58,110,62,38,177,35,45,47,54,8,77,76,18,16,14,6,28,21,119,27,40,18,131,79,3,64,12,50,48,21,6,17,20,42,39,116,12,37,31,4,19,10,223,22,2,29,19,6,50,33,94,6,28,22,13,6,37,69,99,37]
tiempo_ultimo_agente_goal 230
tiempo_en_acabar 230
tiempo_promedio 47.618183
agentes_en_goal 110
push_out_count 0
RUN 37
valores_ideales [0,0,0,0,0,0,0,0,0,0,0,0,0,0,0,0,0,0,0,0,0,0,0,0,0,0,0,0,0,0,0,0,0,0,0,0,0,0,0,0,0,0,0,0,0,0,0,0,0,0,0,0,0,0,0,0,0,0,0,0,0,0,0,0,0,0,0,0,0,0,0,0,0,0,0,0,0,0,0,0,0,0,0,0,0,0,0,0,0,0,0,0,0,0,0,0,0,0,0,0,0,0,0,0,0,0,0,0,0,0]
costo_por_agente [65,8,29,11,32,266,23,77,52,16,32,19,131,19,99,17,39,118,37,24,79,125,97,77,22,31,24,20,68,2,28,43,19,7,31,45,5,62,39,21,27,43,9,70,33,24,16,4,57,50,52,76,58,37,212,30,54,83,32,7,74,47,17,15,13,5,51,22,143,24,59,15,50,100,2,44,11,45,88,20,3,18,21,45,44,105,11,28,26,3,20,11,77,23,1,24,20,7,43,23,145,5,57,23,12,7,28,137,97,77]
completion_time_por_agente [67,9,30,12,33,267,24,78,53,19,33,23,134,20,102,19,40,120,38,25,82,127,100,80,23,32,26,21,72,3,30,44,20,8,32,47,6,64,40,22,28,44,11,72,34,26,17,5,61,52,54,81,59,38,214,32,56,84,33,8,76,48,18,16,14,6,52,27,145,25,60,16,52,104,3,45,12,46,90,21,4,19,22,47,45,106,12,31,28,4,21,12,79,25,2,25,21,8,44,26,148,6,58,24,13,8,29,138,99,79]
tiempo_ultimo_agente_goal 267
tiempo_en_acabar 267
tiempo_promedio 46.299999
agentes_en_goal 110
push_out_count 0
RUN 38
valores_ideales [0,0,0,0,0,0,0,0,0,0,0,0,0,0,0,0,0,0,0,0,0,0,0,0,0,0,0,0,0,0,0,0,0,0,0,0,0,0,0,0,0,0,0,0,0,0,0,0,0,0,0,0,0,0,0,0,0,0,0,0,0,0,0,0,0,0,0,0,0,0,0,0,0,0,0,0,0,0,0,0,0,0,0,0,0,0,0,0,0,0,0,0,0,0,0,0,0,0,0,0,0,0,0,0,0,0,0,0,0,0]
costo_por_agente [77,6,29,9,30,90,19,113,76,16,28,19,143,19,51,17,53,102,37,20,69,129,107,107,20,29,44,14,96,2,16,39,41,7,47,75,5,92,31,21,23,43,11,78,51,24,16,4,93,50,62,118,112,87,262,36,100,35,38,7,86,59,17,15,25,21,29,18,83,40,63,15,66,122,2,36,13,31,54,38,5,16,35,25,36,131,11,34,24,3,18,7,57,27,1,24,20,9,53,29,141,5,31,21,16,5,28,79,95,49]
completion_time_por_agente [78,7,31,10,32,91,20,114,78,17,30,20,147,20,52,19,54,103,38,21,70,130,110,108,21,30,47,15,98,3,18,40,42,8,48,76,6,94,34,22,25,44,12,81,52,25,17,5,98,51,64,120,113,95,263,38,102,36,39,8,87,60,18,16,26,24,30,21,85,41,64,16,67,123,3,42,14,34,55,43,6,17,36,26,37,134,12,37,25,4,19,8,62,28,2,25,21,10,54,30,143,6,32,22,18,6,29,80,96,50]
tiempo_ultimo_agente_goal 263
tiempo_en_acabar 263
tiempo_promedio 47.581818
agentes_en_goal 110
push_out_count 0
RUN 39
valores_ideales [0,0,0,0,0,0,0,0,0,0,0,0,0,0,0,0,0,0,0,0,0,0,0,0,0,0,0,0,0,0,0,0,0,0,0,0,0,0,0,0,0,0,0,0,0,0,0,0,0,0,0,0,0,0,0,0,0,0,0,0,0,0,0,0,0,0,0,0,0,0,0,0,0,0,0,0,0,0,0,0,0,0,0,0,0,0,0,0,0,0,0,0,0,0,0,0,0,0,0,0,0,0,0,0,0,0,0,0,0,0]
costo_por_agente [77,4,29,11,30,118,23,83,90,28,28,19,181,19,195,35,33,100,39,20,43,215,85,149,16,25,56,22,68,2,16,45,13,7,45,69,5,50,55,21,23,43,9,136,41,16,18,4,87,56,52,92,78,35,144,30,68,61,44,7,94,57,17,17,11,5,25,24,75,26,47,17,110,54,2,40,11,43,40,22,3,28,33,29,52,71,11,22,24,3,20,9,151,23,1,26,18,5,43,21,105,5,35,21,14,5,50,85,91,33]
completion_time_por_agente [79,5,30,12,33,121,24,88,92,29,29,21,184,20,198,36,35,101,40,21,45,217,91,150,17,26,58,23,69,3,17,46,14,8,47,71,6,51,57,22,24,44,11,140,42,18,19,5,95,59,55,95,79,36,146,32,69,65,46,8,95,58,19,18,12,6,26,25,77,27,48,18,111,55,3,42,12,44,46,23,4,29,35,30,59,73,12,23,25,4,21,11,154,24,2,27,19,6,44,23,109,6,36,22,15,6,51,86,92,35]
tiempo_ultimo_agente_goal 217
tiempo_en_acabar 217
tiempo_promedio 47.018181
agentes_en_goal 110
push_out_count 0
