RUN 0
valores_ideales [12,44,25,23,25,27,10,36,30,14,31,49,9,11,26,16,15,7,23,8,41,15,15,18,45,22,47,32,35,28,7,20,42,37,47,15,34,25,23,20,18,27,17,35,20,16,38,30,14,7,16,43,30,16,40,41,19,36,28,41,24,30,19,37,15,16,36,31,16,32,18,16,45,22,21,18,10,31,1,42,35,50,21,36,16,41,12,19,24,18,32,20,37,17,24,33,20,10,28,43,40,24,41,25,15,24,44,39,32,44,27,31,8,45,8,18,12,32,26,39,35,13,28,19,8,52,26,19,26,12]
costo_por_agente [12,46,37,39,31,45,10,118,38,22,73,49,9,11,34,20,15,7,29,8,51,17,15,20,135,24,49,118,69,80,7,20,66,55,57,19,36,35,29,22,94,29,23,75,108,34,46,38,20,7,22,43,42,18,40,49,29,104,30,103,56,40,59,89,19,48,80,39,96,56,20,16,73,30,29,18,10,67,5,44,113,56,23,40,44,63,12,19,40,102,36,20,71,19,38,105,22,24,52,77,48,52,127,31,39,46,72,59,32,62,77,31,12,47,12,90,24,82,26,105,81,13,122,29,8,52,26,23,88,12]
completion_time_por_agente [13,60,44,55,38,82,10,207,41,26,107,51,9,12,37,23,16,7,33,8,64,21,16,22,252,30,63,191,98,147,7,22,98,69,83,23,50,43,34,31,149,29,25,132,239,52,66,46,23,8,30,43,59,20,40,64,33,174,34,173,82,65,101,134,24,89,124,60,173,86,21,16,103,33,39,20,10,110,8,62,205,70,23,45,77,86,12,23,61,190,45,20,115,23,54,173,25,39,69,108,68,82,224,44,68,62,121,90,33,86,110,35,17,50,14,187,26,139,26,163,122,14,211,34,8,58,28,25,147,12]
tiempo_ultimo_agente_goal 252
tiempo_en_acabar 252
tiempo_promedio 67.761536
agentes_en_goal 130
bad_good_total_rate_pred [30247,27654,57901,0.5]
push_out_count 616
RUN 1
valores_ideales [12,44,25,23,25,27,10,36,30,14,31,49,9,11,26,16,15,7,23,8,41,15,15,18,45,22,47,32,35,28,7,20,42,37,47,15,34,25,23,20,18,27,17,35,20,16,38,30,14,7,16,43,30,16,40,41,19,36,28,41,24,30,19,37,15,16,36,31,16,32,18,16,45,22,21,18,10,31,1,42,35,50,21,36,16,41,12,19,24,18,32,20,37,17,24,33,20,10,28,43,40,24,41,25,15,24,44,39,32,44,27,31,8,45,8,18,12,32,26,39,35,13,28,19,8,52,26,19,26,12]
costo_por_agente [14,54,43,39,47,79,10,48,46,20,133,49,9,15,50,34,25,7,23,10,55,15,17,18,57,110,91,44,73,34,7,20,78,55,137,15,72,67,37,24,34,27,25,41,116,30,44,50,18,7,20,63,68,16,42,59,39,98,28,53,44,52,57,47,51,90,94,65,88,44,18,16,141,90,25,28,10,87,13,74,89,50,23,48,48,85,12,23,60,58,44,20,85,29,50,99,24,32,58,111,48,124,145,59,73,26,110,69,32,54,81,31,8,49,12,140,36,46,26,83,47,13,120,23,8,54,26,27,76,12]
completion_time_por_agente [15,66,63,61,55,129,10,63,58,26,237,54,10,22,64,41,37,7,23,10,70,16,17,19,77,202,145,47,118,39,7,22,132,83,249,16,98,115,55,29,47,29,32,54,209,40,51,58,29,7,22,80,125,17,43,79,66,163,32,79,64,73,87,61,95,154,145,114,153,62,19,18,233,162,29,34,10,147,20,135,149,57,23,72,80,132,12,27,90,84,61,21,144,35,71,177,28,56,77,188,60,244,237,102,146,27,182,120,33,68,134,31,11,57,12,263,52,49,26,123,68,13,213,32,8,61,27,29,134,15]
tiempo_ultimo_agente_goal 263
tiempo_en_acabar 263
tiempo_promedio 75.730766
agentes_en_goal 130
bad_good_total_rate_pred [30052,30038,60090,0.5]
push_out_count 1483
RUN 2
valores_ideales [12,44,25,23,25,27,10,36,30,14,31,49,9,11,26,16,15,7,23,8,41,15,15,18,45,22,47,32,35,28,7,20,42,37,47,15,34,25,23,20,18,27,17,35,20,16,38,30,14,7,16,43,30,16,40,41,19,36,28,41,24,30,19,37,15,16,36,31,16,32,18,16,45,22,21,18,10,31,1,42,35,50,21,36,16,41,12,19,24,18,32,20,37,17,24,33,20,10,28,43,40,24,41,25,15,24,44,39,32,44,27,31,8,45,8,18,12,32,26,39,35,13,28,19,8,52,26,19,26,12]
costo_por_agente [16,62,39,39,29,43,10,40,44,34,99,53,13,13,46,40,15,7,23,8,53,15,17,22,75,96,57,60,135,42,7,22,62,53,57,15,56,43,41,22,110,27,19,119,132,26,54,48,22,7,16,73,48,16,40,49,45,78,118,117,62,48,23,49,49,44,76,41,104,44,20,16,101,84,29,18,10,109,5,48,67,52,23,82,38,61,16,19,36,90,80,22,69,19,48,103,22,18,44,93,48,46,127,87,15,38,138,49,36,50,69,31,10,47,12,120,32,72,26,93,83,13,106,33,8,60,26,47,64,14]
completion_time_por_agente [20,82,57,56,29,55,10,48,57,44,153,65,13,21,59,59,17,7,24,8,72,22,27,23,120,161,78,99,232,64,7,24,86,72,72,16,78,55,46,26,203,28,21,214,237,40,68,65,35,7,16,112,60,16,41,71,73,104,226,189,88,53,27,65,89,62,106,50,182,59,21,17,181,172,36,18,10,178,10,63,101,61,26,155,61,82,18,20,49,148,142,23,105,23,79,174,24,28,56,144,54,68,218,156,18,54,222,62,40,57,92,33,16,57,12,236,46,110,26,165,141,13,181,54,8,71,26,69,110,14]
tiempo_ultimo_agente_goal 237
tiempo_en_acabar 237
tiempo_promedio 73.269234
agentes_en_goal 130
bad_good_total_rate_pred [31599,28351,59950,0.5]
push_out_count 2240
RUN 3
valores_ideales [12,44,25,23,25,27,10,36,30,14,31,49,9,11,26,16,15,7,23,8,41,15,15,18,45,22,47,32,35,28,7,20,42,37,47,15,34,25,23,20,18,27,17,35,20,16,38,30,14,7,16,43,30,16,40,41,19,36,28,41,24,30,19,37,15,16,36,31,16,32,18,16,45,22,21,18,10,31,1,42,35,50,21,36,16,41,12,19,24,18,32,20,37,17,24,33,20,10,28,43,40,24,41,25,15,24,44,39,32,44,27,31,8,45,8,18,12,32,26,39,35,13,28,19,8,52,26,19,26,12]
costo_por_agente [18,88,41,35,27,59,10,46,46,20,119,49,9,11,50,16,17,7,23,8,65,135,15,18,97,30,121,36,71,54,7,22,74,93,107,15,54,57,37,24,110,29,35,45,86,36,56,56,26,9,18,73,76,22,48,85,29,140,140,103,54,96,87,41,83,64,82,57,102,48,18,16,49,110,45,18,12,111,1,90,153,68,23,54,28,79,12,145,56,22,46,22,79,23,38,135,38,36,36,59,56,130,131,51,17,24,138,49,52,70,49,45,8,71,12,140,38,52,28,121,85,13,120,27,8,54,26,29,68,14]
completion_time_por_agente [20,133,50,44,27,106,10,69,64,25,176,50,10,11,79,16,17,7,23,10,87,241,15,27,152,41,208,42,115,81,7,24,104,160,158,18,80,82,44,25,177,32,56,63,159,65,89,74,32,11,23,114,105,23,63,119,39,227,256,175,86,158,169,53,154,116,133,79,179,72,19,17,66,191,62,21,12,179,1,145,249,95,23,64,43,122,12,230,94,26,76,22,120,26,54,239,59,56,43,81,75,213,218,78,18,24,234,68,70,92,75,61,9,120,13,245,65,79,29,198,155,13,240,31,8,60,27,31,105,14]
tiempo_ultimo_agente_goal 256
tiempo_en_acabar 256
tiempo_promedio 83.646156
agentes_en_goal 130
bad_good_total_rate_pred [38961,30575,69536,0.4]
push_out_count 3125
RUN 4
valores_ideales [12,44,25,23,25,27,10,36,30,14,31,49,9,11,26,16,15,7,23,8,41,15,15,18,45,22,47,32,35,28,7,20,42,37,47,15,34,25,23,20,18,27,17,35,20,16,38,30,14,7,16,43,30,16,40,41,19,36,28,41,24,30,19,37,15,16,36,31,16,32,18,16,45,22,21,18,10,31,1,42,35,50,21,36,16,41,12,19,24,18,32,20,37,17,24,33,20,10,28,43,40,24,41,25,15,24,44,39,32,44,27,31,8,45,8,18,12,32,26,39,35,13,28,19,8,52,26,19,26,12]
costo_por_agente [14,84,51,29,27,113,10,86,44,16,49,49,9,49,58,58,15,7,23,8,65,79,15,28,61,172,91,42,75,62,7,20,98,47,155,21,112,103,45,20,44,27,21,147,44,28,68,48,34,25,16,51,58,16,46,55,23,126,120,123,138,152,135,91,71,62,128,97,166,38,26,16,79,30,37,22,10,109,1,142,163,50,23,58,26,93,14,25,32,34,44,20,121,39,52,135,22,30,32,131,52,102,53,39,15,36,60,95,32,78,153,31,10,67,8,68,48,68,28,161,55,13,34,67,8,54,26,23,144,14]
completion_time_por_agente [20,121,80,36,30,211,10,146,58,17,63,61,13,90,92,85,15,7,23,8,91,158,15,35,97,287,156,44,111,92,7,22,162,72,265,21,206,192,57,23,50,28,27,242,53,39,106,72,59,31,17,70,81,16,50,67,32,203,209,219,244,275,283,145,133,99,199,152,276,52,30,17,126,35,47,31,10,208,1,246,296,55,27,85,39,151,14,34,36,53,67,21,204,56,79,231,25,50,35,225,67,157,61,58,15,46,81,144,32,114,266,31,12,103,9,112,73,106,38,256,74,13,39,117,8,71,27,27,258,17]
tiempo_ultimo_agente_goal 296
tiempo_en_acabar 296
tiempo_promedio 90.723076
agentes_en_goal 130
bad_good_total_rate_pred [39189,33956,73145,0.5]
push_out_count 4192
RUN 5
valores_ideales [12,44,25,23,25,27,10,36,30,14,31,49,9,11,26,16,15,7,23,8,41,15,15,18,45,22,47,32,35,28,7,20,42,37,47,15,34,25,23,20,18,27,17,35,20,16,38,30,14,7,16,43,30,16,40,41,19,36,28,41,24,30,19,37,15,16,36,31,16,32,18,16,45,22,21,18,10,31,1,42,35,50,21,36,16,41,12,19,24,18,32,20,37,17,24,33,20,10,28,43,40,24,41,25,15,24,44,39,32,44,27,31,8,45,8,18,12,32,26,39,35,13,28,19,8,52,26,19,26,12]
costo_por_agente [16,86,39,41,33,119,10,104,38,18,111,65,11,13,58,56,15,7,27,8,97,15,17,20,65,100,83,46,71,60,7,22,130,47,139,17,56,37,39,28,26,27,19,97,114,40,44,40,24,9,18,61,86,20,46,67,21,106,62,89,74,98,89,67,55,122,104,111,54,42,34,18,87,86,29,22,10,41,1,90,129,62,23,48,44,157,12,37,34,92,88,22,69,53,38,79,24,26,36,121,44,76,75,77,15,26,114,137,34,126,141,33,8,67,10,34,38,124,34,163,73,15,36,37,8,52,26,21,48,12]
completion_time_por_agente [20,132,51,62,38,246,12,169,45,22,220,94,11,17,83,95,16,7,33,8,151,19,19,20,98,172,121,60,116,88,7,24,244,70,228,22,81,52,64,39,29,28,25,195,208,61,58,56,36,9,20,77,137,25,55,104,24,178,115,148,120,163,176,96,87,249,156,210,93,58,45,20,122,147,37,29,10,47,1,124,232,80,24,69,81,251,16,55,48,157,147,25,99,96,50,126,29,50,41,215,49,106,108,139,15,27,169,256,38,222,249,41,9,99,12,57,54,236,47,288,129,17,58,55,8,52,26,24,66,13]
tiempo_ultimo_agente_goal 288
tiempo_en_acabar 288
tiempo_promedio 86.261536
agentes_en_goal 130
bad_good_total_rate_pred [37274,33613,70887,0.5]
push_out_count 5261
RUN 6
valores_ideales [12,44,25,23,25,27,10,36,30,14,31,49,9,11,26,16,15,7,23,8,41,15,15,18,45,22,47,32,35,28,7,20,42,37,47,15,34,25,23,20,18,27,17,35,20,16,38,30,14,7,16,43,30,16,40,41,19,36,28,41,24,30,19,37,15,16,36,31,16,32,18,16,45,22,21,18,10,31,1,42,35,50,21,36,16,41,12,19,24,18,32,20,37,17,24,33,20,10,28,43,40,24,41,25,15,24,44,39,32,44,27,31,8,45,8,18,12,32,26,39,35,13,28,19,8,52,26,19,26,12]
costo_por_agente [12,84,33,35,27,55,14,48,50,24,43,51,15,17,84,86,17,7,23,8,55,17,15,18,75,26,59,38,55,52,7,20,78,53,83,17,100,65,33,22,22,29,29,107,58,36,58,38,28,13,20,135,54,18,42,47,23,80,118,125,94,52,83,69,39,66,42,75,82,40,18,16,71,128,43,36,10,111,1,112,81,58,23,50,26,91,12,21,44,68,40,20,87,19,44,115,30,24,38,69,44,118,65,39,33,26,78,47,36,76,61,31,10,51,10,80,38,50,26,125,37,13,68,29,8,60,26,23,58,14]
completion_time_por_agente [13,128,42,47,27,101,14,69,76,28,53,54,15,23,138,151,17,7,23,10,72,21,17,18,106,32,85,39,77,72,7,22,108,68,113,18,169,88,45,27,22,29,39,173,98,58,78,47,47,17,23,204,65,21,42,58,34,112,217,204,157,69,141,118,51,130,65,131,142,54,19,16,104,209,64,65,10,176,1,200,128,77,23,75,43,150,12,22,73,112,48,20,128,22,58,188,44,33,45,118,53,216,98,49,52,27,110,60,41,109,105,36,14,68,10,142,66,64,27,214,42,13,113,39,8,80,26,27,91,14]
tiempo_ultimo_agente_goal 217
tiempo_en_acabar 217
tiempo_promedio 70.638458
agentes_en_goal 130
bad_good_total_rate_pred [28336,25611,53947,0.5]
push_out_count 5998
RUN 7
valores_ideales [12,44,25,23,25,27,10,36,30,14,31,49,9,11,26,16,15,7,23,8,41,15,15,18,45,22,47,32,35,28,7,20,42,37,47,15,34,25,23,20,18,27,17,35,20,16,38,30,14,7,16,43,30,16,40,41,19,36,28,41,24,30,19,37,15,16,36,31,16,32,18,16,45,22,21,18,10,31,1,42,35,50,21,36,16,41,12,19,24,18,32,20,37,17,24,33,20,10,28,43,40,24,41,25,15,24,44,39,32,44,27,31,8,45,8,18,12,32,26,39,35,13,28,19,8,52,26,19,26,12]
costo_por_agente [16,56,29,39,25,59,10,128,42,16,57,61,11,11,52,28,15,7,23,8,43,31,15,18,65,110,139,108,89,50,7,28,62,55,143,25,58,57,37,22,108,29,21,55,94,26,56,34,22,9,16,151,48,16,42,51,29,142,70,99,56,36,25,47,33,60,38,65,112,48,22,16,91,102,23,18,10,69,1,104,79,58,27,86,28,73,26,25,28,140,44,24,91,19,52,119,24,10,54,147,52,58,125,43,41,40,140,53,36,92,75,35,8,125,12,94,38,80,32,135,81,15,64,39,8,52,26,23,62,12]
completion_time_por_agente [25,64,34,60,25,104,10,222,53,18,90,81,12,14,70,36,15,7,26,9,52,57,15,19,107,181,227,193,146,78,7,42,82,75,225,40,81,96,49,26,211,38,26,84,168,35,82,39,32,12,17,274,71,16,45,64,35,258,106,168,100,42,35,55,39,124,44,102,194,68,27,18,151,193,23,21,10,136,1,169,121,76,29,157,40,113,38,30,34,264,67,29,125,20,68,227,25,11,92,270,69,102,213,61,50,54,232,76,37,136,130,40,8,207,14,179,59,114,33,225,111,15,103,50,8,60,26,30,103,12]
tiempo_ultimo_agente_goal 274
tiempo_en_acabar 274
tiempo_promedio 80.761536
agentes_en_goal 130
bad_good_total_rate_pred [36235,31598,67833,0.5]
push_out_count 6897
RUN 8
valores_ideales [12,44,25,23,25,27,10,36,30,14,31,49,9,11,26,16,15,7,23,8,41,15,15,18,45,22,47,32,35,28,7,20,42,37,47,15,34,25,23,20,18,27,17,35,20,16,38,30,14,7,16,43,30,16,40,41,19,36,28,41,24,30,19,37,15,16,36,31,16,32,18,16,45,22,21,18,10,31,1,42,35,50,21,36,16,41,12,19,24,18,32,20,37,17,24,33,20,10,28,43,40,24,41,25,15,24,44,39,32,44,27,31,8,45,8,18,12,32,26,39,35,13,28,19,8,52,26,19,26,12]
costo_por_agente [20,54,37,31,27,101,10,60,70,16,151,51,13,11,32,16,17,7,23,10,87,15,15,20,57,152,53,38,73,46,9,22,80,79,151,15,72,85,45,22,138,29,17,101,98,92,42,48,22,127,18,47,78,16,44,65,23,90,68,97,126,56,99,77,107,126,130,41,126,38,18,20,117,138,23,26,10,133,5,112,63,72,23,82,20,123,12,27,36,154,94,22,79,23,44,145,20,42,38,81,46,86,65,63,15,28,64,75,32,76,85,35,8,65,14,106,20,52,28,135,45,13,46,29,8,52,28,23,130,14]
completion_time_por_agente [21,62,43,46,28,194,13,118,117,21,263,57,17,12,46,20,17,7,24,14,129,18,15,21,75,252,70,49,111,52,10,24,139,132,250,19,123,144,58,27,247,30,21,177,188,160,46,59,33,221,18,53,138,17,45,92,26,138,98,175,221,77,199,138,202,190,211,59,219,48,19,20,184,245,27,33,10,244,6,190,96,97,23,155,30,168,12,39,38,262,157,22,132,28,63,266,21,71,46,124,52,151,87,121,16,33,86,121,41,104,148,42,8,103,15,197,25,69,28,236,69,13,59,43,8,54,29,25,200,15]
tiempo_ultimo_agente_goal 266
tiempo_en_acabar 266
tiempo_promedio 87.923080
agentes_en_goal 130
bad_good_total_rate_pred [39773,32869,72642,0.5]
push_out_count 7911
RUN 9
valores_ideales [12,44,25,23,25,27,10,36,30,14,31,49,9,11,26,16,15,7,23,8,41,15,15,18,45,22,47,32,35,28,7,20,42,37,47,15,34,25,23,20,18,27,17,35,20,16,38,30,14,7,16,43,30,16,40,41,19,36,28,41,24,30,19,37,15,16,36,31,16,32,18,16,45,22,21,18,10,31,1,42,35,50,21,36,16,41,12,19,24,18,32,20,37,17,24,33,20,10,28,43,40,24,41,25,15,24,44,39,32,44,27,31,8,45,8,18,12,32,26,39,35,13,28,19,8,52,26,19,26,12]
costo_por_agente [14,70,53,47,25,105,12,40,46,24,93,49,9,15,50,24,15,7,23,8,75,17,25,30,47,28,53,44,49,90,7,22,114,45,127,17,82,71,37,30,26,29,33,61,46,44,60,50,20,7,26,43,118,16,48,59,35,140,138,115,56,38,69,47,79,80,48,69,84,46,18,28,107,110,33,18,10,133,1,54,95,66,23,80,40,107,12,19,40,108,50,22,93,113,32,79,32,30,44,105,42,140,59,67,33,32,72,55,68,130,73,41,8,47,8,124,30,118,28,123,47,15,124,27,8,60,28,31,80,12]
completion_time_por_agente [16,97,64,62,28,189,14,54,69,27,181,50,12,15,78,30,17,7,24,8,103,21,39,48,54,37,72,46,70,169,7,24,200,62,214,21,125,110,58,35,28,29,42,96,67,73,97,65,36,7,32,44,217,16,58,96,49,214,228,186,99,44,117,66,151,120,71,121,160,58,18,41,188,199,47,19,10,229,1,72,161,108,23,130,70,170,12,19,58,210,71,25,155,177,43,125,44,41,77,193,49,245,81,106,58,37,101,79,117,201,97,53,8,50,9,239,51,196,29,188,58,16,232,36,8,62,29,36,146,12]
tiempo_ultimo_agente_goal 245
tiempo_en_acabar 245
tiempo_promedio 81.607689
agentes_en_goal 130
bad_good_total_rate_pred [35810,30801,66611,0.5]
push_out_count 8848
RUN 10
valores_ideales [12,44,25,23,25,27,10,36,30,14,31,49,9,11,26,16,15,7,23,8,41,15,15,18,45,22,47,32,35,28,7,20,42,37,47,15,34,25,23,20,18,27,17,35,20,16,38,30,14,7,16,43,30,16,40,41,19,36,28,41,24,30,19,37,15,16,36,31,16,32,18,16,45,22,21,18,10,31,1,42,35,50,21,36,16,41,12,19,24,18,32,20,37,17,24,33,20,10,28,43,40,24,41,25,15,24,44,39,32,44,27,31,8,45,8,18,12,32,26,39,35,13,28,19,8,52,26,19,26,12]
costo_por_agente [22,56,31,57,27,97,10,118,52,20,81,53,11,23,44,20,15,7,23,8,69,15,17,22,65,136,67,218,47,54,7,20,86,59,121,23,54,79,33,20,140,27,17,175,90,36,72,58,22,7,20,67,44,18,42,59,45,86,184,183,82,82,69,65,101,68,44,77,124,38,18,20,87,74,25,56,10,83,1,102,97,50,23,138,60,73,12,21,56,122,48,20,91,19,48,177,20,30,44,53,58,70,127,77,17,44,70,91,34,64,67,31,8,69,12,84,62,74,26,131,181,15,202,35,8,58,26,29,40,14]
completion_time_por_agente [31,83,47,87,27,169,13,192,74,23,127,57,11,41,59,23,16,7,25,8,104,17,19,23,102,252,97,320,58,82,7,21,149,85,189,35,80,137,36,23,291,27,18,323,135,52,116,87,37,9,25,117,59,19,44,82,74,154,319,311,158,132,108,106,163,112,51,121,199,52,20,20,126,131,28,88,10,124,1,160,160,53,23,239,100,115,12,25,89,221,78,22,159,23,69,308,23,45,58,65,85,110,213,137,17,56,101,148,37,86,98,33,8,109,14,164,110,120,26,234,287,17,335,52,8,73,27,35,53,15]
tiempo_ultimo_agente_goal 335
tiempo_en_acabar 335
tiempo_promedio 91.230766
agentes_en_goal 130
bad_good_total_rate_pred [42264,34825,77089,0.5]
push_out_count 9927
RUN 11
valores_ideales [12,44,25,23,25,27,10,36,30,14,31,49,9,11,26,16,15,7,23,8,41,15,15,18,45,22,47,32,35,28,7,20,42,37,47,15,34,25,23,20,18,27,17,35,20,16,38,30,14,7,16,43,30,16,40,41,19,36,28,41,24,30,19,37,15,16,36,31,16,32,18,16,45,22,21,18,10,31,1,42,35,50,21,36,16,41,12,19,24,18,32,20,37,17,24,33,20,10,28,43,40,24,41,25,15,24,44,39,32,44,27,31,8,45,8,18,12,32,26,39,35,13,28,19,8,52,26,19,26,12]
costo_por_agente [14,50,47,29,31,63,12,56,54,22,139,49,15,13,46,74,15,7,23,8,47,21,15,20,45,128,107,56,73,62,7,22,64,55,111,25,78,55,43,22,34,29,27,89,132,20,44,40,28,9,36,77,42,22,72,59,33,128,86,61,86,54,89,65,29,68,64,71,118,42,18,16,51,40,25,40,10,117,1,50,129,68,23,48,24,69,12,43,32,132,72,20,87,21,54,117,24,24,38,137,48,60,103,33,15,44,132,67,34,90,67,33,10,115,10,122,46,70,26,93,41,13,128,37,8,52,26,23,82,14]
completion_time_por_agente [18,67,70,39,34,109,12,75,82,27,209,52,15,22,66,124,15,7,23,8,61,29,16,23,54,188,179,82,132,88,7,30,91,71,165,34,117,79,61,31,39,31,30,154,252,29,57,49,44,10,53,137,59,22,104,81,55,236,160,89,154,72,144,94,41,97,93,109,218,50,19,17,74,55,30,60,10,200,1,64,222,96,23,71,39,102,13,53,39,215,118,22,140,25,92,207,26,41,53,223,64,103,163,41,15,57,214,99,35,128,115,40,12,207,13,237,83,117,28,140,47,13,222,55,8,64,27,27,141,15]
tiempo_ultimo_agente_goal 252
tiempo_en_acabar 252
tiempo_promedio 78.884613
agentes_en_goal 130
bad_good_total_rate_pred [34204,28999,63203,0.5]
push_out_count 10765
RUN 12
valores_ideales [12,44,25,23,25,27,10,36,30,14,31,49,9,11,26,16,15,7,23,8,41,15,15,18,45,22,47,32,35,28,7,20,42,37,47,15,34,25,23,20,18,27,17,35,20,16,38,30,14,7,16,43,30,16,40,41,19,36,28,41,24,30,19,37,15,16,36,31,16,32,18,16,45,22,21,18,10,31,1,42,35,50,21,36,16,41,12,19,24,18,32,20,37,17,24,33,20,10,28,43,40,24,41,25,15,24,44,39,32,44,27,31,8,45,8,18,12,32,26,39,35,13,28,19,8,52,26,19,26,12]
costo_por_agente [20,58,33,57,25,77,10,88,38,16,117,49,9,11,64,78,15,7,23,8,61,17,15,18,71,72,57,56,51,52,7,20,76,43,139,27,54,31,45,28,32,27,23,45,72,52,82,44,24,7,44,47,50,16,40,71,27,120,118,107,76,34,77,41,63,78,72,39,102,44,20,16,79,82,29,36,10,93,9,106,121,58,23,82,48,89,12,57,50,58,96,20,91,21,62,121,22,28,54,111,44,124,135,83,15,54,64,53,40,74,53,31,8,73,8,120,38,50,42,99,53,13,112,25,8,60,26,27,76,12]
completion_time_por_agente [26,76,41,95,26,128,10,146,60,17,199,53,9,14,90,126,15,7,31,8,86,22,17,19,111,146,77,83,64,80,7,21,119,52,220,36,78,37,63,33,37,28,25,60,114,82,141,64,49,7,66,47,84,16,41,112,35,192,209,186,128,39,144,57,106,147,106,50,195,61,22,17,117,126,32,55,10,177,20,174,226,72,23,143,69,146,12,88,81,95,171,21,135,23,87,221,24,42,80,185,55,235,232,137,15,90,79,81,47,101,82,35,9,98,8,234,61,83,65,183,86,13,205,35,8,72,26,31,127,14]
tiempo_ultimo_agente_goal 235
tiempo_en_acabar 235
tiempo_promedio 80.130768
agentes_en_goal 130
bad_good_total_rate_pred [34459,30137,64596,0.5]
push_out_count 11650
RUN 13
valores_ideales [12,44,25,23,25,27,10,36,30,14,31,49,9,11,26,16,15,7,23,8,41,15,15,18,45,22,47,32,35,28,7,20,42,37,47,15,34,25,23,20,18,27,17,35,20,16,38,30,14,7,16,43,30,16,40,41,19,36,28,41,24,30,19,37,15,16,36,31,16,32,18,16,45,22,21,18,10,31,1,42,35,50,21,36,16,41,12,19,24,18,32,20,37,17,24,33,20,10,28,43,40,24,41,25,15,24,44,39,32,44,27,31,8,45,8,18,12,32,26,39,35,13,28,19,8,52,26,19,26,12]
costo_por_agente [16,88,117,47,25,93,10,80,46,16,105,59,11,17,82,118,15,7,23,8,49,55,15,22,117,36,61,134,87,72,7,22,64,43,105,21,72,47,39,32,24,27,23,45,130,24,54,38,24,7,16,127,86,16,48,77,35,58,140,69,58,64,103,55,43,132,106,77,120,72,18,36,47,58,29,56,10,51,3,72,91,80,23,62,58,89,12,113,52,116,60,22,105,19,56,93,22,22,64,113,72,116,127,55,15,38,70,51,34,94,69,31,10,75,8,126,38,78,26,95,45,45,108,51,8,54,26,25,122,12]
completion_time_por_agente [17,151,187,79,31,181,10,115,80,19,171,75,11,26,131,218,18,7,24,8,62,97,15,26,194,55,73,203,150,125,7,23,85,52,181,24,111,78,57,45,25,28,26,60,233,29,78,42,36,7,16,227,146,16,64,128,57,72,242,111,84,101,166,81,71,211,196,126,205,135,20,48,60,84,34,106,10,65,3,104,166,130,24,95,103,165,12,201,82,222,108,22,170,25,85,135,24,35,101,190,125,221,209,90,15,47,123,66,37,147,110,31,11,123,9,234,63,120,31,157,57,60,162,77,8,62,26,27,206,14]
tiempo_ultimo_agente_goal 242
tiempo_en_acabar 242
tiempo_promedio 88.753845
agentes_en_goal 130
bad_good_total_rate_pred [40369,32437,72806,0.4]
push_out_count 12671
RUN 14
valores_ideales [12,44,25,23,25,27,10,36,30,14,31,49,9,11,26,16,15,7,23,8,41,15,15,18,45,22,47,32,35,28,7,20,42,37,47,15,34,25,23,20,18,27,17,35,20,16,38,30,14,7,16,43,30,16,40,41,19,36,28,41,24,30,19,37,15,16,36,31,16,32,18,16,45,22,21,18,10,31,1,42,35,50,21,36,16,41,12,19,24,18,32,20,37,17,24,33,20,10,28,43,40,24,41,25,15,24,44,39,32,44,27,31,8,45,8,18,12,32,26,39,35,13,28,19,8,52,26,19,26,12]
costo_por_agente [16,56,35,45,29,59,10,164,40,18,117,63,13,13,44,26,19,7,23,10,67,19,17,20,101,40,145,58,55,46,7,20,86,43,79,41,68,71,31,22,26,27,21,45,154,26,68,50,26,9,16,145,44,18,40,53,25,196,58,157,92,70,83,161,127,126,72,63,162,44,20,50,107,54,33,20,12,57,1,60,191,60,23,50,38,143,12,71,36,194,52,20,133,19,38,119,20,14,34,75,58,108,69,33,15,28,56,83,44,82,117,31,8,53,8,170,62,104,26,59,39,15,130,47,12,52,26,19,44,14]
completion_time_por_agente [16,69,45,70,33,91,11,302,54,18,193,91,20,18,65,38,20,7,24,10,101,22,22,24,164,73,273,95,92,67,7,23,127,53,137,64,117,106,51,24,28,27,27,57,286,32,104,66,37,13,16,288,56,18,40,74,38,337,78,265,165,109,143,275,209,256,110,106,325,58,22,84,194,79,37,20,12,74,1,81,338,93,24,67,69,255,12,91,53,337,78,20,251,23,48,205,24,16,42,130,77,194,102,46,15,33,79,121,65,153,232,31,11,64,9,348,107,180,32,95,51,15,250,76,13,54,26,23,65,16]
tiempo_ultimo_agente_goal 348
tiempo_en_acabar 348
tiempo_promedio 91.099998
agentes_en_goal 130
bad_good_total_rate_pred [38653,36849,75502,0.5]
push_out_count 13842
RUN 15
valores_ideales [12,44,25,23,25,27,10,36,30,14,31,49,9,11,26,16,15,7,23,8,41,15,15,18,45,22,47,32,35,28,7,20,42,37,47,15,34,25,23,20,18,27,17,35,20,16,38,30,14,7,16,43,30,16,40,41,19,36,28,41,24,30,19,37,15,16,36,31,16,32,18,16,45,22,21,18,10,31,1,42,35,50,21,36,16,41,12,19,24,18,32,20,37,17,24,33,20,10,28,43,40,24,41,25,15,24,44,39,32,44,27,31,8,45,8,18,12,32,26,39,35,13,28,19,8,52,26,19,26,12]
costo_por_agente [12,52,45,47,25,95,10,42,36,18,161,49,11,31,58,30,17,7,23,8,49,15,15,20,55,138,101,46,55,78,7,24,106,43,111,23,60,109,33,22,28,27,21,93,170,36,38,48,30,7,50,45,82,20,40,73,29,176,92,171,100,42,111,93,53,102,84,65,176,58,68,28,81,134,31,42,10,103,1,52,115,56,23,52,36,85,12,99,38,78,162,20,105,23,34,185,32,30,36,161,44,100,113,43,39,28,68,107,36,100,87,31,8,47,12,170,38,78,30,105,43,13,144,31,8,52,26,27,90,12]
completion_time_por_agente [14,70,66,66,26,172,10,49,37,23,312,52,16,50,90,39,18,7,23,10,64,20,15,21,72,261,156,57,87,145,7,31,161,54,190,27,100,172,41,30,34,32,23,163,314,62,44,57,48,7,79,49,121,21,41,108,42,266,177,318,178,48,190,141,71,190,146,109,324,87,110,39,136,252,42,67,10,169,1,69,206,68,23,78,55,123,12,204,60,144,302,21,177,29,44,330,48,51,52,291,50,172,209,63,59,32,108,184,45,138,160,31,11,51,16,336,52,121,31,175,55,13,294,48,8,59,26,37,160,16]
tiempo_ultimo_agente_goal 336
tiempo_en_acabar 336
tiempo_promedio 94.800003
agentes_en_goal 130
bad_good_total_rate_pred [42217,38997,81214,0.5]
push_out_count 15035
RUN 16
valores_ideales [12,44,25,23,25,27,10,36,30,14,31,49,9,11,26,16,15,7,23,8,41,15,15,18,45,22,47,32,35,28,7,20,42,37,47,15,34,25,23,20,18,27,17,35,20,16,38,30,14,7,16,43,30,16,40,41,19,36,28,41,24,30,19,37,15,16,36,31,16,32,18,16,45,22,21,18,10,31,1,42,35,50,21,36,16,41,12,19,24,18,32,20,37,17,24,33,20,10,28,43,40,24,41,25,15,24,44,39,32,44,27,31,8,45,8,18,12,32,26,39,35,13,28,19,8,52,26,19,26,12]
costo_por_agente [30,64,31,35,27,107,10,52,46,14,123,77,9,17,56,88,21,7,23,8,87,29,15,22,51,122,163,38,123,100,7,22,128,147,155,19,74,33,47,24,44,27,23,91,96,24,68,40,24,7,20,45,36,16,62,51,25,78,68,89,106,92,61,101,71,100,74,119,58,40,22,24,57,102,31,52,12,165,1,44,79,78,25,52,46,107,14,83,34,92,66,20,109,19,28,95,20,26,36,55,70,86,93,43,27,24,80,49,32,108,117,31,8,47,8,148,14,56,26,77,53,13,170,33,8,54,26,27,84,12]
completion_time_por_agente [53,79,34,48,28,199,10,68,61,17,230,115,11,26,83,157,21,7,24,8,142,52,15,27,73,201,283,48,200,177,7,26,208,238,254,24,134,41,71,27,70,27,30,151,147,28,111,49,34,8,21,46,46,16,84,66,33,116,105,148,176,149,99,172,141,206,120,198,103,54,24,35,76,183,37,88,12,303,1,57,131,109,27,76,77,185,14,161,43,173,117,22,194,20,32,159,25,40,45,70,123,132,157,65,42,24,129,72,33,172,212,34,10,55,8,285,17,68,26,106,72,13,287,48,8,62,27,36,149,16]
tiempo_ultimo_agente_goal 303
tiempo_en_acabar 303
tiempo_promedio 86.961540
agentes_en_goal 130
bad_good_total_rate_pred [38753,36013,74766,0.5]
push_out_count 16065
RUN 17
valores_ideales [12,44,25,23,25,27,10,36,30,14,31,49,9,11,26,16,15,7,23,8,41,15,15,18,45,22,47,32,35,28,7,20,42,37,47,15,34,25,23,20,18,27,17,35,20,16,38,30,14,7,16,43,30,16,40,41,19,36,28,41,24,30,19,37,15,16,36,31,16,32,18,16,45,22,21,18,10,31,1,42,35,50,21,36,16,41,12,19,24,18,32,20,37,17,24,33,20,10,28,43,40,24,41,25,15,24,44,39,32,44,27,31,8,45,8,18,12,32,26,39,35,13,28,19,8,52,26,19,26,12]
costo_por_agente [12,84,33,25,33,69,10,114,46,14,59,49,9,19,38,34,15,7,23,12,49,17,65,18,71,146,97,38,69,50,7,22,68,41,99,17,82,51,37,22,108,27,21,117,92,30,56,42,28,7,34,47,58,22,40,61,29,106,68,115,76,46,61,59,65,66,90,33,126,44,20,16,75,58,25,18,10,71,1,50,115,50,23,120,30,75,12,23,40,84,52,20,71,23,52,97,24,30,34,153,46,76,45,49,15,26,68,77,40,64,67,33,10,51,14,34,24,48,28,111,91,13,48,43,8,62,26,19,80,12]
completion_time_por_agente [16,121,43,27,34,116,12,203,67,19,98,50,9,32,51,48,15,7,23,13,59,23,118,18,100,223,144,46,108,74,7,28,92,47,147,23,136,65,50,25,160,29,25,191,148,35,78,52,45,9,54,50,78,22,40,86,44,163,104,188,126,66,105,88,112,114,150,43,197,67,21,17,125,85,29,19,10,107,1,63,184,52,24,225,51,113,12,28,65,159,68,21,110,25,82,189,24,57,40,230,59,134,54,84,20,26,89,110,49,92,110,34,13,63,17,54,31,74,31,190,155,13,61,61,8,80,26,21,125,14]
tiempo_ultimo_agente_goal 230
tiempo_en_acabar 230
tiempo_promedio 71.846153
agentes_en_goal 130
bad_good_total_rate_pred [31634,25807,57441,0.4]
push_out_count 16794
RUN 18
valores_ideales [12,44,25,23,25,27,10,36,30,14,31,49,9,11,26,16,15,7,23,8,41,15,15,18,45,22,47,32,35,28,7,20,42,37,47,15,34,25,23,20,18,27,17,35,20,16,38,30,14,7,16,43,30,16,40,41,19,36,28,41,24,30,19,37,15,16,36,31,16,32,18,16,45,22,21,18,10,31,1,42,35,50,21,36,16,41,12,19,24,18,32,20,37,17,24,33,20,10,28,43,40,24,41,25,15,24,44,39,32,44,27,31,8,45,8,18,12,32,26,39,35,13,28,19,8,52,26,19,26,12]
costo_por_agente [20,84,47,37,27,61,10,58,40,18,111,63,15,25,66,20,17,7,23,8,61,21,19,20,59,116,61,36,67,62,7,20,66,51,83,19,90,75,31,28,122,27,19,63,54,26,46,50,34,7,16,45,70,18,88,53,25,90,66,115,72,84,79,61,61,84,80,77,84,40,22,28,107,120,29,28,10,73,1,90,97,58,23,46,34,89,12,19,34,70,44,22,99,21,32,101,24,16,40,103,44,40,103,41,19,42,50,85,32,86,81,35,8,45,12,72,18,60,30,85,43,13,66,29,8,54,26,23,66,12]
completion_time_por_agente [27,121,67,55,28,101,10,99,55,19,184,88,26,32,117,24,18,7,26,8,92,25,24,20,95,204,82,39,107,84,7,21,105,61,121,22,152,124,40,31,186,28,20,101,100,35,55,62,46,7,17,57,112,18,134,68,34,145,95,191,122,157,142,104,118,155,130,114,144,48,24,40,158,206,32,30,10,124,1,134,163,76,24,63,59,145,12,20,36,106,54,23,161,23,39,160,26,16,43,161,48,54,160,61,20,54,65,140,32,128,131,37,9,54,16,133,21,91,39,139,48,13,111,42,8,57,26,29,113,14]
tiempo_ultimo_agente_goal 206
tiempo_en_acabar 206
tiempo_promedio 72.115387
agentes_en_goal 130
bad_good_total_rate_pred [31470,26571,58041,0.5]
push_out_count 17543
RUN 19
valores_ideales [12,44,25,23,25,27,10,36,30,14,31,49,9,11,26,16,15,7,23,8,41,15,15,18,45,22,47,32,35,28,7,20,42,37,47,15,34,25,23,20,18,27,17,35,20,16,38,30,14,7,16,43,30,16,40,41,19,36,28,41,24,30,19,37,15,16,36,31,16,32,18,16,45,22,21,18,10,31,1,42,35,50,21,36,16,41,12,19,24,18,32,20,37,17,24,33,20,10,28,43,40,24,41,25,15,24,44,39,32,44,27,31,8,45,8,18,12,32,26,39,35,13,28,19,8,52,26,19,26,12]
costo_por_agente [14,56,117,33,25,97,10,60,42,16,111,83,17,25,38,32,15,7,23,8,119,27,15,22,69,28,75,34,113,50,7,20,80,41,111,15,160,129,31,34,26,27,19,61,98,24,98,48,32,9,18,99,46,16,42,65,21,124,42,79,130,78,137,45,43,168,142,93,110,38,20,16,101,112,23,18,10,139,1,58,127,88,23,48,20,159,12,57,56,120,102,20,141,35,30,143,28,24,46,137,74,132,123,65,17,34,96,129,36,142,123,35,14,73,12,126,44,60,26,59,43,21,128,29,8,58,26,27,92,14]
completion_time_por_agente [20,89,196,47,25,169,10,91,60,18,186,130,17,40,51,51,17,7,23,8,213,43,15,25,112,31,108,35,202,83,7,21,119,48,194,17,266,235,39,54,27,27,24,86,172,28,170,62,59,10,24,168,63,17,48,99,25,199,48,113,202,124,206,68,77,282,278,180,191,42,20,17,168,211,25,18,10,235,1,78,211,134,23,64,23,289,12,105,82,208,205,21,245,50,39,235,38,40,75,236,114,242,211,96,18,44,170,225,41,230,237,36,19,121,12,254,66,79,26,80,59,23,224,53,8,74,27,29,175,14]
tiempo_ultimo_agente_goal 289
tiempo_en_acabar 289
tiempo_promedio 95.123077
agentes_en_goal 130
bad_good_total_rate_pred [41025,39319,80344,0.5]
push_out_count 18752
RUN 20
valores_ideales [12,44,25,23,25,27,10,36,30,14,31,49,9,11,26,16,15,7,23,8,41,15,15,18,45,22,47,32,35,28,7,20,42,37,47,15,34,25,23,20,18,27,17,35,20,16,38,30,14,7,16,43,30,16,40,41,19,36,28,41,24,30,19,37,15,16,36,31,16,32,18,16,45,22,21,18,10,31,1,42,35,50,21,36,16,41,12,19,24,18,32,20,37,17,24,33,20,10,28,43,40,24,41,25,15,24,44,39,32,44,27,31,8,45,8,18,12,32,26,39,35,13,28,19,8,52,26,19,26,12]
costo_por_agente [22,62,39,27,31,35,10,62,38,22,115,65,11,11,44,28,17,7,23,12,95,25,23,18,67,96,51,100,55,96,7,22,94,51,95,19,74,41,53,28,32,27,23,95,104,38,42,40,36,13,18,81,112,16,42,45,25,136,134,107,76,60,57,57,49,100,72,79,108,38,18,36,61,70,31,24,10,139,1,44,143,52,23,52,30,105,12,25,54,50,38,22,105,37,34,87,24,20,38,97,46,128,105,33,15,54,48,63,32,90,83,33,8,51,8,154,26,60,34,103,41,13,114,37,8,56,26,25,56,14]
completion_time_por_agente [34,94,42,36,37,54,10,100,44,23,209,94,12,13,59,40,18,7,23,17,148,36,37,19,101,176,70,162,85,169,7,23,143,57,148,22,110,54,93,33,40,27,29,159,148,68,57,44,55,17,18,128,194,16,50,59,29,215,262,193,140,110,95,80,85,155,124,122,199,47,20,59,80,127,37,26,11,259,1,45,271,59,24,74,45,169,12,35,75,94,46,23,168,56,42,124,29,21,49,171,63,250,165,43,15,91,59,81,36,133,137,36,12,56,8,261,30,100,41,176,53,13,199,58,8,76,26,27,96,14]
tiempo_ultimo_agente_goal 271
tiempo_en_acabar 271
tiempo_promedio 78.761536
agentes_en_goal 130
bad_good_total_rate_pred [33676,29715,63391,0.5]
push_out_count 19653
RUN 21
valores_ideales [12,44,25,23,25,27,10,36,30,14,31,49,9,11,26,16,15,7,23,8,41,15,15,18,45,22,47,32,35,28,7,20,42,37,47,15,34,25,23,20,18,27,17,35,20,16,38,30,14,7,16,43,30,16,40,41,19,36,28,41,24,30,19,37,15,16,36,31,16,32,18,16,45,22,21,18,10,31,1,42,35,50,21,36,16,41,12,19,24,18,32,20,37,17,24,33,20,10,28,43,40,24,41,25,15,24,44,39,32,44,27,31,8,45,8,18,12,32,26,39,35,13,28,19,8,52,26,19,26,12]
costo_por_agente [16,70,59,29,27,115,10,44,52,20,99,49,11,23,40,20,15,7,23,8,55,23,15,56,57,128,61,64,81,50,7,20,104,39,103,15,92,65,39,26,24,27,21,51,96,28,54,36,26,7,16,75,114,16,72,87,25,138,52,107,60,56,63,89,55,126,44,127,108,114,22,18,107,124,31,100,12,71,1,88,63,84,23,54,28,145,12,115,40,104,40,20,77,21,52,109,20,32,38,95,48,84,101,49,21,62,100,147,34,84,107,33,10,55,10,92,22,94,26,87,41,13,110,23,8,52,26,23,68,12]
completion_time_por_agente [28,100,89,40,27,219,10,58,87,20,178,58,11,30,55,37,15,7,26,8,88,30,15,68,80,222,81,97,133,87,7,21,192,55,178,16,164,92,46,28,28,27,25,78,145,47,81,48,44,8,16,123,215,17,117,139,32,229,95,172,87,93,130,152,99,254,54,226,194,195,26,20,203,203,42,207,12,97,1,149,86,130,25,84,46,246,16,206,64,208,56,21,127,29,73,184,26,41,51,167,67,144,144,82,26,105,164,246,39,127,214,38,17,73,12,165,25,158,27,143,57,13,192,29,8,56,26,28,103,12]
tiempo_ultimo_agente_goal 254
tiempo_en_acabar 254
tiempo_promedio 87.376923
agentes_en_goal 130
bad_good_total_rate_pred [38394,34709,73103,0.5]
push_out_count 20700
RUN 22
valores_ideales [12,44,25,23,25,27,10,36,30,14,31,49,9,11,26,16,15,7,23,8,41,15,15,18,45,22,47,32,35,28,7,20,42,37,47,15,34,25,23,20,18,27,17,35,20,16,38,30,14,7,16,43,30,16,40,41,19,36,28,41,24,30,19,37,15,16,36,31,16,32,18,16,45,22,21,18,10,31,1,42,35,50,21,36,16,41,12,19,24,18,32,20,37,17,24,33,20,10,28,43,40,24,41,25,15,24,44,39,32,44,27,31,8,45,8,18,12,32,26,39,35,13,28,19,8,52,26,19,26,12]
costo_por_agente [14,84,59,39,27,119,10,114,44,24,123,51,15,17,62,16,15,7,23,14,53,15,61,20,53,134,63,48,55,66,7,22,80,43,131,17,114,41,67,24,32,27,19,93,78,20,48,44,22,9,22,95,66,20,50,47,33,92,28,75,114,58,57,55,33,78,94,49,118,54,20,28,117,140,23,48,12,73,1,116,133,118,23,68,30,115,12,25,54,136,58,26,131,25,40,117,20,20,40,51,70,104,125,53,15,24,90,81,32,74,51,31,10,55,8,134,20,84,38,79,55,13,62,35,8,52,26,21,100,16]
completion_time_por_agente [21,112,88,59,27,212,10,220,58,25,226,57,16,18,112,18,16,7,24,16,62,19,111,22,67,233,81,60,83,115,7,27,125,57,231,22,203,53,115,29,37,27,20,173,144,25,66,54,30,9,26,149,110,20,58,57,55,129,34,113,224,96,108,76,47,128,173,78,242,77,22,39,211,243,31,74,12,119,1,196,243,204,24,106,52,215,12,30,72,226,99,29,220,33,57,204,27,31,50,65,129,204,220,86,16,27,147,127,36,98,69,33,12,76,9,233,30,142,52,127,91,13,72,48,8,52,26,27,188,18]
tiempo_ultimo_agente_goal 243
tiempo_en_acabar 243
tiempo_promedio 84.707695
agentes_en_goal 130
bad_good_total_rate_pred [36390,34819,71209,0.5]
push_out_count 21743
RUN 23
valores_ideales [12,44,25,23,25,27,10,36,30,14,31,49,9,11,26,16,15,7,23,8,41,15,15,18,45,22,47,32,35,28,7,20,42,37,47,15,34,25,23,20,18,27,17,35,20,16,38,30,14,7,16,43,30,16,40,41,19,36,28,41,24,30,19,37,15,16,36,31,16,32,18,16,45,22,21,18,10,31,1,42,35,50,21,36,16,41,12,19,24,18,32,20,37,17,24,33,20,10,28,43,40,24,41,25,15,24,44,39,32,44,27,31,8,45,8,18,12,32,26,39,35,13,28,19,8,52,26,19,26,12]
costo_por_agente [16,68,37,43,27,111,10,76,38,18,69,51,9,17,58,22,15,7,29,8,63,29,15,18,63,88,67,88,67,48,7,22,88,43,113,41,74,67,41,24,28,27,19,43,52,32,60,38,20,7,18,91,54,18,40,49,29,90,84,83,108,72,75,57,21,84,102,57,100,38,74,32,77,62,25,18,10,83,9,100,91,72,23,72,20,83,12,45,58,58,60,22,83,81,64,87,22,28,40,79,60,86,117,67,33,60,56,83,44,96,103,33,8,71,10,108,22,52,42,107,45,17,114,29,8,56,26,21,34,12]
completion_time_por_agente [21,90,47,56,27,177,10,112,57,25,121,57,12,19,89,30,15,7,35,8,94,48,15,20,93,133,93,157,106,72,7,24,153,54,191,68,128,108,61,25,31,28,21,64,79,43,97,44,30,8,18,153,70,19,42,61,46,145,150,125,163,131,138,83,29,157,172,86,179,46,116,46,109,87,26,22,10,127,17,157,165,94,24,123,30,123,12,64,84,87,102,23,149,119,103,140,24,42,51,144,82,136,209,119,50,91,80,149,54,146,180,38,8,107,12,199,34,78,70,173,62,17,219,32,8,64,26,24,47,12]
tiempo_ultimo_agente_goal 219
tiempo_en_acabar 219
tiempo_promedio 77.453850
agentes_en_goal 130
bad_good_total_rate_pred [34336,29330,63666,0.5]
push_out_count 22585
RUN 24
valores_ideales [12,44,25,23,25,27,10,36,30,14,31,49,9,11,26,16,15,7,23,8,41,15,15,18,45,22,47,32,35,28,7,20,42,37,47,15,34,25,23,20,18,27,17,35,20,16,38,30,14,7,16,43,30,16,40,41,19,36,28,41,24,30,19,37,15,16,36,31,16,32,18,16,45,22,21,18,10,31,1,42,35,50,21,36,16,41,12,19,24,18,32,20,37,17,24,33,20,10,28,43,40,24,41,25,15,24,44,39,32,44,27,31,8,45,8,18,12,32,26,39,35,13,28,19,8,52,26,19,26,12]
costo_por_agente [16,62,41,37,29,47,10,66,44,24,149,49,9,29,26,28,15,7,25,8,63,27,15,20,51,28,129,54,79,68,7,24,90,43,123,15,104,61,33,26,24,31,25,49,136,30,56,46,34,7,16,47,44,16,44,47,35,112,130,75,102,110,61,75,65,84,104,121,122,46,18,54,83,52,29,32,10,107,1,46,125,74,23,44,48,71,28,157,36,144,38,22,119,21,32,127,24,34,50,89,46,112,151,37,35,24,118,89,60,118,83,31,8,45,14,136,42,98,26,117,109,13,132,23,8,66,28,21,78,16]
completion_time_por_agente [18,78,52,57,32,58,10,104,60,24,273,52,10,38,33,40,15,7,26,8,85,41,17,22,68,34,226,88,137,121,7,29,157,52,212,21,174,73,34,30,25,35,29,91,282,50,81,58,47,8,16,48,60,16,52,55,48,198,250,106,185,186,84,116,108,168,164,199,198,60,18,88,130,82,39,50,10,196,1,56,223,100,24,63,76,111,30,256,44,255,52,22,198,26,45,215,28,58,72,139,59,219,266,59,59,24,188,141,90,185,148,34,9,51,16,261,59,160,27,191,205,13,219,28,8,86,29,22,128,19]
tiempo_ultimo_agente_goal 282
tiempo_en_acabar 282
tiempo_promedio 87.353844
agentes_en_goal 130
bad_good_total_rate_pred [37854,34868,72722,0.5]
push_out_count 23670
RUN 25
valores_ideales [12,44,25,23,25,27,10,36,30,14,31,49,9,11,26,16,15,7,23,8,41,15,15,18,45,22,47,32,35,28,7,20,42,37,47,15,34,25,23,20,18,27,17,35,20,16,38,30,14,7,16,43,30,16,40,41,19,36,28,41,24,30,19,37,15,16,36,31,16,32,18,16,45,22,21,18,10,31,1,42,35,50,21,36,16,41,12,19,24,18,32,20,37,17,24,33,20,10,28,43,40,24,41,25,15,24,44,39,32,44,27,31,8,45,8,18,12,32,26,39,35,13,28,19,8,52,26,19,26,12]
costo_por_agente [18,148,33,45,31,105,10,60,50,20,115,51,9,13,88,98,19,7,23,8,183,37,21,22,83,156,87,56,45,68,7,22,104,41,169,25,172,47,33,22,66,27,19,103,164,24,64,38,20,7,44,45,86,16,40,99,25,84,134,121,152,78,161,49,41,98,128,107,132,42,18,26,137,104,27,26,12,169,13,98,163,56,23,70,32,169,12,149,30,172,64,22,133,25,26,73,22,14,38,77,48,154,143,49,15,30,124,127,34,112,111,33,8,81,8,180,26,64,28,109,55,13,188,27,8,54,26,23,164,12]
completion_time_por_agente [26,234,42,76,35,187,10,88,72,26,194,51,11,15,174,184,23,7,24,9,318,71,29,27,133,245,129,77,71,95,7,27,176,49,292,38,327,61,45,27,102,27,20,211,304,39,92,48,30,7,61,45,155,16,40,174,35,134,246,197,308,117,290,64,58,199,235,203,211,56,20,33,236,181,34,30,12,315,27,186,315,70,24,126,53,306,12,280,35,300,115,23,208,35,34,109,25,14,55,115,68,284,222,72,15,33,209,229,37,181,221,33,8,138,9,306,35,100,32,172,78,14,263,39,8,62,26,25,291,12]
tiempo_ultimo_agente_goal 327
tiempo_en_acabar 327
tiempo_promedio 107.738464
agentes_en_goal 130
bad_good_total_rate_pred [52356,46279,98635,0.5]
push_out_count 25079
RUN 26
valores_ideales [12,44,25,23,25,27,10,36,30,14,31,49,9,11,26,16,15,7,23,8,41,15,15,18,45,22,47,32,35,28,7,20,42,37,47,15,34,25,23,20,18,27,17,35,20,16,38,30,14,7,16,43,30,16,40,41,19,36,28,41,24,30,19,37,15,16,36,31,16,32,18,16,45,22,21,18,10,31,1,42,35,50,21,36,16,41,12,19,24,18,32,20,37,17,24,33,20,10,28,43,40,24,41,25,15,24,44,39,32,44,27,31,8,45,8,18,12,32,26,39,35,13,28,19,8,52,26,19,26,12]
costo_por_agente [18,74,73,29,29,89,10,140,36,18,167,51,9,11,44,68,17,7,23,8,87,83,25,24,77,164,81,36,83,94,7,22,104,69,103,21,62,55,31,26,60,27,25,67,122,32,76,34,18,7,16,47,108,16,56,55,25,132,100,163,84,54,43,75,79,70,70,107,162,36,30,16,169,90,27,40,10,51,1,88,85,60,23,48,32,107,12,71,40,130,72,22,81,23,26,165,24,16,32,85,50,140,147,41,37,24,90,105,32,54,73,31,8,57,16,154,32,70,42,165,183,27,88,25,8,54,26,21,60,12]
completion_time_por_agente [23,102,112,35,31,165,10,242,50,22,285,56,12,13,73,132,19,7,24,8,112,156,39,26,125,310,114,41,128,180,7,23,169,112,156,30,88,75,41,30,100,28,30,112,244,55,131,37,33,9,16,68,183,17,90,78,34,241,166,287,143,75,78,107,147,127,103,166,326,52,37,17,296,168,37,52,10,72,1,151,152,75,24,65,50,161,12,114,62,228,133,23,116,23,33,291,33,19,39,135,62,247,275,62,62,24,162,192,32,68,123,31,9,84,19,290,45,124,56,289,330,36,155,32,8,55,26,24,92,13]
tiempo_ultimo_agente_goal 330
tiempo_en_acabar 330
tiempo_promedio 94.784615
agentes_en_goal 130
bad_good_total_rate_pred [45607,38568,84175,0.5]
push_out_count 26207
RUN 27
valores_ideales [12,44,25,23,25,27,10,36,30,14,31,49,9,11,26,16,15,7,23,8,41,15,15,18,45,22,47,32,35,28,7,20,42,37,47,15,34,25,23,20,18,27,17,35,20,16,38,30,14,7,16,43,30,16,40,41,19,36,28,41,24,30,19,37,15,16,36,31,16,32,18,16,45,22,21,18,10,31,1,42,35,50,21,36,16,41,12,19,24,18,32,20,37,17,24,33,20,10,28,43,40,24,41,25,15,24,44,39,32,44,27,31,8,45,8,18,12,32,26,39,35,13,28,19,8,52,26,19,26,12]
costo_por_agente [12,68,41,57,29,131,16,96,58,22,115,49,13,17,32,130,15,7,23,8,101,25,15,18,71,104,99,60,45,44,7,20,132,59,131,19,42,97,35,24,126,27,23,97,122,20,88,42,40,127,20,49,100,16,42,61,29,124,34,115,120,36,71,75,67,94,122,95,34,48,18,16,111,110,37,48,10,69,1,122,137,68,23,56,56,115,12,21,30,22,88,22,125,19,32,103,20,28,56,53,50,136,123,51,17,24,66,127,62,120,121,31,8,49,12,136,58,116,34,73,93,13,42,39,8,52,26,29,128,12]
completion_time_por_agente [12,80,58,95,30,232,26,183,101,26,198,54,18,19,40,243,15,7,23,10,169,36,16,19,128,193,146,109,52,57,7,21,234,92,223,21,51,176,45,29,222,28,29,170,228,24,151,54,70,228,29,51,167,16,46,87,43,207,46,186,216,49,139,122,102,192,201,169,53,72,19,17,181,187,63,83,10,104,1,206,245,99,24,83,87,191,12,26,32,28,163,23,217,20,40,170,24,34,82,69,66,254,215,82,22,25,96,220,89,209,228,31,12,59,16,247,94,218,53,104,146,13,51,57,8,53,26,38,246,13]
tiempo_ultimo_agente_goal 254
tiempo_en_acabar 254
tiempo_promedio 94.015381
agentes_en_goal 130
bad_good_total_rate_pred [41524,37536,79060,0.5]
push_out_count 27454
RUN 28
valores_ideales [12,44,25,23,25,27,10,36,30,14,31,49,9,11,26,16,15,7,23,8,41,15,15,18,45,22,47,32,35,28,7,20,42,37,47,15,34,25,23,20,18,27,17,35,20,16,38,30,14,7,16,43,30,16,40,41,19,36,28,41,24,30,19,37,15,16,36,31,16,32,18,16,45,22,21,18,10,31,1,42,35,50,21,36,16,41,12,19,24,18,32,20,37,17,24,33,20,10,28,43,40,24,41,25,15,24,44,39,32,44,27,31,8,45,8,18,12,32,26,39,35,13,28,19,8,52,26,19,26,12]
costo_por_agente [14,70,95,33,29,103,12,82,52,18,89,57,15,11,70,36,17,7,23,8,63,77,25,18,67,112,95,76,73,48,7,20,84,41,113,25,72,37,39,24,122,27,25,41,64,52,48,34,26,7,22,43,104,24,60,75,31,130,84,81,114,48,81,65,69,70,72,109,104,52,20,16,85,106,41,18,10,63,1,94,79,82,23,52,30,109,12,109,30,52,44,20,97,21,50,109,32,26,38,59,56,84,61,49,15,40,52,105,38,118,123,35,10,63,10,116,24,90,26,97,41,13,106,41,8,58,26,23,48,12]
completion_time_por_agente [17,115,152,49,31,187,12,141,75,21,148,67,19,14,118,50,17,7,25,8,88,144,41,19,103,190,149,123,108,88,7,23,122,46,180,37,121,51,55,33,212,27,26,50,110,90,61,40,43,8,23,47,180,26,91,119,42,194,151,131,202,69,146,102,136,121,105,187,187,71,22,20,140,201,49,18,10,79,1,150,102,124,23,74,41,157,12,172,45,92,65,21,148,22,76,190,40,40,56,76,88,108,98,79,15,60,61,164,44,192,188,37,13,88,10,196,33,144,27,166,52,13,167,65,8,64,27,31,72,13]
tiempo_ultimo_agente_goal 212
tiempo_en_acabar 212
tiempo_promedio 81.438461
agentes_en_goal 130
bad_good_total_rate_pred [34534,30659,65193,0.5]
push_out_count 28387
RUN 29
valores_ideales [12,44,25,23,25,27,10,36,30,14,31,49,9,11,26,16,15,7,23,8,41,15,15,18,45,22,47,32,35,28,7,20,42,37,47,15,34,25,23,20,18,27,17,35,20,16,38,30,14,7,16,43,30,16,40,41,19,36,28,41,24,30,19,37,15,16,36,31,16,32,18,16,45,22,21,18,10,31,1,42,35,50,21,36,16,41,12,19,24,18,32,20,37,17,24,33,20,10,28,43,40,24,41,25,15,24,44,39,32,44,27,31,8,45,8,18,12,32,26,39,35,13,28,19,8,52,26,19,26,12]
costo_por_agente [14,92,39,31,29,45,12,94,42,14,101,51,9,13,36,62,15,7,23,8,75,19,15,18,65,140,89,68,79,40,7,20,100,39,103,23,100,63,25,22,80,29,21,91,84,30,44,44,28,7,16,45,66,16,40,67,21,70,74,129,80,88,59,65,75,24,100,65,102,42,18,16,117,124,35,28,10,101,1,72,113,64,23,130,26,99,12,101,30,104,42,20,93,21,40,145,24,14,36,133,66,124,103,87,33,24,74,51,32,88,77,31,8,73,10,38,42,56,26,117,55,13,84,33,8,52,26,19,114,12]
completion_time_por_agente [19,156,52,38,31,58,14,171,59,15,176,66,12,18,41,101,15,7,23,8,134,24,15,18,95,249,143,105,124,49,7,22,170,42,174,32,159,102,28,25,115,31,22,167,140,44,50,55,31,7,16,45,100,17,40,92,25,98,149,220,125,143,71,103,159,32,182,117,191,58,18,17,193,217,51,38,10,193,3,115,201,94,24,218,42,160,12,192,37,181,54,24,146,25,54,244,27,17,43,235,115,233,183,154,55,26,104,71,40,146,131,33,9,107,12,48,60,86,27,189,91,13,129,43,8,54,26,21,171,12]
tiempo_ultimo_agente_goal 249
tiempo_en_acabar 249
tiempo_promedio 82.492310
agentes_en_goal 130
bad_good_total_rate_pred [38276,33928,72204,0.5]
push_out_count 29334
RUN 30
valores_ideales [12,44,25,23,25,27,10,36,30,14,31,49,9,11,26,16,15,7,23,8,41,15,15,18,45,22,47,32,35,28,7,20,42,37,47,15,34,25,23,20,18,27,17,35,20,16,38,30,14,7,16,43,30,16,40,41,19,36,28,41,24,30,19,37,15,16,36,31,16,32,18,16,45,22,21,18,10,31,1,42,35,50,21,36,16,41,12,19,24,18,32,20,37,17,24,33,20,10,28,43,40,24,41,25,15,24,44,39,32,44,27,31,8,45,8,18,12,32,26,39,35,13,28,19,8,52,26,19,26,12]
costo_por_agente [12,96,79,39,27,153,10,132,42,22,115,65,9,17,44,22,17,7,23,8,53,17,15,20,99,34,93,80,87,50,7,22,102,43,93,17,116,77,27,24,30,27,31,139,102,26,60,46,20,7,18,45,80,16,40,55,21,106,166,83,142,52,19,119,91,96,86,83,52,40,20,16,61,164,25,20,10,119,3,76,161,130,23,72,18,141,12,21,32,134,44,22,131,111,46,149,24,20,32,153,60,56,173,35,23,26,56,103,32,162,101,31,10,49,12,94,46,146,26,83,43,15,156,23,8,60,26,19,138,14]
completion_time_por_agente [16,161,110,54,28,266,10,234,53,29,181,89,12,27,60,23,20,7,24,8,70,26,15,23,160,45,158,124,153,87,7,28,162,56,150,20,212,125,28,28,30,29,42,253,197,29,83,62,28,7,18,46,126,16,40,73,29,164,317,122,239,73,20,215,152,168,122,163,99,55,21,20,73,302,31,24,10,224,4,102,306,235,24,125,27,260,12,31,33,233,64,22,236,189,72,241,25,32,42,248,95,90,282,58,34,27,73,172,33,241,166,31,14,65,13,148,76,248,30,131,56,15,268,26,8,75,26,24,253,17]
tiempo_ultimo_agente_goal 317
tiempo_en_acabar 317
tiempo_promedio 93.607689
agentes_en_goal 130
bad_good_total_rate_pred [39693,38960,78653,0.5]
push_out_count 30477
RUN 31
valores_ideales [12,44,25,23,25,27,10,36,30,14,31,49,9,11,26,16,15,7,23,8,41,15,15,18,45,22,47,32,35,28,7,20,42,37,47,15,34,25,23,20,18,27,17,35,20,16,38,30,14,7,16,43,30,16,40,41,19,36,28,41,24,30,19,37,15,16,36,31,16,32,18,16,45,22,21,18,10,31,1,42,35,50,21,36,16,41,12,19,24,18,32,20,37,17,24,33,20,10,28,43,40,24,41,25,15,24,44,39,32,44,27,31,8,45,8,18,12,32,26,39,35,13,28,19,8,52,26,19,26,12]
costo_por_agente [14,82,139,29,27,77,10,76,38,16,107,49,17,21,62,44,17,7,23,8,67,17,21,24,73,114,61,38,59,60,7,26,88,37,83,41,102,55,39,24,130,27,19,167,106,42,48,38,16,7,30,45,38,16,48,53,25,100,30,97,118,80,97,63,35,58,118,123,102,38,20,16,121,30,47,18,12,73,1,130,75,58,23,80,26,119,12,21,26,104,116,20,63,23,50,127,24,12,36,63,122,100,87,73,15,50,108,55,32,90,99,33,14,75,8,144,46,74,58,133,131,13,54,27,8,56,26,25,96,12]
completion_time_por_agente [17,100,220,36,27,145,10,131,45,17,183,53,19,32,101,55,18,8,23,8,110,25,29,35,111,191,79,45,93,95,7,39,143,41,127,61,179,75,51,25,222,30,20,273,188,64,61,41,22,8,45,51,51,16,53,76,34,149,39,166,220,131,198,93,49,103,212,218,189,43,20,17,237,40,65,19,12,114,1,210,122,67,23,111,42,197,12,22,30,188,199,20,101,23,73,221,26,18,45,83,225,204,135,133,15,72,175,91,32,129,167,33,20,101,9,242,64,119,79,232,247,13,91,32,8,67,27,27,142,13]
tiempo_ultimo_agente_goal 273
tiempo_en_acabar 273
tiempo_promedio 85.969231
agentes_en_goal 130
bad_good_total_rate_pred [37772,33676,71448,0.5]
push_out_count 31542
RUN 32
valores_ideales [12,44,25,23,25,27,10,36,30,14,31,49,9,11,26,16,15,7,23,8,41,15,15,18,45,22,47,32,35,28,7,20,42,37,47,15,34,25,23,20,18,27,17,35,20,16,38,30,14,7,16,43,30,16,40,41,19,36,28,41,24,30,19,37,15,16,36,31,16,32,18,16,45,22,21,18,10,31,1,42,35,50,21,36,16,41,12,19,24,18,32,20,37,17,24,33,20,10,28,43,40,24,41,25,15,24,44,39,32,44,27,31,8,45,8,18,12,32,26,39,35,13,28,19,8,52,26,19,26,12]
costo_por_agente [12,82,113,35,27,51,10,64,60,18,83,49,9,15,94,102,17,7,23,8,47,17,17,20,57,76,83,72,47,32,7,20,90,43,81,19,116,121,29,20,30,27,21,49,42,74,72,44,20,9,20,45,56,16,40,61,21,84,54,93,152,94,85,77,25,134,120,49,86,50,20,20,59,38,33,34,12,95,1,66,91,90,25,70,28,95,12,51,24,44,58,20,135,23,28,85,22,14,42,63,52,70,77,69,21,24,54,75,78,126,61,31,8,61,12,78,30,52,28,75,57,13,82,21,8,52,26,19,106,14]
completion_time_por_agente [17,112,170,53,27,81,11,104,92,20,134,52,13,22,170,180,17,9,23,8,61,22,22,23,73,134,115,108,61,45,7,23,148,52,129,23,199,202,39,26,35,27,25,75,67,159,122,57,30,10,21,50,86,17,40,89,27,137,77,159,242,149,158,127,37,235,189,70,143,68,21,21,86,52,37,44,12,145,1,113,151,141,28,121,41,152,16,70,24,93,101,22,241,24,34,145,24,18,59,81,65,112,117,114,26,24,62,122,111,196,80,33,8,91,14,137,44,87,28,116,87,13,139,28,8,53,26,24,162,17]
tiempo_ultimo_agente_goal 242
tiempo_en_acabar 242
tiempo_promedio 75.515381
agentes_en_goal 130
bad_good_total_rate_pred [31484,26190,57674,0.5]
push_out_count 32350
RUN 33
valores_ideales [12,44,25,23,25,27,10,36,30,14,31,49,9,11,26,16,15,7,23,8,41,15,15,18,45,22,47,32,35,28,7,20,42,37,47,15,34,25,23,20,18,27,17,35,20,16,38,30,14,7,16,43,30,16,40,41,19,36,28,41,24,30,19,37,15,16,36,31,16,32,18,16,45,22,21,18,10,31,1,42,35,50,21,36,16,41,12,19,24,18,32,20,37,17,24,33,20,10,28,43,40,24,41,25,15,24,44,39,32,44,27,31,8,45,8,18,12,32,26,39,35,13,28,19,8,52,26,19,26,12]
costo_por_agente [16,64,29,31,27,159,12,72,38,14,103,77,11,13,48,24,15,7,27,8,105,19,15,24,79,132,65,118,85,60,9,20,114,41,153,21,150,49,31,22,30,27,19,41,122,20,60,42,20,9,18,117,42,16,48,71,23,144,124,123,178,92,113,89,63,156,194,157,88,38,18,20,91,108,47,18,12,87,1,120,103,90,27,118,24,207,12,39,32,24,116,20,145,65,34,129,22,20,34,131,70,128,125,55,23,30,54,87,34,146,59,31,10,59,10,98,34,188,26,91,39,15,130,29,8,54,28,21,106,12]
completion_time_por_agente [20,86,34,42,29,334,12,131,49,16,136,108,11,20,74,34,16,8,29,8,176,20,16,27,122,258,87,221,163,94,9,22,186,54,256,24,281,73,40,26,37,30,22,51,224,29,90,59,29,11,18,199,50,16,57,108,29,255,233,215,325,162,182,167,130,312,358,316,118,54,19,21,125,209,79,18,12,136,1,205,184,152,28,215,36,345,12,75,45,27,221,22,273,89,43,210,23,25,38,243,101,225,199,87,30,33,69,162,40,255,102,31,13,82,10,204,68,316,27,148,47,16,219,32,8,55,28,21,182,15]
tiempo_ultimo_agente_goal 358
tiempo_en_acabar 358
tiempo_promedio 101.492310
agentes_en_goal 130
bad_good_total_rate_pred [43505,43736,87241,0.5]
push_out_count 33715
RUN 34
valores_ideales [12,44,25,23,25,27,10,36,30,14,31,49,9,11,26,16,15,7,23,8,41,15,15,18,45,22,47,32,35,28,7,20,42,37,47,15,34,25,23,20,18,27,17,35,20,16,38,30,14,7,16,43,30,16,40,41,19,36,28,41,24,30,19,37,15,16,36,31,16,32,18,16,45,22,21,18,10,31,1,42,35,50,21,36,16,41,12,19,24,18,32,20,37,17,24,33,20,10,28,43,40,24,41,25,15,24,44,39,32,44,27,31,8,45,8,18,12,32,26,39,35,13,28,19,8,52,26,19,26,12]
costo_por_agente [12,66,33,27,27,115,10,122,44,18,131,49,9,11,54,54,19,7,23,8,101,29,15,18,51,124,95,42,99,52,7,20,70,71,121,21,82,87,45,22,22,29,23,89,130,42,62,48,16,7,18,43,42,16,42,49,19,150,152,119,96,32,93,59,97,54,90,101,50,36,18,16,95,68,23,18,12,123,1,104,101,96,23,96,24,111,12,81,40,30,56,20,115,29,46,105,22,24,34,55,52,46,137,45,61,30,88,63,32,98,57,31,8,89,8,40,36,48,34,135,49,13,164,25,8,52,26,25,84,12]
completion_time_por_agente [15,95,39,36,27,200,12,208,66,20,213,51,9,16,90,85,21,7,26,8,146,45,15,19,60,196,137,45,171,114,7,21,105,125,247,21,131,143,55,29,23,29,29,160,241,72,93,65,20,7,21,47,51,16,43,57,24,264,256,217,165,41,157,90,194,103,154,180,83,46,19,17,166,134,29,19,12,213,1,188,174,145,24,136,37,156,12,157,52,47,91,21,189,40,60,180,24,43,39,77,69,80,249,67,109,35,149,102,43,163,94,31,9,150,9,70,41,68,36,221,64,14,267,34,8,52,26,33,99,15]
tiempo_ultimo_agente_goal 267
tiempo_en_acabar 267
tiempo_promedio 84.099998
agentes_en_goal 130
bad_good_total_rate_pred [37803,32886,70689,0.5]
push_out_count 34704
RUN 35
valores_ideales [12,44,25,23,25,27,10,36,30,14,31,49,9,11,26,16,15,7,23,8,41,15,15,18,45,22,47,32,35,28,7,20,42,37,47,15,34,25,23,20,18,27,17,35,20,16,38,30,14,7,16,43,30,16,40,41,19,36,28,41,24,30,19,37,15,16,36,31,16,32,18,16,45,22,21,18,10,31,1,42,35,50,21,36,16,41,12,19,24,18,32,20,37,17,24,33,20,10,28,43,40,24,41,25,15,24,44,39,32,44,27,31,8,45,8,18,12,32,26,39,35,13,28,19,8,52,26,19,26,12]
costo_por_agente [16,60,63,33,29,83,10,44,36,24,105,49,13,15,50,36,15,7,23,8,41,55,35,22,59,104,77,42,79,42,7,20,72,45,131,21,64,43,25,20,34,27,25,81,36,58,46,34,18,7,24,47,40,20,42,53,27,92,110,63,54,56,73,69,77,82,102,47,112,40,30,16,65,24,25,26,10,95,3,60,99,54,25,66,28,91,18,45,34,70,48,20,93,19,34,103,22,22,42,67,50,94,91,33,43,24,100,55,40,78,97,31,10,69,12,100,22,100,30,91,45,13,52,21,8,52,26,29,92,12]
completion_time_por_agente [16,92,92,45,29,157,10,61,45,27,177,54,14,19,68,58,16,7,23,9,50,102,59,28,77,146,109,50,119,61,7,21,110,65,202,24,99,56,27,21,48,27,34,109,65,86,63,34,24,10,31,60,50,20,43,66,36,157,196,89,98,84,127,94,148,146,158,66,176,53,41,17,92,31,32,37,11,154,3,88,168,64,29,104,38,150,21,56,44,119,68,23,163,19,43,179,24,37,57,104,67,164,135,41,73,25,169,80,44,107,158,31,12,106,15,175,32,168,31,140,58,15,75,29,8,52,27,44,173,13]
tiempo_ultimo_agente_goal 202
tiempo_en_acabar 202
tiempo_promedio 70.253845
agentes_en_goal 130
bad_good_total_rate_pred [28584,24355,52939,0.5]
push_out_count 35398
RUN 36
valores_ideales [12,44,25,23,25,27,10,36,30,14,31,49,9,11,26,16,15,7,23,8,41,15,15,18,45,22,47,32,35,28,7,20,42,37,47,15,34,25,23,20,18,27,17,35,20,16,38,30,14,7,16,43,30,16,40,41,19,36,28,41,24,30,19,37,15,16,36,31,16,32,18,16,45,22,21,18,10,31,1,42,35,50,21,36,16,41,12,19,24,18,32,20,37,17,24,33,20,10,28,43,40,24,41,25,15,24,44,39,32,44,27,31,8,45,8,18,12,32,26,39,35,13,28,19,8,52,26,19,26,12]
costo_por_agente [22,72,83,35,25,47,10,80,46,18,75,69,9,13,58,22,15,7,27,8,65,33,15,20,53,70,63,42,49,62,7,22,90,47,77,31,94,65,31,28,24,31,21,49,48,34,66,50,28,7,16,57,46,16,40,59,25,68,72,103,88,62,53,103,49,84,44,79,90,42,18,16,77,40,31,30,10,63,1,64,83,68,23,42,32,73,12,45,36,60,62,24,71,21,34,65,24,28,34,59,44,70,57,67,15,52,52,83,32,102,61,33,8,59,12,82,38,76,26,81,43,15,44,25,8,78,26,27,80,12]
completion_time_por_agente [24,110,128,49,26,65,10,122,60,23,126,102,9,22,87,30,15,7,32,8,99,46,15,20,65,134,79,52,68,82,7,26,155,63,126,31,163,92,37,32,25,33,22,63,70,56,99,72,41,7,17,78,64,16,41,90,36,90,107,161,162,109,90,173,74,164,53,134,147,55,19,17,117,53,36,48,10,97,1,84,123,104,24,50,51,106,12,71,46,112,97,25,102,25,43,96,26,39,43,84,54,109,71,108,15,90,65,133,34,168,95,35,9,86,17,139,62,131,27,121,54,16,59,29,8,108,26,38,140,15]
tiempo_ultimo_agente_goal 173
tiempo_en_acabar 173
tiempo_promedio 66.300003
agentes_en_goal 130
bad_good_total_rate_pred [27149,23922,51071,0.5]
push_out_count 36051
RUN 37
valores_ideales [12,44,25,23,25,27,10,36,30,14,31,49,9,11,26,16,15,7,23,8,41,15,15,18,45,22,47,32,35,28,7,20,42,37,47,15,34,25,23,20,18,27,17,35,20,16,38,30,14,7,16,43,30,16,40,41,19,36,28,41,24,30,19,37,15,16,36,31,16,32,18,16,45,22,21,18,10,31,1,42,35,50,21,36,16,41,12,19,24,18,32,20,37,17,24,33,20,10,28,43,40,24,41,25,15,24,44,39,32,44,27,31,8,45,8,18,12,32,26,39,35,13,28,19,8,52,26,19,26,12]
costo_por_agente [18,114,121,37,31,107,10,60,40,24,91,51,15,17,58,40,15,7,23,8,87,17,15,20,67,80,77,54,51,54,7,20,138,119,111,27,108,149,41,22,32,27,19,87,120,44,118,38,34,7,66,47,42,20,40,73,65,68,112,97,116,88,69,141,67,144,84,119,54,70,20,16,93,40,35,36,10,41,1,70,119,78,23,76,82,95,12,147,34,104,90,20,133,23,100,103,20,20,64,93,50,120,139,47,17,28,84,131,64,150,115,31,8,103,10,132,44,114,26,77,37,15,140,25,8,52,26,31,102,12]
completion_time_por_agente [21,182,205,52,44,178,10,88,46,27,152,58,17,28,101,53,15,7,23,8,147,27,15,26,101,160,119,75,69,83,7,22,238,203,190,35,154,241,55,27,46,29,23,144,213,58,203,45,46,8,122,50,50,22,42,115,109,110,194,159,243,165,135,202,125,249,141,228,109,116,21,18,132,61,42,54,10,61,1,104,211,105,23,124,143,167,14,232,48,185,161,20,250,28,179,169,23,28,102,153,68,223,261,68,19,32,132,227,91,260,203,31,8,178,12,247,64,160,30,123,53,16,246,33,8,58,27,37,185,13]
tiempo_ultimo_agente_goal 261
tiempo_en_acabar 261
tiempo_promedio 98.400002
agentes_en_goal 130
bad_good_total_rate_pred [43670,40576,84246,0.5]
push_out_count 37323
RUN 38
valores_ideales [12,44,25,23,25,27,10,36,30,14,31,49,9,11,26,16,15,7,23,8,41,15,15,18,45,22,47,32,35,28,7,20,42,37,47,15,34,25,23,20,18,27,17,35,20,16,38,30,14,7,16,43,30,16,40,41,19,36,28,41,24,30,19,37,15,16,36,31,16,32,18,16,45,22,21,18,10,31,1,42,35,50,21,36,16,41,12,19,24,18,32,20,37,17,24,33,20,10,28,43,40,24,41,25,15,24,44,39,32,44,27,31,8,45,8,18,12,32,26,39,35,13,28,19,8,52,26,19,26,12]
costo_por_agente [16,78,35,49,51,97,10,68,62,18,57,55,9,17,62,58,17,7,23,8,63,93,25,20,57,74,89,40,117,68,7,20,68,51,103,23,62,107,37,26,36,27,23,55,116,28,52,40,18,23,16,45,44,16,42,47,25,126,52,99,90,68,67,69,63,64,72,33,42,50,20,28,89,84,29,50,10,105,1,112,123,60,23,40,38,75,16,65,44,90,46,20,77,65,60,97,20,20,52,131,50,102,93,29,15,24,100,79,46,88,77,33,10,79,10,120,52,70,26,119,47,13,102,37,8,56,26,21,78,14]
completion_time_por_agente [25,114,41,79,69,147,11,103,79,23,75,68,10,26,109,89,17,8,27,8,99,194,29,23,79,127,159,50,215,104,7,21,111,82,179,25,98,149,54,31,40,30,26,87,210,45,80,46,23,30,17,47,64,16,47,60,39,231,84,172,153,99,107,102,129,109,113,37,54,74,22,42,137,125,33,75,10,187,1,198,193,75,26,47,63,116,18,114,65,177,75,20,110,103,88,171,25,24,83,219,73,183,153,39,15,26,182,119,55,134,112,34,11,133,12,215,74,107,32,173,74,13,203,55,8,62,27,23,127,16]
tiempo_ultimo_agente_goal 231
tiempo_en_acabar 231
tiempo_promedio 80.515381
agentes_en_goal 130
bad_good_total_rate_pred [35874,30242,66116,0.5]
push_out_count 38227
RUN 39
valores_ideales [12,44,25,23,25,27,10,36,30,14,31,49,9,11,26,16,15,7,23,8,41,15,15,18,45,22,47,32,35,28,7,20,42,37,47,15,34,25,23,20,18,27,17,35,20,16,38,30,14,7,16,43,30,16,40,41,19,36,28,41,24,30,19,37,15,16,36,31,16,32,18,16,45,22,21,18,10,31,1,42,35,50,21,36,16,41,12,19,24,18,32,20,37,17,24,33,20,10,28,43,40,24,41,25,15,24,44,39,32,44,27,31,8,45,8,18,12,32,26,39,35,13,28,19,8,52,26,19,26,12]
costo_por_agente [20,102,91,27,33,105,10,80,74,18,39,81,9,15,62,24,15,7,23,8,93,19,15,38,45,136,67,152,81,46,7,20,104,39,167,37,78,85,31,28,122,27,27,51,42,24,100,36,16,13,16,107,44,16,44,55,23,64,84,157,78,64,107,99,69,76,118,37,144,42,26,22,87,76,37,18,10,83,3,58,161,86,25,50,32,99,14,143,42,132,40,20,111,115,32,157,26,26,32,57,46,106,47,47,17,26,48,97,38,82,101,33,8,67,10,152,38,112,32,95,51,13,128,21,8,54,26,27,70,12]
completion_time_por_agente [28,184,155,33,36,175,10,143,129,23,50,117,11,23,102,33,16,7,24,8,133,21,20,60,50,261,98,266,141,57,7,21,155,49,284,51,122,148,46,30,213,27,39,67,55,36,156,43,26,15,16,170,57,16,54,73,30,78,153,280,103,96,192,169,101,138,199,47,249,61,28,33,119,131,45,18,10,120,3,83,289,125,26,71,50,173,18,250,62,264,53,21,182,198,43,276,31,35,40,80,52,174,58,62,20,27,57,152,45,123,170,33,9,97,12,279,62,188,41,161,80,13,217,24,8,59,26,32,121,14]
tiempo_ultimo_agente_goal 289
tiempo_en_acabar 289
tiempo_promedio 89.069229
agentes_en_goal 130
bad_good_total_rate_pred [39383,32998,72381,0.5]
push_out_count 39320
