RUN 0
valores_ideales [0,0,0,0,0,0,0,0,0,0,0,0,0,0,0,0,0,0,0,0,0,0,0,0,0,0,0,0,0,0,0,0,0,0,0,0,0,0,0,0,0,0,0,0,0,0,0,0,0,0,0,0,0,0,0,0,0,0,0,0,0,0,0,0,0,0,0,0,0,0]
costo_por_agente [8,37,33,23,26,218,33,27,16,56,5,65,17,37,81,44,62,8,12,22,26,36,236,33,87,47,259,16,92,51,20,65,32,37,16,6,104,13,23,64,70,192,142,94,13,34,53,89,18,34,21,12,4,28,3,19,55,4,2,19,12,142,5,30,18,5,4,38,18,10]
completion_time_por_agente [9,38,34,24,28,220,35,28,18,59,6,67,18,38,84,48,63,9,13,23,28,37,238,34,88,49,261,17,93,53,21,67,33,39,17,7,105,14,25,66,71,194,143,95,14,35,54,90,19,35,22,13,5,30,4,20,56,5,3,20,13,143,6,31,19,6,5,40,20,11]
tiempo_ultimo_agente_goal 261
tiempo_en_acabar 261
tiempo_promedio 48.228573
agentes_en_goal 70
push_out_count 0
RUN 1
valores_ideales [0,0,0,0,0,0,0,0,0,0,0,0,0,0,0,0,0,0,0,0,0,0,0,0,0,0,0,0,0,0,0,0,0,0,0,0,0,0,0,0,0,0,0,0,0,0,0,0,0,0,0,0,0,0,0,0,0,0,0,0,0,0,0,0,0,0,0,0,0,0]
costo_por_agente [8,39,29,25,30,152,101,27,16,94,5,37,19,25,97,100,56,8,10,34,34,36,120,49,211,29,211,16,48,39,20,101,40,31,16,6,70,13,23,74,46,100,76,34,17,38,55,65,18,70,17,12,4,28,3,29,39,4,2,19,10,58,5,42,18,3,4,32,38,8]
completion_time_por_agente [9,40,30,26,31,156,103,28,17,96,6,38,20,26,99,101,57,9,11,35,35,37,121,50,212,30,212,17,49,41,21,102,41,32,17,7,71,14,24,75,47,102,77,35,18,39,56,66,19,71,18,13,5,29,4,30,40,5,3,20,11,60,6,43,19,4,5,33,39,9]
tiempo_ultimo_agente_goal 212
tiempo_en_acabar 212
tiempo_promedio 43.885715
agentes_en_goal 70
push_out_count 0
RUN 2
valores_ideales [0,0,0,0,0,0,0,0,0,0,0,0,0,0,0,0,0,0,0,0,0,0,0,0,0,0,0,0,0,0,0,0,0,0,0,0,0,0,0,0,0,0,0,0,0,0,0,0,0,0,0,0,0,0,0,0,0,0,0,0,0,0,0,0,0,0,0,0,0,0]
costo_por_agente [8,41,19,23,56,132,33,27,16,72,5,45,13,21,65,50,64,8,12,36,16,38,134,21,83,29,69,16,46,67,22,53,40,31,16,6,70,13,31,80,42,26,158,134,13,38,75,113,18,54,27,12,4,26,3,19,31,6,2,19,16,216,5,30,18,5,4,56,30,10]
completion_time_por_agente [9,42,20,24,59,137,35,28,17,73,6,46,14,22,68,51,66,9,13,37,17,39,135,22,84,30,71,17,47,69,23,54,41,32,17,7,71,14,32,82,43,27,159,135,14,39,77,114,19,55,28,13,5,27,4,20,32,7,3,20,17,219,6,31,19,6,5,57,31,11]
tiempo_ultimo_agente_goal 219
tiempo_en_acabar 219
tiempo_promedio 41.757141
agentes_en_goal 70
push_out_count 0
RUN 3
valores_ideales [0,0,0,0,0,0,0,0,0,0,0,0,0,0,0,0,0,0,0,0,0,0,0,0,0,0,0,0,0,0,0,0,0,0,0,0,0,0,0,0,0,0,0,0,0,0,0,0,0,0,0,0,0,0,0,0,0,0,0,0,0,0,0,0,0,0,0,0,0,0]
costo_por_agente [8,41,13,25,26,182,33,29,16,46,5,47,13,21,59,70,58,8,10,32,22,56,150,21,127,29,189,16,108,55,22,81,42,33,16,6,102,13,27,52,66,134,120,80,13,34,37,97,16,68,15,12,4,26,3,19,41,4,2,19,16,172,5,28,18,5,4,34,26,10]
completion_time_por_agente [9,42,14,26,28,185,34,30,17,48,6,48,14,22,61,72,59,9,11,33,23,57,152,22,129,30,190,17,109,57,23,82,43,34,17,7,103,14,28,53,67,135,122,81,14,35,38,98,17,70,16,13,5,27,4,20,42,5,3,20,17,174,6,29,19,6,5,35,27,11]
tiempo_ultimo_agente_goal 190
tiempo_en_acabar 190
tiempo_promedio 44.557144
agentes_en_goal 70
push_out_count 0
RUN 4
valores_ideales [0,0,0,0,0,0,0,0,0,0,0,0,0,0,0,0,0,0,0,0,0,0,0,0,0,0,0,0,0,0,0,0,0,0,0,0,0,0,0,0,0,0,0,0,0,0,0,0,0,0,0,0,0,0,0,0,0,0,0,0,0,0,0,0,0,0,0,0,0,0]
costo_por_agente [8,37,21,29,48,138,33,27,16,90,5,49,15,21,73,40,104,8,10,28,26,50,62,21,129,29,273,16,58,111,20,105,36,37,16,6,88,13,41,60,50,26,160,42,13,34,33,85,16,32,19,12,4,26,3,25,33,4,2,19,16,60,5,54,18,3,4,32,26,10]
completion_time_por_agente [9,38,22,30,50,140,34,28,17,92,6,50,16,22,74,43,105,9,11,29,28,51,63,22,130,30,274,17,59,112,21,106,37,38,17,7,89,14,42,61,51,27,162,43,14,35,34,86,17,33,20,13,5,27,4,27,34,5,3,20,17,61,6,55,19,4,5,33,27,11]
tiempo_ultimo_agente_goal 274
tiempo_en_acabar 274
tiempo_promedio 42.014286
agentes_en_goal 70
push_out_count 0
RUN 5
valores_ideales [0,0,0,0,0,0,0,0,0,0,0,0,0,0,0,0,0,0,0,0,0,0,0,0,0,0,0,0,0,0,0,0,0,0,0,0,0,0,0,0,0,0,0,0,0,0,0,0,0,0,0,0,0,0,0,0,0,0,0,0,0,0,0,0,0,0,0,0,0,0]
costo_por_agente [8,37,13,23,40,156,33,27,16,50,5,27,15,47,59,78,108,8,10,30,26,40,80,33,177,31,131,16,108,57,20,31,32,37,16,6,122,13,33,62,72,26,78,112,13,34,45,87,18,66,23,12,4,24,3,19,65,6,2,19,10,206,5,36,18,5,4,32,32,8]
completion_time_por_agente [9,38,14,24,41,158,35,28,17,53,6,28,16,48,62,79,109,9,11,31,27,41,81,34,178,32,133,17,109,58,21,32,33,38,17,7,124,14,34,63,73,27,79,113,14,35,46,88,19,67,24,13,5,25,4,20,66,7,3,20,11,208,6,37,19,6,5,33,33,9]
tiempo_ultimo_agente_goal 208
tiempo_en_acabar 208
tiempo_promedio 43.200001
agentes_en_goal 70
push_out_count 0
RUN 6
valores_ideales [0,0,0,0,0,0,0,0,0,0,0,0,0,0,0,0,0,0,0,0,0,0,0,0,0,0,0,0,0,0,0,0,0,0,0,0,0,0,0,0,0,0,0,0,0,0,0,0,0,0,0,0,0,0,0,0,0,0,0,0,0,0,0,0,0,0,0,0,0,0]
costo_por_agente [8,45,59,23,40,200,33,27,16,48,5,67,13,71,61,42,78,8,10,28,22,42,94,43,85,39,165,16,62,83,20,49,36,31,16,6,96,13,53,46,50,26,168,94,13,34,35,103,18,36,97,12,4,26,3,19,49,6,2,19,18,158,7,28,18,3,4,32,38,10]
completion_time_por_agente [9,46,61,24,41,201,34,28,17,50,6,71,14,73,63,44,79,9,11,29,24,43,95,44,86,40,166,17,63,85,21,51,37,32,17,7,97,14,54,47,51,27,169,96,14,35,37,104,19,37,98,13,5,28,4,20,50,7,3,20,19,160,8,29,19,4,5,33,40,11]
tiempo_ultimo_agente_goal 201
tiempo_en_acabar 201
tiempo_promedio 44.500000
agentes_en_goal 70
push_out_count 0
RUN 7
valores_ideales [0,0,0,0,0,0,0,0,0,0,0,0,0,0,0,0,0,0,0,0,0,0,0,0,0,0,0,0,0,0,0,0,0,0,0,0,0,0,0,0,0,0,0,0,0,0,0,0,0,0,0,0,0,0,0,0,0,0,0,0,0,0,0,0,0,0,0,0,0,0]
costo_por_agente [8,43,13,25,38,106,33,27,70,50,5,43,19,21,83,122,108,8,12,54,16,36,122,21,63,29,85,16,56,43,20,129,36,41,16,6,106,13,43,60,50,28,60,92,13,34,35,85,16,58,15,12,4,24,3,23,61,6,2,19,12,228,5,26,18,3,4,46,34,10]
completion_time_por_agente [9,44,14,26,39,108,35,28,72,51,6,44,20,22,85,123,109,9,13,55,17,37,123,22,64,30,87,17,57,44,21,132,37,42,17,7,107,14,44,62,51,29,62,93,14,35,37,86,17,59,16,13,5,25,4,24,62,7,3,20,13,230,6,27,19,4,5,47,35,11]
tiempo_ultimo_agente_goal 230
tiempo_en_acabar 230
tiempo_promedio 42.171429
agentes_en_goal 70
push_out_count 0
RUN 8
valores_ideales [0,0,0,0,0,0,0,0,0,0,0,0,0,0,0,0,0,0,0,0,0,0,0,0,0,0,0,0,0,0,0,0,0,0,0,0,0,0,0,0,0,0,0,0,0,0,0,0,0,0,0,0,0,0,0,0,0,0,0,0,0,0,0,0,0,0,0,0,0,0]
costo_por_agente [8,37,21,25,60,168,199,27,36,56,5,47,13,55,83,52,82,8,10,54,22,50,124,27,87,29,279,20,58,53,20,53,32,45,16,6,104,13,27,70,60,26,156,102,13,34,39,59,18,32,21,12,4,30,3,21,45,8,2,19,14,210,5,30,18,3,4,32,22,10]
completion_time_por_agente [9,38,22,26,62,169,200,28,37,59,6,48,14,56,85,53,83,9,11,55,24,51,126,29,89,32,280,21,60,54,21,56,33,46,17,7,105,14,28,71,61,27,157,103,14,35,40,60,19,33,22,13,5,33,4,22,46,9,3,20,15,212,6,31,19,4,5,33,23,11]
tiempo_ultimo_agente_goal 280
tiempo_en_acabar 280
tiempo_promedio 47.414288
agentes_en_goal 70
push_out_count 0
RUN 9
valores_ideales [0,0,0,0,0,0,0,0,0,0,0,0,0,0,0,0,0,0,0,0,0,0,0,0,0,0,0,0,0,0,0,0,0,0,0,0,0,0,0,0,0,0,0,0,0,0,0,0,0,0,0,0,0,0,0,0,0,0,0,0,0,0,0,0,0,0,0,0,0,0]
costo_por_agente [8,37,13,35,50,126,33,27,16,54,5,49,17,43,117,72,58,8,10,36,24,50,86,27,109,31,63,16,58,85,22,59,38,33,16,6,94,13,29,48,62,34,86,68,13,36,67,123,18,40,17,12,4,26,3,23,53,6,2,19,12,172,5,30,18,5,4,36,40,8]
completion_time_por_agente [9,38,14,36,51,128,34,28,17,55,6,50,18,44,119,74,60,9,11,37,26,51,88,29,110,33,64,17,59,87,23,61,39,34,17,7,96,14,30,49,65,35,87,69,14,37,68,124,19,41,19,13,5,27,4,24,54,7,3,20,13,173,6,31,19,6,5,37,41,9]
tiempo_ultimo_agente_goal 173
tiempo_en_acabar 173
tiempo_promedio 40.671429
agentes_en_goal 70
push_out_count 0
RUN 10
valores_ideales [0,0,0,0,0,0,0,0,0,0,0,0,0,0,0,0,0,0,0,0,0,0,0,0,0,0,0,0,0,0,0,0,0,0,0,0,0,0,0,0,0,0,0,0,0,0,0,0,0,0,0,0,0,0,0,0,0,0,0,0,0,0,0,0,0,0,0,0,0,0]
costo_por_agente [8,43,51,23,18,194,33,27,56,84,5,29,19,33,59,46,58,8,12,20,26,36,160,45,51,29,155,18,60,43,20,43,36,35,16,6,74,13,27,74,68,32,82,36,13,34,79,67,16,32,15,16,4,26,3,19,31,4,2,19,10,210,5,26,18,3,4,38,32,8]
completion_time_por_agente [9,44,52,24,19,195,34,28,57,85,6,30,20,34,61,47,59,9,13,21,27,37,162,46,52,30,156,19,62,44,21,44,37,36,17,7,75,14,28,75,69,33,83,37,14,35,80,68,17,34,16,17,5,27,4,20,32,5,3,20,11,212,6,27,19,4,5,39,33,9]
tiempo_ultimo_agente_goal 212
tiempo_en_acabar 212
tiempo_promedio 40.285713
agentes_en_goal 70
push_out_count 0
RUN 11
valores_ideales [0,0,0,0,0,0,0,0,0,0,0,0,0,0,0,0,0,0,0,0,0,0,0,0,0,0,0,0,0,0,0,0,0,0,0,0,0,0,0,0,0,0,0,0,0,0,0,0,0,0,0,0,0,0,0,0,0,0,0,0,0,0,0,0,0,0,0,0,0,0]
costo_por_agente [8,37,13,23,62,288,33,27,18,100,5,29,13,47,65,44,106,8,10,30,20,36,90,23,127,31,351,16,76,47,20,55,32,41,24,6,112,13,31,72,50,98,76,132,13,34,65,73,18,60,23,16,4,28,3,25,95,4,2,19,10,202,5,30,18,3,4,32,44,10]
completion_time_por_agente [9,38,14,24,64,290,34,28,19,103,6,30,14,48,66,46,107,9,11,31,21,37,92,25,128,32,352,17,79,48,21,56,33,42,25,7,114,14,32,73,51,100,77,134,14,35,66,74,19,61,24,17,5,30,4,26,96,5,3,20,11,204,6,31,19,4,5,33,46,11]
tiempo_ultimo_agente_goal 352
tiempo_en_acabar 352
tiempo_promedio 49.571430
agentes_en_goal 70
push_out_count 0
RUN 12
valores_ideales [0,0,0,0,0,0,0,0,0,0,0,0,0,0,0,0,0,0,0,0,0,0,0,0,0,0,0,0,0,0,0,0,0,0,0,0,0,0,0,0,0,0,0,0,0,0,0,0,0,0,0,0,0,0,0,0,0,0,0,0,0,0,0,0,0,0,0,0,0,0]
costo_por_agente [8,51,43,23,58,196,33,27,30,72,5,69,17,25,83,46,58,8,12,20,16,46,64,21,101,31,63,16,112,89,22,123,32,29,16,6,94,13,33,50,44,106,132,34,13,42,39,85,18,34,19,12,4,26,3,19,41,4,2,19,12,90,5,30,18,3,4,34,34,12]
completion_time_por_agente [9,52,44,24,60,197,35,28,31,74,6,70,18,26,85,50,59,9,13,21,17,47,66,22,102,32,64,17,113,92,23,124,33,31,17,7,96,14,34,51,45,107,133,36,14,44,40,87,19,35,20,13,5,27,4,20,42,5,3,20,14,91,6,31,19,4,5,36,35,13]
tiempo_ultimo_agente_goal 197
tiempo_en_acabar 197
tiempo_promedio 41.228573
agentes_en_goal 70
push_out_count 0
RUN 13
valores_ideales [0,0,0,0,0,0,0,0,0,0,0,0,0,0,0,0,0,0,0,0,0,0,0,0,0,0,0,0,0,0,0,0,0,0,0,0,0,0,0,0,0,0,0,0,0,0,0,0,0,0,0,0,0,0,0,0,0,0,0,0,0,0,0,0,0,0,0,0,0,0]
costo_por_agente [8,37,37,25,26,78,33,27,16,104,5,31,13,21,55,70,52,8,12,26,22,40,68,49,51,31,195,16,64,43,22,33,34,31,16,6,104,13,39,90,62,162,130,92,13,34,41,77,18,76,21,12,4,24,3,25,57,4,2,19,12,166,5,26,22,5,4,32,40,10]
completion_time_por_agente [9,38,38,26,28,81,35,28,17,105,6,32,14,22,57,71,54,9,13,27,23,41,69,50,53,32,196,17,65,44,23,34,35,33,17,7,105,14,40,91,63,165,132,94,14,35,42,78,19,77,22,13,5,25,4,26,58,5,3,20,13,168,6,27,23,6,5,33,41,11]
tiempo_ultimo_agente_goal 196
tiempo_en_acabar 196
tiempo_promedio 41.885715
agentes_en_goal 70
push_out_count 0
RUN 14
valores_ideales [0,0,0,0,0,0,0,0,0,0,0,0,0,0,0,0,0,0,0,0,0,0,0,0,0,0,0,0,0,0,0,0,0,0,0,0,0,0,0,0,0,0,0,0,0,0,0,0,0,0,0,0,0,0,0,0,0,0,0,0,0,0,0,0,0,0,0,0,0,0]
costo_por_agente [8,47,13,23,40,214,33,27,16,86,5,43,13,21,65,46,96,10,12,28,26,36,152,33,121,29,317,16,62,71,20,65,32,39,16,6,94,13,39,68,44,26,102,96,13,34,35,65,18,82,19,12,4,24,3,25,35,6,2,19,12,58,5,26,18,3,4,34,28,10]
completion_time_por_agente [9,48,14,24,42,215,34,28,17,89,6,44,14,22,67,48,97,11,13,29,27,37,154,34,122,30,318,17,63,73,21,66,33,41,17,7,95,14,40,70,45,27,103,97,14,35,36,67,19,84,20,13,5,25,4,26,36,7,3,20,13,60,6,27,19,4,5,35,29,11]
tiempo_ultimo_agente_goal 318
tiempo_en_acabar 318
tiempo_promedio 43.500000
agentes_en_goal 70
push_out_count 0
RUN 15
valores_ideales [0,0,0,0,0,0,0,0,0,0,0,0,0,0,0,0,0,0,0,0,0,0,0,0,0,0,0,0,0,0,0,0,0,0,0,0,0,0,0,0,0,0,0,0,0,0,0,0,0,0,0,0,0,0,0,0,0,0,0,0,0,0,0,0,0,0,0,0,0,0]
costo_por_agente [8,41,19,23,28,108,35,27,16,84,5,61,13,53,101,46,60,8,10,26,26,36,66,21,127,29,51,20,80,81,20,63,32,35,16,6,106,13,31,126,34,32,120,126,13,34,43,73,18,34,19,12,4,24,3,21,69,6,2,19,10,186,5,30,18,5,4,34,26,8]
completion_time_por_agente [9,42,20,24,29,110,37,28,17,85,6,62,14,54,103,48,61,9,11,27,27,37,69,22,128,30,52,21,81,82,21,64,33,36,17,7,107,14,32,128,35,34,121,127,14,35,45,74,19,35,20,13,5,25,4,22,70,7,3,20,11,187,6,31,19,6,5,35,28,9]
tiempo_ultimo_agente_goal 187
tiempo_en_acabar 187
tiempo_promedio 40.985714
agentes_en_goal 70
push_out_count 0
RUN 16
valores_ideales [0,0,0,0,0,0,0,0,0,0,0,0,0,0,0,0,0,0,0,0,0,0,0,0,0,0,0,0,0,0,0,0,0,0,0,0,0,0,0,0,0,0,0,0,0,0,0,0,0,0,0,0,0,0,0,0,0,0,0,0,0,0,0,0,0,0,0,0,0,0]
costo_por_agente [8,39,13,27,18,250,37,27,16,72,5,29,17,45,69,42,60,8,10,20,28,42,162,23,61,39,135,16,66,63,20,45,32,33,16,6,114,13,27,58,50,212,84,108,13,34,67,119,18,32,15,12,4,26,3,19,33,6,2,19,10,168,5,28,18,3,4,32,46,10]
completion_time_por_agente [9,41,14,28,20,251,38,28,17,73,6,30,18,46,72,45,61,9,11,21,29,43,165,25,62,40,136,17,67,64,21,46,33,34,17,7,115,14,28,59,51,213,85,109,14,35,69,120,19,33,16,13,5,28,4,20,34,7,3,20,11,170,6,29,19,4,5,33,48,11]
tiempo_ultimo_agente_goal 251
tiempo_en_acabar 251
tiempo_promedio 44.200001
agentes_en_goal 70
push_out_count 0
RUN 17
valores_ideales [0,0,0,0,0,0,0,0,0,0,0,0,0,0,0,0,0,0,0,0,0,0,0,0,0,0,0,0,0,0,0,0,0,0,0,0,0,0,0,0,0,0,0,0,0,0,0,0,0,0,0,0,0,0,0,0,0,0,0,0,0,0,0,0,0,0,0,0,0,0]
costo_por_agente [8,39,51,23,26,148,39,27,16,58,5,53,15,39,93,54,76,8,10,22,24,36,86,41,187,37,61,16,72,71,22,75,36,35,16,6,98,13,25,54,72,26,134,94,17,34,31,113,16,42,29,12,4,32,3,19,45,6,2,19,10,114,5,26,18,3,4,32,36,10]
completion_time_por_agente [9,40,52,24,27,150,41,28,17,59,6,54,16,40,94,55,77,9,11,23,26,37,87,42,188,40,63,17,74,72,23,78,37,36,17,7,100,14,26,55,73,27,135,95,18,35,32,114,17,43,30,13,5,35,4,21,46,7,3,20,11,116,6,27,19,4,5,33,37,11]
tiempo_ultimo_agente_goal 188
tiempo_en_acabar 188
tiempo_promedio 41.614285
agentes_en_goal 70
push_out_count 0
RUN 18
valores_ideales [0,0,0,0,0,0,0,0,0,0,0,0,0,0,0,0,0,0,0,0,0,0,0,0,0,0,0,0,0,0,0,0,0,0,0,0,0,0,0,0,0,0,0,0,0,0,0,0,0,0,0,0,0,0,0,0,0,0,0,0,0,0,0,0,0,0,0,0,0,0]
costo_por_agente [8,37,13,23,44,172,33,27,16,92,5,39,19,21,71,46,78,8,10,36,44,40,136,25,115,29,75,16,70,73,20,45,32,31,16,6,86,13,31,62,74,26,156,94,13,34,39,71,18,68,17,12,4,26,3,23,39,6,2,19,10,150,5,26,18,3,4,32,36,10]
completion_time_por_agente [9,38,14,24,45,173,34,28,17,96,6,40,21,22,75,47,79,9,11,37,45,41,138,26,116,30,76,17,71,75,21,46,33,32,17,7,87,14,32,63,75,27,157,95,14,35,40,72,19,69,18,13,5,27,4,24,40,7,3,20,11,152,6,27,19,4,5,33,37,11]
tiempo_ultimo_agente_goal 173
tiempo_en_acabar 173
tiempo_promedio 41.157143
agentes_en_goal 70
push_out_count 0
RUN 19
valores_ideales [0,0,0,0,0,0,0,0,0,0,0,0,0,0,0,0,0,0,0,0,0,0,0,0,0,0,0,0,0,0,0,0,0,0,0,0,0,0,0,0,0,0,0,0,0,0,0,0,0,0,0,0,0,0,0,0,0,0,0,0,0,0,0,0,0,0,0,0,0,0]
costo_por_agente [8,43,15,25,46,308,33,27,16,62,5,29,13,21,83,62,64,8,12,32,16,40,152,21,75,29,43,16,50,57,20,49,38,49,16,6,76,13,29,52,36,28,98,38,13,34,63,73,16,36,25,12,4,26,3,19,49,4,2,19,14,58,5,30,18,5,4,34,62,8]
completion_time_por_agente [9,44,16,26,47,314,35,28,17,64,6,31,14,22,84,63,65,9,13,33,17,41,154,22,76,30,44,17,51,58,21,53,39,50,17,7,77,14,30,53,37,31,99,39,14,35,64,74,17,37,26,13,5,27,4,20,50,5,3,20,15,61,6,31,19,6,5,35,63,9]
tiempo_ultimo_agente_goal 314
tiempo_en_acabar 314
tiempo_promedio 38.299999
agentes_en_goal 70
push_out_count 0
RUN 20
valores_ideales [0,0,0,0,0,0,0,0,0,0,0,0,0,0,0,0,0,0,0,0,0,0,0,0,0,0,0,0,0,0,0,0,0,0,0,0,0,0,0,0,0,0,0,0,0,0,0,0,0,0,0,0,0,0,0,0,0,0,0,0,0,0,0,0,0,0,0,0,0,0]
costo_por_agente [8,37,63,31,26,260,33,27,16,70,5,29,13,55,93,50,104,8,12,36,16,58,144,49,69,31,43,16,80,81,20,125,42,35,16,6,142,13,25,80,88,30,116,102,17,34,37,119,18,74,19,12,4,30,3,27,61,4,2,19,10,58,5,26,18,3,4,34,26,10]
completion_time_por_agente [9,38,65,32,27,261,35,28,17,73,6,30,14,56,95,52,105,9,13,38,17,59,146,50,70,32,44,17,84,82,21,126,43,36,17,7,144,14,26,81,89,31,117,105,18,35,38,121,19,76,20,13,5,31,4,29,62,5,3,20,11,59,6,27,19,4,5,35,27,11]
tiempo_ultimo_agente_goal 261
tiempo_en_acabar 261
tiempo_promedio 45.200001
agentes_en_goal 70
push_out_count 0
RUN 21
valores_ideales [0,0,0,0,0,0,0,0,0,0,0,0,0,0,0,0,0,0,0,0,0,0,0,0,0,0,0,0,0,0,0,0,0,0,0,0,0,0,0,0,0,0,0,0,0,0,0,0,0,0,0,0,0,0,0,0,0,0,0,0,0,0,0,0,0,0,0,0,0,0]
costo_por_agente [10,41,13,23,54,212,33,27,52,106,5,53,17,45,103,56,106,8,10,20,34,48,86,33,61,31,185,16,72,59,20,109,32,39,16,6,76,13,27,70,66,164,200,88,13,34,47,119,18,68,15,12,4,24,3,23,37,6,2,19,10,126,5,30,18,5,4,32,30,10]
completion_time_por_agente [11,42,14,24,55,216,34,28,54,108,6,54,18,46,104,59,107,9,11,21,35,49,91,34,62,32,186,17,73,61,21,110,33,40,17,7,77,14,28,71,67,167,201,90,14,35,48,121,19,70,16,13,5,25,4,24,38,7,3,20,11,128,6,31,19,6,5,33,31,11]
tiempo_ultimo_agente_goal 216
tiempo_en_acabar 216
tiempo_promedio 47.814285
agentes_en_goal 70
push_out_count 0
RUN 22
valores_ideales [0,0,0,0,0,0,0,0,0,0,0,0,0,0,0,0,0,0,0,0,0,0,0,0,0,0,0,0,0,0,0,0,0,0,0,0,0,0,0,0,0,0,0,0,0,0,0,0,0,0,0,0,0,0,0,0,0,0,0,0,0,0,0,0,0,0,0,0,0,0]
costo_por_agente [8,43,13,27,32,168,33,27,44,98,5,41,21,51,93,46,58,8,12,20,26,50,134,21,65,33,63,16,58,71,22,101,32,31,16,6,122,13,29,62,70,26,152,98,13,34,67,55,18,32,109,12,4,30,3,21,99,4,2,19,12,192,5,28,18,3,4,32,30,10]
completion_time_por_agente [9,44,14,28,33,169,35,28,45,101,6,42,22,57,94,47,59,9,14,21,34,51,138,26,66,36,64,17,59,72,23,102,33,33,17,7,125,14,30,63,72,28,153,99,14,35,68,56,19,33,110,13,5,34,4,22,100,5,3,20,13,194,6,29,19,4,5,35,32,11]
tiempo_ultimo_agente_goal 194
tiempo_en_acabar 194
tiempo_promedio 44.685715
agentes_en_goal 70
push_out_count 0
RUN 23
valores_ideales [0,0,0,0,0,0,0,0,0,0,0,0,0,0,0,0,0,0,0,0,0,0,0,0,0,0,0,0,0,0,0,0,0,0,0,0,0,0,0,0,0,0,0,0,0,0,0,0,0,0,0,0,0,0,0,0,0,0,0,0,0,0,0,0,0,0,0,0,0,0]
costo_por_agente [8,37,27,25,56,120,33,27,16,38,5,57,13,55,65,42,82,8,12,30,20,36,250,37,89,29,43,16,108,85,26,91,40,31,16,6,112,13,29,60,60,150,142,84,13,34,31,63,16,68,15,12,4,26,3,23,65,6,2,19,10,156,5,52,18,5,4,32,22,8]
completion_time_por_agente [9,38,28,26,57,123,35,28,17,40,6,58,14,57,68,44,83,9,13,31,22,37,251,38,90,30,44,17,109,86,27,92,41,32,17,7,113,14,30,62,62,152,143,85,14,35,32,64,17,71,16,13,5,27,4,24,66,7,3,20,11,157,6,53,19,6,5,33,23,9]
tiempo_ultimo_agente_goal 251
tiempo_en_acabar 251
tiempo_promedio 44.642857
agentes_en_goal 70
push_out_count 0
RUN 24
valores_ideales [0,0,0,0,0,0,0,0,0,0,0,0,0,0,0,0,0,0,0,0,0,0,0,0,0,0,0,0,0,0,0,0,0,0,0,0,0,0,0,0,0,0,0,0,0,0,0,0,0,0,0,0,0,0,0,0,0,0,0,0,0,0,0,0,0,0,0,0,0,0]
costo_por_agente [8,41,13,31,28,284,33,27,16,68,5,45,13,45,79,54,62,8,10,30,28,44,98,23,53,29,49,20,126,89,22,65,36,33,16,6,88,13,29,58,40,28,144,138,13,34,33,97,16,46,15,12,4,26,3,19,85,6,2,19,10,274,5,30,18,5,4,32,22,8]
completion_time_por_agente [9,42,14,32,29,288,34,28,17,71,6,46,14,46,81,57,63,9,11,31,29,45,100,24,54,30,50,21,128,90,23,67,37,34,17,7,89,14,30,59,41,29,145,139,14,35,34,98,17,47,16,13,5,27,4,20,86,7,3,20,11,276,6,31,19,6,5,33,23,9]
tiempo_ultimo_agente_goal 288
tiempo_en_acabar 288
tiempo_promedio 44.214287
agentes_en_goal 70
push_out_count 0
RUN 25
valores_ideales [0,0,0,0,0,0,0,0,0,0,0,0,0,0,0,0,0,0,0,0,0,0,0,0,0,0,0,0,0,0,0,0,0,0,0,0,0,0,0,0,0,0,0,0,0,0,0,0,0,0,0,0,0,0,0,0,0,0,0,0,0,0,0,0,0,0,0,0,0,0]
costo_por_agente [8,45,13,23,36,296,33,27,16,56,5,49,19,35,57,66,58,8,10,20,22,48,116,25,135,29,73,16,68,43,22,87,32,53,18,6,154,13,37,42,60,102,96,34,13,34,67,65,18,84,21,12,4,30,3,21,53,6,2,19,10,82,5,30,18,3,4,38,40,10]
completion_time_por_agente [9,46,14,24,38,299,34,28,17,57,6,51,20,36,58,69,59,9,11,21,24,49,118,27,136,30,75,17,69,44,23,88,33,54,19,7,155,14,38,45,61,103,97,35,14,35,69,66,19,85,22,13,5,31,4,22,54,7,3,20,11,84,6,31,19,4,5,39,43,11]
tiempo_ultimo_agente_goal 299
tiempo_en_acabar 299
tiempo_promedio 42.700001
agentes_en_goal 70
push_out_count 0
RUN 26
valores_ideales [0,0,0,0,0,0,0,0,0,0,0,0,0,0,0,0,0,0,0,0,0,0,0,0,0,0,0,0,0,0,0,0,0,0,0,0,0,0,0,0,0,0,0,0,0,0,0,0,0,0,0,0,0,0,0,0,0,0,0,0,0,0,0,0,0,0,0,0,0,0]
costo_por_agente [8,37,27,25,42,218,33,27,16,72,5,57,17,21,79,92,86,8,12,62,20,36,130,21,203,29,247,20,92,57,22,45,32,35,16,6,116,13,29,104,54,28,76,34,13,34,113,63,18,46,17,12,4,26,3,19,91,6,2,19,16,130,5,28,18,3,4,32,40,10]
completion_time_por_agente [9,38,28,26,43,220,35,28,17,75,6,59,18,22,81,94,87,9,15,63,23,37,132,22,204,30,249,21,94,59,23,46,33,36,17,7,117,14,30,105,57,30,78,37,14,35,114,64,19,49,19,13,5,27,4,20,93,7,3,20,17,132,6,29,19,4,5,33,41,11]
tiempo_ultimo_agente_goal 249
tiempo_en_acabar 249
tiempo_promedio 46.814285
agentes_en_goal 70
push_out_count 0
RUN 27
valores_ideales [0,0,0,0,0,0,0,0,0,0,0,0,0,0,0,0,0,0,0,0,0,0,0,0,0,0,0,0,0,0,0,0,0,0,0,0,0,0,0,0,0,0,0,0,0,0,0,0,0,0,0,0,0,0,0,0,0,0,0,0,0,0,0,0,0,0,0,0,0,0]
costo_por_agente [8,43,13,23,24,106,33,27,16,82,5,29,15,21,61,60,82,8,10,36,26,36,116,23,77,29,217,16,68,61,20,67,32,37,16,6,120,13,35,58,30,138,158,42,13,34,45,105,18,74,15,12,4,26,3,19,41,6,2,19,12,104,5,44,18,5,4,42,28,10]
completion_time_por_agente [9,44,14,24,25,109,34,28,17,85,6,30,16,22,62,61,84,9,11,37,27,37,118,24,78,30,219,17,70,62,21,68,33,38,17,7,121,14,36,59,32,140,159,44,14,35,46,106,19,75,16,13,5,27,4,20,42,7,3,20,13,106,6,45,19,6,5,43,30,11]
tiempo_ultimo_agente_goal 219
tiempo_en_acabar 219
tiempo_promedio 41.914288
agentes_en_goal 70
push_out_count 0
RUN 28
valores_ideales [0,0,0,0,0,0,0,0,0,0,0,0,0,0,0,0,0,0,0,0,0,0,0,0,0,0,0,0,0,0,0,0,0,0,0,0,0,0,0,0,0,0,0,0,0,0,0,0,0,0,0,0,0,0,0,0,0,0,0,0,0,0,0,0,0,0,0,0,0,0]
costo_por_agente [8,43,21,29,48,150,33,27,16,82,5,63,13,21,91,78,98,8,10,38,30,40,120,35,73,29,215,16,92,69,22,107,40,31,16,6,100,13,25,58,70,138,66,64,19,34,41,89,16,32,19,12,4,30,3,25,45,4,2,19,10,50,5,26,18,3,4,36,28,10]
completion_time_por_agente [9,44,22,30,50,153,34,28,17,83,6,64,14,22,92,80,99,9,11,39,31,41,121,37,74,30,216,17,93,70,23,109,41,32,17,7,101,14,26,59,71,139,67,66,20,35,42,90,17,33,21,13,5,31,4,26,46,5,3,20,11,51,6,27,19,4,5,37,29,11]
tiempo_ultimo_agente_goal 216
tiempo_en_acabar 216
tiempo_promedio 43.128571
agentes_en_goal 70
push_out_count 0
RUN 29
valores_ideales [0,0,0,0,0,0,0,0,0,0,0,0,0,0,0,0,0,0,0,0,0,0,0,0,0,0,0,0,0,0,0,0,0,0,0,0,0,0,0,0,0,0,0,0,0,0,0,0,0,0,0,0,0,0,0,0,0,0,0,0,0,0,0,0,0,0,0,0,0,0]
costo_por_agente [8,41,13,25,18,238,33,27,16,74,5,53,19,47,73,50,88,8,10,20,32,36,214,59,65,39,65,20,80,63,20,63,32,41,16,6,106,13,41,66,44,28,160,122,13,34,39,83,18,58,19,12,4,26,3,25,81,6,2,19,10,70,5,30,18,5,4,32,28,8]
completion_time_por_agente [9,42,14,26,19,239,34,28,17,75,6,54,20,49,74,55,89,9,11,21,34,38,216,60,67,41,66,21,82,64,21,64,33,42,17,7,109,14,42,71,48,29,161,124,14,35,40,84,19,59,20,13,5,27,4,26,82,7,3,20,11,74,6,31,19,6,5,33,29,9]
tiempo_ultimo_agente_goal 239
tiempo_en_acabar 239
tiempo_promedio 43.471428
agentes_en_goal 70
push_out_count 0
RUN 30
valores_ideales [0,0,0,0,0,0,0,0,0,0,0,0,0,0,0,0,0,0,0,0,0,0,0,0,0,0,0,0,0,0,0,0,0,0,0,0,0,0,0,0,0,0,0,0,0,0,0,0,0,0,0,0,0,0,0,0,0,0,0,0,0,0,0,0,0,0,0,0,0,0]
costo_por_agente [8,39,13,23,66,166,35,27,16,94,5,65,19,65,95,68,58,8,10,42,32,36,86,23,245,35,85,20,82,111,22,145,32,35,16,6,84,13,23,64,60,28,102,138,13,34,33,81,18,52,77,12,4,28,3,19,35,6,2,19,10,70,5,26,18,3,4,56,30,8]
completion_time_por_agente [9,40,14,24,67,167,37,28,17,97,6,66,20,67,97,73,59,9,11,43,33,37,87,25,246,38,88,21,84,113,23,146,33,36,17,7,87,14,24,65,66,29,103,140,14,35,34,82,19,53,82,13,5,29,4,20,36,7,3,20,11,71,6,27,19,4,5,58,31,9]
tiempo_ultimo_agente_goal 246
tiempo_en_acabar 246
tiempo_promedio 45.857143
agentes_en_goal 70
push_out_count 0
RUN 31
valores_ideales [0,0,0,0,0,0,0,0,0,0,0,0,0,0,0,0,0,0,0,0,0,0,0,0,0,0,0,0,0,0,0,0,0,0,0,0,0,0,0,0,0,0,0,0,0,0,0,0,0,0,0,0,0,0,0,0,0,0,0,0,0,0,0,0,0,0,0,0,0,0]
costo_por_agente [8,39,13,23,34,200,33,27,16,94,5,39,17,21,95,70,58,10,10,20,26,52,132,27,105,33,129,16,46,59,20,83,34,43,16,6,144,13,31,64,46,32,138,116,13,36,37,99,16,70,25,12,4,40,3,19,39,4,2,19,10,212,5,58,18,3,4,34,36,10]
completion_time_por_agente [9,40,14,24,35,201,34,28,17,95,6,40,18,24,96,77,59,11,11,21,28,53,134,29,106,35,131,17,47,60,21,84,35,44,17,7,147,14,32,65,47,33,139,117,14,37,39,100,17,71,26,13,5,42,4,20,40,5,3,20,11,214,6,59,19,4,5,36,37,11]
tiempo_ultimo_agente_goal 214
tiempo_en_acabar 214
tiempo_promedio 45.142857
agentes_en_goal 70
push_out_count 0
RUN 32
valores_ideales [0,0,0,0,0,0,0,0,0,0,0,0,0,0,0,0,0,0,0,0,0,0,0,0,0,0,0,0,0,0,0,0,0,0,0,0,0,0,0,0,0,0,0,0,0,0,0,0,0,0,0,0,0,0,0,0,0,0,0,0,0,0,0,0,0,0,0,0,0,0]
costo_por_agente [12,45,13,23,52,308,33,27,16,70,5,35,15,21,83,66,60,8,12,20,20,40,114,23,53,29,87,16,58,65,20,59,32,29,16,6,96,15,35,62,40,26,96,34,13,34,49,93,14,76,15,12,4,26,3,23,95,6,2,19,16,214,5,64,18,3,4,32,46,8]
completion_time_por_agente [13,46,14,24,54,311,35,28,17,72,6,36,16,22,85,67,61,9,13,21,21,41,115,24,54,30,88,17,59,66,21,61,33,30,17,7,97,16,36,64,41,28,97,35,14,35,50,94,15,77,17,13,5,27,4,24,96,7,3,20,17,215,6,67,19,4,5,33,48,9]
tiempo_ultimo_agente_goal 311
tiempo_en_acabar 311
tiempo_promedio 42.457142
agentes_en_goal 70
push_out_count 0
RUN 33
valores_ideales [0,0,0,0,0,0,0,0,0,0,0,0,0,0,0,0,0,0,0,0,0,0,0,0,0,0,0,0,0,0,0,0,0,0,0,0,0,0,0,0,0,0,0,0,0,0,0,0,0,0,0,0,0,0,0,0,0,0,0,0,0,0,0,0,0,0,0,0,0,0]
costo_por_agente [8,47,13,25,46,192,179,27,16,70,5,43,17,27,91,46,124,8,10,24,30,44,118,25,151,31,201,16,58,37,22,91,42,33,16,6,134,13,43,68,42,26,88,110,13,34,49,61,18,32,17,12,4,28,3,19,39,4,2,19,10,176,5,68,18,3,4,32,40,10]
completion_time_por_agente [9,48,14,26,51,193,180,28,17,73,6,44,18,28,93,47,125,9,11,25,31,45,123,27,152,33,203,17,59,38,23,92,43,34,17,7,136,14,45,69,44,27,89,111,14,35,50,62,19,33,19,13,5,31,4,20,40,5,3,20,11,178,6,69,19,4,5,33,41,11]
tiempo_ultimo_agente_goal 203
tiempo_en_acabar 203
tiempo_promedio 46.771427
agentes_en_goal 70
push_out_count 0
RUN 34
valores_ideales [0,0,0,0,0,0,0,0,0,0,0,0,0,0,0,0,0,0,0,0,0,0,0,0,0,0,0,0,0,0,0,0,0,0,0,0,0,0,0,0,0,0,0,0,0,0,0,0,0,0,0,0,0,0,0,0,0,0,0,0,0,0,0,0,0,0,0,0,0,0]
costo_por_agente [8,49,13,25,18,104,33,27,16,84,5,43,17,45,61,58,66,8,12,20,22,62,96,51,123,29,47,16,70,109,20,71,32,35,16,6,108,13,33,56,48,140,126,40,13,36,35,57,18,64,25,12,4,26,3,25,31,4,2,19,10,164,5,26,18,3,4,42,26,10]
completion_time_por_agente [9,50,14,26,19,105,35,28,17,85,6,44,18,46,62,59,67,9,13,21,24,63,98,53,124,30,48,17,72,110,21,73,33,36,17,7,109,14,34,58,51,143,127,41,14,37,36,59,19,66,26,13,5,28,4,26,32,5,3,20,11,165,6,27,19,4,5,43,28,11]
tiempo_ultimo_agente_goal 165
tiempo_en_acabar 165
tiempo_promedio 40.685715
agentes_en_goal 70
push_out_count 0
RUN 35
valores_ideales [0,0,0,0,0,0,0,0,0,0,0,0,0,0,0,0,0,0,0,0,0,0,0,0,0,0,0,0,0,0,0,0,0,0,0,0,0,0,0,0,0,0,0,0,0,0,0,0,0,0,0,0,0,0,0,0,0,0,0,0,0,0,0,0,0,0,0,0,0,0]
costo_por_agente [8,37,45,25,46,252,33,27,16,66,5,41,19,21,67,92,62,8,12,26,22,64,76,37,139,29,271,16,54,73,22,91,32,55,16,6,100,13,23,50,62,30,150,134,13,34,55,73,18,70,17,12,4,26,3,25,43,6,2,19,12,154,5,32,18,3,4,34,24,10]
completion_time_por_agente [9,38,46,26,47,254,35,28,18,68,6,42,20,22,71,93,63,9,13,27,23,65,77,38,140,30,272,17,55,75,23,92,33,56,17,7,101,14,26,53,63,31,151,135,14,35,57,74,19,72,18,13,5,28,4,26,44,7,3,20,13,156,6,33,19,4,5,35,25,11]
tiempo_ultimo_agente_goal 272
tiempo_en_acabar 272
tiempo_promedio 46.785713
agentes_en_goal 70
push_out_count 0
RUN 36
valores_ideales [0,0,0,0,0,0,0,0,0,0,0,0,0,0,0,0,0,0,0,0,0,0,0,0,0,0,0,0,0,0,0,0,0,0,0,0,0,0,0,0,0,0,0,0,0,0,0,0,0,0,0,0,0,0,0,0,0,0,0,0,0,0,0,0,0,0,0,0,0,0]
costo_por_agente [8,37,13,27,30,246,33,27,16,74,5,35,17,55,57,56,110,8,12,26,20,38,54,23,295,29,285,16,80,69,24,119,38,33,16,6,96,13,29,58,46,26,152,34,13,34,45,105,18,60,21,12,4,28,3,23,33,4,2,19,12,204,5,26,18,5,4,34,30,10]
completion_time_por_agente [9,38,14,28,31,247,35,28,17,75,6,36,18,56,60,58,113,9,13,27,21,39,55,24,296,30,286,17,81,71,25,121,39,34,17,7,97,14,30,59,47,27,153,35,14,36,46,106,19,61,22,13,5,29,4,24,34,5,3,20,13,209,6,27,19,6,5,36,31,11]
tiempo_ultimo_agente_goal 296
tiempo_en_acabar 296
tiempo_promedio 47.814285
agentes_en_goal 70
push_out_count 0
RUN 37
valores_ideales [0,0,0,0,0,0,0,0,0,0,0,0,0,0,0,0,0,0,0,0,0,0,0,0,0,0,0,0,0,0,0,0,0,0,0,0,0,0,0,0,0,0,0,0,0,0,0,0,0,0,0,0,0,0,0,0,0,0,0,0,0,0,0,0,0,0,0,0,0,0]
costo_por_agente [8,37,15,35,20,254,39,27,16,80,5,59,13,21,73,64,124,8,10,20,24,36,64,25,229,35,251,20,70,53,24,133,32,33,16,6,126,13,25,48,40,88,144,108,13,34,51,85,18,36,19,12,4,34,3,19,83,4,2,19,18,206,5,30,18,3,4,58,42,8]
completion_time_por_agente [9,38,16,36,21,255,40,28,17,81,6,60,14,24,74,69,125,9,11,21,26,37,67,28,230,37,253,21,71,54,25,134,33,34,17,7,127,14,26,49,41,89,145,110,14,35,53,86,19,37,20,13,5,36,4,20,84,5,3,20,19,208,6,31,19,4,5,59,43,9]
tiempo_ultimo_agente_goal 255
tiempo_en_acabar 255
tiempo_promedio 49.799999
agentes_en_goal 70
push_out_count 0
RUN 38
valores_ideales [0,0,0,0,0,0,0,0,0,0,0,0,0,0,0,0,0,0,0,0,0,0,0,0,0,0,0,0,0,0,0,0,0,0,0,0,0,0,0,0,0,0,0,0,0,0,0,0,0,0,0,0,0,0,0,0,0,0,0,0,0,0,0,0,0,0,0,0,0,0]
costo_por_agente [8,37,13,23,46,212,33,27,16,82,5,49,19,51,83,38,98,8,12,20,16,46,90,25,105,31,237,16,104,103,20,105,42,31,16,6,88,13,27,36,66,148,196,80,13,34,41,65,16,50,27,12,4,24,3,21,67,6,2,19,10,74,5,26,18,5,4,32,22,8]
completion_time_por_agente [9,38,14,24,48,216,35,28,17,84,6,50,20,52,88,40,99,9,13,21,17,47,92,26,106,32,239,17,105,104,21,106,43,32,17,7,90,14,28,37,68,150,197,81,14,35,42,66,17,53,28,13,5,25,4,22,69,7,3,20,11,76,6,27,19,6,5,33,23,9]
tiempo_ultimo_agente_goal 239
tiempo_en_acabar 239
tiempo_promedio 46.071430
agentes_en_goal 70
push_out_count 0
RUN 39
valores_ideales [0,0,0,0,0,0,0,0,0,0,0,0,0,0,0,0,0,0,0,0,0,0,0,0,0,0,0,0,0,0,0,0,0,0,0,0,0,0,0,0,0,0,0,0,0,0,0,0,0,0,0,0,0,0,0,0,0,0,0,0,0,0,0,0,0,0,0,0,0,0]
costo_por_agente [8,39,49,25,26,184,33,27,16,48,5,39,13,49,103,84,58,8,14,48,22,40,194,41,53,31,57,16,80,71,20,43,38,37,16,6,110,13,27,60,46,74,136,64,13,34,39,75,18,78,19,14,4,24,3,19,71,4,2,19,10,56,5,26,18,5,4,32,60,10]
completion_time_por_agente [9,40,50,26,27,185,35,28,17,49,6,40,14,50,104,85,59,9,16,49,24,41,196,42,54,32,58,17,81,73,21,44,39,38,17,7,111,14,28,61,47,77,137,65,14,35,40,78,19,81,20,15,5,25,4,20,72,5,3,20,11,59,6,27,19,6,5,33,61,11]
tiempo_ultimo_agente_goal 196
tiempo_en_acabar 196
tiempo_promedio 41.657143
agentes_en_goal 70
push_out_count 0
