RUN 0
valores_ideales [0,0,0,0,0,0,0,0,0,0,0,0,0,0,0,0,0,0,0,0,0,0,0,0,0,0,0,0,0,0,0,0,0,0,0,0,0,0,0,0]
costo_por_agente [47,34,6,6,34,21,108,8,98,15,246,16,17,4,81,36,37,14,142,142,219,89,4,42,5,9,13,97,29,47,10,30,45,31,66,58,66,72,49,28]
completion_time_por_agente [48,35,7,7,36,22,109,9,99,16,247,17,18,5,82,37,39,15,143,143,220,91,5,43,6,10,14,98,30,48,11,31,46,32,67,59,67,73,50,29]
tiempo_ultimo_agente_goal 247
tiempo_en_acabar 247
tiempo_promedio 54.099998
agentes_en_goal 40
push_out_count 0
RUN 1
valores_ideales [0,0,0,0,0,0,0,0,0,0,0,0,0,0,0,0,0,0,0,0,0,0,0,0,0,0,0,0,0,0,0,0,0,0,0,0,0,0,0,0]
costo_por_agente [39,40,6,6,34,21,74,6,70,15,82,16,33,4,49,40,75,14,92,116,149,97,4,36,5,9,13,79,29,29,14,32,209,31,144,90,72,54,103,28]
completion_time_por_agente [40,41,7,7,35,22,75,7,71,16,83,17,34,5,50,41,76,15,93,117,150,98,5,37,6,10,14,80,30,30,15,33,210,32,145,91,73,55,104,29]
tiempo_ultimo_agente_goal 210
tiempo_en_acabar 210
tiempo_promedio 52.474998
agentes_en_goal 40
push_out_count 0
RUN 2
valores_ideales [0,0,0,0,0,0,0,0,0,0,0,0,0,0,0,0,0,0,0,0,0,0,0,0,0,0,0,0,0,0,0,0,0,0,0,0,0,0,0,0]
costo_por_agente [43,24,6,8,76,21,42,6,84,17,168,16,35,4,147,30,31,14,160,106,179,95,4,32,5,9,15,127,29,39,20,34,43,27,70,82,86,94,101,28]
completion_time_por_agente [44,25,7,9,77,22,43,7,85,18,170,17,36,5,148,31,32,15,161,107,181,96,5,33,6,10,16,128,30,40,21,35,44,28,71,83,87,95,102,29]
tiempo_ultimo_agente_goal 181
tiempo_en_acabar 181
tiempo_promedio 54.974998
agentes_en_goal 40
push_out_count 0
RUN 3
valores_ideales [0,0,0,0,0,0,0,0,0,0,0,0,0,0,0,0,0,0,0,0,0,0,0,0,0,0,0,0,0,0,0,0,0,0,0,0,0,0,0,0]
costo_por_agente [47,44,6,8,88,21,78,6,84,15,242,16,19,4,99,34,33,14,90,100,113,123,4,36,5,9,13,87,29,47,16,34,39,29,54,110,66,152,39,28]
completion_time_por_agente [48,45,7,9,90,22,80,7,85,16,243,17,20,5,100,35,34,15,92,101,114,125,5,37,6,10,14,88,30,48,17,35,40,30,57,111,67,153,40,29]
tiempo_ultimo_agente_goal 243
tiempo_en_acabar 243
tiempo_promedio 53.174999
agentes_en_goal 40
push_out_count 0
RUN 4
valores_ideales [0,0,0,0,0,0,0,0,0,0,0,0,0,0,0,0,0,0,0,0,0,0,0,0,0,0,0,0,0,0,0,0,0,0,0,0,0,0,0,0]
costo_por_agente [43,36,6,6,50,21,40,6,94,23,312,16,23,4,107,30,53,14,112,154,203,65,4,32,5,9,13,83,29,35,12,36,33,33,66,156,52,92,91,28]
completion_time_por_agente [44,37,7,7,51,22,41,7,95,24,313,17,24,5,108,31,55,15,113,155,204,66,5,33,6,10,14,84,30,36,13,37,34,34,67,157,53,93,92,29]
tiempo_ultimo_agente_goal 313
tiempo_en_acabar 313
tiempo_promedio 56.700001
agentes_en_goal 40
push_out_count 0
RUN 5
valores_ideales [0,0,0,0,0,0,0,0,0,0,0,0,0,0,0,0,0,0,0,0,0,0,0,0,0,0,0,0,0,0,0,0,0,0,0,0,0,0,0,0]
costo_por_agente [47,42,8,8,78,21,56,6,72,11,234,16,39,4,91,34,11,14,150,20,279,97,4,38,5,9,13,61,31,53,12,40,43,31,116,52,84,70,95,28]
completion_time_por_agente [48,43,9,9,80,22,57,7,73,12,235,17,40,5,92,35,12,15,151,21,280,98,5,39,6,10,14,62,32,54,13,41,44,32,118,53,86,72,96,29]
tiempo_ultimo_agente_goal 280
tiempo_en_acabar 280
tiempo_promedio 54.174999
agentes_en_goal 40
push_out_count 0
RUN 6
valores_ideales [0,0,0,0,0,0,0,0,0,0,0,0,0,0,0,0,0,0,0,0,0,0,0,0,0,0,0,0,0,0,0,0,0,0,0,0,0,0,0,0]
costo_por_agente [57,46,6,8,68,21,82,6,100,11,282,16,39,4,113,36,33,14,202,92,35,63,4,44,5,9,13,171,133,49,12,30,47,33,108,62,116,102,101,28]
completion_time_por_agente [58,47,7,9,70,22,83,7,101,12,283,17,41,5,115,37,34,15,204,93,36,64,5,45,6,10,14,173,134,50,13,31,48,34,109,63,117,103,102,29]
tiempo_ultimo_agente_goal 283
tiempo_en_acabar 283
tiempo_promedio 61.150002
agentes_en_goal 40
push_out_count 0
RUN 7
valores_ideales [0,0,0,0,0,0,0,0,0,0,0,0,0,0,0,0,0,0,0,0,0,0,0,0,0,0,0,0,0,0,0,0,0,0,0,0,0,0,0,0]
costo_por_agente [43,36,6,6,58,21,38,6,58,13,164,16,27,4,111,30,69,14,126,20,153,173,4,34,5,9,13,57,29,53,14,36,53,33,80,70,42,100,87,28]
completion_time_por_agente [44,37,7,7,59,22,39,7,59,14,166,17,28,5,112,31,70,15,128,21,154,174,5,35,6,10,14,59,30,54,15,37,54,34,81,71,43,101,88,29]
tiempo_ultimo_agente_goal 174
tiempo_en_acabar 174
tiempo_promedio 49.549999
agentes_en_goal 40
push_out_count 0
RUN 8
valores_ideales [0,0,0,0,0,0,0,0,0,0,0,0,0,0,0,0,0,0,0,0,0,0,0,0,0,0,0,0,0,0,0,0,0,0,0,0,0,0,0,0]
costo_por_agente [45,44,6,6,56,21,38,6,102,11,226,16,35,4,209,36,39,14,170,136,241,85,4,34,5,9,13,59,29,27,12,32,43,37,90,78,82,36,51,28]
completion_time_por_agente [46,45,7,7,57,22,39,7,103,12,227,17,36,5,210,37,40,15,171,137,242,86,5,35,6,10,14,60,30,28,13,33,44,38,91,79,83,37,52,29]
tiempo_ultimo_agente_goal 242
tiempo_en_acabar 242
tiempo_promedio 56.375000
agentes_en_goal 40
push_out_count 0
RUN 9
valores_ideales [0,0,0,0,0,0,0,0,0,0,0,0,0,0,0,0,0,0,0,0,0,0,0,0,0,0,0,0,0,0,0,0,0,0,0,0,0,0,0,0]
costo_por_agente [43,40,6,8,34,23,38,6,78,11,244,14,17,4,89,38,33,14,154,20,203,103,4,50,5,9,13,61,101,45,16,30,153,37,60,58,58,162,47,28]
completion_time_por_agente [44,41,7,9,36,24,39,7,79,12,245,15,18,5,90,39,34,15,155,21,204,105,5,52,6,10,14,62,103,47,17,31,154,38,61,61,60,163,48,29]
tiempo_ultimo_agente_goal 245
tiempo_en_acabar 245
tiempo_promedio 55.125000
agentes_en_goal 40
push_out_count 0
RUN 10
valores_ideales [0,0,0,0,0,0,0,0,0,0,0,0,0,0,0,0,0,0,0,0,0,0,0,0,0,0,0,0,0,0,0,0,0,0,0,0,0,0,0,0]
costo_por_agente [43,32,6,6,106,21,58,8,90,15,258,16,19,4,51,38,47,14,78,160,215,73,4,38,5,9,13,109,29,53,10,34,47,35,42,48,56,38,89,28]
completion_time_por_agente [44,33,7,7,107,22,59,9,91,16,259,17,20,5,52,39,48,15,79,161,216,74,5,39,6,10,14,110,30,54,11,35,48,36,43,49,57,39,90,29]
tiempo_ultimo_agente_goal 259
tiempo_en_acabar 259
tiempo_promedio 52.125000
agentes_en_goal 40
push_out_count 0
RUN 11
valores_ideales [0,0,0,0,0,0,0,0,0,0,0,0,0,0,0,0,0,0,0,0,0,0,0,0,0,0,0,0,0,0,0,0,0,0,0,0,0,0,0,0]
costo_por_agente [43,44,8,8,70,21,38,6,112,15,50,16,19,4,173,30,11,14,90,20,265,111,4,46,5,9,13,131,29,43,12,32,39,39,132,64,114,34,73,28]
completion_time_por_agente [44,45,9,9,71,22,39,7,113,16,51,17,20,5,174,31,12,15,91,21,266,112,5,47,6,10,14,132,30,44,13,33,40,40,133,66,115,35,74,29]
tiempo_ultimo_agente_goal 266
tiempo_en_acabar 266
tiempo_promedio 51.400002
agentes_en_goal 40
push_out_count 0
RUN 12
valores_ideales [0,0,0,0,0,0,0,0,0,0,0,0,0,0,0,0,0,0,0,0,0,0,0,0,0,0,0,0,0,0,0,0,0,0,0,0,0,0,0,0]
costo_por_agente [43,42,6,6,34,23,40,8,126,11,216,16,23,4,41,38,37,14,70,80,193,123,4,32,5,9,13,147,29,29,12,32,45,33,64,82,84,100,97,28]
completion_time_por_agente [44,43,7,7,35,24,41,9,127,12,217,17,24,5,42,39,38,15,71,81,194,124,5,33,6,10,14,148,30,30,13,33,46,34,65,84,85,102,98,29]
tiempo_ultimo_agente_goal 217
tiempo_en_acabar 217
tiempo_promedio 52.025002
agentes_en_goal 40
push_out_count 0
RUN 13
valores_ideales [0,0,0,0,0,0,0,0,0,0,0,0,0,0,0,0,0,0,0,0,0,0,0,0,0,0,0,0,0,0,0,0,0,0,0,0,0,0,0,0]
costo_por_agente [45,36,6,8,88,23,38,6,86,13,80,16,17,4,179,36,49,14,156,114,121,231,4,32,5,9,13,75,37,61,14,34,125,41,72,58,66,104,97,28]
completion_time_por_agente [46,37,7,9,90,24,39,7,87,14,81,17,18,5,180,37,50,15,157,115,122,232,5,33,6,10,14,77,38,62,15,35,126,42,74,60,67,105,98,29]
tiempo_ultimo_agente_goal 232
tiempo_en_acabar 232
tiempo_promedio 57.125000
agentes_en_goal 40
push_out_count 0
RUN 14
valores_ideales [0,0,0,0,0,0,0,0,0,0,0,0,0,0,0,0,0,0,0,0,0,0,0,0,0,0,0,0,0,0,0,0,0,0,0,0,0,0,0,0]
costo_por_agente [43,34,6,6,34,29,54,6,66,11,70,14,17,4,61,48,35,14,88,20,123,177,4,34,5,9,13,59,31,35,16,32,127,35,94,76,120,54,75,28]
completion_time_por_agente [44,35,7,7,35,30,55,7,67,12,72,15,18,5,62,49,37,15,89,21,124,178,5,35,6,10,14,60,32,36,17,33,128,36,95,77,121,55,76,29]
tiempo_ultimo_agente_goal 178
tiempo_en_acabar 178
tiempo_promedio 46.224998
agentes_en_goal 40
push_out_count 0
RUN 15
valores_ideales [0,0,0,0,0,0,0,0,0,0,0,0,0,0,0,0,0,0,0,0,0,0,0,0,0,0,0,0,0,0,0,0,0,0,0,0,0,0,0,0]
costo_por_agente [43,48,6,6,50,31,38,8,96,11,154,14,17,4,95,34,41,14,130,144,85,145,4,38,5,9,13,145,29,27,18,34,39,31,130,80,56,68,43,28]
completion_time_por_agente [44,49,7,7,51,32,39,9,97,12,155,15,18,5,96,35,42,15,131,145,86,147,5,39,6,10,14,147,30,28,19,35,40,32,131,81,57,69,44,29]
tiempo_ultimo_agente_goal 155
tiempo_en_acabar 155
tiempo_promedio 51.325001
agentes_en_goal 40
push_out_count 0
RUN 16
valores_ideales [0,0,0,0,0,0,0,0,0,0,0,0,0,0,0,0,0,0,0,0,0,0,0,0,0,0,0,0,0,0,0,0,0,0,0,0,0,0,0,0]
costo_por_agente [43,40,6,6,34,21,102,6,72,11,278,16,47,4,85,30,25,14,232,58,121,87,4,36,5,9,13,165,33,49,10,34,45,31,94,58,82,44,71,28]
completion_time_por_agente [44,41,7,7,35,22,103,7,73,12,279,17,48,5,86,31,26,15,233,59,122,88,5,37,6,10,14,166,34,50,11,35,46,32,95,60,83,45,72,29]
tiempo_ultimo_agente_goal 279
tiempo_en_acabar 279
tiempo_promedio 54.750000
agentes_en_goal 40
push_out_count 0
RUN 17
valores_ideales [0,0,0,0,0,0,0,0,0,0,0,0,0,0,0,0,0,0,0,0,0,0,0,0,0,0,0,0,0,0,0,0,0,0,0,0,0,0,0,0]
costo_por_agente [53,40,6,8,34,21,38,6,82,11,212,16,21,4,135,32,57,14,108,136,217,165,4,48,5,9,13,57,29,43,14,30,47,29,118,68,66,42,169,28]
completion_time_por_agente [54,41,7,9,36,22,39,7,83,12,214,17,22,5,136,33,59,15,109,137,218,166,5,49,6,10,14,58,30,44,15,31,48,30,119,69,67,43,170,29]
tiempo_ultimo_agente_goal 218
tiempo_en_acabar 218
tiempo_promedio 56.950001
agentes_en_goal 40
push_out_count 0
RUN 18
valores_ideales [0,0,0,0,0,0,0,0,0,0,0,0,0,0,0,0,0,0,0,0,0,0,0,0,0,0,0,0,0,0,0,0,0,0,0,0,0,0,0,0]
costo_por_agente [43,52,8,6,76,25,42,8,96,15,234,16,17,4,121,38,11,14,110,64,231,127,4,42,5,9,13,117,33,39,12,36,175,35,114,54,52,174,85,28]
completion_time_por_agente [44,53,9,7,77,26,43,9,97,16,235,17,18,5,122,39,12,15,111,65,232,128,5,43,6,10,14,118,34,40,13,37,176,37,115,56,53,175,86,29]
tiempo_ultimo_agente_goal 235
tiempo_en_acabar 235
tiempo_promedio 60.674999
agentes_en_goal 40
push_out_count 0
RUN 19
valores_ideales [0,0,0,0,0,0,0,0,0,0,0,0,0,0,0,0,0,0,0,0,0,0,0,0,0,0,0,0,0,0,0,0,0,0,0,0,0,0,0,0]
costo_por_agente [43,34,6,8,34,21,38,6,92,13,204,16,57,4,47,44,59,14,66,114,247,103,4,30,5,9,13,141,31,31,14,32,45,45,86,70,118,82,79,28]
completion_time_por_agente [44,35,7,9,35,22,39,7,93,14,206,17,58,5,48,45,60,15,67,115,248,104,5,31,6,10,14,142,32,32,15,33,46,46,87,71,120,83,80,29]
tiempo_ultimo_agente_goal 248
tiempo_en_acabar 248
tiempo_promedio 54.375000
agentes_en_goal 40
push_out_count 0
RUN 20
valores_ideales [0,0,0,0,0,0,0,0,0,0,0,0,0,0,0,0,0,0,0,0,0,0,0,0,0,0,0,0,0,0,0,0,0,0,0,0,0,0,0,0]
costo_por_agente [43,46,6,8,50,21,46,6,92,17,34,16,19,4,41,46,47,14,162,132,285,115,4,30,5,9,13,121,29,49,10,32,43,33,82,98,98,36,49,28]
completion_time_por_agente [44,47,7,9,52,22,49,7,93,18,35,17,20,5,42,47,48,15,164,133,286,116,5,31,6,10,14,122,30,50,11,33,44,34,83,101,100,37,50,29]
tiempo_ultimo_agente_goal 286
tiempo_en_acabar 286
tiempo_promedio 51.650002
agentes_en_goal 40
push_out_count 0
RUN 21
valores_ideales [0,0,0,0,0,0,0,0,0,0,0,0,0,0,0,0,0,0,0,0,0,0,0,0,0,0,0,0,0,0,0,0,0,0,0,0,0,0,0,0]
costo_por_agente [43,34,6,6,66,21,44,8,72,11,62,16,29,4,151,34,13,14,78,130,151,149,4,46,5,9,13,75,75,43,10,30,51,37,72,64,44,150,87,28]
completion_time_por_agente [44,35,7,7,67,22,45,9,73,12,63,17,30,5,153,35,14,15,80,131,152,150,5,47,6,10,14,76,76,44,11,31,52,38,73,65,45,151,88,29]
tiempo_ultimo_agente_goal 153
tiempo_en_acabar 153
tiempo_promedio 50.674999
agentes_en_goal 40
push_out_count 0
RUN 22
valores_ideales [0,0,0,0,0,0,0,0,0,0,0,0,0,0,0,0,0,0,0,0,0,0,0,0,0,0,0,0,0,0,0,0,0,0,0,0,0,0,0,0]
costo_por_agente [47,34,6,8,56,21,66,6,118,13,218,14,19,4,79,38,11,14,168,126,203,125,4,34,5,9,13,47,91,49,12,36,45,29,56,46,56,64,109,28]
completion_time_por_agente [48,35,7,9,59,22,67,7,119,14,219,15,20,5,80,39,12,15,170,127,204,126,5,35,6,10,14,48,93,50,13,37,46,30,57,48,57,66,110,29]
tiempo_ultimo_agente_goal 219
tiempo_en_acabar 219
tiempo_promedio 54.325001
agentes_en_goal 40
push_out_count 0
RUN 23
valores_ideales [0,0,0,0,0,0,0,0,0,0,0,0,0,0,0,0,0,0,0,0,0,0,0,0,0,0,0,0,0,0,0,0,0,0,0,0,0,0,0,0]
costo_por_agente [53,44,6,8,42,21,102,6,116,11,104,16,23,4,175,42,35,14,172,114,115,99,4,42,5,9,13,61,83,45,12,32,43,33,102,108,74,118,49,28]
completion_time_por_agente [54,45,7,9,45,22,103,7,117,12,105,17,24,5,177,43,36,15,173,115,116,101,5,43,6,10,14,62,85,46,13,33,44,34,103,113,75,120,50,29]
tiempo_ultimo_agente_goal 177
tiempo_en_acabar 177
tiempo_promedio 55.825001
agentes_en_goal 40
push_out_count 0
RUN 24
valores_ideales [0,0,0,0,0,0,0,0,0,0,0,0,0,0,0,0,0,0,0,0,0,0,0,0,0,0,0,0,0,0,0,0,0,0,0,0,0,0,0,0]
costo_por_agente [47,36,6,6,68,21,110,8,88,13,78,16,49,4,121,32,41,14,98,92,133,191,4,30,5,9,13,61,33,31,14,32,45,29,116,110,52,84,53,28]
completion_time_por_agente [48,37,7,7,70,22,111,9,89,14,79,17,50,5,122,33,42,15,99,93,134,192,5,31,6,10,14,62,34,32,15,33,46,30,117,111,53,85,54,29]
tiempo_ultimo_agente_goal 192
tiempo_en_acabar 192
tiempo_promedio 51.549999
agentes_en_goal 40
push_out_count 0
RUN 25
valores_ideales [0,0,0,0,0,0,0,0,0,0,0,0,0,0,0,0,0,0,0,0,0,0,0,0,0,0,0,0,0,0,0,0,0,0,0,0,0,0,0,0]
costo_por_agente [45,34,6,6,86,23,98,6,86,19,54,16,17,4,95,32,31,14,102,148,103,151,4,30,5,11,13,101,31,55,12,32,99,29,68,78,40,38,85,34]
completion_time_por_agente [46,35,7,7,87,24,99,7,87,20,55,17,18,5,96,33,32,15,104,149,104,152,5,31,6,12,14,102,33,56,13,33,100,30,69,80,41,39,86,35]
tiempo_ultimo_agente_goal 152
tiempo_en_acabar 152
tiempo_promedio 49.599998
agentes_en_goal 40
push_out_count 0
RUN 26
valores_ideales [0,0,0,0,0,0,0,0,0,0,0,0,0,0,0,0,0,0,0,0,0,0,0,0,0,0,0,0,0,0,0,0,0,0,0,0,0,0,0,0]
costo_por_agente [45,36,6,14,48,21,56,12,72,11,86,16,29,4,37,36,51,14,134,20,163,113,4,38,5,9,13,93,29,39,10,32,45,33,96,100,68,90,47,28]
completion_time_por_agente [46,37,7,15,49,22,57,13,73,12,87,17,30,5,38,37,53,15,135,21,164,114,5,39,6,10,14,95,30,40,11,33,46,34,97,101,69,91,48,29]
tiempo_ultimo_agente_goal 164
tiempo_en_acabar 164
tiempo_promedio 46.125000
agentes_en_goal 40
push_out_count 0
RUN 27
valores_ideales [0,0,0,0,0,0,0,0,0,0,0,0,0,0,0,0,0,0,0,0,0,0,0,0,0,0,0,0,0,0,0,0,0,0,0,0,0,0,0,0]
costo_por_agente [43,34,6,8,70,21,58,6,80,11,266,14,19,4,45,30,11,14,150,136,169,131,4,46,5,9,13,209,47,55,16,30,39,35,62,84,42,46,95,28]
completion_time_por_agente [44,35,7,9,71,22,59,7,81,12,267,15,20,5,46,31,12,15,151,137,171,132,5,48,6,10,14,210,48,56,17,31,40,36,63,85,43,47,96,29]
tiempo_ultimo_agente_goal 267
tiempo_en_acabar 267
tiempo_promedio 55.825001
agentes_en_goal 40
push_out_count 0
RUN 28
valores_ideales [0,0,0,0,0,0,0,0,0,0,0,0,0,0,0,0,0,0,0,0,0,0,0,0,0,0,0,0,0,0,0,0,0,0,0,0,0,0,0,0]
costo_por_agente [43,46,6,6,56,21,38,8,108,11,232,16,19,4,187,30,11,14,68,20,223,163,4,50,5,9,13,109,31,45,12,30,49,39,84,62,96,96,77,28]
completion_time_por_agente [44,47,7,7,57,22,39,9,109,12,233,17,20,5,189,31,12,15,69,21,224,164,5,51,6,10,14,110,32,46,13,31,50,40,85,63,97,97,78,29]
tiempo_ultimo_agente_goal 233
tiempo_en_acabar 233
tiempo_promedio 55.250000
agentes_en_goal 40
push_out_count 0
RUN 29
valores_ideales [0,0,0,0,0,0,0,0,0,0,0,0,0,0,0,0,0,0,0,0,0,0,0,0,0,0,0,0,0,0,0,0,0,0,0,0,0,0,0,0]
costo_por_agente [43,46,6,6,34,21,72,8,66,13,218,16,19,4,219,30,29,14,150,108,341,149,4,40,5,9,13,99,29,37,14,36,43,35,104,60,54,66,113,28]
completion_time_por_agente [44,47,7,7,38,22,73,9,67,14,219,17,20,5,220,31,30,15,151,109,342,150,5,41,6,10,14,100,30,38,15,37,44,36,105,61,57,68,114,29]
tiempo_ultimo_agente_goal 342
tiempo_en_acabar 342
tiempo_promedio 61.174999
agentes_en_goal 40
push_out_count 0
RUN 30
valores_ideales [0,0,0,0,0,0,0,0,0,0,0,0,0,0,0,0,0,0,0,0,0,0,0,0,0,0,0,0,0,0,0,0,0,0,0,0,0,0,0,0]
costo_por_agente [51,32,6,8,68,21,38,6,70,13,50,16,27,4,95,32,11,14,78,20,225,207,4,36,5,9,13,125,31,43,10,38,39,35,150,52,76,52,49,28]
completion_time_por_agente [53,33,7,9,69,22,39,7,71,14,51,17,28,5,96,33,12,15,79,21,226,209,5,37,6,10,14,126,32,44,11,39,40,36,151,53,77,53,50,29]
tiempo_ultimo_agente_goal 226
tiempo_en_acabar 226
tiempo_promedio 48.224998
agentes_en_goal 40
push_out_count 0
RUN 31
valores_ideales [0,0,0,0,0,0,0,0,0,0,0,0,0,0,0,0,0,0,0,0,0,0,0,0,0,0,0,0,0,0,0,0,0,0,0,0,0,0,0,0]
costo_por_agente [45,36,6,8,86,21,68,6,114,15,178,16,23,4,41,48,79,14,158,254,155,145,4,28,5,9,13,91,29,35,14,40,41,27,64,96,60,78,77,28]
completion_time_por_agente [46,37,7,9,87,22,69,7,115,16,179,17,24,5,42,49,81,15,160,255,156,146,5,29,6,10,14,92,30,36,15,41,42,28,65,98,61,79,78,29]
tiempo_ultimo_agente_goal 255
tiempo_en_acabar 255
tiempo_promedio 57.549999
agentes_en_goal 40
push_out_count 0
RUN 32
valores_ideales [0,0,0,0,0,0,0,0,0,0,0,0,0,0,0,0,0,0,0,0,0,0,0,0,0,0,0,0,0,0,0,0,0,0,0,0,0,0,0,0]
costo_por_agente [43,42,6,8,78,21,60,6,82,13,212,16,19,4,61,44,33,14,140,114,155,159,4,38,5,9,13,37,31,57,10,36,41,27,124,56,62,38,111,28]
completion_time_por_agente [44,43,7,9,80,22,61,7,83,14,214,17,20,5,62,45,34,15,141,115,156,160,5,39,6,10,14,38,32,58,11,37,42,28,125,57,63,39,112,29]
tiempo_ultimo_agente_goal 214
tiempo_en_acabar 214
tiempo_promedio 52.474998
agentes_en_goal 40
push_out_count 0
RUN 33
valores_ideales [0,0,0,0,0,0,0,0,0,0,0,0,0,0,0,0,0,0,0,0,0,0,0,0,0,0,0,0,0,0,0,0,0,0,0,0,0,0,0,0]
costo_por_agente [43,46,6,8,34,21,54,6,120,11,296,16,33,4,37,30,55,14,122,20,115,235,4,34,5,9,13,173,31,47,10,36,137,31,108,70,66,60,85,28]
completion_time_por_agente [44,47,7,9,35,22,55,7,121,12,298,17,34,5,38,31,56,15,123,21,116,236,5,35,6,10,14,175,32,48,11,37,138,32,109,71,68,61,86,29]
tiempo_ultimo_agente_goal 298
tiempo_en_acabar 298
tiempo_promedio 57.900002
agentes_en_goal 40
push_out_count 0
RUN 34
valores_ideales [0,0,0,0,0,0,0,0,0,0,0,0,0,0,0,0,0,0,0,0,0,0,0,0,0,0,0,0,0,0,0,0,0,0,0,0,0,0,0,0]
costo_por_agente [43,30,6,6,38,21,38,8,98,19,52,16,27,4,37,32,23,14,156,20,291,139,4,32,5,9,13,165,29,49,18,34,39,27,74,74,54,62,99,28]
completion_time_por_agente [44,31,7,7,40,22,39,9,99,20,53,17,28,5,38,33,24,15,157,21,293,140,5,33,6,10,14,166,30,50,19,35,40,28,75,75,55,63,100,29]
tiempo_ultimo_agente_goal 293
tiempo_en_acabar 293
tiempo_promedio 49.375000
agentes_en_goal 40
push_out_count 0
RUN 35
valores_ideales [0,0,0,0,0,0,0,0,0,0,0,0,0,0,0,0,0,0,0,0,0,0,0,0,0,0,0,0,0,0,0,0,0,0,0,0,0,0,0,0]
costo_por_agente [47,34,6,6,74,27,40,6,78,17,52,16,17,4,103,30,71,14,74,136,223,81,4,34,5,9,13,105,185,43,12,32,191,27,44,66,66,92,47,28]
completion_time_por_agente [48,35,7,7,75,28,41,7,79,18,53,17,18,5,104,31,72,15,76,137,224,82,5,35,6,10,14,107,186,44,13,33,192,28,45,68,67,94,48,29]
tiempo_ultimo_agente_goal 224
tiempo_en_acabar 224
tiempo_promedio 55.075001
agentes_en_goal 40
push_out_count 0
RUN 36
valores_ideales [0,0,0,0,0,0,0,0,0,0,0,0,0,0,0,0,0,0,0,0,0,0,0,0,0,0,0,0,0,0,0,0,0,0,0,0,0,0,0,0]
costo_por_agente [45,38,6,6,34,21,64,6,66,11,246,16,27,4,125,44,37,14,124,20,157,197,4,44,5,9,13,59,29,61,16,30,55,29,90,92,48,66,79,28]
completion_time_por_agente [46,39,7,7,36,22,65,7,67,12,247,17,29,5,126,45,39,15,125,21,158,198,5,45,6,10,14,60,30,62,17,31,56,30,91,93,49,68,80,29]
tiempo_ultimo_agente_goal 247
tiempo_en_acabar 247
tiempo_promedio 52.724998
agentes_en_goal 40
push_out_count 0
RUN 37
valores_ideales [0,0,0,0,0,0,0,0,0,0,0,0,0,0,0,0,0,0,0,0,0,0,0,0,0,0,0,0,0,0,0,0,0,0,0,0,0,0,0,0]
costo_por_agente [47,42,6,6,58,21,38,6,74,15,230,16,19,4,125,30,33,14,82,20,275,161,4,36,5,9,13,97,29,49,16,34,47,43,72,84,70,120,107,28]
completion_time_por_agente [48,43,7,7,59,22,39,7,75,16,231,17,20,5,126,31,35,15,83,21,276,162,5,37,6,10,14,99,30,50,17,35,48,44,73,86,71,122,108,29]
tiempo_ultimo_agente_goal 276
tiempo_en_acabar 276
tiempo_promedio 55.724998
agentes_en_goal 40
push_out_count 0
RUN 38
valores_ideales [0,0,0,0,0,0,0,0,0,0,0,0,0,0,0,0,0,0,0,0,0,0,0,0,0,0,0,0,0,0,0,0,0,0,0,0,0,0,0,0]
costo_por_agente [45,34,6,8,56,21,66,6,66,21,178,16,23,4,73,30,33,14,110,20,177,147,4,32,5,9,13,55,29,51,20,34,45,29,96,82,70,32,85,28]
completion_time_por_agente [46,35,7,9,57,22,67,7,67,22,180,17,24,5,74,31,35,15,111,21,178,148,5,33,6,10,14,57,30,52,21,35,46,30,97,83,72,33,86,29]
tiempo_ultimo_agente_goal 180
tiempo_en_acabar 180
tiempo_promedio 47.924999
agentes_en_goal 40
push_out_count 0
RUN 39
valores_ideales [0,0,0,0,0,0,0,0,0,0,0,0,0,0,0,0,0,0,0,0,0,0,0,0,0,0,0,0,0,0,0,0,0,0,0,0,0,0,0,0]
costo_por_agente [45,32,6,6,34,35,100,6,92,17,50,14,17,4,73,58,35,14,132,152,75,97,4,34,5,9,13,61,31,55,12,34,45,29,126,44,38,126,59,28]
completion_time_por_agente [46,33,7,7,35,36,101,7,93,18,51,15,18,5,74,59,36,15,133,153,76,98,5,35,6,10,14,63,32,56,13,35,46,30,127,45,39,127,60,29]
tiempo_ultimo_agente_goal 153
tiempo_en_acabar 153
tiempo_promedio 47.200001
agentes_en_goal 40
push_out_count 0
