RUN 0
valores_ideales [0,0,0,0,0,0,0,0,0,0,0,0,0,0,0,0,0,0,0,0,0,0,0,0,0,0,0,0,0,0,0,0,0,0,0,0,0,0,0,0,0,0,0,0,0,0,0,0,0,0,0,0,0,0,0,0,0,0,0,0,0,0,0,0,0,0,0,0,0,0,0,0,0,0,0,0,0,0,0,0,0,0,0,0,0,0,0,0,0,0,0,0,0,0,0,0,0,0,0,0,0,0,0,0,0,0,0,0,0,0]
costo_por_agente [76,65,126,219,355,20,11,16,18,19,50,7,12,79,28,39,300,8,21,31,244,145,29,11,10,13,9,55,56,39,16,12,17,24,34,52,72,50,116,16,37,5,65,556,21,41,60,3,42,35,214,254,36,190,32,18,248,64,75,210,19,67,3,31,58,14,29,22,40,8,8,408,40,41,379,27,35,54,33,13,14,10,277,30,31,71,12,382,427,17,27,145,28,292,15,251,10,235,52,30,18,325,25,4,17,30,54,10,294,568]
completion_time_por_agente [77,67,128,222,356,21,12,17,19,20,55,8,13,85,29,42,302,9,22,32,245,146,33,12,11,14,10,57,57,44,17,13,18,25,35,57,74,51,120,17,38,6,72,558,22,44,64,4,45,42,220,256,37,198,35,19,249,67,77,212,20,72,4,32,65,15,30,23,43,9,9,409,42,51,381,28,36,60,37,14,15,11,278,31,33,74,13,384,429,18,28,146,29,297,16,252,11,238,55,32,19,326,26,5,19,31,68,11,296,570]
tiempo_ultimo_agente_goal 570
tiempo_en_acabar 570
tiempo_promedio 90.890907
agentes_en_goal 110
push_out_count 0
RUN 1
valores_ideales [0,0,0,0,0,0,0,0,0,0,0,0,0,0,0,0,0,0,0,0,0,0,0,0,0,0,0,0,0,0,0,0,0,0,0,0,0,0,0,0,0,0,0,0,0,0,0,0,0,0,0,0,0,0,0,0,0,0,0,0,0,0,0,0,0,0,0,0,0,0,0,0,0,0,0,0,0,0,0,0,0,0,0,0,0,0,0,0,0,0,0,0,0,0,0,0,0,0,0,0,0,0,0,0,0,0,0,0,0,0]
costo_por_agente [58,35,106,309,299,20,13,22,20,19,24,7,12,341,28,29,410,8,25,31,228,441,23,11,14,13,9,53,36,37,18,10,23,22,42,46,112,36,32,14,37,5,51,362,33,25,52,7,66,377,202,204,290,392,24,20,414,34,55,166,21,89,3,31,52,14,25,16,464,8,16,478,44,35,29,27,35,66,37,13,14,10,123,30,19,57,20,198,163,17,27,75,26,36,15,69,10,543,108,32,22,103,27,4,15,30,266,12,306,508]
completion_time_por_agente [61,39,108,315,300,22,14,23,22,20,27,8,13,342,29,33,411,9,26,32,229,445,26,12,15,14,10,56,37,42,20,11,24,23,43,47,113,37,38,15,38,6,60,363,34,26,62,8,68,380,211,205,291,399,25,21,415,38,57,167,22,91,4,32,58,15,26,17,471,9,17,479,46,40,33,28,36,71,40,14,15,11,124,31,21,61,21,200,165,18,28,76,27,38,16,70,11,552,110,33,23,105,28,5,16,31,267,13,308,511]
tiempo_ultimo_agente_goal 552
tiempo_en_acabar 552
tiempo_promedio 95.172729
agentes_en_goal 110
push_out_count 0
RUN 2
valores_ideales [0,0,0,0,0,0,0,0,0,0,0,0,0,0,0,0,0,0,0,0,0,0,0,0,0,0,0,0,0,0,0,0,0,0,0,0,0,0,0,0,0,0,0,0,0,0,0,0,0,0,0,0,0,0,0,0,0,0,0,0,0,0,0,0,0,0,0,0,0,0,0,0,0,0,0,0,0,0,0,0,0,0,0,0,0,0,0,0,0,0,0,0,0,0,0,0,0,0,0,0,0,0,0,0,0,0,0,0,0,0]
costo_por_agente [64,61,104,29,259,20,25,18,18,19,64,7,12,403,28,35,654,8,21,29,34,91,47,13,10,13,9,45,46,37,18,10,21,24,40,58,76,34,32,14,37,7,53,522,21,27,62,5,72,39,286,382,36,314,166,20,400,64,65,232,21,53,3,31,34,14,25,16,38,8,8,456,32,21,319,27,35,46,31,13,14,12,369,30,27,73,12,174,171,17,27,87,26,36,15,137,10,489,228,30,20,155,23,4,17,30,382,8,358,516]
completion_time_por_agente [68,65,108,30,260,22,26,20,19,21,65,8,13,404,29,37,655,9,22,30,36,99,53,14,11,14,10,46,50,39,19,11,22,25,41,59,78,35,38,15,38,8,56,524,22,28,65,6,73,41,289,383,37,318,167,21,401,66,68,235,22,56,4,32,35,15,26,17,41,9,9,457,33,22,321,28,36,48,32,14,15,13,370,31,28,74,13,176,172,18,28,89,27,38,16,139,11,498,231,31,21,158,24,5,18,31,387,9,360,517]
tiempo_ultimo_agente_goal 655
tiempo_en_acabar 655
tiempo_promedio 93.427269
agentes_en_goal 110
push_out_count 0
RUN 3
valores_ideales [0,0,0,0,0,0,0,0,0,0,0,0,0,0,0,0,0,0,0,0,0,0,0,0,0,0,0,0,0,0,0,0,0,0,0,0,0,0,0,0,0,0,0,0,0,0,0,0,0,0,0,0,0,0,0,0,0,0,0,0,0,0,0,0,0,0,0,0,0,0,0,0,0,0,0,0,0,0,0,0,0,0,0,0,0,0,0,0,0,0,0,0,0,0,0,0,0,0,0,0,0,0,0,0,0,0,0,0,0,0]
costo_por_agente [58,23,52,912,977,24,13,16,20,21,20,7,12,682,28,727,950,8,21,33,892,960,787,11,18,13,9,874,819,23,24,10,21,22,28,949,905,36,915,18,37,5,937,893,19,57,935,7,869,45,20,946,40,951,38,32,962,905,860,940,21,946,3,31,20,14,25,16,36,10,12,939,32,21,944,27,35,901,31,13,14,10,986,36,31,73,14,924,956,17,27,952,28,977,15,940,10,948,41,38,20,953,25,4,15,30,976,8,963,931]
completion_time_por_agente [1000,25,1000,1000,999,26,15,18,21,22,999,8,13,999,29,999,999,9,22,34,999,999,999,12,19,14,10,999,999,999,25,11,22,23,29,999,999,37,999,19,38,6,999,999,20,58,999,8,999,54,999,999,43,999,45,33,999,999,999,999,22,999,4,32,999,15,26,17,39,11,13,999,33,22,999,28,36,999,32,14,15,11,999,37,32,999,15,999,999,18,28,999,29,999,16,999,11,999,999,40,21,999,26,5,16,31,999,9,999,999]
tiempo_ultimo_agente_goal 58
tiempo_en_acabar 1000
tiempo_promedio 431.172729
agentes_en_goal 64
push_out_count 0
RUN 4
valores_ideales [0,0,0,0,0,0,0,0,0,0,0,0,0,0,0,0,0,0,0,0,0,0,0,0,0,0,0,0,0,0,0,0,0,0,0,0,0,0,0,0,0,0,0,0,0,0,0,0,0,0,0,0,0,0,0,0,0,0,0,0,0,0,0,0,0,0,0,0,0,0,0,0,0,0,0,0,0,0,0,0,0,0,0,0,0,0,0,0,0,0,0,0,0,0,0,0,0,0,0,0,0,0,0,0,0,0,0,0,0,0]
costo_por_agente [36,37,124,31,187,20,17,32,18,19,50,7,12,227,28,43,550,8,23,35,36,251,33,13,10,13,9,81,44,31,18,10,21,30,32,64,104,46,24,16,37,5,39,600,27,25,50,7,66,39,202,226,36,50,160,20,328,50,61,88,19,69,3,31,30,14,27,16,396,10,10,276,36,31,35,27,37,32,47,13,14,10,435,30,19,53,12,234,173,17,27,147,26,176,15,233,10,37,158,28,18,291,27,4,15,30,54,8,430,532]
completion_time_por_agente [39,41,125,33,189,21,18,34,19,20,51,8,13,228,29,45,555,9,24,36,43,253,37,14,11,14,10,88,45,32,20,11,22,31,33,67,105,47,32,17,38,6,41,603,28,35,56,8,67,40,205,227,37,55,162,21,329,54,62,89,20,74,4,32,35,15,28,17,406,11,11,277,37,33,37,29,38,34,48,14,15,11,437,31,20,54,13,235,174,18,28,148,27,179,16,234,11,39,160,30,19,293,28,5,16,31,56,9,431,535]
tiempo_ultimo_agente_goal 603
tiempo_en_acabar 603
tiempo_promedio 83.045456
agentes_en_goal 110
push_out_count 0
RUN 5
valores_ideales [0,0,0,0,0,0,0,0,0,0,0,0,0,0,0,0,0,0,0,0,0,0,0,0,0,0,0,0,0,0,0,0,0,0,0,0,0,0,0,0,0,0,0,0,0,0,0,0,0,0,0,0,0,0,0,0,0,0,0,0,0,0,0,0,0,0,0,0,0,0,0,0,0,0,0,0,0,0,0,0,0,0,0,0,0,0,0,0,0,0,0,0,0,0,0,0,0,0,0,0,0,0,0,0,0,0,0,0,0,0]
costo_por_agente [410,23,849,33,896,28,13,14,16,19,791,7,12,870,32,871,974,8,21,29,940,897,23,11,10,13,9,906,26,890,16,10,23,24,38,26,905,38,910,16,37,5,300,979,19,27,736,7,25,958,810,498,637,527,889,22,591,29,909,739,19,835,3,31,22,14,27,16,38,14,16,961,30,27,657,27,35,32,41,13,14,10,958,30,27,466,20,627,750,17,27,546,26,25,19,939,10,807,788,36,22,854,27,4,15,28,23,16,615,968]
completion_time_por_agente [1000,27,999,39,999,29,14,16,17,20,999,8,13,999,33,999,999,9,22,30,999,999,24,12,11,14,10,999,999,999,17,11,24,25,39,999,999,39,999,17,38,6,999,999,20,28,999,8,999,999,999,999,999,999,999,23,999,999,999,999,20,999,4,32,24,15,28,17,40,15,17,999,31,31,999,28,36,36,43,14,15,11,999,31,28,999,21,999,999,18,28,999,27,999,20,999,11,999,999,37,23,999,29,5,16,29,999,17,999,999]
tiempo_ultimo_agente_goal 43
tiempo_en_acabar 1000
tiempo_promedio 421.781830
agentes_en_goal 65
push_out_count 0
RUN 6
valores_ideales [0,0,0,0,0,0,0,0,0,0,0,0,0,0,0,0,0,0,0,0,0,0,0,0,0,0,0,0,0,0,0,0,0,0,0,0,0,0,0,0,0,0,0,0,0,0,0,0,0,0,0,0,0,0,0,0,0,0,0,0,0,0,0,0,0,0,0,0,0,0,0,0,0,0,0,0,0,0,0,0,0,0,0,0,0,0,0,0,0,0,0,0,0,0,0,0,0,0,0,0,0,0,0,0,0,0,0,0,0,0]
costo_por_agente [54,35,118,31,237,26,13,14,16,21,60,7,12,195,28,41,432,8,21,31,36,369,33,11,12,13,9,37,56,51,28,12,21,28,28,72,42,38,34,16,39,5,61,532,17,27,74,3,74,37,204,246,40,76,210,30,194,32,69,92,21,89,3,31,66,14,25,16,44,10,8,260,30,21,35,29,35,80,21,13,14,10,305,30,21,51,12,136,309,17,25,213,26,264,15,113,10,491,106,28,18,193,27,4,15,30,364,8,424,440]
completion_time_por_agente [59,43,119,32,239,27,14,17,17,22,68,8,13,197,29,47,434,9,22,32,45,371,41,12,13,14,10,41,65,60,29,13,22,29,29,75,44,39,42,17,40,6,69,533,18,29,79,4,76,42,206,247,41,80,212,31,195,34,70,93,22,92,4,32,70,15,26,17,55,11,9,261,31,22,43,30,36,81,22,14,15,11,306,31,22,55,13,138,310,18,26,214,27,270,16,114,11,493,107,30,19,195,28,5,16,31,366,9,426,441]
tiempo_ultimo_agente_goal 533
tiempo_en_acabar 533
tiempo_promedio 83.818184
agentes_en_goal 110
push_out_count 0
RUN 7
valores_ideales [0,0,0,0,0,0,0,0,0,0,0,0,0,0,0,0,0,0,0,0,0,0,0,0,0,0,0,0,0,0,0,0,0,0,0,0,0,0,0,0,0,0,0,0,0,0,0,0,0,0,0,0,0,0,0,0,0,0,0,0,0,0,0,0,0,0,0,0,0,0,0,0,0,0,0,0,0,0,0,0,0,0,0,0,0,0,0,0,0,0,0,0,0,0,0,0,0,0,0,0,0,0,0,0,0,0,0,0,0,0]
costo_por_agente [84,35,78,29,471,28,13,16,20,19,42,7,12,281,28,37,558,8,25,31,272,77,51,11,10,13,9,61,44,45,18,10,17,22,30,48,76,36,34,18,39,5,67,394,17,21,58,5,70,41,236,402,40,266,94,24,262,62,57,120,23,83,3,31,66,14,27,18,42,16,10,334,38,23,33,29,39,26,29,13,14,12,357,30,21,75,12,158,145,17,27,305,26,154,37,87,10,509,92,30,24,419,23,4,15,30,376,8,306,774]
completion_time_por_agente [89,44,79,30,473,29,14,18,21,20,52,8,13,282,29,39,560,9,26,32,274,78,54,12,11,14,10,62,47,51,19,11,18,23,31,52,77,37,40,19,41,6,71,395,18,23,61,6,71,47,237,403,41,273,95,25,263,66,62,121,24,86,4,32,68,15,28,19,58,17,12,335,39,24,38,30,40,33,31,14,15,13,358,31,22,76,13,160,146,18,28,306,27,155,38,88,11,512,93,31,25,420,24,5,16,31,377,9,307,775]
tiempo_ultimo_agente_goal 775
tiempo_en_acabar 775
tiempo_promedio 92.809090
agentes_en_goal 110
push_out_count 0
RUN 8
valores_ideales [0,0,0,0,0,0,0,0,0,0,0,0,0,0,0,0,0,0,0,0,0,0,0,0,0,0,0,0,0,0,0,0,0,0,0,0,0,0,0,0,0,0,0,0,0,0,0,0,0,0,0,0,0,0,0,0,0,0,0,0,0,0,0,0,0,0,0,0,0,0,0,0,0,0,0,0,0,0,0,0,0,0,0,0,0,0,0,0,0,0,0,0,0,0,0,0,0,0,0,0,0,0,0,0,0,0,0,0,0,0]
costo_por_agente [56,45,126,29,75,30,17,16,16,19,34,7,12,49,28,41,614,8,21,27,86,89,31,11,10,13,9,35,40,53,26,10,17,32,30,352,92,36,40,16,37,7,53,640,25,23,46,3,58,337,52,192,42,318,212,24,290,76,59,110,19,69,3,31,30,14,27,18,398,10,14,298,38,27,247,27,35,82,37,13,18,14,447,30,27,61,14,170,55,17,27,125,28,38,15,217,10,39,140,32,18,109,23,4,21,30,398,8,320,62]
completion_time_por_agente [60,46,128,31,76,31,18,18,17,20,37,8,13,56,29,42,615,9,22,28,87,91,35,12,11,14,10,40,42,55,27,11,18,34,31,353,95,37,42,17,38,8,55,641,26,25,47,4,61,338,58,193,44,324,213,25,291,81,62,111,20,70,4,32,35,15,28,19,401,11,15,299,39,28,248,28,38,84,38,14,19,15,448,31,28,66,16,172,57,18,28,126,29,43,16,218,11,45,141,34,19,111,24,5,25,31,400,9,321,64]
tiempo_ultimo_agente_goal 641
tiempo_en_acabar 641
tiempo_promedio 82.245453
agentes_en_goal 110
push_out_count 0
RUN 9
valores_ideales [0,0,0,0,0,0,0,0,0,0,0,0,0,0,0,0,0,0,0,0,0,0,0,0,0,0,0,0,0,0,0,0,0,0,0,0,0,0,0,0,0,0,0,0,0,0,0,0,0,0,0,0,0,0,0,0,0,0,0,0,0,0,0,0,0,0,0,0,0,0,0,0,0,0,0,0,0,0,0,0,0,0,0,0,0,0,0,0,0,0,0,0,0,0,0,0,0,0,0,0,0,0,0,0,0,0,0,0,0,0]
costo_por_agente [52,59,84,29,193,26,17,18,18,19,50,7,12,197,28,31,534,8,21,37,32,117,27,11,12,13,9,45,38,27,18,10,17,24,28,46,28,40,134,16,39,5,47,470,17,31,64,3,66,39,286,182,320,344,280,22,394,56,49,180,19,65,3,31,64,14,25,18,510,10,8,258,34,33,35,27,35,52,21,13,14,12,497,30,19,53,22,148,231,17,33,117,26,50,15,151,10,369,162,38,18,323,23,4,21,30,430,8,420,80]
completion_time_por_agente [54,60,86,31,194,27,18,20,19,20,53,8,13,198,29,32,536,9,22,38,37,119,30,12,13,14,10,47,39,30,19,11,18,25,29,47,33,41,138,17,40,6,48,471,18,35,66,4,68,41,288,183,321,349,281,23,395,59,51,182,20,68,4,32,68,15,26,19,516,11,9,259,35,34,39,28,36,55,22,14,15,13,498,31,20,54,23,150,234,18,34,118,27,56,16,152,11,375,166,39,19,324,24,5,22,31,436,9,421,82]
tiempo_ultimo_agente_goal 536
tiempo_en_acabar 536
tiempo_promedio 89.618179
agentes_en_goal 110
push_out_count 0
RUN 10
valores_ideales [0,0,0,0,0,0,0,0,0,0,0,0,0,0,0,0,0,0,0,0,0,0,0,0,0,0,0,0,0,0,0,0,0,0,0,0,0,0,0,0,0,0,0,0,0,0,0,0,0,0,0,0,0,0,0,0,0,0,0,0,0,0,0,0,0,0,0,0,0,0,0,0,0,0,0,0,0,0,0,0,0,0,0,0,0,0,0,0,0,0,0,0,0,0,0,0,0,0,0,0,0,0,0,0,0,0,0,0,0,0]
costo_por_agente [64,45,76,209,133,20,17,20,16,19,54,7,12,357,28,31,734,8,23,35,324,255,61,11,10,13,9,35,38,51,18,10,23,22,32,334,72,40,114,24,37,5,55,384,23,19,44,5,40,445,180,338,42,272,80,22,274,40,53,182,21,73,3,31,28,18,25,16,42,10,16,490,32,27,289,27,37,58,23,13,14,12,445,30,19,55,16,198,147,17,27,77,26,42,17,165,10,465,114,34,20,309,23,4,17,30,166,8,262,630]
completion_time_por_agente [67,48,79,216,134,21,18,22,17,20,56,8,13,358,29,43,737,9,24,36,331,257,68,12,11,14,10,42,41,53,19,11,24,23,33,340,74,41,117,25,38,6,56,385,24,21,50,6,45,448,181,339,45,275,83,23,275,43,55,185,22,75,4,32,31,19,26,17,48,11,17,491,33,28,290,29,38,60,24,14,15,13,446,31,20,60,17,199,149,18,28,78,27,53,19,167,11,472,116,35,21,310,25,5,18,31,169,9,263,632]
tiempo_ultimo_agente_goal 737
tiempo_en_acabar 737
tiempo_promedio 98.636360
agentes_en_goal 110
push_out_count 0
RUN 11
valores_ideales [0,0,0,0,0,0,0,0,0,0,0,0,0,0,0,0,0,0,0,0,0,0,0,0,0,0,0,0,0,0,0,0,0,0,0,0,0,0,0,0,0,0,0,0,0,0,0,0,0,0,0,0,0,0,0,0,0,0,0,0,0,0,0,0,0,0,0,0,0,0,0,0,0,0,0,0,0,0,0,0,0,0,0,0,0,0,0,0,0,0,0,0,0,0,0,0,0,0,0,0,0,0,0,0,0,0,0,0,0,0]
costo_por_agente [40,51,110,33,455,20,11,26,16,19,38,7,12,353,30,39,590,8,21,29,276,251,27,13,12,13,9,47,56,65,32,10,17,22,28,50,104,34,242,14,37,5,43,558,17,35,52,3,42,467,298,342,36,62,122,22,356,48,49,210,21,87,3,31,70,14,27,16,42,12,8,380,32,25,31,29,35,78,29,13,14,10,491,30,37,71,16,310,347,17,27,73,26,298,15,121,10,35,120,30,22,363,23,4,25,32,218,8,412,58]
completion_time_por_agente [44,52,114,37,456,21,13,27,17,20,42,8,13,354,31,45,591,9,22,30,279,253,31,14,13,14,10,50,57,66,33,11,18,23,29,54,106,35,245,15,38,6,47,559,19,38,55,4,46,470,301,343,37,67,123,23,357,50,52,212,22,88,4,32,71,15,28,17,47,13,9,381,33,30,35,30,36,81,31,14,15,11,492,31,38,74,17,312,349,18,28,74,27,299,16,122,11,38,121,31,23,365,25,5,30,33,220,9,414,59]
tiempo_ultimo_agente_goal 591
tiempo_en_acabar 591
tiempo_promedio 95.209091
agentes_en_goal 110
push_out_count 0
RUN 12
valores_ideales [0,0,0,0,0,0,0,0,0,0,0,0,0,0,0,0,0,0,0,0,0,0,0,0,0,0,0,0,0,0,0,0,0,0,0,0,0,0,0,0,0,0,0,0,0,0,0,0,0,0,0,0,0,0,0,0,0,0,0,0,0,0,0,0,0,0,0,0,0,0,0,0,0,0,0,0,0,0,0,0,0,0,0,0,0,0,0,0,0,0,0,0,0,0,0,0,0,0,0,0,0,0,0,0,0,0,0,0,0,0]
costo_por_agente [36,55,114,29,185,20,17,14,16,19,34,7,12,335,28,33,466,8,21,29,36,485,27,11,12,13,9,51,42,45,28,10,17,34,30,242,94,38,28,20,37,5,41,586,17,21,38,7,70,47,108,250,400,54,94,26,358,46,61,160,19,95,3,31,46,14,25,18,516,14,8,424,30,21,33,27,35,56,21,13,16,12,321,30,33,75,12,108,365,17,27,101,28,340,35,135,10,37,80,52,20,167,27,4,15,30,152,8,380,590]
completion_time_por_agente [37,57,116,30,187,22,18,16,17,21,42,8,13,336,29,36,468,9,22,30,43,487,32,12,13,14,10,53,45,51,29,11,18,35,31,245,95,39,32,21,38,6,45,588,18,22,44,8,71,55,111,251,401,55,95,27,359,47,62,162,20,98,4,32,51,15,26,19,521,15,9,426,31,22,38,28,36,58,22,14,17,13,322,31,34,76,13,109,366,18,28,102,29,342,36,137,11,45,82,53,21,169,29,5,16,31,154,9,381,593]
tiempo_ultimo_agente_goal 593
tiempo_en_acabar 593
tiempo_promedio 91.381821
agentes_en_goal 110
push_out_count 0
RUN 13
valores_ideales [0,0,0,0,0,0,0,0,0,0,0,0,0,0,0,0,0,0,0,0,0,0,0,0,0,0,0,0,0,0,0,0,0,0,0,0,0,0,0,0,0,0,0,0,0,0,0,0,0,0,0,0,0,0,0,0,0,0,0,0,0,0,0,0,0,0,0,0,0,0,0,0,0,0,0,0,0,0,0,0,0,0,0,0,0,0,0,0,0,0,0,0,0,0,0,0,0,0,0,0,0,0,0,0,0,0,0,0,0,0]
costo_por_agente [58,53,104,39,145,22,13,14,20,19,24,7,12,43,28,25,450,8,21,37,32,229,47,13,12,13,9,73,58,27,20,10,17,22,30,300,44,40,26,20,37,5,61,662,23,21,40,3,74,319,140,136,36,52,38,22,306,48,41,214,19,97,3,31,44,14,27,20,412,8,8,358,34,23,355,27,35,44,27,13,14,10,405,30,25,57,20,158,135,17,31,123,28,52,19,283,10,45,148,38,22,139,25,4,15,30,378,8,456,658]
completion_time_por_agente [61,57,105,45,146,23,15,15,21,20,26,8,13,46,29,28,451,9,22,38,39,232,52,14,13,14,10,74,59,32,22,11,18,23,31,302,48,41,33,21,38,6,63,665,24,25,43,4,75,321,144,137,40,62,41,23,307,50,42,216,20,101,4,32,49,15,28,21,424,9,9,359,35,25,357,28,36,52,28,14,15,11,406,31,26,61,21,159,136,18,32,124,29,57,20,284,11,54,149,39,23,141,26,5,16,31,385,9,458,659]
tiempo_ultimo_agente_goal 665
tiempo_en_acabar 665
tiempo_promedio 87.954544
agentes_en_goal 110
push_out_count 0
RUN 14
valores_ideales [0,0,0,0,0,0,0,0,0,0,0,0,0,0,0,0,0,0,0,0,0,0,0,0,0,0,0,0,0,0,0,0,0,0,0,0,0,0,0,0,0,0,0,0,0,0,0,0,0,0,0,0,0,0,0,0,0,0,0,0,0,0,0,0,0,0,0,0,0,0,0,0,0,0,0,0,0,0,0,0,0,0,0,0,0,0,0,0,0,0,0,0,0,0,0,0,0,0,0,0,0,0,0,0,0,0,0,0,0,0]
costo_por_agente [40,39,90,29,399,26,13,14,18,19,32,7,12,67,28,39,530,8,21,33,32,213,21,11,12,13,9,35,40,25,16,10,17,22,26,50,68,36,26,20,37,7,49,498,19,39,48,3,42,41,334,210,296,464,126,30,258,36,51,126,21,61,3,31,56,14,25,16,290,10,8,366,30,29,285,27,35,34,23,13,14,12,389,30,27,57,16,220,311,17,31,177,26,450,15,209,10,441,140,30,20,227,25,4,15,30,166,8,344,58]
completion_time_por_agente [50,44,91,31,401,27,15,16,19,20,36,8,13,69,29,45,531,9,22,34,37,215,23,12,13,14,10,39,44,26,17,11,18,23,27,52,69,37,34,21,38,8,51,499,20,45,51,4,45,46,335,211,297,475,127,31,259,39,56,127,22,62,4,32,59,15,26,17,294,11,9,367,31,30,286,28,37,37,24,14,15,13,390,31,28,62,17,224,312,18,32,178,27,454,16,210,11,444,142,31,21,229,26,5,17,31,169,9,345,60]
tiempo_ultimo_agente_goal 531
tiempo_en_acabar 531
tiempo_promedio 90.800003
agentes_en_goal 110
push_out_count 0
RUN 15
valores_ideales [0,0,0,0,0,0,0,0,0,0,0,0,0,0,0,0,0,0,0,0,0,0,0,0,0,0,0,0,0,0,0,0,0,0,0,0,0,0,0,0,0,0,0,0,0,0,0,0,0,0,0,0,0,0,0,0,0,0,0,0,0,0,0,0,0,0,0,0,0,0,0,0,0,0,0,0,0,0,0,0,0,0,0,0,0,0,0,0,0,0,0,0,0,0,0,0,0,0,0,0,0,0,0,0,0,0,0,0,0,0]
costo_por_agente [34,45,146,29,507,20,15,16,16,21,60,7,12,373,28,35,436,8,21,31,34,419,59,13,12,13,9,31,40,35,26,10,17,26,30,290,46,34,40,24,43,5,43,552,17,43,48,3,42,41,46,300,38,358,70,22,464,32,65,110,19,59,3,31,76,14,25,16,136,10,8,386,38,27,39,27,35,80,31,13,14,12,435,30,27,59,12,162,165,17,27,301,26,38,21,151,10,593,72,36,24,527,31,4,19,30,388,8,500,584]
completion_time_por_agente [35,48,148,31,510,21,16,19,17,22,61,8,13,374,29,38,437,9,22,32,36,420,61,14,13,14,10,32,43,40,27,11,18,27,31,291,48,35,45,25,44,6,47,553,18,49,51,4,45,43,48,302,41,363,71,23,465,35,67,112,20,64,4,32,78,15,26,17,142,11,9,387,39,28,42,28,36,82,35,14,15,13,437,31,28,60,13,163,166,18,28,304,27,39,22,153,11,595,73,39,25,528,32,5,21,31,390,9,501,585]
tiempo_ultimo_agente_goal 595
tiempo_en_acabar 595
tiempo_promedio 99.900002
agentes_en_goal 110
push_out_count 0
RUN 16
valores_ideales [0,0,0,0,0,0,0,0,0,0,0,0,0,0,0,0,0,0,0,0,0,0,0,0,0,0,0,0,0,0,0,0,0,0,0,0,0,0,0,0,0,0,0,0,0,0,0,0,0,0,0,0,0,0,0,0,0,0,0,0,0,0,0,0,0,0,0,0,0,0,0,0,0,0,0,0,0,0,0,0,0,0,0,0,0,0,0,0,0,0,0,0,0,0,0,0,0,0,0,0,0,0,0,0,0,0,0,0,0,0]
costo_por_agente [56,21,124,143,465,20,17,46,18,19,46,7,12,403,30,27,602,8,21,35,270,255,29,11,12,15,9,49,42,53,22,10,21,26,28,192,58,34,32,20,37,7,41,492,35,29,72,3,54,261,300,386,382,368,92,24,206,40,81,208,19,95,3,31,54,14,25,20,240,8,12,36,30,51,207,27,37,56,27,13,14,12,347,30,19,65,12,228,37,17,27,79,26,406,15,91,10,41,116,36,20,107,23,4,15,28,214,8,270,60]
completion_time_por_agente [57,26,126,149,466,21,18,50,19,20,49,8,13,404,31,30,604,9,22,36,275,257,30,12,13,16,10,52,43,56,23,11,22,27,29,193,59,35,41,21,38,8,46,494,36,34,74,4,57,262,305,387,384,373,93,25,209,43,83,209,20,97,4,32,56,15,26,21,246,9,13,42,31,57,209,28,38,58,29,14,15,13,348,31,20,68,13,229,44,18,28,80,27,415,16,92,11,47,118,38,21,109,24,5,16,29,216,9,272,61]
tiempo_ultimo_agente_goal 604
tiempo_en_acabar 604
tiempo_promedio 91.136360
agentes_en_goal 110
push_out_count 0
RUN 17
valores_ideales [0,0,0,0,0,0,0,0,0,0,0,0,0,0,0,0,0,0,0,0,0,0,0,0,0,0,0,0,0,0,0,0,0,0,0,0,0,0,0,0,0,0,0,0,0,0,0,0,0,0,0,0,0,0,0,0,0,0,0,0,0,0,0,0,0,0,0,0,0,0,0,0,0,0,0,0,0,0,0,0,0,0,0,0,0,0,0,0,0,0,0,0,0,0,0,0,0,0,0,0,0,0,0,0,0,0,0,0,0,0]
costo_por_agente [74,39,86,37,269,22,17,22,16,19,42,7,12,337,30,31,590,8,21,33,116,347,31,11,14,13,9,35,40,37,16,10,21,22,28,48,40,40,30,18,37,7,59,494,19,17,46,5,74,35,98,134,412,54,84,30,326,46,69,208,19,61,3,31,44,14,25,18,384,10,8,444,32,27,221,29,35,34,39,13,14,10,437,30,21,67,12,166,343,17,27,115,26,428,15,133,10,63,232,34,22,385,27,4,15,28,430,8,618,420]
completion_time_por_agente [76,45,88,42,271,23,18,24,17,21,46,8,13,338,31,33,591,9,22,34,119,349,38,12,15,14,10,36,46,41,17,11,22,23,29,54,46,41,35,19,38,8,65,496,20,19,51,6,75,39,104,135,415,60,85,31,329,53,70,210,20,64,4,32,53,15,26,19,391,11,9,445,33,33,224,30,36,39,44,14,15,11,439,31,22,69,13,169,344,18,28,117,27,433,16,135,11,66,236,36,23,388,28,5,16,29,432,9,620,421]
tiempo_ultimo_agente_goal 620
tiempo_en_acabar 620
tiempo_promedio 98.045456
agentes_en_goal 110
push_out_count 0
RUN 18
valores_ideales [0,0,0,0,0,0,0,0,0,0,0,0,0,0,0,0,0,0,0,0,0,0,0,0,0,0,0,0,0,0,0,0,0,0,0,0,0,0,0,0,0,0,0,0,0,0,0,0,0,0,0,0,0,0,0,0,0,0,0,0,0,0,0,0,0,0,0,0,0,0,0,0,0,0,0,0,0,0,0,0,0,0,0,0,0,0,0,0,0,0,0,0,0,0,0,0,0,0,0,0,0,0,0,0,0,0,0,0,0,0]
costo_por_agente [72,41,62,29,277,20,13,18,18,19,30,7,12,293,28,33,532,8,25,33,194,387,41,11,12,13,9,53,60,27,18,12,19,22,30,54,68,36,24,14,41,7,51,292,33,23,64,3,50,41,224,228,44,192,128,20,262,50,69,212,21,71,3,31,52,14,25,18,70,10,8,360,32,23,29,27,35,28,27,13,14,10,549,30,19,65,12,146,393,17,31,127,26,338,33,95,10,321,142,42,20,383,23,4,15,30,418,8,352,564]
completion_time_por_agente [75,46,63,31,278,22,14,19,19,20,43,8,13,294,29,43,533,9,26,34,195,388,44,12,13,14,10,57,63,33,19,13,20,23,31,58,69,37,29,15,43,8,53,293,34,25,67,4,57,47,228,230,60,195,129,21,263,53,71,213,22,74,4,32,54,15,26,19,75,11,9,361,33,27,30,28,36,32,28,14,15,11,550,31,20,68,13,147,394,18,32,129,27,340,35,96,11,327,143,45,21,385,24,5,16,31,419,9,355,565]
tiempo_ultimo_agente_goal 565
tiempo_en_acabar 565
tiempo_promedio 91.527275
agentes_en_goal 110
push_out_count 0
RUN 19
valores_ideales [0,0,0,0,0,0,0,0,0,0,0,0,0,0,0,0,0,0,0,0,0,0,0,0,0,0,0,0,0,0,0,0,0,0,0,0,0,0,0,0,0,0,0,0,0,0,0,0,0,0,0,0,0,0,0,0,0,0,0,0,0,0,0,0,0,0,0,0,0,0,0,0,0,0,0,0,0,0,0,0,0,0,0,0,0,0,0,0,0,0,0,0,0,0,0,0,0,0,0,0,0,0,0,0,0,0,0,0,0,0]
costo_por_agente [46,61,156,31,255,20,15,16,20,21,38,7,12,257,28,45,390,8,21,29,34,351,39,11,8,13,9,53,38,55,16,12,17,30,30,422,64,38,52,18,37,5,63,492,19,21,52,5,52,43,50,196,36,68,86,28,312,42,63,102,21,115,3,31,22,14,25,16,36,14,10,418,36,29,289,27,35,58,37,13,14,12,645,30,35,55,14,158,303,17,31,101,26,50,15,165,10,41,110,30,20,239,25,4,15,30,222,8,416,424]
completion_time_por_agente [51,63,157,35,256,21,16,18,21,22,45,8,13,258,29,49,391,9,22,30,41,352,44,12,9,14,10,62,45,60,17,13,18,31,31,428,65,39,57,19,38,6,68,493,20,24,54,6,57,51,58,197,37,71,87,29,313,50,64,103,22,117,4,32,24,15,26,17,38,15,11,419,37,30,291,28,36,61,38,14,15,13,647,31,36,58,15,160,304,18,32,102,27,61,16,167,11,43,111,31,21,240,26,5,16,31,224,9,417,425]
tiempo_ultimo_agente_goal 647
tiempo_en_acabar 647
tiempo_promedio 84.490906
agentes_en_goal 110
push_out_count 0
RUN 20
valores_ideales [0,0,0,0,0,0,0,0,0,0,0,0,0,0,0,0,0,0,0,0,0,0,0,0,0,0,0,0,0,0,0,0,0,0,0,0,0,0,0,0,0,0,0,0,0,0,0,0,0,0,0,0,0,0,0,0,0,0,0,0,0,0,0,0,0,0,0,0,0,0,0,0,0,0,0,0,0,0,0,0,0,0,0,0,0,0,0,0,0,0,0,0,0,0,0,0,0,0,0,0,0,0,0,0,0,0,0,0,0,0]
costo_por_agente [58,25,120,29,107,20,21,16,24,21,56,7,12,133,28,49,524,8,23,35,38,309,27,11,12,13,9,53,44,39,22,10,19,22,38,58,112,38,176,16,39,5,63,312,17,33,46,7,54,273,248,154,36,448,268,22,240,56,77,88,21,75,3,31,48,18,33,20,42,10,16,448,36,33,37,27,35,54,23,13,14,10,571,44,33,47,24,188,83,17,27,83,28,340,15,153,10,249,114,30,18,409,23,4,15,30,406,8,406,524]
completion_time_por_agente [61,34,121,30,108,22,23,18,25,23,57,8,13,138,29,52,525,9,24,36,47,310,34,12,14,14,10,60,48,45,23,11,20,23,39,59,113,39,184,17,40,6,64,313,18,35,47,8,56,279,250,155,37,449,269,23,241,57,78,89,22,77,4,32,55,19,34,21,45,11,17,449,37,34,44,28,36,57,24,14,15,11,572,45,34,51,25,189,84,18,28,84,29,345,16,155,11,255,117,31,19,411,24,5,16,31,407,9,407,525]
tiempo_ultimo_agente_goal 572
tiempo_en_acabar 572
tiempo_promedio 91.099998
agentes_en_goal 110
push_out_count 0
RUN 21
valores_ideales [0,0,0,0,0,0,0,0,0,0,0,0,0,0,0,0,0,0,0,0,0,0,0,0,0,0,0,0,0,0,0,0,0,0,0,0,0,0,0,0,0,0,0,0,0,0,0,0,0,0,0,0,0,0,0,0,0,0,0,0,0,0,0,0,0,0,0,0,0,0,0,0,0,0,0,0,0,0,0,0,0,0,0,0,0,0,0,0,0,0,0,0,0,0,0,0,0,0,0,0,0,0,0,0,0,0,0,0,0,0]
costo_por_agente [46,23,94,235,293,20,13,14,24,19,38,7,12,299,28,53,514,8,21,29,228,135,39,11,8,13,9,57,52,37,18,12,17,36,30,400,56,36,26,28,39,5,59,524,17,41,42,3,68,277,44,294,38,50,28,18,178,52,75,146,25,149,3,31,48,18,25,20,594,8,8,398,44,23,31,27,35,54,31,13,14,10,287,30,25,51,16,188,243,17,27,223,26,42,15,165,10,199,50,34,26,253,23,4,15,34,322,8,262,70]
completion_time_por_agente [50,32,96,237,294,22,14,16,25,20,49,8,13,300,29,56,517,9,22,30,229,136,43,12,9,14,10,60,56,44,20,13,18,37,31,403,59,37,28,29,40,6,60,525,18,42,43,4,74,285,50,295,40,56,31,19,179,54,76,148,26,151,4,32,53,19,26,21,598,9,9,399,45,24,32,28,36,62,32,14,15,11,288,31,26,56,17,189,244,18,28,224,28,48,16,166,11,203,51,35,27,255,24,5,16,35,323,9,263,73]
tiempo_ultimo_agente_goal 598
tiempo_en_acabar 598
tiempo_promedio 86.609093
agentes_en_goal 110
push_out_count 0
RUN 22
valores_ideales [0,0,0,0,0,0,0,0,0,0,0,0,0,0,0,0,0,0,0,0,0,0,0,0,0,0,0,0,0,0,0,0,0,0,0,0,0,0,0,0,0,0,0,0,0,0,0,0,0,0,0,0,0,0,0,0,0,0,0,0,0,0,0,0,0,0,0,0,0,0,0,0,0,0,0,0,0,0,0,0,0,0,0,0,0,0,0,0,0,0,0,0,0,0,0,0,0,0,0,0,0,0,0,0,0,0,0,0,0,0]
costo_por_agente [86,67,182,259,155,20,13,18,26,19,48,7,12,97,28,71,482,8,21,35,148,201,39,11,10,13,9,81,36,25,18,12,17,26,30,62,82,40,22,20,37,5,79,482,25,25,72,3,60,299,280,296,528,174,174,22,412,62,69,250,19,149,3,31,70,14,29,20,44,18,10,34,32,25,273,27,39,30,41,13,14,12,323,30,23,81,14,138,171,17,27,125,32,262,15,107,10,383,126,28,22,371,23,4,15,30,208,8,420,608]
completion_time_por_agente [91,73,185,261,156,21,15,21,27,20,63,8,13,98,29,74,483,9,22,36,155,203,66,12,11,14,10,86,58,33,19,13,18,27,31,85,83,41,30,21,38,6,81,484,26,33,74,4,71,300,286,299,531,179,175,23,414,66,70,252,20,154,4,32,79,15,30,21,80,19,11,36,33,26,274,28,40,43,44,14,15,13,324,31,24,86,15,140,175,18,28,127,33,264,16,108,11,411,130,29,23,374,24,5,16,31,210,9,421,623]
tiempo_ultimo_agente_goal 623
tiempo_en_acabar 623
tiempo_promedio 98.818184
agentes_en_goal 110
push_out_count 0
RUN 23
valores_ideales [0,0,0,0,0,0,0,0,0,0,0,0,0,0,0,0,0,0,0,0,0,0,0,0,0,0,0,0,0,0,0,0,0,0,0,0,0,0,0,0,0,0,0,0,0,0,0,0,0,0,0,0,0,0,0,0,0,0,0,0,0,0,0,0,0,0,0,0,0,0,0,0,0,0,0,0,0,0,0,0,0,0,0,0,0,0,0,0,0,0,0,0,0,0,0,0,0,0,0,0,0,0,0,0,0,0,0,0,0,0]
costo_por_agente [42,61,66,31,177,24,15,20,18,21,64,7,12,211,28,51,570,8,21,27,276,159,37,11,12,13,9,63,46,35,30,10,17,26,26,46,40,38,204,16,37,5,61,392,27,17,74,5,54,267,150,130,38,364,152,22,184,32,59,106,19,65,3,31,68,14,25,20,82,14,8,450,34,27,231,27,37,88,23,13,14,10,379,30,19,63,12,242,129,17,27,75,26,44,17,181,10,37,112,38,20,309,25,4,17,32,342,8,340,456]
completion_time_por_agente [47,62,70,34,179,25,16,21,19,22,65,8,13,212,29,56,571,9,22,28,279,160,47,12,13,14,10,65,50,44,31,11,18,27,27,52,44,39,209,18,38,6,64,394,29,18,79,6,57,269,152,131,42,368,153,23,185,36,60,108,20,67,4,32,71,15,26,21,86,15,9,451,35,28,232,28,38,93,24,14,15,11,380,31,20,70,14,243,130,18,28,76,27,57,18,182,11,42,113,40,21,311,27,5,18,33,345,9,341,459]
tiempo_ultimo_agente_goal 571
tiempo_en_acabar 571
tiempo_promedio 84.545456
agentes_en_goal 110
push_out_count 0
RUN 24
valores_ideales [0,0,0,0,0,0,0,0,0,0,0,0,0,0,0,0,0,0,0,0,0,0,0,0,0,0,0,0,0,0,0,0,0,0,0,0,0,0,0,0,0,0,0,0,0,0,0,0,0,0,0,0,0,0,0,0,0,0,0,0,0,0,0,0,0,0,0,0,0,0,0,0,0,0,0,0,0,0,0,0,0,0,0,0,0,0,0,0,0,0,0,0,0,0,0,0,0,0,0,0,0,0,0,0,0,0,0,0,0,0]
costo_por_agente [62,51,88,29,111,24,15,22,16,19,30,7,12,235,28,53,532,8,21,31,34,391,29,13,12,13,9,41,48,25,16,10,19,22,34,252,32,46,26,14,39,5,57,470,23,25,64,5,42,41,260,196,40,244,32,20,224,38,51,160,27,101,3,31,62,14,29,20,154,10,8,316,30,21,213,27,39,56,31,13,14,10,549,30,21,51,14,194,221,17,29,179,30,40,15,117,10,247,206,42,20,211,25,4,15,30,352,8,284,60]
completion_time_por_agente [65,53,89,31,113,25,17,23,17,20,38,8,13,236,29,57,533,9,22,32,39,393,31,14,13,14,10,43,54,30,17,11,20,23,35,253,36,47,29,15,40,6,58,471,24,26,66,6,46,46,261,197,52,246,45,21,225,40,54,161,28,102,4,32,63,15,30,21,159,11,9,317,31,22,218,28,40,60,34,14,15,11,550,31,22,58,15,195,222,18,30,180,31,49,16,118,11,252,209,44,21,213,26,5,16,31,353,9,285,63]
tiempo_ultimo_agente_goal 550
tiempo_en_acabar 550
tiempo_promedio 81.681816
agentes_en_goal 110
push_out_count 0
RUN 25
valores_ideales [0,0,0,0,0,0,0,0,0,0,0,0,0,0,0,0,0,0,0,0,0,0,0,0,0,0,0,0,0,0,0,0,0,0,0,0,0,0,0,0,0,0,0,0,0,0,0,0,0,0,0,0,0,0,0,0,0,0,0,0,0,0,0,0,0,0,0,0,0,0,0,0,0,0,0,0,0,0,0,0,0,0,0,0,0,0,0,0,0,0,0,0,0,0,0,0,0,0,0,0,0,0,0,0,0,0,0,0,0,0]
costo_por_agente [903,887,875,31,975,28,23,16,20,19,21,7,12,798,32,798,932,8,21,27,959,946,137,11,10,13,9,20,828,27,18,10,23,24,28,940,175,34,22,14,37,5,33,994,21,21,877,3,852,920,937,890,15,950,946,20,952,904,883,904,19,885,3,31,921,14,25,18,15,12,12,929,44,29,29,27,37,900,31,13,14,10,958,30,29,850,16,902,970,17,27,933,26,936,15,929,10,27,926,34,20,926,23,4,15,28,944,8,925,962]
completion_time_por_agente [1000,999,999,33,999,29,24,18,21,21,999,8,13,999,33,999,999,9,22,28,999,999,999,12,11,14,10,999,999,30,19,11,24,25,29,999,999,35,30,15,38,6,999,999,22,23,999,4,999,999,999,999,999,999,999,21,999,999,999,999,20,999,4,32,999,15,26,19,999,13,13,999,47,31,31,28,38,999,32,14,15,11,999,31,30,999,17,999,999,18,28,999,27,999,16,999,11,999,999,35,21,999,24,5,16,29,999,9,999,999]
tiempo_ultimo_agente_goal 47
tiempo_en_acabar 1000
tiempo_promedio 439.072723
agentes_en_goal 63
push_out_count 0
RUN 26
valores_ideales [0,0,0,0,0,0,0,0,0,0,0,0,0,0,0,0,0,0,0,0,0,0,0,0,0,0,0,0,0,0,0,0,0,0,0,0,0,0,0,0,0,0,0,0,0,0,0,0,0,0,0,0,0,0,0,0,0,0,0,0,0,0,0,0,0,0,0,0,0,0,0,0,0,0,0,0,0,0,0,0,0,0,0,0,0,0,0,0,0,0,0,0,0,0,0,0,0,0,0,0,0,0,0,0,0,0,0,0,0,0]
costo_por_agente [76,49,92,141,315,22,37,14,18,19,34,7,12,241,28,29,434,8,21,31,182,305,35,11,12,13,9,59,54,37,16,12,17,26,28,268,58,38,28,18,37,5,63,556,27,19,50,3,64,429,40,172,36,368,298,24,360,52,69,106,19,91,3,31,22,14,37,18,46,8,8,378,34,59,29,29,35,62,33,13,16,10,561,30,37,49,20,170,93,17,27,131,26,42,15,153,10,437,220,36,22,287,23,4,17,30,404,8,476,596]
completion_time_por_agente [80,51,93,143,317,23,39,16,19,20,44,8,13,242,29,37,436,9,22,32,183,307,39,12,13,14,10,61,56,42,17,13,18,27,29,277,59,39,39,19,38,6,69,558,29,21,51,4,66,433,41,173,38,370,299,25,361,54,71,107,20,94,4,32,23,15,38,19,59,9,9,380,36,69,31,30,36,65,34,14,17,11,562,31,39,50,21,171,95,18,28,134,27,47,17,154,11,445,221,37,23,290,25,5,21,31,406,9,477,600]
tiempo_ultimo_agente_goal 600
tiempo_en_acabar 600
tiempo_promedio 98.190910
agentes_en_goal 110
push_out_count 0
RUN 27
valores_ideales [0,0,0,0,0,0,0,0,0,0,0,0,0,0,0,0,0,0,0,0,0,0,0,0,0,0,0,0,0,0,0,0,0,0,0,0,0,0,0,0,0,0,0,0,0,0,0,0,0,0,0,0,0,0,0,0,0,0,0,0,0,0,0,0,0,0,0,0,0,0,0,0,0,0,0,0,0,0,0,0,0,0,0,0,0,0,0,0,0,0,0,0,0,0,0,0,0,0,0,0,0,0,0,0,0,0,0,0,0,0]
costo_por_agente [34,77,142,31,451,20,15,14,16,19,34,7,12,79,28,43,372,8,21,29,38,295,57,15,12,13,9,39,60,69,26,10,17,24,28,332,90,34,26,26,37,7,79,540,17,21,68,3,88,45,232,196,36,316,104,28,386,58,89,68,19,93,3,31,26,18,25,20,44,10,8,350,30,27,31,29,35,26,27,13,14,14,543,30,27,85,14,186,255,17,27,111,26,40,17,101,12,51,104,36,28,217,23,4,25,30,228,8,246,534]
completion_time_por_agente [35,79,143,32,452,21,16,16,17,20,59,8,13,82,29,63,375,9,22,30,42,296,66,16,13,14,10,51,70,77,27,11,18,25,29,335,92,35,32,27,38,8,81,541,18,23,72,4,89,50,246,197,37,334,107,29,387,64,90,78,20,96,4,32,27,19,26,21,45,11,9,352,31,28,32,30,36,32,29,14,15,15,545,31,28,92,15,187,256,18,28,112,27,41,18,102,13,74,107,37,29,218,25,5,26,31,229,9,247,536]
tiempo_ultimo_agente_goal 545
tiempo_en_acabar 545
tiempo_promedio 84.636360
agentes_en_goal 110
push_out_count 0
RUN 28
valores_ideales [0,0,0,0,0,0,0,0,0,0,0,0,0,0,0,0,0,0,0,0,0,0,0,0,0,0,0,0,0,0,0,0,0,0,0,0,0,0,0,0,0,0,0,0,0,0,0,0,0,0,0,0,0,0,0,0,0,0,0,0,0,0,0,0,0,0,0,0,0,0,0,0,0,0,0,0,0,0,0,0,0,0,0,0,0,0,0,0,0,0,0,0,0,0,0,0,0,0,0,0,0,0,0,0,0,0,0,0,0,0]
costo_por_agente [48,53,172,31,319,26,11,16,16,19,30,7,12,243,28,35,378,8,27,31,202,219,25,13,10,13,9,37,34,25,22,10,21,26,44,48,76,40,44,18,37,7,47,588,17,19,44,3,50,39,182,416,496,292,182,20,252,24,63,112,21,51,3,31,48,14,27,16,392,16,14,374,30,23,267,27,35,28,33,13,14,10,395,30,27,47,14,334,279,17,27,141,26,350,15,159,10,535,146,42,18,291,27,4,17,30,384,8,432,552]
completion_time_por_agente [51,55,174,36,321,27,13,19,17,20,32,8,13,244,29,38,380,9,28,32,204,221,27,14,11,14,10,39,35,28,23,11,22,27,45,51,77,41,48,19,38,8,51,590,18,22,47,4,51,41,187,417,500,296,183,21,255,28,64,114,22,54,4,32,53,15,28,17,396,17,15,375,31,27,268,28,36,30,35,14,15,11,396,31,28,51,15,336,281,18,28,142,27,353,16,160,11,538,148,43,19,293,28,5,18,31,386,9,433,554]
tiempo_ultimo_agente_goal 590
tiempo_en_acabar 590
tiempo_promedio 103.354546
agentes_en_goal 110
push_out_count 0
RUN 29
valores_ideales [0,0,0,0,0,0,0,0,0,0,0,0,0,0,0,0,0,0,0,0,0,0,0,0,0,0,0,0,0,0,0,0,0,0,0,0,0,0,0,0,0,0,0,0,0,0,0,0,0,0,0,0,0,0,0,0,0,0,0,0,0,0,0,0,0,0,0,0,0,0,0,0,0,0,0,0,0,0,0,0,0,0,0,0,0,0,0,0,0,0,0,0,0,0,0,0,0,0,0,0,0,0,0,0,0,0,0,0,0,0]
costo_por_agente [50,55,96,297,387,20,15,16,18,19,60,7,12,481,28,35,488,8,21,31,264,379,49,13,12,13,9,51,32,31,26,10,21,22,30,50,66,36,36,20,39,5,61,466,27,21,60,5,38,265,264,264,278,54,42,22,306,62,61,184,21,99,3,31,48,14,27,18,460,8,8,322,32,37,187,27,35,40,43,13,16,14,343,30,49,61,12,276,299,17,29,109,26,496,17,225,10,35,76,44,22,151,25,4,15,30,220,8,314,56]
completion_time_por_agente [52,56,99,300,389,21,16,17,19,20,61,8,13,483,29,36,489,9,22,32,265,381,54,14,13,14,10,54,37,34,27,11,22,23,31,51,68,37,48,21,40,6,64,467,28,23,63,6,43,269,268,267,282,58,45,23,307,64,63,186,22,101,4,32,51,15,28,19,464,9,9,323,33,42,191,28,36,42,44,14,17,15,344,31,50,63,13,278,300,18,31,111,27,501,18,227,11,36,77,45,23,152,26,5,16,31,221,9,316,58]
tiempo_ultimo_agente_goal 501
tiempo_en_acabar 501
tiempo_promedio 95.772728
agentes_en_goal 110
push_out_count 0
RUN 30
valores_ideales [0,0,0,0,0,0,0,0,0,0,0,0,0,0,0,0,0,0,0,0,0,0,0,0,0,0,0,0,0,0,0,0,0,0,0,0,0,0,0,0,0,0,0,0,0,0,0,0,0,0,0,0,0,0,0,0,0,0,0,0,0,0,0,0,0,0,0,0,0,0,0,0,0,0,0,0,0,0,0,0,0,0,0,0,0,0,0,0,0,0,0,0,0,0,0,0,0,0,0,0,0,0,0,0,0,0,0,0,0,0]
costo_por_agente [74,57,126,31,305,20,15,14,18,19,44,7,12,275,28,27,550,8,25,35,226,199,21,11,12,13,9,49,66,27,18,12,17,24,28,50,58,34,28,18,39,5,49,588,17,17,74,3,46,389,86,182,36,282,116,28,376,78,73,124,25,65,3,31,22,14,25,20,54,10,8,340,34,27,225,27,39,62,27,13,16,14,551,30,19,65,18,300,321,17,27,183,38,36,15,161,10,315,128,32,20,137,25,4,23,30,384,8,490,58]
completion_time_por_agente [81,59,127,33,307,22,16,16,19,20,49,8,13,276,29,30,552,9,26,36,228,200,27,12,13,14,10,56,70,30,19,13,19,25,29,55,60,35,31,19,40,6,54,589,18,19,76,4,56,393,90,183,37,284,117,29,377,80,74,125,26,67,4,32,27,15,26,21,63,11,9,341,35,28,226,28,40,66,28,14,17,15,552,31,20,66,19,302,325,18,28,184,39,40,16,163,11,320,130,33,21,139,26,5,24,31,385,9,491,61]
tiempo_ultimo_agente_goal 589
tiempo_en_acabar 589
tiempo_promedio 90.654549
agentes_en_goal 110
push_out_count 0
RUN 31
valores_ideales [0,0,0,0,0,0,0,0,0,0,0,0,0,0,0,0,0,0,0,0,0,0,0,0,0,0,0,0,0,0,0,0,0,0,0,0,0,0,0,0,0,0,0,0,0,0,0,0,0,0,0,0,0,0,0,0,0,0,0,0,0,0,0,0,0,0,0,0,0,0,0,0,0,0,0,0,0,0,0,0,0,0,0,0,0,0,0,0,0,0,0,0,0,0,0,0,0,0,0,0,0,0,0,0,0,0,0,0,0,0]
costo_por_agente [64,43,204,35,441,20,17,20,16,21,42,7,12,189,30,31,528,8,23,29,32,353,51,11,18,13,9,53,36,47,16,10,23,26,28,224,82,36,22,24,37,5,37,618,39,21,58,5,46,337,124,134,386,54,92,22,298,48,45,276,19,71,3,31,52,14,25,16,44,14,12,418,30,25,277,27,35,70,25,13,14,10,565,30,29,55,16,206,303,17,27,133,26,40,21,145,10,49,40,32,18,189,27,4,15,34,316,8,432,544]
completion_time_por_agente [68,45,205,48,442,22,18,21,17,22,44,8,13,191,31,34,529,9,24,30,40,354,56,12,19,14,10,59,38,52,17,11,24,27,29,225,83,37,28,25,38,6,39,619,40,22,64,6,48,338,130,135,388,60,94,23,299,53,47,278,20,74,4,32,56,15,26,17,50,15,13,419,31,27,280,28,36,74,26,14,15,11,566,31,30,59,17,208,308,18,28,134,27,49,23,147,11,53,45,34,19,190,29,5,16,35,318,9,433,545]
tiempo_ultimo_agente_goal 619
tiempo_en_acabar 619
tiempo_promedio 94.345451
agentes_en_goal 110
push_out_count 0
RUN 32
valores_ideales [0,0,0,0,0,0,0,0,0,0,0,0,0,0,0,0,0,0,0,0,0,0,0,0,0,0,0,0,0,0,0,0,0,0,0,0,0,0,0,0,0,0,0,0,0,0,0,0,0,0,0,0,0,0,0,0,0,0,0,0,0,0,0,0,0,0,0,0,0,0,0,0,0,0,0,0,0,0,0,0,0,0,0,0,0,0,0,0,0,0,0,0,0,0,0,0,0,0,0,0,0,0,0,0,0,0,0,0,0,0]
costo_por_agente [54,35,124,37,299,20,13,30,16,19,50,7,12,97,28,37,472,8,21,31,150,347,29,11,12,13,9,51,46,39,18,10,21,36,36,50,46,36,24,22,37,5,59,502,21,33,56,13,38,39,214,240,438,56,22,22,152,34,77,88,21,63,3,31,66,18,25,16,540,8,8,472,32,27,35,27,35,52,35,13,14,10,231,34,19,85,12,146,245,17,31,135,26,246,31,349,12,39,114,28,20,209,27,4,15,30,206,8,408,422]
completion_time_por_agente [58,44,126,42,302,21,15,34,17,20,57,8,13,98,29,42,474,9,22,32,151,348,33,12,13,14,10,57,51,47,19,11,22,37,37,54,51,37,27,23,38,6,60,503,22,38,60,14,43,43,215,242,439,64,24,23,153,37,78,89,22,66,4,32,67,19,26,17,543,9,9,475,35,29,41,28,36,56,39,14,15,11,232,35,20,88,13,148,248,18,32,137,27,252,32,350,13,47,115,29,21,211,28,5,16,31,208,9,411,423]
tiempo_ultimo_agente_goal 543
tiempo_en_acabar 543
tiempo_promedio 86.363640
agentes_en_goal 110
push_out_count 0
RUN 33
valores_ideales [0,0,0,0,0,0,0,0,0,0,0,0,0,0,0,0,0,0,0,0,0,0,0,0,0,0,0,0,0,0,0,0,0,0,0,0,0,0,0,0,0,0,0,0,0,0,0,0,0,0,0,0,0,0,0,0,0,0,0,0,0,0,0,0,0,0,0,0,0,0,0,0,0,0,0,0,0,0,0,0,0,0,0,0,0,0,0,0,0,0,0,0,0,0,0,0,0,0,0,0,0,0,0,0,0,0,0,0,0,0]
costo_por_agente [52,57,168,31,283,22,15,26,22,19,68,7,12,321,28,31,630,8,21,29,46,263,23,11,10,13,9,63,40,43,20,10,21,22,30,282,84,34,24,18,39,5,73,580,23,29,64,3,82,39,56,222,40,48,50,24,244,40,61,322,21,79,3,31,44,14,29,20,38,8,12,484,30,29,249,27,37,70,31,13,14,10,437,30,21,75,14,216,247,17,25,127,26,208,15,103,10,35,136,34,18,129,27,4,25,30,230,8,334,60]
completion_time_por_agente [65,59,173,35,284,23,16,29,23,20,70,8,13,322,29,34,631,9,22,30,51,265,28,12,11,14,10,66,46,47,22,11,22,23,31,284,85,35,30,19,40,6,78,584,24,31,65,4,85,41,63,223,41,54,57,25,245,43,62,323,22,83,4,32,51,15,30,21,43,9,13,486,31,30,256,28,38,76,32,14,15,11,438,31,22,79,16,217,248,18,26,128,27,209,17,104,11,38,137,35,19,132,29,5,29,31,234,9,336,64]
tiempo_ultimo_agente_goal 631
tiempo_en_acabar 631
tiempo_promedio 83.000000
agentes_en_goal 110
push_out_count 0
RUN 34
valores_ideales [0,0,0,0,0,0,0,0,0,0,0,0,0,0,0,0,0,0,0,0,0,0,0,0,0,0,0,0,0,0,0,0,0,0,0,0,0,0,0,0,0,0,0,0,0,0,0,0,0,0,0,0,0,0,0,0,0,0,0,0,0,0,0,0,0,0,0,0,0,0,0,0,0,0,0,0,0,0,0,0,0,0,0,0,0,0,0,0,0,0,0,0,0,0,0,0,0,0,0,0,0,0,0,0,0,0,0,0,0,0]
costo_por_agente [44,29,154,283,249,22,13,14,36,21,32,7,12,283,28,31,602,8,23,29,118,153,43,11,12,13,9,69,38,61,18,10,19,22,30,306,62,34,148,16,39,7,69,612,35,25,42,7,48,41,50,302,40,44,46,18,176,68,49,62,19,69,3,31,36,18,27,20,42,8,8,502,50,51,303,27,37,60,27,13,14,10,389,30,35,61,16,204,359,17,27,141,26,36,15,199,10,555,220,38,18,161,23,4,21,30,442,8,388,614]
completion_time_por_agente [46,32,155,285,250,23,14,16,37,22,37,8,13,284,29,32,604,9,24,30,119,156,46,12,13,14,10,73,40,66,19,11,20,23,31,309,63,35,149,17,40,8,70,613,36,27,45,8,51,46,53,303,45,48,49,19,177,72,51,64,20,75,4,32,38,19,28,21,44,9,9,503,51,56,307,28,38,67,29,14,15,11,393,31,36,62,17,205,361,18,28,143,27,40,16,200,11,559,221,39,19,162,24,5,23,31,444,9,389,616]
tiempo_ultimo_agente_goal 616
tiempo_en_acabar 616
tiempo_promedio 95.890907
agentes_en_goal 110
push_out_count 0
RUN 35
valores_ideales [0,0,0,0,0,0,0,0,0,0,0,0,0,0,0,0,0,0,0,0,0,0,0,0,0,0,0,0,0,0,0,0,0,0,0,0,0,0,0,0,0,0,0,0,0,0,0,0,0,0,0,0,0,0,0,0,0,0,0,0,0,0,0,0,0,0,0,0,0,0,0,0,0,0,0,0,0,0,0,0,0,0,0,0,0,0,0,0,0,0,0,0,0,0,0,0,0,0,0,0,0,0,0,0,0,0,0,0,0,0]
costo_por_agente [40,47,164,29,215,22,15,14,18,19,42,7,12,195,28,45,542,8,23,33,36,197,21,11,12,13,9,33,40,33,26,10,17,26,36,58,90,42,28,16,37,7,55,448,29,31,42,3,44,41,74,176,468,156,194,22,366,26,47,156,19,63,3,31,46,14,25,18,232,14,8,40,32,33,289,27,35,30,33,13,14,10,537,30,31,51,12,178,177,17,31,83,26,266,17,263,10,49,72,30,22,253,25,4,27,30,466,8,398,682]
completion_time_por_agente [42,51,170,33,216,23,16,15,19,20,44,8,13,196,29,47,543,9,24,34,39,198,23,12,13,14,10,37,42,35,27,11,18,27,37,61,91,43,30,17,38,8,56,449,30,39,46,4,45,43,76,177,469,160,196,23,367,27,50,157,20,65,4,32,50,15,26,19,241,15,9,43,33,36,291,28,36,32,35,14,15,11,538,31,32,53,13,179,178,18,32,84,27,267,18,264,11,52,73,31,23,254,26,5,33,31,470,9,399,684]
tiempo_ultimo_agente_goal 684
tiempo_en_acabar 684
tiempo_promedio 88.199997
agentes_en_goal 110
push_out_count 0
RUN 36
valores_ideales [0,0,0,0,0,0,0,0,0,0,0,0,0,0,0,0,0,0,0,0,0,0,0,0,0,0,0,0,0,0,0,0,0,0,0,0,0,0,0,0,0,0,0,0,0,0,0,0,0,0,0,0,0,0,0,0,0,0,0,0,0,0,0,0,0,0,0,0,0,0,0,0,0,0,0,0,0,0,0,0,0,0,0,0,0,0,0,0,0,0,0,0,0,0,0,0,0,0,0,0,0,0,0,0,0,0,0,0,0,0]
costo_por_agente [56,63,122,33,111,28,15,18,18,19,30,7,12,139,28,27,368,8,21,37,32,223,37,11,10,13,9,33,34,45,22,12,19,24,28,58,78,40,34,18,37,7,47,400,31,25,56,3,68,269,308,174,498,290,160,20,314,40,69,116,23,79,3,31,44,14,25,18,106,8,8,36,30,23,285,31,35,36,21,13,14,16,569,30,21,53,16,94,209,17,27,117,26,514,17,237,10,389,124,28,18,389,29,4,19,30,318,8,338,60]
completion_time_por_agente [57,70,124,40,112,29,16,20,19,20,31,8,13,140,29,29,369,9,22,38,36,225,39,12,11,14,10,36,37,51,23,13,20,25,29,62,79,41,46,19,38,8,51,404,32,29,61,4,69,271,312,176,502,292,161,21,315,43,70,117,24,80,4,32,47,15,26,19,115,9,9,38,31,24,286,32,36,41,22,14,15,17,570,31,22,54,17,96,210,18,28,119,27,520,19,238,11,397,128,29,19,390,31,5,21,31,324,9,339,62]
tiempo_ultimo_agente_goal 570
tiempo_en_acabar 570
tiempo_promedio 88.181816
agentes_en_goal 110
push_out_count 0
RUN 37
valores_ideales [0,0,0,0,0,0,0,0,0,0,0,0,0,0,0,0,0,0,0,0,0,0,0,0,0,0,0,0,0,0,0,0,0,0,0,0,0,0,0,0,0,0,0,0,0,0,0,0,0,0,0,0,0,0,0,0,0,0,0,0,0,0,0,0,0,0,0,0,0,0,0,0,0,0,0,0,0,0,0,0,0,0,0,0,0,0,0,0,0,0,0,0,0,0,0,0,0,0,0,0,0,0,0,0,0,0,0,0,0,0]
costo_por_agente [70,35,130,193,89,24,15,16,24,19,32,7,12,171,30,35,696,8,21,33,158,443,39,11,10,13,9,85,42,45,30,14,19,24,36,50,78,40,38,14,37,5,55,552,17,33,54,3,64,363,180,220,36,62,224,20,382,72,69,168,19,71,3,31,70,14,25,18,200,12,8,484,30,29,39,27,35,72,23,13,14,10,529,30,29,65,34,292,123,17,31,205,26,338,15,207,10,41,136,28,20,291,23,4,15,28,416,8,330,336]
completion_time_por_agente [78,40,132,197,90,25,16,18,25,20,42,8,13,174,32,42,697,9,22,35,160,444,44,12,11,14,10,88,46,48,31,15,20,25,37,59,80,41,41,15,38,6,57,554,19,39,58,4,66,365,183,221,37,68,225,21,383,74,71,169,20,73,4,32,71,15,26,19,203,13,9,485,32,31,47,28,36,73,26,14,15,11,531,31,31,68,35,293,126,18,32,207,27,344,16,210,11,47,139,29,21,293,24,5,16,29,418,9,331,337]
tiempo_ultimo_agente_goal 697
tiempo_en_acabar 697
tiempo_promedio 96.136360
agentes_en_goal 110
push_out_count 0
RUN 38
valores_ideales [0,0,0,0,0,0,0,0,0,0,0,0,0,0,0,0,0,0,0,0,0,0,0,0,0,0,0,0,0,0,0,0,0,0,0,0,0,0,0,0,0,0,0,0,0,0,0,0,0,0,0,0,0,0,0,0,0,0,0,0,0,0,0,0,0,0,0,0,0,0,0,0,0,0,0,0,0,0,0,0,0,0,0,0,0,0,0,0,0,0,0,0,0,0,0,0,0,0,0,0,0,0,0,0,0,0,0,0,0,0]
costo_por_agente [62,59,128,35,161,20,23,20,20,19,28,7,12,157,32,51,304,8,21,29,152,239,43,11,10,13,9,41,38,27,18,10,17,22,32,382,38,36,24,18,37,7,65,416,19,27,56,3,64,41,206,78,410,266,202,24,328,78,47,136,19,79,3,31,60,14,29,18,464,8,8,470,32,21,229,27,35,40,59,13,14,10,391,30,23,65,20,300,89,17,31,153,28,54,15,133,10,63,76,50,20,273,25,4,15,28,306,8,332,58]
completion_time_por_agente [69,63,130,40,162,21,24,22,21,20,34,8,13,158,33,52,307,9,22,30,154,241,45,12,11,14,10,49,41,34,19,11,18,23,33,383,49,37,29,19,38,8,66,417,20,29,57,4,65,47,211,79,414,272,203,25,330,82,49,137,20,81,4,32,67,15,30,19,471,9,9,471,34,22,230,28,36,44,62,14,15,11,392,31,24,66,21,302,92,18,32,154,29,64,16,135,11,68,78,54,21,275,26,5,16,29,307,9,335,61]
tiempo_ultimo_agente_goal 471
tiempo_en_acabar 471
tiempo_promedio 85.618179
agentes_en_goal 110
push_out_count 0
RUN 39
valores_ideales [0,0,0,0,0,0,0,0,0,0,0,0,0,0,0,0,0,0,0,0,0,0,0,0,0,0,0,0,0,0,0,0,0,0,0,0,0,0,0,0,0,0,0,0,0,0,0,0,0,0,0,0,0,0,0,0,0,0,0,0,0,0,0,0,0,0,0,0,0,0,0,0,0,0,0,0,0,0,0,0,0,0,0,0,0,0,0,0,0,0,0,0,0,0,0,0,0,0,0,0,0,0,0,0,0,0,0,0,0,0]
costo_por_agente [52,37,72,29,341,20,25,24,18,19,62,7,12,265,28,45,368,8,21,29,34,275,29,15,8,13,9,39,42,47,26,12,19,24,34,398,40,34,26,14,37,5,65,596,23,29,50,3,66,473,46,144,40,54,22,20,328,54,77,124,19,103,3,31,26,14,25,24,42,12,12,234,34,27,273,29,37,32,41,13,14,10,413,30,27,65,16,194,61,17,27,133,32,42,15,131,10,57,190,40,20,213,23,4,17,30,378,8,440,76]
completion_time_por_agente [54,40,75,31,342,21,27,28,19,20,65,8,13,267,29,47,370,9,22,30,36,276,34,16,9,14,10,43,44,52,27,13,20,25,35,400,44,35,29,15,38,6,68,599,24,32,52,4,69,475,52,145,46,57,24,21,329,55,78,126,20,107,4,32,31,15,26,25,52,13,13,235,35,30,276,30,38,37,42,14,15,11,414,31,28,69,17,196,63,18,28,136,33,44,16,132,11,61,191,41,21,215,24,5,18,31,379,9,441,77]
tiempo_ultimo_agente_goal 599
tiempo_en_acabar 599
tiempo_promedio 80.400002
agentes_en_goal 110
push_out_count 0
