RUN 0
valores_ideales [30,38,8,22,10,19,36,10,15,15,35,26,32,15,32,22,31,21,38,25,28,3,33,46,42,9,23,22,8,7,17,18,25,23,16,14,27,33,16,20,31,28,17,30,5,15,23,19,2,35]
costo_por_agente [54,58,8,76,10,57,40,10,15,15,67,26,92,15,64,82,31,89,40,77,104,3,37,56,42,9,23,76,10,7,17,18,25,43,16,16,27,51,16,22,49,28,17,56,93,15,89,19,2,79]
completion_time_por_agente [71,90,9,142,10,110,51,10,15,15,112,26,175,15,118,171,31,172,47,136,202,3,42,73,56,9,24,161,12,7,17,18,25,74,16,19,28,59,16,28,72,28,17,97,189,15,165,21,2,133]
tiempo_ultimo_agente_goal 202
tiempo_en_acabar 202
tiempo_promedio 63.080002
agentes_en_goal 50
bad_good_total_rate_pred [40029,43136,83165,0.5]
push_out_count 36621
RUN 1
valores_ideales [30,38,8,22,10,19,36,10,15,15,35,26,32,15,32,22,31,21,38,25,28,3,33,46,42,9,23,22,8,7,17,18,25,23,16,14,27,33,16,20,31,28,17,30,5,15,23,19,2,35]
costo_por_agente [72,76,8,62,10,43,48,10,15,15,41,26,36,15,64,70,31,77,66,49,42,3,33,46,44,9,23,42,8,7,19,18,25,25,16,14,27,33,16,20,75,28,17,40,9,15,41,19,2,55]
completion_time_por_agente [135,128,9,108,10,78,69,10,15,15,53,26,47,16,107,140,31,143,107,79,74,3,38,48,50,9,25,76,10,7,21,18,27,31,16,14,29,34,16,22,134,28,17,68,12,15,57,21,2,88]
tiempo_ultimo_agente_goal 143
tiempo_en_acabar 143
tiempo_promedio 46.720001
agentes_en_goal 50
bad_good_total_rate_pred [30571,31454,62025,0.5]
push_out_count 36814
RUN 2
valores_ideales [30,38,8,22,10,19,36,10,15,15,35,26,32,15,32,22,31,21,38,25,28,3,33,46,42,9,23,22,8,7,17,18,25,23,16,14,27,33,16,20,31,28,17,30,5,15,23,19,2,35]
costo_por_agente [56,90,10,122,10,27,58,10,15,15,67,26,94,15,54,78,31,107,60,81,78,3,33,46,50,9,23,88,12,7,19,18,25,65,16,16,27,41,16,20,49,28,17,76,99,15,85,19,2,93]
completion_time_por_agente [111,163,11,186,10,32,94,10,15,15,100,26,186,15,73,152,31,184,94,153,162,3,35,51,72,9,24,172,16,10,22,18,25,107,16,19,28,57,16,20,74,28,17,144,192,17,176,21,2,166]
tiempo_ultimo_agente_goal 192
tiempo_en_acabar 192
tiempo_promedio 67.599998
agentes_en_goal 50
bad_good_total_rate_pred [42612,46466,89078,0.5]
push_out_count 37164
RUN 3
valores_ideales [30,38,8,22,10,19,36,10,15,15,35,26,32,15,32,22,31,21,38,25,28,3,33,46,42,9,23,22,8,7,17,18,25,23,16,14,27,33,16,20,31,28,17,30,5,15,23,19,2,35]
costo_por_agente [56,68,8,32,10,21,36,10,15,15,87,26,58,15,60,54,31,61,84,71,74,3,37,52,56,9,23,70,10,7,19,18,25,89,16,16,29,33,16,20,57,28,17,62,57,15,53,19,2,77]
completion_time_por_agente [104,129,9,39,10,28,40,10,15,15,157,26,106,15,105,111,31,122,150,120,146,3,39,72,105,9,24,144,12,7,21,18,25,155,16,17,33,36,16,21,98,29,17,115,114,15,101,19,2,136]
tiempo_ultimo_agente_goal 157
tiempo_en_acabar 157
tiempo_promedio 58.139999
agentes_en_goal 50
bad_good_total_rate_pred [42583,36539,79122,0.5]
push_out_count 37439
RUN 4
valores_ideales [30,38,8,22,10,19,36,10,15,15,35,26,32,15,32,22,31,21,38,25,28,3,33,46,42,9,23,22,8,7,17,18,25,23,16,14,27,33,16,20,31,28,17,30,5,15,23,19,2,35]
costo_por_agente [84,70,10,84,10,23,64,10,15,15,35,26,96,15,70,86,31,103,56,79,68,3,51,46,50,9,23,90,8,17,19,18,25,35,16,16,27,69,16,20,83,28,17,80,81,15,101,19,2,61]
completion_time_por_agente [169,112,12,170,10,24,107,10,15,16,44,26,179,16,124,152,31,191,96,178,113,3,81,50,67,10,24,170,8,31,21,18,25,48,16,17,28,109,16,21,156,28,17,135,168,16,187,19,2,100]
tiempo_ultimo_agente_goal 191
tiempo_en_acabar 191
tiempo_promedio 67.720001
agentes_en_goal 50
bad_good_total_rate_pred [45926,45727,91653,0.5]
push_out_count 37812
RUN 5
valores_ideales [30,38,8,22,10,19,36,10,15,15,35,26,32,15,32,22,31,21,38,25,28,3,33,46,42,9,23,22,8,7,17,18,25,23,16,14,27,33,16,20,31,28,17,30,5,15,23,19,2,35]
costo_por_agente [64,86,8,32,10,21,50,10,15,15,37,26,72,15,62,70,31,87,72,83,48,3,33,46,86,9,23,74,10,7,17,18,25,67,16,16,27,43,16,24,73,28,17,70,65,15,83,19,2,61]
completion_time_por_agente [101,158,9,45,10,25,75,10,15,15,43,26,135,15,99,127,31,160,126,159,77,3,33,52,143,9,24,136,12,7,17,18,25,125,16,19,28,51,17,29,151,28,17,127,119,15,154,20,2,107]
tiempo_ultimo_agente_goal 160
tiempo_en_acabar 160
tiempo_promedio 59.299999
agentes_en_goal 50
bad_good_total_rate_pred [40648,37988,78636,0.5]
push_out_count 38096
RUN 6
valores_ideales [30,38,8,22,10,19,36,10,15,15,35,26,32,15,32,22,31,21,38,25,28,3,33,46,42,9,23,22,8,7,17,18,25,23,16,14,27,33,16,20,31,28,17,30,5,15,23,19,2,35]
costo_por_agente [74,70,8,84,10,31,48,10,15,15,57,26,90,15,78,94,31,123,58,91,70,3,35,46,42,9,23,86,8,7,19,18,25,91,16,16,27,95,16,20,97,28,17,84,83,15,77,21,2,59]
completion_time_por_agente [137,113,11,138,11,44,71,10,15,15,95,27,177,15,149,186,31,177,91,169,149,3,46,51,46,9,25,160,10,7,21,18,25,154,17,19,27,154,16,22,195,28,17,166,178,15,158,26,2,103]
tiempo_ultimo_agente_goal 195
tiempo_en_acabar 195
tiempo_promedio 70.980003
agentes_en_goal 50
bad_good_total_rate_pred [44664,49175,93839,0.5]
push_out_count 38466
RUN 7
valores_ideales [30,38,8,22,10,19,36,10,15,15,35,26,32,15,32,22,31,21,38,25,28,3,33,46,42,9,23,22,8,7,17,18,25,23,16,14,27,33,16,20,31,28,17,30,5,15,23,19,2,35]
costo_por_agente [52,74,8,78,10,21,48,10,15,15,35,26,62,15,44,54,31,67,56,47,60,3,37,48,44,9,23,88,8,7,19,18,27,37,16,16,27,49,16,20,41,28,17,62,11,15,59,19,2,87]
completion_time_por_agente [88,129,9,136,10,24,76,10,16,15,41,26,111,15,57,93,31,115,90,74,102,3,46,57,55,9,24,158,10,7,21,18,29,55,17,17,27,75,16,22,65,28,17,108,12,15,106,19,2,168]
tiempo_ultimo_agente_goal 168
tiempo_en_acabar 168
tiempo_promedio 49.480000
agentes_en_goal 50
bad_good_total_rate_pred [34184,31907,66091,0.5]
push_out_count 38660
RUN 8
valores_ideales [30,38,8,22,10,19,36,10,15,15,35,26,32,15,32,22,31,21,38,25,28,3,33,46,42,9,23,22,8,7,17,18,25,23,16,14,27,33,16,20,31,28,17,30,5,15,23,19,2,35]
costo_por_agente [76,54,10,30,10,45,48,10,15,15,39,26,74,15,58,62,31,79,70,63,64,3,41,46,54,9,25,66,10,7,19,18,25,77,16,16,27,33,16,20,69,28,17,74,7,15,51,21,2,59]
completion_time_por_agente [130,93,12,31,10,69,74,10,15,15,50,28,129,16,106,114,31,137,111,108,114,3,47,46,82,9,27,115,14,7,22,18,25,135,17,17,31,33,17,20,120,28,17,134,9,15,84,25,2,102]
tiempo_ultimo_agente_goal 137
tiempo_en_acabar 137
tiempo_promedio 52.480000
agentes_en_goal 50
bad_good_total_rate_pred [33858,34779,68637,0.5]
push_out_count 38877
RUN 9
valores_ideales [30,38,8,22,10,19,36,10,15,15,35,26,32,15,32,22,31,21,38,25,28,3,33,46,42,9,23,22,8,7,17,18,25,23,16,14,27,33,16,20,31,28,17,30,5,15,23,19,2,35]
costo_por_agente [66,48,8,78,10,21,46,10,15,15,53,26,48,15,64,54,31,75,52,57,68,3,33,46,42,9,23,60,8,7,19,18,25,35,16,16,27,33,16,20,67,28,17,66,71,15,65,19,2,61]
completion_time_por_agente [114,78,9,151,10,24,65,10,15,15,81,26,80,15,106,100,31,143,77,95,126,3,33,47,46,10,24,122,10,7,21,18,25,49,16,19,27,37,16,22,112,30,17,122,136,15,126,20,2,109]
tiempo_ultimo_agente_goal 151
tiempo_en_acabar 151
tiempo_promedio 52.240002
agentes_en_goal 50
bad_good_total_rate_pred [33224,34955,68179,0.5]
push_out_count 39095
RUN 10
valores_ideales [30,38,8,22,10,19,36,10,15,15,35,26,32,15,32,22,31,21,38,25,28,3,33,46,42,9,23,22,8,7,17,18,25,23,16,14,27,33,16,20,31,28,17,30,5,15,23,19,2,35]
costo_por_agente [68,70,8,26,10,43,68,10,15,15,45,26,68,15,72,86,31,87,60,95,64,3,65,46,58,9,23,80,8,7,19,18,25,83,16,16,27,45,16,20,81,28,17,66,117,15,49,19,2,43]
completion_time_por_agente [122,119,9,40,10,76,109,10,15,15,59,26,122,15,131,165,31,180,104,175,119,3,116,51,93,9,24,155,8,7,22,18,25,177,16,19,28,57,16,20,148,28,17,132,174,15,90,20,2,62]
tiempo_ultimo_agente_goal 180
tiempo_en_acabar 180
tiempo_promedio 64.080002
agentes_en_goal 50
bad_good_total_rate_pred [40088,45759,85847,0.5]
push_out_count 39423
RUN 11
valores_ideales [30,38,8,22,10,19,36,10,15,15,35,26,32,15,32,22,31,21,38,25,28,3,33,46,42,9,23,22,8,7,17,18,25,23,16,14,27,33,16,20,31,28,17,30,5,15,23,19,2,35]
costo_por_agente [60,66,8,70,10,23,44,10,15,15,43,26,52,15,44,72,31,23,48,65,56,3,33,46,42,9,23,50,10,7,19,18,25,65,16,16,27,39,16,20,51,28,17,42,47,15,69,19,2,39]
completion_time_por_agente [105,118,9,126,10,30,65,10,15,15,64,26,87,16,78,132,31,31,70,124,89,3,33,52,47,9,24,101,10,7,21,18,25,120,16,19,27,47,17,22,72,28,17,49,105,15,134,19,2,49]
tiempo_ultimo_agente_goal 134
tiempo_en_acabar 134
tiempo_promedio 47.180000
agentes_en_goal 50
bad_good_total_rate_pred [29880,32496,62376,0.5]
push_out_count 39599
RUN 12
valores_ideales [30,38,8,22,10,19,36,10,15,15,35,26,32,15,32,22,31,21,38,25,28,3,33,46,42,9,23,22,8,7,17,18,25,23,16,14,27,33,16,20,31,28,17,30,5,15,23,19,2,35]
costo_por_agente [46,110,10,62,10,31,38,10,15,15,57,26,60,15,58,26,31,81,46,83,68,3,33,46,46,9,23,102,8,7,19,18,29,109,16,16,27,33,16,20,63,28,17,66,95,15,63,23,2,41]
completion_time_por_agente [70,199,14,106,14,38,51,10,15,15,89,26,102,16,97,29,31,166,70,173,108,3,33,52,60,9,24,205,8,7,21,18,33,212,17,17,29,33,16,22,109,28,17,106,190,15,121,30,2,52]
tiempo_ultimo_agente_goal 212
tiempo_en_acabar 212
tiempo_promedio 58.560001
agentes_en_goal 50
bad_good_total_rate_pred [34551,40467,75018,0.5]
push_out_count 39878
RUN 13
valores_ideales [30,38,8,22,10,19,36,10,15,15,35,26,32,15,32,22,31,21,38,25,28,3,33,46,42,9,23,22,8,7,17,18,25,23,16,14,27,33,16,20,31,28,17,30,5,15,23,19,2,35]
costo_por_agente [46,46,10,68,10,47,36,10,15,15,61,26,52,15,68,60,31,59,68,69,76,3,49,48,42,9,25,60,8,7,19,18,25,71,16,16,27,33,16,20,45,28,17,46,71,15,57,19,2,53]
completion_time_por_agente [82,58,11,124,11,83,44,10,15,15,98,26,80,16,116,109,32,109,110,127,136,3,69,54,44,10,25,116,10,7,21,18,25,133,16,17,27,33,16,22,71,28,17,76,119,15,93,19,2,88]
tiempo_ultimo_agente_goal 136
tiempo_en_acabar 136
tiempo_promedio 52.119999
agentes_en_goal 50
bad_good_total_rate_pred [33843,35194,69037,0.5]
push_out_count 40085
RUN 14
valores_ideales [30,38,8,22,10,19,36,10,15,15,35,26,32,15,32,22,31,21,38,25,28,3,33,46,42,9,23,22,8,7,17,18,25,23,16,14,27,33,16,20,31,28,17,30,5,15,23,19,2,35]
costo_por_agente [54,62,8,70,10,21,42,10,15,15,51,26,56,15,48,72,31,69,62,57,74,3,35,46,42,9,23,60,8,7,19,18,25,27,16,14,27,35,16,20,55,28,17,52,51,15,77,19,2,47]
completion_time_por_agente [73,105,10,135,10,24,55,10,16,15,75,26,100,15,76,126,31,133,105,112,121,3,44,49,48,9,24,125,8,7,21,18,25,45,17,14,28,38,16,20,102,28,17,92,88,15,128,22,2,78]
tiempo_ultimo_agente_goal 135
tiempo_en_acabar 135
tiempo_promedio 50.080002
agentes_en_goal 50
bad_good_total_rate_pred [33580,30698,64278,0.5]
push_out_count 40274
RUN 15
valores_ideales [30,38,8,22,10,19,36,10,15,15,35,26,32,15,32,22,31,21,38,25,28,3,33,46,42,9,23,22,8,7,17,18,25,23,16,14,27,33,16,20,31,28,17,30,5,15,23,19,2,35]
costo_por_agente [118,130,12,64,10,27,68,10,15,15,67,26,132,15,142,140,31,157,130,141,134,3,35,48,128,9,23,150,8,7,19,18,25,155,16,16,27,33,16,20,135,28,17,74,149,15,111,19,2,63]
completion_time_por_agente [238,227,13,107,10,41,115,10,15,15,111,28,264,15,278,268,31,278,255,287,275,3,37,58,238,9,26,290,8,7,21,18,25,297,16,19,28,36,16,20,260,29,17,138,296,15,224,21,2,82]
tiempo_ultimo_agente_goal 297
tiempo_en_acabar 297
tiempo_promedio 102.739998
agentes_en_goal 50
bad_good_total_rate_pred [61998,76771,138769,0.6]
push_out_count 41008
RUN 16
valores_ideales [30,38,8,22,10,19,36,10,15,15,35,26,32,15,32,22,31,21,38,25,28,3,33,46,42,9,23,22,8,7,17,18,25,23,16,14,27,33,16,20,31,28,17,30,5,15,23,19,2,35]
costo_por_agente [72,76,8,90,12,21,72,10,15,15,41,26,104,15,88,78,31,83,58,101,48,3,65,46,42,9,23,82,10,9,19,18,27,101,16,16,27,59,16,20,57,28,17,60,87,15,63,19,2,75]
completion_time_por_agente [132,129,11,149,12,24,115,10,15,15,51,26,187,15,165,145,31,156,96,174,80,3,93,49,45,9,24,166,12,10,20,18,29,160,16,17,28,74,16,21,96,28,17,96,177,15,113,19,2,131]
tiempo_ultimo_agente_goal 187
tiempo_en_acabar 187
tiempo_promedio 64.839996
agentes_en_goal 50
bad_good_total_rate_pred [40292,45977,86269,0.5]
push_out_count 41347
RUN 17
valores_ideales [30,38,8,22,10,19,36,10,15,15,35,26,32,15,32,22,31,21,38,25,28,3,33,46,42,9,23,22,8,7,17,18,25,23,16,14,27,33,16,20,31,28,17,30,5,15,23,19,2,35]
costo_por_agente [70,72,12,44,10,119,72,10,15,15,83,26,82,15,54,90,31,79,72,83,100,3,111,46,68,9,23,82,8,7,19,18,25,79,16,16,27,61,16,20,121,28,17,38,79,15,79,25,2,57]
completion_time_por_agente [136,129,13,50,10,200,151,10,15,15,154,26,144,15,101,165,31,155,140,158,192,3,207,49,104,10,24,162,12,7,22,18,25,152,16,19,28,107,16,20,219,28,17,58,178,15,153,35,2,100]
tiempo_ultimo_agente_goal 219
tiempo_en_acabar 219
tiempo_promedio 76.320000
agentes_en_goal 50
bad_good_total_rate_pred [53564,50662,104226,0.5]
push_out_count 41721
RUN 18
valores_ideales [30,38,8,22,10,19,36,10,15,15,35,26,32,15,32,22,31,21,38,25,28,3,33,46,42,9,23,22,8,7,17,18,25,23,16,14,27,33,16,20,31,28,17,30,5,15,23,19,2,35]
costo_por_agente [54,64,12,66,10,23,38,10,15,15,45,26,46,15,80,44,31,63,58,51,46,3,33,48,42,9,23,68,8,7,19,18,25,37,16,16,27,39,16,20,41,28,17,66,63,15,47,19,2,71]
completion_time_por_agente [87,99,19,107,11,33,51,10,15,15,65,26,66,15,136,84,31,119,102,101,75,3,33,55,47,9,24,121,8,7,20,18,25,45,17,17,28,43,17,21,66,28,17,111,116,15,85,19,2,115]
tiempo_ultimo_agente_goal 136
tiempo_en_acabar 136
tiempo_promedio 47.980000
agentes_en_goal 50
bad_good_total_rate_pred [31593,32137,63730,0.5]
push_out_count 41912
RUN 19
valores_ideales [30,38,8,22,10,19,36,10,15,15,35,26,32,15,32,22,31,21,38,25,28,3,33,46,42,9,23,22,8,7,17,18,25,23,16,14,27,33,16,20,31,28,17,30,5,15,23,19,2,35]
costo_por_agente [54,50,8,78,10,23,54,10,15,15,61,26,52,15,74,60,31,43,72,47,82,3,53,50,42,9,23,60,8,7,19,18,25,55,16,16,27,37,16,20,61,28,17,52,63,15,33,19,2,63]
completion_time_por_agente [90,85,9,125,10,25,85,10,15,15,81,26,81,16,124,111,31,58,124,83,141,3,76,59,46,9,24,120,12,7,22,18,25,116,16,17,28,49,16,20,100,28,17,85,116,16,55,19,2,98]
tiempo_ultimo_agente_goal 141
tiempo_en_acabar 141
tiempo_promedio 51.279999
agentes_en_goal 50
bad_good_total_rate_pred [34020,35469,69489,0.5]
push_out_count 42134
RUN 20
valores_ideales [30,38,8,22,10,19,36,10,15,15,35,26,32,15,32,22,31,21,38,25,28,3,33,46,42,9,23,22,8,7,17,18,25,23,16,14,27,33,16,20,31,28,17,30,5,15,23,19,2,35]
costo_por_agente [98,88,8,110,14,63,46,10,15,15,41,26,74,15,72,52,31,113,76,117,74,3,101,50,78,9,23,108,12,7,19,18,25,117,16,16,27,101,16,20,97,28,17,76,111,15,63,19,2,89]
completion_time_por_agente [211,189,9,219,19,126,79,10,15,15,52,26,139,15,119,93,31,220,140,211,130,3,201,59,141,9,24,214,17,7,21,18,25,213,16,17,27,206,17,22,176,28,17,133,222,15,117,19,2,184]
tiempo_ultimo_agente_goal 222
tiempo_en_acabar 222
tiempo_promedio 84.760002
agentes_en_goal 50
bad_good_total_rate_pred [59680,58101,117781,0.5]
push_out_count 42575
RUN 21
valores_ideales [30,38,8,22,10,19,36,10,15,15,35,26,32,15,32,22,31,21,38,25,28,3,33,46,42,9,23,22,8,7,17,18,25,23,16,14,27,33,16,20,31,28,17,30,5,15,23,19,2,35]
costo_por_agente [46,84,8,86,10,23,36,10,15,15,37,26,74,15,52,76,31,83,64,69,54,3,33,46,42,9,25,68,8,9,19,18,25,31,16,16,27,33,16,20,75,28,17,46,83,15,73,27,2,51]
completion_time_por_agente [83,156,9,148,11,29,42,10,15,15,44,28,133,15,88,137,31,157,103,131,94,3,33,49,47,9,27,135,8,10,20,18,25,56,16,17,28,33,17,21,128,28,17,66,150,15,128,39,2,82]
tiempo_ultimo_agente_goal 157
tiempo_en_acabar 157
tiempo_promedio 54.119999
agentes_en_goal 50
bad_good_total_rate_pred [33802,35006,68808,0.5]
push_out_count 42816
RUN 22
valores_ideales [30,38,8,22,10,19,36,10,15,15,35,26,32,15,32,22,31,21,38,25,28,3,33,46,42,9,23,22,8,7,17,18,25,23,16,14,27,33,16,20,31,28,17,30,5,15,23,19,2,35]
costo_por_agente [78,64,10,64,10,73,78,10,15,15,81,26,84,15,88,106,31,81,82,83,90,3,33,46,50,9,23,94,8,7,21,18,25,65,16,16,27,39,16,20,77,28,17,66,95,15,67,19,2,97]
completion_time_por_agente [152,112,13,109,14,131,132,10,15,15,155,26,162,15,169,176,31,170,141,169,189,3,34,56,79,9,24,183,10,7,24,18,25,114,16,17,27,61,17,25,148,28,17,126,159,15,145,20,2,190]
tiempo_ultimo_agente_goal 190
tiempo_en_acabar 190
tiempo_promedio 74.099998
agentes_en_goal 50
bad_good_total_rate_pred [50135,50545,100680,0.5]
push_out_count 43209
RUN 23
valores_ideales [30,38,8,22,10,19,36,10,15,15,35,26,32,15,32,22,31,21,38,25,28,3,33,46,42,9,23,22,8,7,17,18,25,23,16,14,27,33,16,20,31,28,17,30,5,15,23,19,2,35]
costo_por_agente [82,90,8,88,10,23,64,10,15,15,35,26,64,15,46,72,31,91,64,73,82,3,35,46,42,9,23,60,8,7,17,18,25,81,16,16,27,37,16,20,57,28,17,70,71,15,55,19,2,67]
completion_time_por_agente [160,149,9,157,11,29,106,10,15,15,36,27,109,16,64,130,31,166,115,130,153,3,41,48,42,9,26,129,8,7,17,18,25,155,16,17,28,45,16,20,94,28,17,135,117,15,114,19,2,99]
tiempo_ultimo_agente_goal 166
tiempo_en_acabar 166
tiempo_promedio 58.959999
agentes_en_goal 50
bad_good_total_rate_pred [37669,39222,76891,0.5]
push_out_count 43483
RUN 24
valores_ideales [30,38,8,22,10,19,36,10,15,15,35,26,32,15,32,22,31,21,38,25,28,3,33,46,42,9,23,22,8,7,17,18,25,23,16,14,27,33,16,20,31,28,17,30,5,15,23,19,2,35]
costo_por_agente [66,52,8,64,10,45,38,10,15,15,51,26,44,15,62,72,31,75,58,77,46,3,43,46,42,9,23,74,8,7,19,18,25,63,16,16,27,73,16,20,67,28,17,40,63,15,27,19,2,87]
completion_time_por_agente [121,76,9,112,10,73,52,10,15,15,86,26,67,16,102,127,31,143,96,142,81,3,47,52,45,9,24,131,8,9,21,18,25,108,16,17,28,123,17,20,124,28,17,60,127,15,40,19,2,140]
tiempo_ultimo_agente_goal 143
tiempo_en_acabar 143
tiempo_promedio 54.060001
agentes_en_goal 50
bad_good_total_rate_pred [36384,36143,72527,0.5]
push_out_count 43693
RUN 25
valores_ideales [30,38,8,22,10,19,36,10,15,15,35,26,32,15,32,22,31,21,38,25,28,3,33,46,42,9,23,22,8,7,17,18,25,23,16,14,27,33,16,20,31,28,17,30,5,15,23,19,2,35]
costo_por_agente [36,50,8,46,10,41,88,10,15,15,51,26,64,15,48,78,31,85,66,59,66,3,53,46,44,9,23,78,26,7,17,18,25,35,16,16,27,39,16,22,57,28,17,72,69,15,63,21,2,53]
completion_time_por_agente [53,76,9,79,11,63,157,10,15,15,74,26,109,17,74,145,31,147,106,103,123,3,79,50,62,9,24,139,53,7,17,18,25,57,16,19,28,46,16,29,98,28,17,123,98,15,116,27,2,90]
tiempo_ultimo_agente_goal 157
tiempo_en_acabar 157
tiempo_promedio 55.080002
agentes_en_goal 50
bad_good_total_rate_pred [37931,36454,74385,0.5]
push_out_count 43942
RUN 26
valores_ideales [30,38,8,22,10,19,36,10,15,15,35,26,32,15,32,22,31,21,38,25,28,3,33,46,42,9,23,22,8,7,17,18,25,23,16,14,27,33,16,20,31,28,17,30,5,15,23,19,2,35]
costo_por_agente [84,76,10,64,12,21,46,10,15,15,35,26,64,15,42,38,31,27,50,83,48,3,37,46,42,9,23,64,10,7,19,18,31,63,16,16,27,35,16,20,55,28,17,72,7,15,83,33,2,61]
completion_time_por_agente [146,129,15,121,15,22,59,10,15,15,40,26,109,16,52,59,31,33,72,143,62,3,45,47,43,9,24,102,14,8,21,18,37,119,16,17,27,35,16,22,98,28,17,137,9,15,150,44,2,101]
tiempo_ultimo_agente_goal 150
tiempo_en_acabar 150
tiempo_promedio 48.279999
agentes_en_goal 50
bad_good_total_rate_pred [30582,32393,62975,0.5]
push_out_count 44149
RUN 27
valores_ideales [30,38,8,22,10,19,36,10,15,15,35,26,32,15,32,22,31,21,38,25,28,3,33,46,42,9,23,22,8,7,17,18,25,23,16,14,27,33,16,20,31,28,17,30,5,15,23,19,2,35]
costo_por_agente [80,64,8,28,10,25,96,10,15,15,41,28,78,15,80,52,31,81,64,83,86,3,33,56,50,9,23,66,10,7,19,18,25,39,16,16,27,51,16,20,73,28,17,64,77,15,45,23,2,45]
completion_time_por_agente [135,113,9,41,11,30,174,10,15,15,57,30,155,16,148,90,31,155,110,173,166,3,34,84,78,9,23,140,12,7,22,18,25,62,16,19,28,72,16,20,141,28,17,117,146,15,82,31,2,64]
tiempo_ultimo_agente_goal 174
tiempo_en_acabar 174
tiempo_promedio 60.299999
agentes_en_goal 50
bad_good_total_rate_pred [38931,41292,80223,0.5]
push_out_count 44461
RUN 28
valores_ideales [30,38,8,22,10,19,36,10,15,15,35,26,32,15,32,22,31,21,38,25,28,3,33,46,42,9,23,22,8,7,17,18,25,23,16,14,27,33,16,20,31,28,17,30,5,15,23,19,2,35]
costo_por_agente [40,72,10,58,10,29,36,10,17,15,43,28,62,15,56,68,31,51,46,63,62,3,35,46,42,9,23,56,8,7,19,18,25,69,16,14,27,33,16,20,45,28,17,52,61,15,49,29,2,79]
completion_time_por_agente [68,129,14,101,12,43,42,10,18,15,61,31,110,15,92,127,31,89,71,108,128,3,35,48,43,10,23,114,9,7,20,18,25,132,16,14,28,33,17,21,66,28,17,69,116,15,93,44,2,119]
tiempo_ultimo_agente_goal 132
tiempo_en_acabar 132
tiempo_promedio 50.000000
agentes_en_goal 50
bad_good_total_rate_pred [32922,33330,66252,0.5]
push_out_count 44658
RUN 29
valores_ideales [30,38,8,22,10,19,36,10,15,15,35,26,32,15,32,22,31,21,38,25,28,3,33,46,42,9,23,22,8,7,17,18,25,23,16,14,27,33,16,20,31,28,17,30,5,15,23,19,2,35]
costo_por_agente [56,66,8,72,10,55,54,10,15,15,65,26,86,15,66,86,31,79,50,57,76,3,33,46,62,11,23,84,8,7,19,18,25,39,16,16,27,39,16,20,69,28,17,54,75,15,67,19,2,53]
completion_time_por_agente [102,115,9,132,11,102,81,10,15,15,113,26,155,15,117,161,31,147,67,109,138,3,40,48,91,16,24,155,10,7,20,18,25,60,16,19,27,56,17,22,119,28,17,89,134,15,129,19,2,85]
tiempo_ultimo_agente_goal 161
tiempo_en_acabar 161
tiempo_promedio 59.639999
agentes_en_goal 50
bad_good_total_rate_pred [41577,39771,81348,0.5]
push_out_count 44948
RUN 30
valores_ideales [30,38,8,22,10,19,36,10,15,15,35,26,32,15,32,22,31,21,38,25,28,3,33,46,42,9,23,22,8,7,17,18,25,23,16,14,27,33,16,20,31,28,17,30,5,15,23,19,2,35]
costo_por_agente [78,60,8,38,10,25,44,10,15,15,61,28,64,15,72,76,31,65,60,75,54,3,33,46,44,9,27,72,10,7,19,18,25,35,16,16,27,37,16,20,49,28,17,60,61,15,53,19,2,71]
completion_time_por_agente [121,100,9,59,11,31,55,10,15,15,108,33,119,15,121,137,31,123,104,137,89,3,36,57,58,9,32,131,12,9,22,18,25,47,16,17,28,40,17,20,81,28,17,92,103,15,100,22,2,126]
tiempo_ultimo_agente_goal 137
tiempo_en_acabar 137
tiempo_promedio 52.520000
agentes_en_goal 50
bad_good_total_rate_pred [35150,34663,69813,0.5]
push_out_count 45149
RUN 31
valores_ideales [30,38,8,22,10,19,36,10,15,15,35,26,32,15,32,22,31,21,38,25,28,3,33,46,42,9,23,22,8,7,17,18,25,23,16,14,27,33,16,20,31,28,17,30,5,15,23,19,2,35]
costo_por_agente [48,60,8,76,10,37,46,10,15,15,51,28,56,15,44,62,31,57,58,59,64,3,33,46,44,9,23,60,10,7,19,18,25,57,16,16,27,39,18,20,61,28,17,42,23,15,69,19,2,43]
completion_time_por_agente [83,104,10,121,10,54,68,10,15,15,71,30,88,17,69,96,31,110,99,105,110,3,33,52,52,9,24,102,10,7,20,18,25,101,16,17,29,48,20,21,101,28,17,65,39,15,118,19,2,56]
tiempo_ultimo_agente_goal 121
tiempo_en_acabar 121
tiempo_promedio 47.660000
agentes_en_goal 50
bad_good_total_rate_pred [36067,27950,64017,0.4]
push_out_count 45305
RUN 32
valores_ideales [30,38,8,22,10,19,36,10,15,15,35,26,32,15,32,22,31,21,38,25,28,3,33,46,42,9,23,22,8,7,17,18,25,23,16,14,27,33,16,20,31,28,17,30,5,15,23,19,2,35]
costo_por_agente [68,54,10,64,10,93,68,10,15,15,35,26,54,15,78,54,31,69,52,77,70,3,37,46,62,9,23,60,8,7,19,18,25,39,16,16,27,35,16,20,57,28,17,50,73,15,65,27,2,61]
completion_time_por_agente [120,86,11,113,10,154,117,10,15,15,38,26,96,15,146,91,31,132,73,141,128,3,41,47,95,9,27,140,10,7,20,18,25,66,16,17,28,40,16,21,101,28,17,85,140,15,126,37,2,98]
tiempo_ultimo_agente_goal 154
tiempo_en_acabar 154
tiempo_promedio 57.259998
agentes_en_goal 50
bad_good_total_rate_pred [37525,37340,74865,0.5]
push_out_count 45562
RUN 33
valores_ideales [30,38,8,22,10,19,36,10,15,15,35,26,32,15,32,22,31,21,38,25,28,3,33,46,42,9,23,22,8,7,17,18,25,23,16,14,27,33,16,20,31,28,17,30,5,15,23,19,2,35]
costo_por_agente [42,66,8,30,10,23,60,10,15,15,69,26,88,15,72,78,31,65,76,81,74,3,79,46,48,9,23,62,10,7,19,18,25,81,16,16,29,45,16,20,61,28,17,38,81,15,73,19,2,65]
completion_time_por_agente [60,103,9,38,10,26,90,10,15,15,114,26,144,16,112,151,31,121,133,149,126,3,109,50,78,10,24,124,14,9,19,18,25,138,16,17,31,72,17,23,108,28,17,60,142,15,124,22,2,112]
tiempo_ultimo_agente_goal 151
tiempo_en_acabar 151
tiempo_promedio 58.520000
agentes_en_goal 50
bad_good_total_rate_pred [40719,40463,81182,0.5]
push_out_count 45853
RUN 34
valores_ideales [30,38,8,22,10,19,36,10,15,15,35,26,32,15,32,22,31,21,38,25,28,3,33,46,42,9,23,22,8,7,17,18,25,23,16,14,27,33,16,20,31,28,17,30,5,15,23,19,2,35]
costo_por_agente [82,56,8,76,10,35,46,10,15,15,43,26,58,15,54,42,31,49,50,55,100,3,33,46,42,9,23,82,8,7,19,18,25,51,16,14,27,71,16,20,81,28,17,66,9,15,39,19,2,45]
completion_time_por_agente [144,91,9,145,11,58,65,10,15,15,55,26,101,15,94,64,31,94,67,102,175,3,34,48,44,10,24,160,8,7,22,18,25,81,16,14,28,115,16,20,152,28,17,122,13,15,49,22,2,61]
tiempo_ultimo_agente_goal 175
tiempo_en_acabar 175
tiempo_promedio 51.220001
agentes_en_goal 50
bad_good_total_rate_pred [34018,33944,67962,0.5]
push_out_count 46086
RUN 35
valores_ideales [30,38,8,22,10,19,36,10,15,15,35,26,32,15,32,22,31,21,38,25,28,3,33,46,42,9,23,22,8,7,17,18,25,23,16,14,27,33,16,20,31,28,17,30,5,15,23,19,2,35]
costo_por_agente [48,68,8,100,10,37,90,10,15,15,49,32,56,15,60,22,31,89,48,69,66,3,33,48,42,9,23,78,10,7,19,18,25,77,16,16,27,37,16,20,93,28,17,86,83,15,73,19,2,63]
completion_time_por_agente [64,120,9,184,10,53,166,10,15,15,69,39,99,15,106,26,31,174,65,134,119,3,33,55,44,10,24,153,10,9,22,18,25,126,16,17,30,54,16,25,167,28,17,162,149,15,131,19,2,111]
tiempo_ultimo_agente_goal 184
tiempo_en_acabar 184
tiempo_promedio 60.279999
agentes_en_goal 50
bad_good_total_rate_pred [35665,42708,78373,0.5]
push_out_count 46402
RUN 36
valores_ideales [30,38,8,22,10,19,36,10,15,15,35,26,32,15,32,22,31,21,38,25,28,3,33,46,42,9,23,22,8,7,17,18,25,23,16,14,27,33,16,20,31,28,17,30,5,15,23,19,2,35]
costo_por_agente [78,54,8,26,10,21,42,10,15,15,57,26,76,15,74,70,31,53,62,55,68,3,51,46,48,9,23,72,8,7,17,18,25,27,16,16,27,33,16,24,49,28,17,44,31,15,43,25,2,47]
completion_time_por_agente [129,90,11,37,11,24,65,10,15,15,87,26,123,15,126,133,31,93,103,105,123,3,75,51,62,9,24,128,10,7,17,18,25,35,17,19,28,33,16,29,74,28,17,67,43,15,79,34,2,68]
tiempo_ultimo_agente_goal 133
tiempo_en_acabar 133
tiempo_promedio 48.099998
agentes_en_goal 50
bad_good_total_rate_pred [33108,30594,63702,0.5]
push_out_count 46583
RUN 37
valores_ideales [30,38,8,22,10,19,36,10,15,15,35,26,32,15,32,22,31,21,38,25,28,3,33,46,42,9,23,22,8,7,17,18,25,23,16,14,27,33,16,20,31,28,17,30,5,15,23,19,2,35]
costo_por_agente [60,76,22,62,10,59,36,10,15,15,37,26,56,15,44,84,31,107,48,89,100,3,33,46,60,9,23,70,10,7,19,18,25,39,16,16,27,45,16,20,53,28,17,70,95,15,31,25,2,47]
completion_time_por_agente [131,148,42,118,11,86,48,10,15,15,46,26,115,15,65,175,31,183,75,163,200,3,38,48,93,10,24,135,12,8,22,18,25,69,17,19,28,62,16,20,100,28,17,130,193,15,59,35,2,63]
tiempo_ultimo_agente_goal 200
tiempo_en_acabar 200
tiempo_promedio 60.540001
agentes_en_goal 50
bad_good_total_rate_pred [39950,39703,79653,0.5]
push_out_count 46870
RUN 38
valores_ideales [30,38,8,22,10,19,36,10,15,15,35,26,32,15,32,22,31,21,38,25,28,3,33,46,42,9,23,22,8,7,17,18,25,23,16,14,27,33,16,20,31,28,17,30,5,15,23,19,2,35]
costo_por_agente [60,86,8,32,10,25,48,10,15,15,47,26,78,17,56,72,31,67,54,67,32,3,55,58,44,21,23,64,10,7,19,18,25,75,16,16,27,89,16,20,59,28,17,42,81,15,51,23,2,63]
completion_time_por_agente [99,160,8,32,14,31,79,10,15,15,78,26,137,17,87,130,31,146,96,116,44,3,80,85,63,38,24,123,10,7,21,18,25,137,17,17,28,164,17,26,107,28,17,81,139,15,103,32,2,110]
tiempo_ultimo_agente_goal 164
tiempo_en_acabar 164
tiempo_promedio 58.160000
agentes_en_goal 50
bad_good_total_rate_pred [39809,38226,78035,0.5]
push_out_count 47146
RUN 39
valores_ideales [30,38,8,22,10,19,36,10,15,15,35,26,32,15,32,22,31,21,38,25,28,3,33,46,42,9,23,22,8,7,17,18,25,23,16,14,27,33,16,20,31,28,17,30,5,15,23,19,2,35]
costo_por_agente [72,68,8,106,10,23,62,10,15,15,43,26,104,15,56,104,31,77,50,107,92,3,49,48,44,9,23,92,14,7,19,18,25,93,16,16,27,33,16,20,85,28,17,60,103,15,63,29,2,75]
completion_time_por_agente [132,115,9,210,10,26,103,10,15,15,59,26,208,15,93,213,31,120,81,216,188,3,63,55,59,9,26,196,19,7,21,18,25,165,16,19,28,39,17,20,163,28,17,119,202,15,133,45,2,127]
tiempo_ultimo_agente_goal 216
tiempo_en_acabar 216
tiempo_promedio 71.019997
agentes_en_goal 50
bad_good_total_rate_pred [45278,49331,94609,0.5]
push_out_count 47507
