RUN 0
valores_ideales [30,38,8,22,10,19,36,10,15,15,35,26,32,15,32,22,31,21,38,25,28,3,33,46,42,9,23,22,8,7,17,18,25,23,16,14,27,33,16,20,31,28,17,30,5,15,23,19,2,35]
costo_por_agente [64,44,8,76,10,87,54,10,15,15,63,26,56,15,44,76,31,83,40,59,68,3,67,46,46,9,23,72,8,7,19,18,25,65,16,16,27,39,16,20,43,28,17,58,65,15,51,19,2,41]
completion_time_por_agente [116,63,10,146,10,115,80,10,15,15,112,26,95,15,67,143,31,153,48,106,124,3,103,55,63,9,24,123,12,7,22,18,25,119,16,17,28,54,16,20,58,28,17,98,124,15,89,19,2,59]
tiempo_ultimo_agente_goal 153
tiempo_en_acabar 153
tiempo_promedio 54.860001
agentes_en_goal 50
bad_good_total_rate_pred [54253,49278,103531,0.5]
push_out_count 196
RUN 1
valores_ideales [30,38,8,22,10,19,36,10,15,15,35,26,32,15,32,22,31,21,38,25,28,3,33,46,42,9,23,22,8,7,17,18,25,23,16,14,27,33,16,20,31,28,17,30,5,15,23,19,2,35]
costo_por_agente [56,50,10,78,10,39,40,10,15,15,39,26,36,15,74,80,31,95,52,69,74,3,49,48,42,9,23,76,8,7,19,18,25,85,16,18,27,71,16,20,91,28,17,60,13,15,71,19,2,45]
completion_time_por_agente [107,77,10,162,11,65,53,10,15,15,45,26,44,15,146,152,31,157,89,129,131,3,78,54,44,9,24,135,12,9,21,18,25,156,17,23,28,108,17,20,153,28,17,106,15,15,154,19,2,62]
tiempo_ultimo_agente_goal 162
tiempo_en_acabar 162
tiempo_promedio 57.240002
agentes_en_goal 50
bad_good_total_rate_pred [53638,54741,108379,0.5]
push_out_count 257
RUN 2
valores_ideales [30,38,8,22,10,19,36,10,15,15,35,26,32,15,32,22,31,21,38,25,28,3,33,46,42,9,23,22,8,7,17,18,25,23,16,14,27,33,16,20,31,28,17,30,5,15,23,19,2,35]
costo_por_agente [56,48,10,32,10,37,62,10,15,15,39,26,50,15,54,28,31,35,50,53,68,3,63,46,50,9,25,54,8,7,19,18,25,45,16,16,35,39,16,20,35,28,17,60,51,15,59,19,2,43]
completion_time_por_agente [93,81,12,45,12,68,98,10,15,15,62,26,77,15,86,42,31,58,77,98,115,3,102,51,74,10,25,103,10,7,21,18,25,72,17,17,48,47,16,22,48,28,17,96,102,15,100,19,2,74]
tiempo_ultimo_agente_goal 115
tiempo_en_acabar 115
tiempo_promedio 46.500000
agentes_en_goal 50
bad_good_total_rate_pred [44328,43602,87930,0.5]
push_out_count 168
RUN 3
valores_ideales [30,38,8,22,10,19,36,10,15,15,35,26,32,15,32,22,31,21,38,25,28,3,33,46,42,9,23,22,8,7,17,18,25,23,16,14,27,33,16,20,31,28,17,30,5,15,23,19,2,35]
costo_por_agente [36,42,8,62,10,33,40,10,15,15,35,26,42,15,56,70,31,59,48,67,58,3,35,46,52,9,23,52,8,7,19,18,25,55,16,16,31,59,16,26,63,28,17,50,37,15,67,19,2,39]
completion_time_por_agente [49,54,9,111,10,51,49,10,15,15,40,26,70,17,91,126,31,113,70,121,107,3,41,56,68,9,27,99,10,7,22,18,25,86,19,19,37,93,16,33,113,28,17,99,74,15,116,22,2,50]
tiempo_ultimo_agente_goal 126
tiempo_en_acabar 126
tiempo_promedio 48.180000
agentes_en_goal 50
bad_good_total_rate_pred [47475,44681,92156,0.5]
push_out_count 174
RUN 4
valores_ideales [30,38,8,22,10,19,36,10,15,15,35,26,32,15,32,22,31,21,38,25,28,3,33,46,42,9,23,22,8,7,17,18,25,23,16,14,27,33,16,20,31,28,17,30,5,15,23,19,2,35]
costo_por_agente [56,62,8,80,10,21,48,10,15,15,77,26,42,15,42,84,31,87,60,63,58,3,97,50,42,9,23,78,10,7,19,18,25,63,18,16,27,33,16,20,47,28,17,56,75,15,69,23,2,45]
completion_time_por_agente [95,96,9,143,10,25,62,10,15,16,128,26,67,16,57,163,31,128,104,122,114,3,166,68,51,10,24,142,10,7,20,18,25,98,18,19,27,43,16,23,77,28,17,119,150,15,121,28,2,75]
tiempo_ultimo_agente_goal 166
tiempo_en_acabar 166
tiempo_promedio 57.139999
agentes_en_goal 50
bad_good_total_rate_pred [59341,49753,109094,0.5]
push_out_count 232
RUN 5
valores_ideales [30,38,8,22,10,19,36,10,15,15,35,26,32,15,32,22,31,21,38,25,28,3,33,46,42,9,23,22,8,7,17,18,25,23,16,14,27,33,16,20,31,28,17,30,5,15,23,19,2,35]
costo_por_agente [50,68,8,62,10,23,36,10,15,15,65,26,54,15,60,36,31,71,40,63,76,3,37,46,48,9,23,68,8,7,23,18,25,73,16,16,29,43,16,24,47,28,17,50,65,15,55,19,2,57]
completion_time_por_agente [105,111,9,121,10,35,44,10,15,15,98,26,112,16,121,49,31,121,47,123,142,3,49,54,70,9,24,130,10,7,30,18,25,135,16,19,30,55,17,33,74,28,17,85,116,15,84,21,2,96]
tiempo_ultimo_agente_goal 142
tiempo_en_acabar 142
tiempo_promedio 52.660000
agentes_en_goal 50
bad_good_total_rate_pred [50669,48745,99414,0.5]
push_out_count 201
RUN 6
valores_ideales [30,38,8,22,10,19,36,10,15,15,35,26,32,15,32,22,31,21,38,25,28,3,33,46,42,9,23,22,8,7,17,18,25,23,16,14,27,33,16,20,31,28,17,30,5,15,23,19,2,35]
costo_por_agente [52,40,8,24,10,21,62,10,15,15,41,26,52,15,42,32,31,61,42,59,60,3,37,46,46,9,23,58,8,7,17,18,31,29,16,16,27,71,16,28,63,28,17,60,29,15,49,25,2,61]
completion_time_por_agente [89,56,9,29,10,25,103,10,16,15,60,26,81,15,59,53,31,106,58,111,110,3,52,62,63,9,24,104,10,7,17,18,40,38,16,17,28,119,17,38,109,28,17,102,51,15,81,34,2,93]
tiempo_ultimo_agente_goal 119
tiempo_en_acabar 119
tiempo_promedio 45.720001
agentes_en_goal 50
bad_good_total_rate_pred [46055,40702,86757,0.5]
push_out_count 165
RUN 7
valores_ideales [30,38,8,22,10,19,36,10,15,15,35,26,32,15,32,22,31,21,38,25,28,3,33,46,42,9,23,22,8,7,17,18,25,23,16,14,27,33,16,20,31,28,17,30,5,15,23,19,2,35]
costo_por_agente [54,54,10,72,10,83,50,10,15,15,47,26,42,15,40,56,31,59,62,67,86,3,73,50,60,9,23,80,8,7,19,18,25,33,18,16,27,35,16,20,53,28,17,44,35,15,43,21,2,67]
completion_time_por_agente [105,80,14,112,11,145,72,10,15,15,59,26,61,15,57,115,31,119,100,117,141,3,123,61,99,9,24,131,10,7,21,18,25,48,26,17,29,36,16,22,81,29,17,67,58,15,65,26,2,115]
tiempo_ultimo_agente_goal 145
tiempo_en_acabar 145
tiempo_promedio 52.400002
agentes_en_goal 50
bad_good_total_rate_pred [52490,45777,98267,0.5]
push_out_count 212
RUN 8
valores_ideales [30,38,8,22,10,19,36,10,15,15,35,26,32,15,32,22,31,21,38,25,28,3,33,46,42,9,23,22,8,7,17,18,25,23,16,14,27,33,16,20,31,28,17,30,5,15,23,19,2,35]
costo_por_agente [48,54,8,30,10,21,42,10,15,15,35,26,54,15,48,76,31,75,56,65,50,3,59,48,44,9,23,68,8,7,19,18,25,71,16,16,27,57,16,20,59,28,17,70,65,15,73,19,2,83]
completion_time_por_agente [74,95,9,44,10,30,64,10,15,15,39,26,94,15,72,135,31,145,83,133,77,3,93,67,59,10,24,133,8,7,22,18,25,146,16,17,27,101,16,24,108,28,17,119,137,15,137,22,2,148]
tiempo_ultimo_agente_goal 148
tiempo_en_acabar 148
tiempo_promedio 55.299999
agentes_en_goal 50
bad_good_total_rate_pred [53521,52030,105551,0.5]
push_out_count 247
RUN 9
valores_ideales [30,38,8,22,10,19,36,10,15,15,35,26,32,15,32,22,31,21,38,25,28,3,33,46,42,9,23,22,8,7,17,18,25,23,16,14,27,33,16,20,31,28,17,30,5,15,23,19,2,35]
costo_por_agente [84,48,10,98,10,63,38,10,15,15,55,26,62,15,82,78,31,77,54,79,84,3,77,46,42,9,23,78,8,7,19,18,25,63,16,16,27,61,16,20,45,28,17,52,85,15,83,21,2,63]
completion_time_por_agente [136,62,11,167,10,117,44,10,15,15,84,26,101,15,152,130,31,149,87,139,144,3,120,54,47,10,24,147,8,7,20,18,25,106,16,17,28,99,17,20,72,28,17,82,150,15,150,28,2,113]
tiempo_ultimo_agente_goal 167
tiempo_en_acabar 167
tiempo_promedio 61.759998
agentes_en_goal 50
bad_good_total_rate_pred [58812,60494,119306,0.5]
push_out_count 316
RUN 10
valores_ideales [30,38,8,22,10,19,36,10,15,15,35,26,32,15,32,22,31,21,38,25,28,3,33,46,42,9,23,22,8,7,17,18,25,23,16,14,27,33,16,20,31,28,17,30,5,15,23,19,2,35]
costo_por_agente [58,50,10,64,10,35,36,10,15,15,51,26,56,15,50,58,31,51,52,57,40,3,37,46,58,9,23,32,10,7,19,18,25,45,16,16,35,35,16,20,33,28,17,50,25,15,57,19,2,53]
completion_time_por_agente [98,58,13,111,10,56,43,10,15,15,70,26,95,15,74,98,31,95,79,95,57,3,47,55,77,9,24,49,10,7,21,18,25,61,16,17,48,46,17,22,42,28,17,85,56,15,109,19,2,95]
tiempo_ultimo_agente_goal 111
tiempo_en_acabar 111
tiempo_promedio 44.080002
agentes_en_goal 50
bad_good_total_rate_pred [40709,42905,83614,0.5]
push_out_count 148
RUN 11
valores_ideales [30,38,8,22,10,19,36,10,15,15,35,26,32,15,32,22,31,21,38,25,28,3,33,46,42,9,23,22,8,7,17,18,25,23,16,14,27,33,16,20,31,28,17,30,5,15,23,19,2,35]
costo_por_agente [70,56,10,90,10,51,68,10,15,15,59,26,76,15,48,80,31,93,56,73,60,3,41,48,42,9,23,82,10,7,19,18,25,67,16,16,27,45,16,20,59,28,17,80,87,15,73,19,2,39]
completion_time_por_agente [126,91,13,146,10,84,112,10,15,15,91,26,127,15,77,134,31,143,95,139,102,3,48,60,44,9,24,138,10,7,22,18,25,95,19,17,28,69,17,20,111,28,17,140,142,15,128,22,2,63]
tiempo_ultimo_agente_goal 146
tiempo_en_acabar 146
tiempo_promedio 58.860001
agentes_en_goal 50
bad_good_total_rate_pred [54397,55730,110127,0.5]
push_out_count 243
RUN 12
valores_ideales [30,38,8,22,10,19,36,10,15,15,35,26,32,15,32,22,31,21,38,25,28,3,33,46,42,9,23,22,8,7,17,18,25,23,16,14,27,33,16,20,31,28,17,30,5,15,23,19,2,35]
costo_por_agente [64,54,8,78,10,27,44,10,15,15,63,30,72,15,66,76,31,73,42,83,78,3,51,50,52,9,23,74,10,7,19,18,27,75,16,16,27,71,16,30,49,28,17,38,69,15,59,21,2,51]
completion_time_por_agente [106,80,9,164,11,38,61,10,15,15,104,35,126,15,111,150,31,143,52,163,143,3,66,67,75,9,23,130,12,7,21,18,32,140,16,19,28,125,16,41,76,28,17,60,148,15,129,24,2,81]
tiempo_ultimo_agente_goal 164
tiempo_en_acabar 164
tiempo_promedio 60.200001
agentes_en_goal 50
bad_good_total_rate_pred [57130,58698,115828,0.5]
push_out_count 289
RUN 13
valores_ideales [30,38,8,22,10,19,36,10,15,15,35,26,32,15,32,22,31,21,38,25,28,3,33,46,42,9,23,22,8,7,17,18,25,23,16,14,27,33,16,20,31,28,17,30,5,15,23,19,2,35]
costo_por_agente [62,52,8,60,10,39,42,10,15,15,47,26,56,15,52,72,31,71,66,73,76,3,65,46,46,9,23,68,10,7,19,18,25,23,16,16,27,53,16,20,65,28,17,64,79,15,63,19,2,61]
completion_time_por_agente [107,81,10,115,10,53,61,10,15,15,67,26,100,15,82,135,31,151,119,135,140,3,113,54,66,10,24,146,10,7,21,18,25,33,17,17,29,91,17,24,128,28,17,132,142,15,117,19,2,98]
tiempo_ultimo_agente_goal 151
tiempo_en_acabar 151
tiempo_promedio 58.020000
agentes_en_goal 50
bad_good_total_rate_pred [56447,54929,111376,0.5]
push_out_count 266
RUN 14
valores_ideales [30,38,8,22,10,19,36,10,15,15,35,26,32,15,32,22,31,21,38,25,28,3,33,46,42,9,23,22,8,7,17,18,25,23,16,14,27,33,16,20,31,28,17,30,5,15,23,19,2,35]
costo_por_agente [52,54,8,76,10,23,46,10,15,15,35,26,52,15,44,52,31,63,44,75,66,3,39,46,42,9,23,64,12,7,19,18,25,77,16,16,27,55,16,20,51,28,17,60,7,15,51,19,2,63]
completion_time_por_agente [87,85,9,116,11,26,67,10,15,15,37,26,85,15,64,62,31,112,59,121,108,3,44,49,44,10,25,117,14,7,20,18,25,126,16,17,27,80,16,23,84,28,17,96,8,15,90,19,2,106]
tiempo_ultimo_agente_goal 126
tiempo_en_acabar 126
tiempo_promedio 46.139999
agentes_en_goal 50
bad_good_total_rate_pred [42477,44163,86640,0.5]
push_out_count 170
RUN 15
valores_ideales [30,38,8,22,10,19,36,10,15,15,35,26,32,15,32,22,31,21,38,25,28,3,33,46,42,9,23,22,8,7,17,18,25,23,16,14,27,33,16,20,31,28,17,30,5,15,23,19,2,35]
costo_por_agente [48,60,10,24,10,25,72,10,15,15,59,26,70,15,60,22,31,63,56,63,74,3,41,46,48,9,23,82,8,7,19,18,25,85,18,16,27,59,16,20,33,28,17,62,19,15,67,19,2,35]
completion_time_por_agente [76,89,12,27,10,27,123,10,16,15,96,26,118,15,103,29,31,127,84,113,139,3,59,48,60,9,24,142,10,7,21,18,25,155,26,19,29,105,17,22,42,28,17,105,31,15,130,20,2,43]
tiempo_ultimo_agente_goal 155
tiempo_en_acabar 155
tiempo_promedio 50.360001
agentes_en_goal 50
bad_good_total_rate_pred [46110,49997,96107,0.5]
push_out_count 220
RUN 16
valores_ideales [30,38,8,22,10,19,36,10,15,15,35,26,32,15,32,22,31,21,38,25,28,3,33,46,42,9,23,22,8,7,17,18,25,23,16,14,27,33,16,20,31,28,17,30,5,15,23,19,2,35]
costo_por_agente [40,42,8,52,10,21,48,10,15,15,59,26,58,15,48,58,31,65,46,55,68,3,33,50,60,9,23,54,8,7,19,18,25,43,16,16,29,41,16,22,41,28,17,52,55,15,51,19,2,37]
completion_time_por_agente [56,61,9,93,10,26,77,10,15,15,90,26,90,15,80,112,31,116,65,88,123,3,35,70,89,9,24,92,10,7,20,18,25,78,18,17,33,58,16,25,64,28,17,87,96,15,93,19,2,42]
tiempo_ultimo_agente_goal 123
tiempo_en_acabar 123
tiempo_promedio 46.360001
agentes_en_goal 50
bad_good_total_rate_pred [43826,44697,88523,0.5]
push_out_count 170
RUN 17
valores_ideales [30,38,8,22,10,19,36,10,15,15,35,26,32,15,32,22,31,21,38,25,28,3,33,46,42,9,23,22,8,7,17,18,25,23,16,14,27,33,16,20,31,28,17,30,5,15,23,19,2,35]
costo_por_agente [56,46,8,68,10,35,40,10,15,15,35,26,46,15,68,64,31,75,60,53,84,3,71,46,52,9,23,76,8,7,19,18,25,87,16,16,27,37,16,20,75,28,17,56,85,15,41,19,2,47]
completion_time_por_agente [103,71,10,140,10,58,47,10,15,15,39,29,83,15,125,104,31,151,103,99,147,3,105,56,70,11,27,153,8,7,22,18,25,161,16,17,28,47,16,20,127,28,17,94,155,15,66,19,2,68]
tiempo_ultimo_agente_goal 161
tiempo_en_acabar 161
tiempo_promedio 56.119999
agentes_en_goal 50
bad_good_total_rate_pred [55045,50734,105779,0.5]
push_out_count 227
RUN 18
valores_ideales [30,38,8,22,10,19,36,10,15,15,35,26,32,15,32,22,31,21,38,25,28,3,33,46,42,9,23,22,8,7,17,18,25,23,16,14,27,33,16,20,31,28,17,30,5,15,23,19,2,35]
costo_por_agente [70,80,12,108,10,27,36,10,15,15,61,30,56,15,68,34,31,75,50,81,70,3,33,46,52,9,23,80,8,7,19,18,25,77,16,16,35,63,16,20,39,28,17,82,7,15,75,19,2,63]
completion_time_por_agente [136,135,14,167,12,30,38,10,15,15,115,35,116,15,140,40,31,142,76,157,151,3,34,51,73,9,24,141,10,7,21,18,25,158,17,17,46,108,16,22,54,28,17,151,7,16,132,19,2,128]
tiempo_ultimo_agente_goal 167
tiempo_en_acabar 167
tiempo_promedio 58.880001
agentes_en_goal 50
bad_good_total_rate_pred [55322,55999,111321,0.5]
push_out_count 255
RUN 19
valores_ideales [30,38,8,22,10,19,36,10,15,15,35,26,32,15,32,22,31,21,38,25,28,3,33,46,42,9,23,22,8,7,17,18,25,23,16,14,27,33,16,20,31,28,17,30,5,15,23,19,2,35]
costo_por_agente [50,44,8,38,10,63,44,10,15,15,35,26,54,15,40,38,31,53,44,41,56,3,37,46,46,9,23,48,8,7,19,18,25,35,16,16,27,33,16,20,31,28,17,46,35,15,53,21,2,47]
completion_time_por_agente [77,64,10,52,10,108,56,10,15,15,36,26,79,15,54,57,31,101,62,69,98,3,41,46,51,10,24,87,10,7,21,18,25,46,16,17,31,36,17,24,40,29,17,67,68,15,93,25,2,65]
tiempo_ultimo_agente_goal 108
tiempo_en_acabar 108
tiempo_promedio 39.919998
agentes_en_goal 50
bad_good_total_rate_pred [40250,34549,74799,0.5]
push_out_count 107
RUN 20
valores_ideales [30,38,8,22,10,19,36,10,15,15,35,26,32,15,32,22,31,21,38,25,28,3,33,46,42,9,23,22,8,7,17,18,25,23,16,14,27,33,16,20,31,28,17,30,5,15,23,19,2,35]
costo_por_agente [62,42,8,24,10,21,40,10,15,15,37,26,56,15,48,24,31,59,42,57,56,3,47,46,50,9,23,70,8,7,19,18,25,59,16,16,27,49,16,20,35,28,17,46,57,15,39,19,2,41]
completion_time_por_agente [109,55,9,33,10,27,51,10,15,15,49,26,92,15,70,33,31,112,66,112,117,3,70,50,70,10,24,126,10,7,21,18,25,117,16,19,27,73,16,22,54,28,17,72,107,15,65,19,2,57]
tiempo_ultimo_agente_goal 126
tiempo_en_acabar 126
tiempo_promedio 44.340000
agentes_en_goal 50
bad_good_total_rate_pred [43331,41136,84467,0.5]
push_out_count 144
RUN 21
valores_ideales [30,38,8,22,10,19,36,10,15,15,35,26,32,15,32,22,31,21,38,25,28,3,33,46,42,9,23,22,8,7,17,18,25,23,16,14,27,33,16,20,31,28,17,30,5,15,23,19,2,35]
costo_por_agente [64,56,8,22,10,23,36,10,15,15,39,26,48,15,66,26,31,49,40,65,76,3,35,46,58,9,23,78,8,7,19,18,25,77,16,16,27,33,16,20,65,28,17,36,31,15,63,19,2,63]
completion_time_por_agente [115,80,9,29,10,29,36,10,16,15,46,26,86,15,112,36,31,77,50,108,129,3,39,48,88,9,24,130,8,9,21,18,28,126,16,19,27,34,16,23,108,28,17,54,57,15,111,19,2,111]
tiempo_ultimo_agente_goal 130
tiempo_en_acabar 130
tiempo_promedio 45.459999
agentes_en_goal 50
bad_good_total_rate_pred [38992,46566,85558,0.5]
push_out_count 178
RUN 22
valores_ideales [30,38,8,22,10,19,36,10,15,15,35,26,32,15,32,22,31,21,38,25,28,3,33,46,42,9,23,22,8,7,17,18,25,23,16,14,27,33,16,20,31,28,17,30,5,15,23,19,2,35]
costo_por_agente [62,56,8,30,10,21,60,10,15,15,59,26,50,15,66,36,31,59,48,57,58,3,55,46,46,9,23,66,8,7,19,18,31,29,16,16,29,43,16,20,47,28,17,64,53,15,71,19,2,55]
completion_time_por_agente [115,89,10,39,10,30,97,10,15,15,98,26,87,15,116,57,31,120,68,112,105,3,78,48,60,9,24,114,10,7,21,18,41,46,16,17,34,62,16,21,68,28,17,105,78,15,123,19,2,87]
tiempo_ultimo_agente_goal 123
tiempo_en_acabar 123
tiempo_promedio 49.040001
agentes_en_goal 50
bad_good_total_rate_pred [46629,46724,93353,0.5]
push_out_count 189
RUN 23
valores_ideales [30,38,8,22,10,19,36,10,15,15,35,26,32,15,32,22,31,21,38,25,28,3,33,46,42,9,23,22,8,7,17,18,25,23,16,14,27,33,16,20,31,28,17,30,5,15,23,19,2,35]
costo_por_agente [80,84,8,40,10,37,60,10,15,15,37,26,68,15,60,36,31,93,46,99,82,3,89,48,46,9,23,90,8,7,19,18,25,97,16,16,27,41,16,20,41,28,17,76,95,15,89,19,2,49]
completion_time_por_agente [159,151,9,60,10,61,97,10,15,15,42,26,123,15,101,57,31,177,69,180,167,3,166,54,71,9,24,167,12,7,22,18,25,174,18,17,28,53,16,20,69,28,17,145,172,18,175,19,2,80]
tiempo_ultimo_agente_goal 180
tiempo_en_acabar 180
tiempo_promedio 64.080002
agentes_en_goal 50
bad_good_total_rate_pred [54954,67201,122155,0.6]
push_out_count 327
RUN 24
valores_ideales [30,38,8,22,10,19,36,10,15,15,35,26,32,15,32,22,31,21,38,25,28,3,33,46,42,9,23,22,8,7,17,18,25,23,16,14,27,33,16,20,31,28,17,30,5,15,23,19,2,35]
costo_por_agente [54,56,8,30,10,39,36,10,15,15,47,26,68,15,66,96,31,87,44,95,118,3,61,48,50,9,23,94,8,7,19,18,25,87,18,16,29,43,16,20,47,28,17,58,101,15,87,23,2,59]
completion_time_por_agente [100,97,9,36,10,67,42,10,15,15,71,26,125,17,118,192,31,163,63,179,203,3,93,57,69,9,24,186,13,7,21,18,25,175,21,19,34,64,16,22,64,28,17,110,186,15,155,29,2,106]
tiempo_ultimo_agente_goal 203
tiempo_en_acabar 203
tiempo_promedio 63.540001
agentes_en_goal 50
bad_good_total_rate_pred [62981,58414,121395,0.5]
push_out_count 306
RUN 25
valores_ideales [30,38,8,22,10,19,36,10,15,15,35,26,32,15,32,22,31,21,38,25,28,3,33,46,42,9,23,22,8,7,17,18,25,23,16,14,27,33,16,20,31,28,17,30,5,15,23,19,2,35]
costo_por_agente [40,60,8,60,10,55,44,10,15,15,77,26,68,15,82,92,31,81,74,85,110,3,93,60,68,9,23,106,8,7,19,18,25,87,16,16,27,65,16,20,37,28,17,38,81,15,87,19,2,45]
completion_time_por_agente [52,107,9,80,11,101,64,10,15,16,163,26,129,15,159,176,31,152,146,179,220,3,159,86,116,9,24,213,10,7,21,18,25,183,16,17,28,104,17,24,52,28,17,50,183,15,180,19,2,66]
tiempo_ultimo_agente_goal 220
tiempo_en_acabar 220
tiempo_promedio 71.059998
agentes_en_goal 50
bad_good_total_rate_pred [68627,69747,138374,0.5]
push_out_count 363
RUN 26
valores_ideales [30,38,8,22,10,19,36,10,15,15,35,26,32,15,32,22,31,21,38,25,28,3,33,46,42,9,23,22,8,7,17,18,25,23,16,14,27,33,16,20,31,28,17,30,5,15,23,19,2,35]
costo_por_agente [48,44,8,52,10,39,36,10,15,15,39,26,60,15,34,46,31,51,46,51,48,3,45,50,46,9,23,40,8,9,19,18,25,35,16,16,27,55,16,20,53,28,17,50,7,15,53,19,2,37]
completion_time_por_agente [84,64,9,75,11,70,40,10,15,15,60,26,92,15,40,71,31,93,64,91,64,3,72,60,55,9,24,68,8,9,20,18,25,68,16,17,27,90,17,22,83,28,17,77,7,15,96,19,2,43]
tiempo_ultimo_agente_goal 96
tiempo_en_acabar 96
tiempo_promedio 41.099998
agentes_en_goal 50
bad_good_total_rate_pred [37182,40790,77972,0.5]
push_out_count 128
RUN 27
valores_ideales [30,38,8,22,10,19,36,10,15,15,35,26,32,15,32,22,31,21,38,25,28,3,33,46,42,9,23,22,8,7,17,18,25,23,16,14,27,33,16,20,31,28,17,30,5,15,23,19,2,35]
costo_por_agente [86,68,8,88,10,43,72,10,15,15,35,26,92,15,76,94,31,81,50,67,76,3,65,46,86,9,23,82,8,7,19,18,25,97,16,14,27,49,16,20,47,28,17,68,95,15,75,19,2,79]
completion_time_por_agente [164,116,9,183,11,78,133,10,15,15,38,26,174,15,150,167,31,170,70,150,123,3,113,47,141,9,24,155,8,7,21,18,25,190,16,14,29,67,17,23,79,28,17,121,184,15,149,19,2,143]
tiempo_ultimo_agente_goal 190
tiempo_en_acabar 190
tiempo_promedio 70.639999
agentes_en_goal 50
bad_good_total_rate_pred [64036,72326,136362,0.5]
push_out_count 407
RUN 28
valores_ideales [30,38,8,22,10,19,36,10,15,15,35,26,32,15,32,22,31,21,38,25,28,3,33,46,42,9,23,22,8,7,17,18,25,23,16,14,27,33,16,20,31,28,17,30,5,15,23,19,2,35]
costo_por_agente [68,66,8,58,10,21,56,10,15,15,35,26,114,15,86,98,31,107,80,83,94,3,35,46,48,9,23,110,10,7,19,18,25,93,16,16,27,99,16,20,53,28,17,62,117,15,89,19,2,39]
completion_time_por_agente [132,129,9,62,10,28,102,10,15,15,38,26,202,15,163,181,31,189,142,175,179,3,38,56,62,9,25,193,13,7,20,18,25,183,16,17,27,180,16,22,83,28,17,116,189,15,181,19,2,46]
tiempo_ultimo_agente_goal 202
tiempo_en_acabar 202
tiempo_promedio 69.580002
agentes_en_goal 50
bad_good_total_rate_pred [61514,70010,131524,0.5]
push_out_count 372
RUN 29
valores_ideales [30,38,8,22,10,19,36,10,15,15,35,26,32,15,32,22,31,21,38,25,28,3,33,46,42,9,23,22,8,7,17,18,25,23,16,14,27,33,16,20,31,28,17,30,5,15,23,19,2,35]
costo_por_agente [66,46,10,58,10,25,36,10,15,15,35,26,52,15,40,42,31,63,48,61,34,3,69,46,52,9,23,52,8,7,19,18,25,75,16,16,27,59,16,20,41,28,17,60,55,15,53,19,2,55]
completion_time_por_agente [112,71,12,91,10,33,45,10,15,15,40,26,87,15,64,61,31,122,78,121,51,3,119,50,74,9,24,82,8,7,21,18,25,137,16,17,27,101,16,21,68,28,17,115,122,15,95,19,2,85]
tiempo_ultimo_agente_goal 137
tiempo_en_acabar 137
tiempo_promedio 49.020000
agentes_en_goal 50
bad_good_total_rate_pred [47406,46022,93428,0.5]
push_out_count 187
RUN 30
valores_ideales [30,38,8,22,10,19,36,10,15,15,35,26,32,15,32,22,31,21,38,25,28,3,33,46,42,9,23,22,8,7,17,18,25,23,16,14,27,33,16,20,31,28,17,30,5,15,23,19,2,35]
costo_por_agente [44,44,10,60,10,33,44,10,15,15,37,26,46,15,58,58,31,53,48,57,54,3,41,46,66,9,23,52,10,7,19,18,25,37,16,16,27,55,16,20,67,28,17,40,9,15,59,21,2,39]
completion_time_por_agente [72,59,12,95,10,50,64,10,15,15,52,26,78,16,86,101,31,107,65,98,87,3,51,52,97,9,24,87,12,7,22,18,25,66,16,17,28,87,17,20,103,28,17,52,11,15,95,29,2,42]
tiempo_ultimo_agente_goal 107
tiempo_en_acabar 107
tiempo_promedio 44.020000
agentes_en_goal 50
bad_good_total_rate_pred [41274,42901,84175,0.5]
push_out_count 158
RUN 31
valores_ideales [30,38,8,22,10,19,36,10,15,15,35,26,32,15,32,22,31,21,38,25,28,3,33,46,42,9,23,22,8,7,17,18,25,23,16,14,27,33,16,20,31,28,17,30,5,15,23,19,2,35]
costo_por_agente [70,54,8,140,10,61,36,10,15,15,35,26,50,15,44,64,31,85,72,107,62,3,69,54,52,9,23,116,8,7,19,18,25,65,16,16,27,37,16,20,35,28,17,54,137,15,131,19,2,37]
completion_time_por_agente [111,87,9,248,10,115,42,10,15,15,42,26,71,15,59,129,31,116,115,219,118,3,128,74,80,9,24,229,8,7,21,18,25,125,17,19,28,43,16,20,45,28,17,98,240,15,241,19,2,50]
tiempo_ultimo_agente_goal 248
tiempo_en_acabar 248
tiempo_promedio 65.040001
agentes_en_goal 50
bad_good_total_rate_pred [62436,62144,124580,0.5]
push_out_count 347
RUN 32
valores_ideales [30,38,8,22,10,19,36,10,15,15,35,26,32,15,32,22,31,21,38,25,28,3,33,46,42,9,23,22,8,7,17,18,25,23,16,14,27,33,16,20,31,28,17,30,5,15,23,19,2,35]
costo_por_agente [84,72,8,34,10,43,38,10,15,15,65,26,70,15,76,80,31,71,48,79,44,3,35,48,52,9,23,78,8,7,21,18,27,41,16,16,29,41,16,24,33,28,17,68,7,15,83,19,2,71]
completion_time_por_agente [155,133,9,51,10,86,46,10,15,15,105,26,120,15,148,155,31,128,78,151,57,3,41,56,72,11,24,148,10,7,26,18,30,60,17,19,33,55,17,33,48,28,17,122,8,15,145,21,2,121]
tiempo_ultimo_agente_goal 155
tiempo_en_acabar 155
tiempo_promedio 55.020000
agentes_en_goal 50
bad_good_total_rate_pred [52629,51780,104409,0.5]
push_out_count 248
RUN 33
valores_ideales [30,38,8,22,10,19,36,10,15,15,35,26,32,15,32,22,31,21,38,25,28,3,33,46,42,9,23,22,8,7,17,18,25,23,16,14,27,33,16,20,31,28,17,30,5,15,23,19,2,35]
costo_por_agente [64,44,8,72,10,21,52,10,15,15,35,26,56,15,58,72,31,69,42,75,78,3,37,48,46,9,23,76,8,7,19,18,25,67,16,16,27,61,16,20,59,28,17,76,71,15,51,19,2,49]
completion_time_por_agente [128,64,9,104,12,26,81,10,16,15,40,26,91,15,104,129,31,131,57,130,145,3,44,56,62,9,24,148,8,7,22,18,25,118,16,19,28,101,16,24,104,28,17,124,134,15,88,19,2,76]
tiempo_ultimo_agente_goal 148
tiempo_en_acabar 148
tiempo_promedio 54.380001
agentes_en_goal 50
bad_good_total_rate_pred [53107,50662,103769,0.5]
push_out_count 239
RUN 34
valores_ideales [30,38,8,22,10,19,36,10,15,15,35,26,32,15,32,22,31,21,38,25,28,3,33,46,42,9,23,22,8,7,17,18,25,23,16,14,27,33,16,20,31,28,17,30,5,15,23,19,2,35]
costo_por_agente [60,68,8,40,10,39,38,10,15,15,45,26,70,15,56,66,31,77,54,69,74,3,61,46,44,9,23,84,8,7,19,18,25,85,16,16,27,51,16,20,59,28,17,68,69,15,63,21,2,47]
completion_time_por_agente [115,108,9,65,10,63,44,10,15,15,59,26,129,15,92,97,31,143,81,130,126,3,88,52,61,9,24,148,13,7,21,18,25,154,16,19,27,81,16,22,109,28,17,125,140,15,116,26,2,71]
tiempo_ultimo_agente_goal 154
tiempo_en_acabar 154
tiempo_promedio 56.720001
agentes_en_goal 50
bad_good_total_rate_pred [56296,51467,107763,0.5]
push_out_count 240
RUN 35
valores_ideales [30,38,8,22,10,19,36,10,15,15,35,26,32,15,32,22,31,21,38,25,28,3,33,46,42,9,23,22,8,7,17,18,25,23,16,14,27,33,16,20,31,28,17,30,5,15,23,19,2,35]
costo_por_agente [80,54,8,52,10,43,50,10,15,15,55,26,46,15,80,90,31,93,72,85,96,3,35,46,54,9,23,78,38,7,19,18,25,73,16,16,27,33,16,20,85,28,17,76,89,15,63,27,2,67]
completion_time_por_agente [149,89,10,71,10,76,78,10,15,15,81,26,86,15,137,171,31,178,121,165,201,3,41,46,71,9,24,138,78,7,20,18,25,132,16,16,29,38,17,21,159,28,17,159,183,15,112,39,2,124]
tiempo_ultimo_agente_goal 201
tiempo_en_acabar 201
tiempo_promedio 66.440002
agentes_en_goal 50
bad_good_total_rate_pred [65234,60420,125654,0.5]
push_out_count 360
RUN 36
valores_ideales [30,38,8,22,10,19,36,10,15,15,35,26,32,15,32,22,31,21,38,25,28,3,33,46,42,9,23,22,8,7,17,18,25,23,16,14,27,33,16,20,31,28,17,30,5,15,23,19,2,35]
costo_por_agente [56,100,10,90,10,25,42,10,15,15,85,26,48,15,52,62,31,97,52,85,80,3,101,46,60,9,23,98,10,7,17,18,25,111,16,16,29,37,16,24,55,28,17,52,95,15,35,19,2,43]
completion_time_por_agente [105,179,13,174,10,31,54,10,15,15,137,26,91,15,70,109,31,182,83,169,155,3,158,51,104,9,24,187,12,7,18,18,25,200,16,17,35,43,17,31,103,28,17,90,183,15,69,19,2,51]
tiempo_ultimo_agente_goal 200
tiempo_en_acabar 200
tiempo_promedio 64.519997
agentes_en_goal 50
bad_good_total_rate_pred [60015,64271,124286,0.5]
push_out_count 339
RUN 37
valores_ideales [30,38,8,22,10,19,36,10,15,15,35,26,32,15,32,22,31,21,38,25,28,3,33,46,42,9,23,22,8,7,17,18,25,23,16,14,27,33,16,20,31,28,17,30,5,15,23,19,2,35]
costo_por_agente [66,52,8,100,10,55,42,10,15,15,61,26,74,15,44,84,31,75,52,73,68,3,57,46,48,9,23,58,8,7,17,18,25,23,16,16,27,83,16,20,55,28,17,30,69,15,73,19,2,41]
completion_time_por_agente [141,87,9,167,11,87,53,10,15,15,99,26,147,15,72,159,31,151,82,145,130,3,96,58,68,10,24,122,10,7,17,18,25,27,17,17,28,154,16,20,95,28,17,48,138,15,157,20,2,61]
tiempo_ultimo_agente_goal 167
tiempo_en_acabar 167
tiempo_promedio 59.400002
agentes_en_goal 50
bad_good_total_rate_pred [56816,56851,113667,0.5]
push_out_count 256
RUN 38
valores_ideales [30,38,8,22,10,19,36,10,15,15,35,26,32,15,32,22,31,21,38,25,28,3,33,46,42,9,23,22,8,7,17,18,25,23,16,14,27,33,16,20,31,28,17,30,5,15,23,19,2,35]
costo_por_agente [64,62,8,22,10,25,40,10,15,15,57,26,52,15,44,70,31,75,54,63,72,3,65,48,46,9,23,70,10,7,19,18,25,73,16,16,29,57,16,20,63,28,17,50,93,15,47,19,2,55]
completion_time_por_agente [122,119,9,32,11,29,64,10,16,15,87,26,81,15,71,143,31,142,85,120,123,3,89,60,65,9,24,132,10,7,21,18,25,128,16,17,35,95,16,24,109,28,17,85,133,15,98,19,2,89]
tiempo_ultimo_agente_goal 143
tiempo_en_acabar 143
tiempo_promedio 54.799999
agentes_en_goal 50
bad_good_total_rate_pred [53423,50183,103606,0.5]
push_out_count 217
RUN 39
valores_ideales [30,38,8,22,10,19,36,10,15,15,35,26,32,15,32,22,31,21,38,25,28,3,33,46,42,9,23,22,8,7,17,18,25,23,16,14,27,33,16,20,31,28,17,30,5,15,23,19,2,35]
costo_por_agente [66,48,8,74,10,23,46,10,15,15,51,26,82,15,58,68,31,73,48,69,56,3,85,46,52,9,23,68,8,7,19,18,25,73,16,16,27,75,16,20,65,28,17,64,65,15,75,19,2,55]
completion_time_por_agente [116,66,9,141,11,25,78,10,15,15,73,26,146,15,93,113,31,146,73,137,93,3,99,56,79,9,25,127,9,7,21,18,25,146,16,19,28,126,16,21,114,28,17,113,89,15,146,19,2,82]
tiempo_ultimo_agente_goal 146
tiempo_en_acabar 146
tiempo_promedio 58.139999
agentes_en_goal 50
bad_good_total_rate_pred [54813,54693,109506,0.5]
push_out_count 234
