RUN 0
valores_ideales [4,20,35,19,38,30,16,24,31,20,4,8,41,29,32,15,4,34,5,30,26,21,22,38,8,25,25,6,38,11,17,25,2,29,12,26,5,5,38,21,16,16,30,15,8,29,15,32,31,18,46,43,22,8,5,18,32,16,17,24,30,22,42,24,14,25,25,33,17,23,47,3,44,6,10,32,3,29,4,23]
costo_por_agente [4,20,35,19,38,30,16,24,31,20,4,8,41,29,32,15,4,34,7,30,26,21,26,38,8,25,25,6,38,11,17,25,2,31,12,26,5,5,38,21,16,16,30,15,8,29,27,32,31,20,46,43,22,8,5,18,32,16,17,24,30,28,42,26,24,25,25,33,19,23,47,5,44,8,10,32,3,29,4,25]
completion_time_por_agente [4,22,35,19,38,30,17,24,32,21,4,8,41,30,32,16,4,34,7,30,26,22,26,38,8,25,29,6,38,11,17,26,2,32,12,26,5,5,38,21,16,17,31,17,10,33,37,32,32,20,46,43,22,8,5,18,32,17,17,27,35,29,42,27,32,28,25,33,19,23,47,5,44,9,10,34,3,29,4,25]
tiempo_ultimo_agente_goal 47
tiempo_en_acabar 47
tiempo_promedio 23.049999
agentes_en_goal 80
bad_good_total_rate_pred [1957,2346,4303,0.5]
push_out_count 6
RUN 1
valores_ideales [4,20,35,19,38,30,16,24,31,20,4,8,41,29,32,15,4,34,5,30,26,21,22,38,8,25,25,6,38,11,17,25,2,29,12,26,5,5,38,21,16,16,30,15,8,29,15,32,31,18,46,43,22,8,5,18,32,16,17,24,30,22,42,24,14,25,25,33,17,23,47,3,44,6,10,32,3,29,4,23]
costo_por_agente [4,22,35,19,38,30,18,24,31,22,4,8,41,29,32,15,4,34,5,30,26,21,24,38,8,25,27,6,38,13,17,25,2,29,12,26,5,5,38,21,16,20,30,15,8,29,17,32,31,18,46,43,22,10,5,18,32,16,19,24,30,26,42,26,18,27,25,33,17,23,47,3,44,6,10,32,3,29,4,23]
completion_time_por_agente [4,22,36,20,38,31,20,24,32,24,4,8,41,30,32,16,4,34,7,30,26,21,24,38,8,25,30,6,38,14,18,26,2,29,12,26,5,5,38,21,16,22,31,15,8,33,18,32,32,20,46,43,22,10,5,18,32,16,19,25,35,29,43,26,18,30,25,33,17,23,47,4,44,8,10,32,3,29,4,26]
tiempo_ultimo_agente_goal 47
tiempo_en_acabar 47
tiempo_promedio 22.725000
agentes_en_goal 80
bad_good_total_rate_pred [1987,2410,4397,0.5]
push_out_count 8
RUN 2
valores_ideales [4,20,35,19,38,30,16,24,31,20,4,8,41,29,32,15,4,34,5,30,26,21,22,38,8,25,25,6,38,11,17,25,2,29,12,26,5,5,38,21,16,16,30,15,8,29,15,32,31,18,46,43,22,8,5,18,32,16,17,24,30,22,42,24,14,25,25,33,17,23,47,3,44,6,10,32,3,29,4,23]
costo_por_agente [4,22,35,19,38,30,18,24,31,20,4,8,41,29,32,15,4,34,7,30,26,21,24,38,8,25,27,6,40,11,19,25,2,31,12,28,5,5,38,21,16,16,30,15,8,29,15,32,31,18,46,43,22,8,5,18,32,24,19,24,30,24,42,24,16,25,25,33,17,23,47,5,44,6,10,32,3,29,4,23]
completion_time_por_agente [4,25,35,21,39,30,27,26,31,21,5,8,41,30,32,17,4,34,7,30,26,22,24,38,8,26,29,6,40,11,24,26,2,31,12,30,5,5,38,21,16,18,31,16,8,33,16,32,32,20,46,43,22,8,5,18,32,24,24,26,31,25,42,25,16,27,26,34,18,24,47,5,44,7,10,34,3,29,5,25]
tiempo_ultimo_agente_goal 47
tiempo_en_acabar 47
tiempo_promedio 22.975000
agentes_en_goal 80
bad_good_total_rate_pred [2205,2493,4698,0.5]
push_out_count 9
RUN 3
valores_ideales [4,20,35,19,38,30,16,24,31,20,4,8,41,29,32,15,4,34,5,30,26,21,22,38,8,25,25,6,38,11,17,25,2,29,12,26,5,5,38,21,16,16,30,15,8,29,15,32,31,18,46,43,22,8,5,18,32,16,17,24,30,22,42,24,14,25,25,33,17,23,47,3,44,6,10,32,3,29,4,23]
costo_por_agente [4,20,35,19,38,30,16,24,31,20,6,8,41,29,34,17,4,34,17,30,26,23,22,38,8,25,25,6,38,11,17,27,2,31,14,26,5,7,38,21,16,20,32,21,8,29,15,32,31,22,46,43,22,8,5,20,34,16,17,24,38,28,42,28,24,25,25,33,17,23,47,3,44,6,10,32,3,29,6,23]
completion_time_por_agente [4,22,35,19,38,35,17,27,31,21,7,8,41,30,34,18,4,34,30,30,26,23,22,38,8,25,25,6,38,12,17,33,2,31,14,26,6,7,38,21,16,23,39,29,8,33,18,32,32,24,46,43,22,8,5,21,37,16,17,28,50,31,42,34,27,27,25,33,17,23,47,4,45,7,10,34,3,29,6,28]
tiempo_ultimo_agente_goal 50
tiempo_en_acabar 50
tiempo_promedio 24.025000
agentes_en_goal 80
bad_good_total_rate_pred [2370,2615,4985,0.5]
push_out_count 23
RUN 4
valores_ideales [4,20,35,19,38,30,16,24,31,20,4,8,41,29,32,15,4,34,5,30,26,21,22,38,8,25,25,6,38,11,17,25,2,29,12,26,5,5,38,21,16,16,30,15,8,29,15,32,31,18,46,43,22,8,5,18,32,16,17,24,30,22,42,24,14,25,25,33,17,23,47,3,44,6,10,32,3,29,4,23]
costo_por_agente [4,20,35,19,38,30,20,24,31,20,4,8,41,29,32,15,4,34,5,30,26,21,22,38,8,25,27,6,38,11,17,25,2,31,18,26,5,5,38,21,16,18,30,15,8,29,15,32,31,18,46,43,22,8,5,18,32,20,17,24,30,26,42,26,20,29,25,33,17,23,47,3,44,6,10,32,3,29,4,23]
completion_time_por_agente [4,22,35,19,39,30,27,25,31,22,4,8,41,30,33,16,4,34,5,31,26,22,22,38,8,25,29,6,39,11,18,25,2,31,23,26,5,5,38,22,16,18,32,17,11,34,17,32,33,20,46,43,22,8,5,18,32,20,17,25,31,30,42,27,24,30,25,34,17,23,47,3,44,8,10,34,3,29,4,27]
tiempo_ultimo_agente_goal 47
tiempo_en_acabar 47
tiempo_promedio 22.987499
agentes_en_goal 80
bad_good_total_rate_pred [2158,2583,4741,0.5]
push_out_count 25
RUN 5
valores_ideales [4,20,35,19,38,30,16,24,31,20,4,8,41,29,32,15,4,34,5,30,26,21,22,38,8,25,25,6,38,11,17,25,2,29,12,26,5,5,38,21,16,16,30,15,8,29,15,32,31,18,46,43,22,8,5,18,32,16,17,24,30,22,42,24,14,25,25,33,17,23,47,3,44,6,10,32,3,29,4,23]
costo_por_agente [4,20,35,19,38,30,18,24,31,20,4,8,41,29,32,17,4,34,5,30,26,21,22,38,8,25,29,6,40,13,17,25,2,29,12,26,5,7,38,21,16,20,30,15,10,29,15,32,31,18,46,43,22,10,5,18,32,16,17,24,30,24,42,24,16,25,25,33,17,25,47,3,44,6,10,32,3,29,4,23]
completion_time_por_agente [4,22,35,21,39,30,20,29,31,20,4,8,41,30,33,18,4,34,5,30,26,22,23,38,8,25,31,6,42,15,18,26,2,29,12,26,5,7,38,23,17,22,31,17,12,33,17,32,32,22,46,43,22,10,5,18,32,16,17,26,31,25,42,24,17,27,25,33,17,25,47,4,44,7,10,34,3,29,4,23]
tiempo_ultimo_agente_goal 47
tiempo_en_acabar 47
tiempo_promedio 22.762501
agentes_en_goal 80
bad_good_total_rate_pred [2081,2350,4431,0.5]
push_out_count 25
RUN 6
valores_ideales [4,20,35,19,38,30,16,24,31,20,4,8,41,29,32,15,4,34,5,30,26,21,22,38,8,25,25,6,38,11,17,25,2,29,12,26,5,5,38,21,16,16,30,15,8,29,15,32,31,18,46,43,22,8,5,18,32,16,17,24,30,22,42,24,14,25,25,33,17,23,47,3,44,6,10,32,3,29,4,23]
costo_por_agente [4,22,35,19,38,30,16,24,31,20,4,8,41,29,32,15,4,34,7,30,26,21,24,40,8,25,27,6,38,11,19,25,2,29,12,26,5,9,38,21,16,18,30,15,8,31,15,32,31,18,46,43,22,8,5,18,32,16,19,24,34,28,42,26,22,27,25,33,17,23,47,5,44,6,10,32,3,29,4,23]
completion_time_por_agente [4,24,38,21,40,30,20,24,32,22,4,8,41,30,34,16,4,34,7,33,27,22,24,40,8,25,30,6,38,11,21,27,2,29,15,29,5,10,38,21,16,20,31,19,9,34,16,32,32,20,46,43,22,8,5,18,32,16,22,25,42,36,44,26,31,30,25,33,17,25,47,5,44,6,10,33,3,29,4,25]
tiempo_ultimo_agente_goal 47
tiempo_en_acabar 47
tiempo_promedio 23.437500
agentes_en_goal 80
bad_good_total_rate_pred [2409,2650,5059,0.5]
push_out_count 29
RUN 7
valores_ideales [4,20,35,19,38,30,16,24,31,20,4,8,41,29,32,15,4,34,5,30,26,21,22,38,8,25,25,6,38,11,17,25,2,29,12,26,5,5,38,21,16,16,30,15,8,29,15,32,31,18,46,43,22,8,5,18,32,16,17,24,30,22,42,24,14,25,25,33,17,23,47,3,44,6,10,32,3,29,4,23]
costo_por_agente [4,20,35,19,38,30,16,24,31,20,6,8,41,29,32,19,4,34,17,30,26,21,22,38,8,25,25,6,38,15,19,25,2,29,14,26,5,9,38,21,16,16,30,19,8,29,17,32,31,18,46,43,22,10,5,20,32,16,27,24,30,24,42,26,26,27,25,33,17,25,47,3,46,8,10,32,3,29,6,23]
completion_time_por_agente [4,24,35,19,38,30,20,24,31,21,6,8,41,30,32,25,4,34,32,30,26,21,22,38,8,25,26,6,38,15,19,26,2,30,15,26,5,9,38,21,16,17,31,27,8,33,17,32,32,20,46,43,22,10,5,20,32,17,36,27,35,25,42,27,37,27,25,33,17,25,50,3,49,8,10,34,3,29,7,28]
tiempo_ultimo_agente_goal 50
tiempo_en_acabar 50
tiempo_promedio 23.862499
agentes_en_goal 80
bad_good_total_rate_pred [2283,2537,4820,0.5]
push_out_count 42
RUN 8
valores_ideales [4,20,35,19,38,30,16,24,31,20,4,8,41,29,32,15,4,34,5,30,26,21,22,38,8,25,25,6,38,11,17,25,2,29,12,26,5,5,38,21,16,16,30,15,8,29,15,32,31,18,46,43,22,8,5,18,32,16,17,24,30,22,42,24,14,25,25,33,17,23,47,3,44,6,10,32,3,29,4,23]
costo_por_agente [4,22,35,19,38,30,18,28,31,22,4,8,41,29,32,15,4,34,9,30,26,21,22,38,8,25,27,6,40,13,17,25,2,29,16,26,5,5,38,23,16,22,30,19,8,31,15,32,31,18,46,43,22,8,5,18,32,22,17,24,30,28,42,24,20,25,25,33,17,23,47,11,44,6,10,32,3,29,6,25]
completion_time_por_agente [4,22,35,21,39,30,20,29,32,22,4,8,41,30,32,17,4,34,10,30,26,22,22,39,8,25,27,6,40,15,17,25,2,29,20,26,5,5,38,23,16,23,33,19,8,33,16,32,32,20,46,43,22,8,5,18,32,25,17,26,31,29,42,24,20,28,25,33,17,23,47,19,44,6,10,34,3,29,6,28]
tiempo_ultimo_agente_goal 47
tiempo_en_acabar 47
tiempo_promedio 23.200001
agentes_en_goal 80
bad_good_total_rate_pred [2128,2625,4753,0.6]
push_out_count 47
RUN 9
valores_ideales [4,20,35,19,38,30,16,24,31,20,4,8,41,29,32,15,4,34,5,30,26,21,22,38,8,25,25,6,38,11,17,25,2,29,12,26,5,5,38,21,16,16,30,15,8,29,15,32,31,18,46,43,22,8,5,18,32,16,17,24,30,22,42,24,14,25,25,33,17,23,47,3,44,6,10,32,3,29,4,23]
costo_por_agente [4,20,35,19,38,30,16,26,31,20,6,8,41,29,32,15,4,34,7,30,26,21,22,38,8,27,25,6,38,15,19,29,2,31,12,26,5,7,38,21,16,22,30,15,10,31,17,32,31,18,46,43,22,10,5,20,32,20,17,26,30,24,42,24,18,25,25,33,17,23,47,5,44,6,10,32,3,29,6,27]
completion_time_por_agente [4,22,35,21,38,30,17,26,32,20,6,8,41,30,32,16,4,34,7,30,26,21,22,38,8,27,25,6,38,15,20,29,2,32,12,26,5,10,38,21,16,29,31,15,10,33,20,32,32,21,46,43,22,10,5,21,32,21,22,27,31,26,42,24,18,28,26,33,17,23,47,6,44,7,10,34,3,29,7,29]
tiempo_ultimo_agente_goal 47
tiempo_en_acabar 47
tiempo_promedio 23.075001
agentes_en_goal 80
bad_good_total_rate_pred [2136,2551,4687,0.5]
push_out_count 49
RUN 10
valores_ideales [4,20,35,19,38,30,16,24,31,20,4,8,41,29,32,15,4,34,5,30,26,21,22,38,8,25,25,6,38,11,17,25,2,29,12,26,5,5,38,21,16,16,30,15,8,29,15,32,31,18,46,43,22,8,5,18,32,16,17,24,30,22,42,24,14,25,25,33,17,23,47,3,44,6,10,32,3,29,4,23]
costo_por_agente [4,20,35,21,38,30,18,24,31,22,4,8,41,29,32,15,4,36,9,30,26,21,24,38,8,27,27,6,38,11,19,25,2,29,12,28,5,7,38,21,16,18,30,17,8,31,17,32,31,20,46,43,22,8,5,18,32,18,21,26,30,24,42,24,16,31,25,33,17,25,47,3,44,6,10,32,3,29,4,23]
completion_time_por_agente [4,22,35,24,38,30,21,24,31,24,5,8,41,30,33,16,4,36,10,30,26,22,27,39,8,28,30,6,39,11,21,25,2,29,12,29,5,7,38,21,16,19,31,17,8,31,18,32,32,20,46,43,22,8,5,18,32,22,22,27,31,31,42,26,19,38,26,33,17,27,47,4,44,7,10,34,3,29,6,23]
tiempo_ultimo_agente_goal 47
tiempo_en_acabar 47
tiempo_promedio 23.212500
agentes_en_goal 80
bad_good_total_rate_pred [2250,2510,4760,0.5]
push_out_count 53
RUN 11
valores_ideales [4,20,35,19,38,30,16,24,31,20,4,8,41,29,32,15,4,34,5,30,26,21,22,38,8,25,25,6,38,11,17,25,2,29,12,26,5,5,38,21,16,16,30,15,8,29,15,32,31,18,46,43,22,8,5,18,32,16,17,24,30,22,42,24,14,25,25,33,17,23,47,3,44,6,10,32,3,29,4,23]
costo_por_agente [6,20,35,19,40,30,18,24,31,20,4,8,41,29,32,15,4,34,5,30,26,21,22,38,8,25,27,6,38,13,19,25,2,31,14,30,5,9,38,21,16,16,36,15,8,29,15,32,31,18,46,43,22,8,5,18,32,18,21,24,30,22,42,26,26,25,25,33,17,23,47,3,44,6,10,32,3,29,4,27]
completion_time_por_agente [7,22,35,21,43,30,21,25,32,21,4,8,41,30,33,16,4,34,5,30,26,23,22,38,8,25,32,6,38,13,21,25,2,32,16,30,5,10,38,23,16,17,48,20,8,33,16,32,32,20,46,43,22,8,5,18,32,21,23,25,31,22,42,26,40,29,25,33,17,23,47,3,44,7,10,35,3,29,4,35]
tiempo_ultimo_agente_goal 48
tiempo_en_acabar 48
tiempo_promedio 23.562500
agentes_en_goal 80
bad_good_total_rate_pred [2311,2779,5090,0.5]
push_out_count 65
RUN 12
valores_ideales [4,20,35,19,38,30,16,24,31,20,4,8,41,29,32,15,4,34,5,30,26,21,22,38,8,25,25,6,38,11,17,25,2,29,12,26,5,5,38,21,16,16,30,15,8,29,15,32,31,18,46,43,22,8,5,18,32,16,17,24,30,22,42,24,14,25,25,33,17,23,47,3,44,6,10,32,3,29,4,23]
costo_por_agente [4,20,35,19,40,30,16,24,31,22,4,8,41,29,32,15,4,34,7,30,26,21,22,38,8,25,27,6,38,13,17,25,2,29,14,26,5,5,38,21,16,18,30,17,8,31,15,32,31,18,46,43,22,12,5,18,32,24,25,26,30,28,42,26,16,25,25,33,17,25,47,5,44,6,10,32,3,29,4,25]
completion_time_por_agente [4,22,35,21,43,30,20,27,31,22,4,8,41,30,33,16,4,34,7,30,26,27,22,39,8,25,29,6,38,13,18,25,2,29,14,26,5,5,38,23,16,20,31,20,8,33,17,32,32,20,46,43,22,13,5,18,32,30,37,26,31,29,42,27,19,27,26,33,17,25,47,6,46,7,10,34,3,29,5,25]
tiempo_ultimo_agente_goal 47
tiempo_en_acabar 47
tiempo_promedio 23.362499
agentes_en_goal 80
bad_good_total_rate_pred [2369,2571,4940,0.5]
push_out_count 70
RUN 13
valores_ideales [4,20,35,19,38,30,16,24,31,20,4,8,41,29,32,15,4,34,5,30,26,21,22,38,8,25,25,6,38,11,17,25,2,29,12,26,5,5,38,21,16,16,30,15,8,29,15,32,31,18,46,43,22,8,5,18,32,16,17,24,30,22,42,24,14,25,25,33,17,23,47,3,44,6,10,32,3,29,4,23]
costo_por_agente [4,20,35,19,38,30,20,24,33,20,4,8,41,29,32,15,4,34,11,30,26,21,22,38,8,25,25,6,40,11,17,25,2,29,14,26,5,5,38,23,16,20,30,17,8,31,15,32,31,18,46,43,22,8,5,20,32,20,17,24,32,24,42,26,16,25,25,33,17,23,47,5,44,6,10,32,3,29,6,25]
completion_time_por_agente [4,22,35,21,38,30,27,24,34,21,5,8,41,30,32,16,4,34,22,30,27,24,22,38,8,25,25,6,40,11,18,26,2,29,14,26,5,5,38,23,16,21,31,19,8,33,16,32,32,20,46,43,22,8,5,21,32,21,17,25,35,24,42,28,17,27,25,33,17,23,47,6,44,8,10,34,3,29,7,26]
tiempo_ultimo_agente_goal 47
tiempo_en_acabar 47
tiempo_promedio 23.037500
agentes_en_goal 80
bad_good_total_rate_pred [2054,2551,4605,0.6]
push_out_count 74
RUN 14
valores_ideales [4,20,35,19,38,30,16,24,31,20,4,8,41,29,32,15,4,34,5,30,26,21,22,38,8,25,25,6,38,11,17,25,2,29,12,26,5,5,38,21,16,16,30,15,8,29,15,32,31,18,46,43,22,8,5,18,32,16,17,24,30,22,42,24,14,25,25,33,17,23,47,3,44,6,10,32,3,29,4,23]
costo_por_agente [4,20,35,19,38,30,16,28,31,20,6,8,41,29,32,15,4,34,5,30,26,23,22,38,8,25,25,6,38,19,17,25,2,29,12,28,5,7,38,21,16,18,36,17,8,31,17,32,31,18,46,43,22,10,5,20,32,16,25,24,30,28,42,26,18,25,25,33,17,25,47,3,44,6,10,32,3,29,4,27]
completion_time_por_agente [4,23,35,21,38,30,17,29,31,20,6,8,41,30,32,16,4,34,5,30,27,24,22,38,8,25,25,6,38,29,20,26,2,30,12,29,5,7,38,21,16,20,39,20,8,31,19,32,32,18,46,43,23,10,5,21,32,16,26,25,31,30,42,27,23,27,25,33,17,25,47,3,44,7,10,34,3,29,5,29]
tiempo_ultimo_agente_goal 47
tiempo_en_acabar 47
tiempo_promedio 23.237499
agentes_en_goal 80
bad_good_total_rate_pred [2264,2505,4769,0.5]
push_out_count 79
RUN 15
valores_ideales [4,20,35,19,38,30,16,24,31,20,4,8,41,29,32,15,4,34,5,30,26,21,22,38,8,25,25,6,38,11,17,25,2,29,12,26,5,5,38,21,16,16,30,15,8,29,15,32,31,18,46,43,22,8,5,18,32,16,17,24,30,22,42,24,14,25,25,33,17,23,47,3,44,6,10,32,3,29,4,23]
costo_por_agente [4,20,35,19,38,30,16,24,31,20,4,8,41,29,32,17,4,34,5,30,26,21,32,38,8,25,27,6,38,13,17,25,2,29,12,26,5,7,38,21,16,16,30,15,8,29,15,32,31,18,46,43,22,8,5,18,32,18,17,24,30,28,42,26,16,29,25,33,17,23,47,5,44,8,10,32,3,29,4,23]
completion_time_por_agente [4,22,35,19,39,31,20,24,31,20,4,8,41,30,33,17,4,34,10,30,26,22,42,38,8,25,29,6,39,13,17,25,2,29,12,26,5,7,38,21,16,17,31,16,8,29,16,32,33,20,46,43,22,8,5,18,32,20,17,25,31,38,42,27,19,33,25,33,17,28,47,7,44,8,10,34,3,29,4,26]
tiempo_ultimo_agente_goal 47
tiempo_en_acabar 47
tiempo_promedio 23.062500
agentes_en_goal 80
bad_good_total_rate_pred [2201,2550,4751,0.5]
push_out_count 85
RUN 16
valores_ideales [4,20,35,19,38,30,16,24,31,20,4,8,41,29,32,15,4,34,5,30,26,21,22,38,8,25,25,6,38,11,17,25,2,29,12,26,5,5,38,21,16,16,30,15,8,29,15,32,31,18,46,43,22,8,5,18,32,16,17,24,30,22,42,24,14,25,25,33,17,23,47,3,44,6,10,32,3,29,4,23]
costo_por_agente [4,22,35,19,38,30,16,24,31,22,4,8,41,29,32,15,4,34,7,32,26,23,22,38,8,25,25,6,38,13,19,29,2,29,12,26,7,5,38,21,16,18,30,15,8,31,17,32,31,20,46,43,22,8,5,20,32,16,21,26,30,26,42,24,18,25,25,33,17,25,47,5,44,6,10,32,3,29,6,25]
completion_time_por_agente [4,27,35,21,38,31,17,29,31,23,4,8,41,30,32,16,4,34,7,34,26,23,24,38,8,26,25,6,38,14,21,29,2,29,12,26,7,5,38,21,16,18,31,16,8,34,17,32,32,21,46,43,22,8,5,21,32,17,22,26,31,30,42,24,24,27,25,33,17,26,47,8,44,8,10,34,3,29,6,28]
tiempo_ultimo_agente_goal 47
tiempo_en_acabar 47
tiempo_promedio 23.087500
agentes_en_goal 80
bad_good_total_rate_pred [2099,2512,4611,0.5]
push_out_count 89
RUN 17
valores_ideales [4,20,35,19,38,30,16,24,31,20,4,8,41,29,32,15,4,34,5,30,26,21,22,38,8,25,25,6,38,11,17,25,2,29,12,26,5,5,38,21,16,16,30,15,8,29,15,32,31,18,46,43,22,8,5,18,32,16,17,24,30,22,42,24,14,25,25,33,17,23,47,3,44,6,10,32,3,29,4,23]
costo_por_agente [4,20,35,21,38,30,16,28,31,20,6,8,41,29,32,15,4,34,21,30,26,23,24,38,8,25,25,6,38,13,17,25,2,29,16,28,5,5,38,21,18,16,30,15,8,29,17,32,31,18,46,43,22,8,5,20,32,16,27,26,30,26,42,24,18,25,27,33,19,23,47,5,44,6,10,32,3,29,4,27]
completion_time_por_agente [4,23,35,21,39,30,17,31,31,20,6,8,41,32,33,16,4,34,32,30,26,23,26,38,8,25,27,6,38,13,20,27,2,30,21,29,5,5,38,22,18,17,31,16,8,34,19,32,32,20,46,43,22,8,5,21,32,20,34,27,31,30,42,24,19,26,27,33,19,23,47,6,44,7,10,34,3,29,4,31]
tiempo_ultimo_agente_goal 47
tiempo_en_acabar 47
tiempo_promedio 23.625000
agentes_en_goal 80
bad_good_total_rate_pred [2382,2632,5014,0.5]
push_out_count 97
RUN 18
valores_ideales [4,20,35,19,38,30,16,24,31,20,4,8,41,29,32,15,4,34,5,30,26,21,22,38,8,25,25,6,38,11,17,25,2,29,12,26,5,5,38,21,16,16,30,15,8,29,15,32,31,18,46,43,22,8,5,18,32,16,17,24,30,22,42,24,14,25,25,33,17,23,47,3,44,6,10,32,3,29,4,23]
costo_por_agente [4,22,37,19,38,30,16,26,31,20,4,8,41,29,32,17,4,34,7,30,26,21,22,38,10,25,27,6,38,13,17,25,2,33,18,26,5,9,38,21,16,18,30,15,8,31,15,32,31,20,46,43,22,8,5,32,32,16,19,26,30,28,42,26,20,25,29,33,17,25,47,5,44,6,10,32,3,29,4,25]
completion_time_por_agente [4,23,39,21,38,31,18,26,31,21,4,8,41,30,33,17,4,34,7,30,26,21,22,38,10,25,30,6,38,13,18,26,2,41,21,26,5,10,38,21,16,19,31,18,8,32,16,32,32,20,47,43,22,8,5,43,32,16,22,27,36,33,42,26,21,28,35,33,17,27,47,7,44,8,10,34,3,29,4,30]
tiempo_ultimo_agente_goal 47
tiempo_en_acabar 47
tiempo_promedio 23.750000
agentes_en_goal 80
bad_good_total_rate_pred [2453,2705,5158,0.5]
push_out_count 109
RUN 19
valores_ideales [4,20,35,19,38,30,16,24,31,20,4,8,41,29,32,15,4,34,5,30,26,21,22,38,8,25,25,6,38,11,17,25,2,29,12,26,5,5,38,21,16,16,30,15,8,29,15,32,31,18,46,43,22,8,5,18,32,16,17,24,30,22,42,24,14,25,25,33,17,23,47,3,44,6,10,32,3,29,4,23]
costo_por_agente [4,22,35,19,38,30,16,24,33,20,4,8,41,29,38,15,4,34,13,30,26,21,22,38,8,25,25,6,38,13,17,25,2,29,12,30,5,5,38,21,16,24,30,15,12,29,15,32,31,18,46,43,22,8,5,18,32,24,23,24,32,22,42,26,20,25,25,33,17,23,47,3,44,6,10,32,3,29,4,25]
completion_time_por_agente [4,26,35,21,38,33,20,26,36,20,4,8,41,30,47,17,4,34,24,30,26,21,22,38,8,25,27,6,38,13,24,26,2,32,12,30,5,5,38,21,16,26,31,17,15,33,16,32,32,20,46,43,22,8,5,18,32,26,30,24,35,24,42,27,20,26,27,33,17,31,47,3,44,7,10,34,3,29,4,26]
tiempo_ultimo_agente_goal 47
tiempo_en_acabar 47
tiempo_promedio 23.725000
agentes_en_goal 80
bad_good_total_rate_pred [2262,2660,4922,0.5]
push_out_count 120
RUN 20
valores_ideales [4,20,35,19,38,30,16,24,31,20,4,8,41,29,32,15,4,34,5,30,26,21,22,38,8,25,25,6,38,11,17,25,2,29,12,26,5,5,38,21,16,16,30,15,8,29,15,32,31,18,46,43,22,8,5,18,32,16,17,24,30,22,42,24,14,25,25,33,17,23,47,3,44,6,10,32,3,29,4,23]
costo_por_agente [4,24,35,19,38,30,18,24,31,20,12,8,41,29,32,15,4,34,5,30,26,21,24,38,8,25,25,6,38,11,17,25,2,29,12,30,5,5,38,21,16,16,30,15,8,31,17,32,31,18,46,43,22,8,5,18,32,22,19,28,32,22,42,26,16,25,25,33,17,23,47,3,44,8,10,32,3,29,6,25]
completion_time_por_agente [4,28,35,19,38,30,21,24,33,20,19,8,41,30,32,17,4,34,5,30,27,23,25,38,8,28,29,6,38,11,20,25,2,31,12,30,5,5,38,22,17,17,31,17,8,36,19,32,35,18,46,43,23,8,5,18,32,23,21,28,35,22,42,27,20,26,27,33,17,23,47,3,44,11,10,34,3,29,7,28]
tiempo_ultimo_agente_goal 47
tiempo_en_acabar 47
tiempo_promedio 23.250000
agentes_en_goal 80
bad_good_total_rate_pred [2145,2537,4682,0.5]
push_out_count 125
RUN 21
valores_ideales [4,20,35,19,38,30,16,24,31,20,4,8,41,29,32,15,4,34,5,30,26,21,22,38,8,25,25,6,38,11,17,25,2,29,12,26,5,5,38,21,16,16,30,15,8,29,15,32,31,18,46,43,22,8,5,18,32,16,17,24,30,22,42,24,14,25,25,33,17,23,47,3,44,6,10,32,3,29,4,23]
costo_por_agente [4,22,35,19,38,30,18,24,31,20,6,8,41,29,32,15,4,36,5,30,26,21,24,38,8,25,25,6,40,11,19,25,2,29,12,26,5,5,38,23,16,16,32,15,8,29,17,32,31,20,46,43,22,8,5,20,32,16,23,24,30,24,42,26,16,25,25,33,17,25,47,3,44,6,10,32,3,29,6,25]
completion_time_por_agente [4,26,37,21,38,30,20,24,32,21,6,8,41,30,32,16,4,37,5,30,26,21,24,38,8,25,28,6,40,12,20,25,2,31,12,26,5,5,38,28,16,17,36,19,9,33,17,32,32,20,46,43,22,8,5,24,33,16,24,25,35,24,42,27,20,28,28,33,17,28,47,3,44,7,10,34,3,29,6,28]
tiempo_ultimo_agente_goal 47
tiempo_en_acabar 47
tiempo_promedio 23.150000
agentes_en_goal 80
bad_good_total_rate_pred [2256,2687,4943,0.5]
push_out_count 128
RUN 22
valores_ideales [4,20,35,19,38,30,16,24,31,20,4,8,41,29,32,15,4,34,5,30,26,21,22,38,8,25,25,6,38,11,17,25,2,29,12,26,5,5,38,21,16,16,30,15,8,29,15,32,31,18,46,43,22,8,5,18,32,16,17,24,30,22,42,24,14,25,25,33,17,23,47,3,44,6,10,32,3,29,4,23]
costo_por_agente [4,20,35,19,38,32,16,36,31,24,4,8,41,29,32,17,4,34,9,30,26,21,24,38,8,25,31,6,38,11,17,25,2,29,12,26,7,5,38,21,16,16,38,23,8,33,19,32,31,18,46,43,22,8,5,18,32,22,19,26,30,26,42,24,14,29,25,33,17,23,47,5,44,6,10,32,3,29,4,23]
completion_time_por_agente [4,23,35,21,38,35,17,46,31,24,4,8,41,30,38,19,4,34,10,30,29,25,24,38,8,25,38,6,38,13,18,25,2,29,12,26,7,5,38,21,16,17,48,27,8,41,23,32,33,20,46,43,22,8,5,18,32,22,19,26,31,27,42,25,14,33,26,33,17,24,47,6,44,7,10,34,3,29,5,27]
tiempo_ultimo_agente_goal 48
tiempo_en_acabar 48
tiempo_promedio 23.862499
agentes_en_goal 80
bad_good_total_rate_pred [2435,2959,5394,0.5]
push_out_count 143
RUN 23
valores_ideales [4,20,35,19,38,30,16,24,31,20,4,8,41,29,32,15,4,34,5,30,26,21,22,38,8,25,25,6,38,11,17,25,2,29,12,26,5,5,38,21,16,16,30,15,8,29,15,32,31,18,46,43,22,8,5,18,32,16,17,24,30,22,42,24,14,25,25,33,17,23,47,3,44,6,10,32,3,29,4,23]
costo_por_agente [4,20,35,19,38,32,16,24,31,20,4,8,41,29,32,15,4,34,5,30,26,21,22,38,8,25,25,6,38,13,17,25,2,29,12,26,5,9,38,21,16,18,30,15,8,31,19,32,31,18,46,43,22,8,5,18,32,16,17,26,30,22,42,26,16,25,25,33,17,23,47,3,44,6,10,32,3,29,4,27]
completion_time_por_agente [4,22,35,20,39,32,18,29,31,20,4,8,41,30,32,17,4,34,5,30,26,21,24,38,8,26,28,7,38,14,17,25,2,29,12,26,5,10,38,23,16,21,31,18,8,34,19,32,35,20,46,43,22,8,5,18,32,17,17,28,31,23,42,28,21,27,25,33,17,28,47,3,44,7,10,34,3,29,4,30]
tiempo_ultimo_agente_goal 47
tiempo_en_acabar 47
tiempo_promedio 22.850000
agentes_en_goal 80
bad_good_total_rate_pred [2027,2569,4596,0.6]
push_out_count 143
RUN 24
valores_ideales [4,20,35,19,38,30,16,24,31,20,4,8,41,29,32,15,4,34,5,30,26,21,22,38,8,25,25,6,38,11,17,25,2,29,12,26,5,5,38,21,16,16,30,15,8,29,15,32,31,18,46,43,22,8,5,18,32,16,17,24,30,22,42,24,14,25,25,33,17,23,47,3,44,6,10,32,3,29,4,23]
costo_por_agente [4,20,35,19,38,30,16,24,31,20,4,8,41,29,32,15,4,34,5,30,26,21,26,38,8,25,25,6,40,11,17,25,2,29,12,26,7,5,38,21,16,18,30,15,8,29,17,32,31,18,46,43,22,8,5,18,32,16,23,26,30,22,42,26,18,25,25,33,17,23,47,3,44,6,10,34,3,29,6,23]
completion_time_por_agente [4,22,35,20,38,30,20,24,31,20,5,8,41,30,33,16,4,34,5,30,26,21,26,38,8,25,27,6,42,11,17,25,2,30,12,26,7,6,38,21,16,19,31,15,8,33,18,32,32,20,46,43,22,8,5,18,32,16,25,26,31,22,42,27,18,27,25,33,17,28,47,3,44,8,10,37,3,29,8,23]
tiempo_ultimo_agente_goal 47
tiempo_en_acabar 47
tiempo_promedio 22.637501
agentes_en_goal 80
bad_good_total_rate_pred [2112,2346,4458,0.5]
push_out_count 144
RUN 25
valores_ideales [4,20,35,19,38,30,16,24,31,20,4,8,41,29,32,15,4,34,5,30,26,21,22,38,8,25,25,6,38,11,17,25,2,29,12,26,5,5,38,21,16,16,30,15,8,29,15,32,31,18,46,43,22,8,5,18,32,16,17,24,30,22,42,24,14,25,25,33,17,23,47,3,44,6,10,32,3,29,4,23]
costo_por_agente [4,20,35,19,38,30,18,26,31,22,6,8,41,29,32,15,4,34,9,30,26,21,24,38,8,25,25,6,38,15,17,25,2,29,14,28,5,5,38,23,16,20,36,17,8,29,15,32,31,18,46,43,22,8,5,18,32,16,19,26,30,30,42,26,14,25,25,33,17,23,47,3,44,6,10,32,3,29,4,23]
completion_time_por_agente [4,24,35,19,39,30,20,30,31,23,7,8,41,30,34,16,4,34,13,30,26,21,25,38,8,25,27,6,38,15,18,25,2,31,14,29,5,5,38,26,16,22,45,17,8,33,16,32,32,20,46,43,22,8,6,18,32,16,21,28,33,33,42,28,15,27,25,33,17,28,47,4,45,7,10,34,3,29,5,28]
tiempo_ultimo_agente_goal 47
tiempo_en_acabar 47
tiempo_promedio 23.350000
agentes_en_goal 80
bad_good_total_rate_pred [2355,2618,4973,0.5]
push_out_count 147
RUN 26
valores_ideales [4,20,35,19,38,30,16,24,31,20,4,8,41,29,32,15,4,34,5,30,26,21,22,38,8,25,25,6,38,11,17,25,2,29,12,26,5,5,38,21,16,16,30,15,8,29,15,32,31,18,46,43,22,8,5,18,32,16,17,24,30,22,42,24,14,25,25,33,17,23,47,3,44,6,10,32,3,29,4,23]
costo_por_agente [4,20,35,21,38,30,18,24,31,20,4,8,41,29,32,15,4,34,9,30,26,21,24,38,8,25,27,6,40,11,17,25,2,29,14,28,5,5,38,21,16,16,30,17,8,29,15,32,31,18,46,43,22,8,5,18,32,18,17,24,30,24,42,24,18,25,25,33,17,23,47,3,44,6,10,32,3,29,6,23]
completion_time_por_agente [4,20,35,21,38,30,21,24,33,20,4,8,41,30,38,16,4,34,10,31,26,23,24,38,8,26,27,6,40,11,18,25,2,30,14,29,5,6,38,21,16,17,31,18,10,33,16,32,32,20,46,43,22,8,5,18,32,18,17,25,32,25,42,25,19,29,25,33,17,24,47,3,44,8,10,34,3,29,7,25]
tiempo_ultimo_agente_goal 47
tiempo_en_acabar 47
tiempo_promedio 22.737499
agentes_en_goal 80
bad_good_total_rate_pred [2049,2468,4517,0.5]
push_out_count 147
RUN 27
valores_ideales [4,20,35,19,38,30,16,24,31,20,4,8,41,29,32,15,4,34,5,30,26,21,22,38,8,25,25,6,38,11,17,25,2,29,12,26,5,5,38,21,16,16,30,15,8,29,15,32,31,18,46,43,22,8,5,18,32,16,17,24,30,22,42,24,14,25,25,33,17,23,47,3,44,6,10,32,3,29,4,23]
costo_por_agente [4,20,35,19,38,30,18,24,31,20,4,8,41,29,32,15,4,34,5,30,26,21,24,38,10,25,27,6,38,11,17,25,2,29,18,28,5,5,38,21,16,16,30,15,8,31,15,32,31,18,46,43,22,10,5,18,32,18,29,24,30,26,42,26,18,27,25,33,17,25,47,3,44,6,10,32,3,29,6,23]
completion_time_por_agente [4,22,35,21,38,30,20,29,31,20,4,8,41,30,33,16,4,34,5,30,26,21,24,40,10,25,27,6,40,11,17,26,2,30,21,29,7,5,38,21,16,17,31,15,8,31,16,32,32,20,46,43,22,10,7,18,32,20,38,25,31,33,42,26,20,27,25,35,17,25,47,3,44,7,10,34,3,29,7,25]
tiempo_ultimo_agente_goal 47
tiempo_en_acabar 47
tiempo_promedio 23.125000
agentes_en_goal 80
bad_good_total_rate_pred [2256,2562,4818,0.5]
push_out_count 150
RUN 28
valores_ideales [4,20,35,19,38,30,16,24,31,20,4,8,41,29,32,15,4,34,5,30,26,21,22,38,8,25,25,6,38,11,17,25,2,29,12,26,5,5,38,21,16,16,30,15,8,29,15,32,31,18,46,43,22,8,5,18,32,16,17,24,30,22,42,24,14,25,25,33,17,23,47,3,44,6,10,32,3,29,4,23]
costo_por_agente [4,22,35,21,38,30,20,24,31,20,4,8,41,29,32,15,4,34,5,30,26,21,22,38,10,25,25,6,38,11,17,27,2,31,12,26,5,5,38,23,18,16,30,17,8,31,15,32,31,18,46,43,22,8,5,18,32,16,23,24,40,26,42,24,20,25,25,33,19,23,47,3,44,6,10,32,3,29,4,25]
completion_time_por_agente [4,25,35,25,38,35,22,29,31,23,5,8,42,30,32,16,4,35,9,30,27,21,22,38,10,25,27,6,41,12,17,30,2,31,12,29,5,5,38,23,20,18,33,20,8,31,16,32,32,20,46,43,22,8,5,18,32,16,30,25,53,31,43,25,21,26,25,33,19,23,47,3,44,8,10,32,3,29,4,25]
tiempo_ultimo_agente_goal 53
tiempo_en_acabar 53
tiempo_promedio 23.475000
agentes_en_goal 80
bad_good_total_rate_pred [2319,2513,4832,0.5]
push_out_count 159
RUN 29
valores_ideales [4,20,35,19,38,30,16,24,31,20,4,8,41,29,32,15,4,34,5,30,26,21,22,38,8,25,25,6,38,11,17,25,2,29,12,26,5,5,38,21,16,16,30,15,8,29,15,32,31,18,46,43,22,8,5,18,32,16,17,24,30,22,42,24,14,25,25,33,17,23,47,3,44,6,10,32,3,29,4,23]
costo_por_agente [4,22,35,19,38,30,16,26,31,20,4,8,41,29,32,17,4,34,5,30,26,23,22,38,10,25,27,6,38,15,17,27,2,29,22,26,5,5,38,21,18,16,30,15,8,31,15,32,31,18,46,43,22,8,5,18,32,16,17,26,30,28,42,26,16,25,25,33,17,23,47,7,44,6,10,32,3,29,4,23]
completion_time_por_agente [4,22,36,19,39,30,20,29,33,20,4,8,41,30,33,18,4,34,5,30,26,24,22,38,10,25,27,6,39,17,19,28,2,29,29,26,5,5,38,23,18,18,31,20,10,33,18,32,32,20,47,43,22,8,5,18,32,16,17,26,31,34,42,27,20,26,25,33,18,23,47,7,44,7,10,34,3,29,4,23]
tiempo_ultimo_agente_goal 47
tiempo_en_acabar 47
tiempo_promedio 23.125000
agentes_en_goal 80
bad_good_total_rate_pred [2305,2547,4852,0.5]
push_out_count 163
RUN 30
valores_ideales [4,20,35,19,38,30,16,24,31,20,4,8,41,29,32,15,4,34,5,30,26,21,22,38,8,25,25,6,38,11,17,25,2,29,12,26,5,5,38,21,16,16,30,15,8,29,15,32,31,18,46,43,22,8,5,18,32,16,17,24,30,22,42,24,14,25,25,33,17,23,47,3,44,6,10,32,3,29,4,23]
costo_por_agente [4,22,35,21,38,30,22,24,31,20,4,8,41,29,32,15,4,34,5,30,26,21,24,38,10,25,27,6,38,11,19,25,2,29,12,28,5,5,38,23,16,16,30,15,8,33,15,32,33,20,46,43,22,8,5,20,32,16,17,26,30,28,42,26,16,29,27,33,17,25,47,3,44,6,10,32,3,29,4,25]
completion_time_por_agente [4,24,35,21,39,31,22,29,31,21,5,8,41,30,32,16,4,34,5,30,28,21,24,38,11,25,31,6,38,11,20,26,2,29,12,29,5,5,38,24,16,18,31,15,9,33,16,32,35,20,46,43,22,8,5,21,32,16,17,27,31,35,42,26,18,34,27,33,18,28,47,4,44,8,10,34,3,29,4,26]
tiempo_ultimo_agente_goal 47
tiempo_en_acabar 47
tiempo_promedio 23.100000
agentes_en_goal 80
bad_good_total_rate_pred [2227,2548,4775,0.5]
push_out_count 165
RUN 31
valores_ideales [4,20,35,19,38,30,16,24,31,20,4,8,41,29,32,15,4,34,5,30,26,21,22,38,8,25,25,6,38,11,17,25,2,29,12,26,5,5,38,21,16,16,30,15,8,29,15,32,31,18,46,43,22,8,5,18,32,16,17,24,30,22,42,24,14,25,25,33,17,23,47,3,44,6,10,32,3,29,4,23]
costo_por_agente [4,20,35,19,38,30,16,28,31,22,4,8,41,29,32,15,4,34,5,32,26,23,22,38,8,25,25,6,40,11,17,25,2,29,12,26,7,7,38,21,16,18,30,15,8,31,15,32,31,18,46,43,22,10,5,18,32,20,17,24,32,22,42,26,16,25,25,33,17,25,47,5,44,6,10,32,3,29,6,23]
completion_time_por_agente [4,22,35,21,38,30,17,31,31,22,4,8,41,30,33,16,4,34,5,34,27,24,23,38,8,25,27,6,42,11,18,25,2,30,12,29,9,8,38,21,16,20,31,16,8,34,16,32,32,20,46,43,22,10,5,18,32,22,17,26,34,22,42,26,19,28,26,33,17,25,47,5,44,8,10,34,3,29,6,23]
tiempo_ultimo_agente_goal 47
tiempo_en_acabar 47
tiempo_promedio 22.875000
agentes_en_goal 80
bad_good_total_rate_pred [2131,2404,4535,0.5]
push_out_count 167
RUN 32
valores_ideales [4,20,35,19,38,30,16,24,31,20,4,8,41,29,32,15,4,34,5,30,26,21,22,38,8,25,25,6,38,11,17,25,2,29,12,26,5,5,38,21,16,16,30,15,8,29,15,32,31,18,46,43,22,8,5,18,32,16,17,24,30,22,42,24,14,25,25,33,17,23,47,3,44,6,10,32,3,29,4,23]
costo_por_agente [6,20,35,19,38,30,16,24,31,20,4,8,41,29,32,15,4,34,7,30,26,23,22,38,8,25,27,6,38,11,17,27,2,29,14,26,5,9,38,21,16,16,32,17,8,29,19,32,31,18,46,43,22,10,5,24,32,20,23,28,30,26,42,26,14,25,27,33,21,23,47,3,44,6,10,32,3,29,6,25]
completion_time_por_agente [7,23,37,19,38,31,20,27,32,20,4,8,41,30,32,16,4,34,7,30,26,23,22,38,8,25,27,6,38,11,17,28,2,29,14,26,5,11,38,21,16,16,36,21,9,31,21,32,35,18,46,43,23,10,5,24,32,23,29,33,31,27,42,26,18,28,27,34,23,23,47,3,44,7,10,34,3,29,7,28]
tiempo_ultimo_agente_goal 47
tiempo_en_acabar 47
tiempo_promedio 23.362499
agentes_en_goal 80
bad_good_total_rate_pred [2390,2645,5035,0.5]
push_out_count 168
RUN 33
valores_ideales [4,20,35,19,38,30,16,24,31,20,4,8,41,29,32,15,4,34,5,30,26,21,22,38,8,25,25,6,38,11,17,25,2,29,12,26,5,5,38,21,16,16,30,15,8,29,15,32,31,18,46,43,22,8,5,18,32,16,17,24,30,22,42,24,14,25,25,33,17,23,47,3,44,6,10,32,3,29,4,23]
costo_por_agente [4,20,35,19,38,30,18,26,31,20,4,8,41,29,32,15,4,34,5,30,26,21,24,38,8,25,27,6,38,11,19,25,2,29,12,26,5,5,38,21,16,16,32,15,8,31,17,32,33,18,46,43,22,8,5,18,32,16,17,24,30,26,42,24,18,27,25,33,17,23,47,3,44,8,10,32,3,29,6,27]
completion_time_por_agente [4,22,37,21,38,30,27,30,31,20,4,8,41,30,33,16,4,34,5,30,27,21,25,38,8,25,30,6,38,11,20,25,2,29,12,29,5,6,38,23,16,17,36,21,11,34,19,32,35,20,46,43,22,8,5,18,32,17,19,26,31,33,42,24,23,31,26,33,17,23,47,3,44,9,10,34,3,29,8,29]
tiempo_ultimo_agente_goal 47
tiempo_en_acabar 47
tiempo_promedio 23.237499
agentes_en_goal 80
bad_good_total_rate_pred [2303,2603,4906,0.5]
push_out_count 174
RUN 34
valores_ideales [4,20,35,19,38,30,16,24,31,20,4,8,41,29,32,15,4,34,5,30,26,21,22,38,8,25,25,6,38,11,17,25,2,29,12,26,5,5,38,21,16,16,30,15,8,29,15,32,31,18,46,43,22,8,5,18,32,16,17,24,30,22,42,24,14,25,25,33,17,23,47,3,44,6,10,32,3,29,4,23]
costo_por_agente [4,22,35,19,38,30,20,24,31,20,4,8,41,29,32,17,4,34,7,30,26,21,22,38,8,25,29,6,40,11,17,25,2,29,12,28,5,7,38,21,16,20,30,23,8,29,25,32,31,18,46,43,22,8,5,20,32,18,17,26,30,22,42,24,18,25,27,33,17,23,47,3,44,6,10,32,3,29,4,25]
completion_time_por_agente [4,23,35,21,39,30,25,29,31,20,4,8,41,30,33,19,4,34,7,30,26,22,23,39,8,25,32,6,40,11,20,28,2,29,12,31,5,7,39,21,16,22,31,25,10,33,31,32,32,20,46,43,22,8,5,24,32,21,18,30,32,22,43,24,19,27,28,33,17,26,47,3,44,7,10,32,3,29,5,27]
tiempo_ultimo_agente_goal 47
tiempo_en_acabar 47
tiempo_promedio 23.400000
agentes_en_goal 80
bad_good_total_rate_pred [2199,2593,4792,0.5]
push_out_count 176
RUN 35
valores_ideales [4,20,35,19,38,30,16,24,31,20,4,8,41,29,32,15,4,34,5,30,26,21,22,38,8,25,25,6,38,11,17,25,2,29,12,26,5,5,38,21,16,16,30,15,8,29,15,32,31,18,46,43,22,8,5,18,32,16,17,24,30,22,42,24,14,25,25,33,17,23,47,3,44,6,10,32,3,29,4,23]
costo_por_agente [4,20,35,19,38,30,18,24,33,20,4,8,41,29,32,15,4,34,5,30,26,27,24,38,8,27,25,6,40,11,17,25,2,29,14,26,5,5,38,21,16,20,30,15,14,29,15,32,31,20,46,43,22,10,5,20,32,18,17,28,30,24,42,28,16,25,25,33,17,27,47,5,44,6,10,32,3,29,6,29]
completion_time_por_agente [4,22,35,21,38,30,22,24,35,22,4,8,41,30,32,17,4,34,7,30,26,34,24,38,8,27,25,6,40,12,20,26,2,29,14,26,5,5,38,21,16,25,31,17,16,33,18,32,32,20,46,43,22,10,5,21,32,20,17,34,31,24,42,34,22,27,25,33,17,29,47,5,44,7,10,34,3,29,6,29]
tiempo_ultimo_agente_goal 47
tiempo_en_acabar 47
tiempo_promedio 23.424999
agentes_en_goal 80
bad_good_total_rate_pred [2283,2614,4897,0.5]
push_out_count 182
RUN 36
valores_ideales [4,20,35,19,38,30,16,24,31,20,4,8,41,29,32,15,4,34,5,30,26,21,22,38,8,25,25,6,38,11,17,25,2,29,12,26,5,5,38,21,16,16,30,15,8,29,15,32,31,18,46,43,22,8,5,18,32,16,17,24,30,22,42,24,14,25,25,33,17,23,47,3,44,6,10,32,3,29,4,23]
costo_por_agente [6,20,35,19,38,30,16,26,33,20,4,8,41,29,32,17,4,34,7,30,26,21,22,38,8,25,25,6,38,11,17,25,2,33,12,30,5,5,38,21,16,18,32,23,8,29,17,32,31,18,46,43,22,8,5,18,32,16,19,24,30,26,42,26,14,27,25,33,17,23,47,3,44,8,10,32,3,29,4,25]
completion_time_por_agente [6,23,36,21,38,30,17,29,34,20,4,8,41,30,33,18,4,34,9,30,26,21,25,38,8,25,29,6,38,12,20,25,2,40,15,33,5,5,38,21,16,20,35,32,11,33,17,32,32,18,46,43,23,8,5,18,32,16,20,25,32,31,42,26,17,33,25,33,18,23,47,3,44,10,10,34,3,29,4,28]
tiempo_ultimo_agente_goal 47
tiempo_en_acabar 47
tiempo_promedio 23.387501
agentes_en_goal 80
bad_good_total_rate_pred [2283,2619,4902,0.5]
push_out_count 190
RUN 37
valores_ideales [4,20,35,19,38,30,16,24,31,20,4,8,41,29,32,15,4,34,5,30,26,21,22,38,8,25,25,6,38,11,17,25,2,29,12,26,5,5,38,21,16,16,30,15,8,29,15,32,31,18,46,43,22,8,5,18,32,16,17,24,30,22,42,24,14,25,25,33,17,23,47,3,44,6,10,32,3,29,4,23]
costo_por_agente [4,20,35,19,38,30,22,26,31,20,4,8,41,29,32,15,4,34,5,30,26,21,22,38,8,25,25,6,38,13,17,25,2,31,12,30,5,5,38,21,16,16,30,19,8,29,17,32,31,18,46,43,22,8,5,18,32,16,21,24,30,22,42,26,14,25,25,33,17,25,47,3,44,6,10,32,3,29,6,25]
completion_time_por_agente [4,22,35,19,38,30,30,29,35,21,4,8,41,30,33,16,4,34,5,30,26,25,22,38,8,26,29,6,38,16,18,25,2,35,12,30,5,5,38,21,16,17,34,19,8,29,22,32,32,20,46,43,22,8,5,18,32,16,29,25,31,22,42,27,15,27,25,33,17,26,47,3,44,7,10,34,3,29,8,28]
tiempo_ultimo_agente_goal 47
tiempo_en_acabar 47
tiempo_promedio 23.049999
agentes_en_goal 80
bad_good_total_rate_pred [2129,2581,4710,0.5]
push_out_count 194
RUN 38
valores_ideales [4,20,35,19,38,30,16,24,31,20,4,8,41,29,32,15,4,34,5,30,26,21,22,38,8,25,25,6,38,11,17,25,2,29,12,26,5,5,38,21,16,16,30,15,8,29,15,32,31,18,46,43,22,8,5,18,32,16,17,24,30,22,42,24,14,25,25,33,17,23,47,3,44,6,10,32,3,29,4,23]
costo_por_agente [4,20,35,19,38,30,18,24,31,20,4,8,41,29,32,15,4,34,5,30,26,21,22,38,8,25,25,6,38,11,17,25,2,31,16,26,7,5,38,21,16,20,30,15,10,29,15,32,31,18,46,43,22,8,5,18,32,22,23,24,30,26,42,26,18,27,25,33,17,23,47,5,44,6,10,32,3,29,4,23]
completion_time_por_agente [4,23,35,19,38,32,22,24,31,20,4,8,41,30,33,16,4,34,5,30,26,21,22,38,8,25,27,6,38,11,18,25,2,32,20,26,7,5,38,21,16,22,31,17,10,29,17,32,35,20,47,43,22,8,5,18,32,24,29,24,32,27,42,27,19,28,28,33,17,23,47,5,44,9,10,34,3,29,4,28]
tiempo_ultimo_agente_goal 47
tiempo_en_acabar 47
tiempo_promedio 22.987499
agentes_en_goal 80
bad_good_total_rate_pred [2144,2414,4558,0.5]
push_out_count 194
RUN 39
valores_ideales [4,20,35,19,38,30,16,24,31,20,4,8,41,29,32,15,4,34,5,30,26,21,22,38,8,25,25,6,38,11,17,25,2,29,12,26,5,5,38,21,16,16,30,15,8,29,15,32,31,18,46,43,22,8,5,18,32,16,17,24,30,22,42,24,14,25,25,33,17,23,47,3,44,6,10,32,3,29,4,23]
costo_por_agente [4,20,35,21,38,30,18,24,31,20,4,8,41,29,32,17,4,34,7,30,26,21,22,38,8,25,27,6,38,11,17,25,2,29,14,26,5,5,38,21,16,16,32,15,10,31,19,32,31,20,46,43,22,8,5,18,32,16,23,26,30,22,44,26,18,25,25,33,17,23,47,3,44,6,10,34,3,29,4,23]
completion_time_por_agente [4,23,35,22,38,35,20,27,31,20,4,8,41,30,32,19,4,34,10,30,27,22,22,39,8,25,27,6,38,11,17,28,2,30,19,26,5,5,38,21,16,17,38,17,12,35,27,32,32,20,46,43,22,8,5,18,32,16,24,26,32,22,47,27,23,27,25,33,17,23,47,3,44,7,10,39,3,31,4,27]
tiempo_ultimo_agente_goal 47
tiempo_en_acabar 47
tiempo_promedio 23.250000
agentes_en_goal 80
bad_good_total_rate_pred [2190,2506,4696,0.5]
push_out_count 202
