RUN 0
valores_ideales [24,4,30,35,4,39,25,10,19,21,27,12,3,9,5,26,36,23,9,36,8,15,29,12,17,10,10,35,38,42,42,24,6,11,35,39,10,37,21,9,16,16,22,27,29,42,37,27,24,14,19,8,18,41,19,42,15,23,2,3,37,14,15,26,12,34,28,17,21,23,32,14,34,17,19,15,21,24,44,28,24,29,37,45,8,12,11,32,9,13,27,52,45,13,13,10,17,3,17,15,23,20,46,18,38,7,11,1,7,40,27,21,35,31,25,5,14,19,11,48,41,31,28,41,20,10,7,9,49,15,11,23,23,9,8,23,52,6,35,39,45,44,21,6,17,24,23,13,36,11,14,14,40,35,25,17,25,27,13,29,47,9,9,29,43,34,30,15,21,5,6,12,11,18,9,18,28,32,28,34,14,27,29,48,34,31,7,30,8,30,33,32,15,25,25,36,12,24,16,2]
costo_por_agente [48,4,30,35,4,97,259,12,19,49,233,158,3,13,9,26,36,307,9,192,12,15,101,14,17,16,74,87,338,200,122,24,6,13,239,189,146,333,33,9,18,156,148,291,29,84,163,221,24,14,121,10,32,267,101,226,21,25,2,15,157,20,123,72,16,286,292,113,141,205,146,16,144,19,35,315,201,50,362,28,24,53,39,97,20,20,17,214,9,13,221,64,133,41,177,10,65,3,21,19,77,20,188,18,358,7,13,7,7,86,31,23,235,355,297,5,22,83,15,272,297,341,52,271,22,12,7,9,331,81,11,319,71,11,10,23,194,10,243,191,133,62,23,10,19,298,25,15,84,19,14,16,88,215,25,19,299,245,45,89,99,9,11,31,135,130,256,15,23,11,8,12,11,22,11,18,52,34,266,212,16,27,297,184,292,107,7,132,8,182,235,176,15,173,161,234,12,228,20,2]
completion_time_por_agente [60,4,33,37,6,149,371,15,20,77,349,282,4,13,14,26,36,495,9,330,12,17,188,16,18,19,149,133,540,313,209,27,6,14,418,289,203,586,39,12,18,215,226,459,30,110,317,342,24,14,184,10,36,498,123,394,22,32,2,24,238,23,183,124,17,460,515,177,235,311,227,16,231,21,63,514,286,82,580,29,24,85,53,155,24,29,18,427,12,18,381,89,228,63,331,10,134,3,22,25,147,21,283,19,562,7,14,10,7,159,44,26,416,593,428,5,24,133,15,471,518,515,69,430,24,12,7,10,556,132,14,518,105,13,12,23,329,15,450,295,192,88,24,10,24,442,29,15,138,27,18,16,161,338,25,21,508,395,75,121,167,10,14,32,246,227,379,17,24,13,10,12,11,23,12,18,82,36,467,339,17,28,507,328,511,185,10,240,8,324,382,310,15,305,259,416,13,401,23,2]
tiempo_ultimo_agente_goal 593
tiempo_en_acabar 593
tiempo_promedio 158.009995
agentes_en_goal 200
bad_good_total_rate_pred [231961,120019,351980,0.3]
push_out_count 2596
RUN 1
valores_ideales [24,4,30,35,4,39,25,10,19,21,27,12,3,9,5,26,36,23,9,36,8,15,29,12,17,10,10,35,38,42,42,24,6,11,35,39,10,37,21,9,16,16,22,27,29,42,37,27,24,14,19,8,18,41,19,42,15,23,2,3,37,14,15,26,12,34,28,17,21,23,32,14,34,17,19,15,21,24,44,28,24,29,37,45,8,12,11,32,9,13,27,52,45,13,13,10,17,3,17,15,23,20,46,18,38,7,11,1,7,40,27,21,35,31,25,5,14,19,11,48,41,31,28,41,20,10,7,9,49,15,11,23,23,9,8,23,52,6,35,39,45,44,21,6,17,24,23,13,36,11,14,14,40,35,25,17,25,27,13,29,47,9,9,29,43,34,30,15,21,5,6,12,11,18,9,18,28,32,28,34,14,27,29,48,34,31,7,30,8,30,33,32,15,25,25,36,12,24,16,2]
costo_por_agente [302,4,30,35,4,213,37,10,19,61,307,260,5,11,7,32,36,325,9,74,8,15,255,12,17,14,92,115,158,196,168,38,14,11,229,301,144,189,183,13,16,146,258,279,29,140,141,241,24,14,59,14,22,233,343,46,15,25,2,19,137,36,211,68,12,268,292,317,311,207,40,14,208,17,35,225,345,218,246,28,24,293,101,211,70,20,17,328,23,13,181,114,53,55,47,10,47,3,45,27,65,20,100,18,238,7,13,3,7,130,31,25,215,287,259,7,52,55,11,336,239,293,72,269,22,10,7,9,153,271,11,309,303,19,8,25,110,14,235,209,97,62,25,10,37,222,31,13,152,15,16,22,180,173,25,17,135,229,35,253,153,9,191,31,85,152,78,15,25,11,6,22,11,18,13,18,52,32,308,190,14,27,149,212,292,203,11,62,22,242,239,194,17,211,257,346,14,172,20,2]
completion_time_por_agente [432,6,30,36,5,306,43,11,20,94,455,445,7,12,10,34,36,517,10,117,10,17,412,13,18,14,164,177,246,340,295,53,16,13,354,533,302,329,295,18,16,219,401,409,30,231,244,385,24,15,99,16,25,323,580,61,15,27,2,25,225,59,299,117,12,485,457,461,529,312,46,15,364,18,60,355,556,329,384,29,25,490,171,326,139,32,17,555,33,14,328,203,67,81,90,10,79,3,71,39,90,21,151,19,379,8,13,4,7,230,45,29,379,450,382,7,86,85,11,555,370,421,104,433,26,10,7,9,253,415,11,495,476,21,9,25,172,17,324,373,166,85,26,11,66,378,42,13,279,17,22,31,295,276,25,18,225,400,57,488,225,9,288,36,140,245,106,15,27,11,7,26,11,18,13,18,77,32,463,290,15,28,244,368,517,313,12,95,35,427,355,339,19,347,407,552,14,275,24,2]
tiempo_ultimo_agente_goal 580
tiempo_en_acabar 580
tiempo_promedio 167.820007
agentes_en_goal 200
bad_good_total_rate_pred [250441,125690,376131,0.3]
push_out_count 5331
RUN 2
valores_ideales [24,4,30,35,4,39,25,10,19,21,27,12,3,9,5,26,36,23,9,36,8,15,29,12,17,10,10,35,38,42,42,24,6,11,35,39,10,37,21,9,16,16,22,27,29,42,37,27,24,14,19,8,18,41,19,42,15,23,2,3,37,14,15,26,12,34,28,17,21,23,32,14,34,17,19,15,21,24,44,28,24,29,37,45,8,12,11,32,9,13,27,52,45,13,13,10,17,3,17,15,23,20,46,18,38,7,11,1,7,40,27,21,35,31,25,5,14,19,11,48,41,31,28,41,20,10,7,9,49,15,11,23,23,9,8,23,52,6,35,39,45,44,21,6,17,24,23,13,36,11,14,14,40,35,25,17,25,27,13,29,47,9,9,29,43,34,30,15,21,5,6,12,11,18,9,18,28,32,28,34,14,27,29,48,34,31,7,30,8,30,33,32,15,25,25,36,12,24,16,2]
costo_por_agente [144,6,32,35,4,65,265,14,19,47,181,42,3,9,9,28,36,273,9,282,12,15,129,12,17,32,50,63,294,68,302,70,6,13,349,95,10,227,275,15,16,248,310,223,29,92,129,143,24,14,157,10,18,163,407,50,15,33,2,5,101,16,277,38,14,384,248,233,85,211,226,24,308,21,43,323,381,166,244,28,24,53,129,55,34,34,15,178,9,15,235,288,67,45,21,10,79,11,61,25,389,20,94,20,272,7,11,1,7,44,29,21,269,323,165,5,36,65,11,332,199,269,74,83,32,10,7,9,57,123,11,319,75,19,12,23,90,8,191,101,111,60,21,10,21,262,41,13,120,13,24,14,176,375,25,19,365,155,21,59,121,9,61,29,79,180,194,15,27,13,6,12,11,18,13,18,116,34,364,322,14,27,129,76,304,145,9,78,42,350,233,280,17,107,95,168,14,280,32,2]
completion_time_por_agente [211,9,36,36,5,93,424,16,20,64,311,78,5,9,11,29,36,442,9,456,16,15,214,14,18,43,93,80,407,111,499,89,6,16,616,126,14,348,418,18,17,395,457,353,31,159,204,274,24,14,294,11,20,259,577,63,15,40,2,12,168,23,496,52,14,638,342,362,139,368,352,25,453,21,79,541,616,267,331,29,24,79,186,77,52,62,15,306,13,17,406,449,88,76,34,10,152,15,108,38,587,21,138,24,402,10,14,2,7,52,36,21,504,471,237,5,54,101,13,586,318,365,122,133,48,10,7,10,80,157,12,540,115,21,17,23,141,9,294,164,200,84,21,15,32,429,65,13,196,17,31,17,251,628,25,22,548,239,27,75,210,10,102,32,130,290,270,18,31,13,6,13,11,19,13,18,153,34,561,510,16,28,226,113,487,219,14,103,82,579,370,407,17,178,171,267,15,485,42,2]
tiempo_ultimo_agente_goal 638
tiempo_en_acabar 638
tiempo_promedio 156.380005
agentes_en_goal 200
bad_good_total_rate_pred [220650,112497,333147,0.3]
push_out_count 7976
RUN 3
valores_ideales [24,4,30,35,4,39,25,10,19,21,27,12,3,9,5,26,36,23,9,36,8,15,29,12,17,10,10,35,38,42,42,24,6,11,35,39,10,37,21,9,16,16,22,27,29,42,37,27,24,14,19,8,18,41,19,42,15,23,2,3,37,14,15,26,12,34,28,17,21,23,32,14,34,17,19,15,21,24,44,28,24,29,37,45,8,12,11,32,9,13,27,52,45,13,13,10,17,3,17,15,23,20,46,18,38,7,11,1,7,40,27,21,35,31,25,5,14,19,11,48,41,31,28,41,20,10,7,9,49,15,11,23,23,9,8,23,52,6,35,39,45,44,21,6,17,24,23,13,36,11,14,14,40,35,25,17,25,27,13,29,47,9,9,29,43,34,30,15,21,5,6,12,11,18,9,18,28,32,28,34,14,27,29,48,34,31,7,30,8,30,33,32,15,25,25,36,12,24,16,2]
costo_por_agente [158,4,30,39,4,79,265,10,53,91,277,18,3,9,7,26,36,261,9,322,22,15,339,12,19,22,34,147,302,122,154,114,358,13,253,187,60,153,241,11,16,178,370,307,31,138,195,199,24,14,61,8,22,143,387,56,15,25,2,17,263,14,129,30,20,304,290,229,253,159,176,20,186,17,43,385,357,136,132,28,24,67,95,245,32,12,11,84,23,13,321,76,117,23,39,10,93,5,57,15,83,20,254,20,86,7,13,1,7,44,45,21,269,325,275,5,16,47,17,72,281,307,58,247,22,10,7,11,155,33,11,385,47,13,20,25,66,8,211,135,47,66,21,14,21,346,31,13,78,17,20,20,160,345,25,17,379,317,17,77,195,9,107,29,201,304,88,15,21,5,10,24,11,18,11,18,336,38,384,298,14,27,81,188,176,203,19,48,20,96,355,200,21,249,355,186,14,360,20,2]
completion_time_por_agente [284,4,32,49,4,139,412,13,54,168,413,29,3,9,9,26,36,414,9,527,30,16,481,14,20,25,49,224,426,206,256,162,636,15,398,281,99,269,376,14,16,247,571,507,36,240,306,278,25,14,78,8,28,219,619,64,15,27,2,26,424,16,200,43,20,490,532,332,425,260,263,22,304,17,79,542,569,214,189,28,24,98,133,447,56,14,14,126,33,15,483,121,206,35,83,10,157,6,91,16,123,22,390,25,140,7,17,1,7,63,60,23,427,494,431,5,18,57,24,104,499,463,90,380,31,10,7,13,276,41,11,640,70,16,32,28,92,10,392,246,57,94,25,22,24,519,45,13,97,19,35,22,261,555,25,17,620,550,21,98,294,10,191,30,352,457,137,15,22,5,13,33,12,20,13,18,566,40,585,547,15,28,129,287,325,312,31,58,25,153,492,348,24,451,504,335,17,535,25,2]
tiempo_ultimo_agente_goal 640
tiempo_en_acabar 640
tiempo_promedio 167.270004
agentes_en_goal 200
bad_good_total_rate_pred [236013,116376,352389,0.3]
push_out_count 10836
RUN 4
valores_ideales [24,4,30,35,4,39,25,10,19,21,27,12,3,9,5,26,36,23,9,36,8,15,29,12,17,10,10,35,38,42,42,24,6,11,35,39,10,37,21,9,16,16,22,27,29,42,37,27,24,14,19,8,18,41,19,42,15,23,2,3,37,14,15,26,12,34,28,17,21,23,32,14,34,17,19,15,21,24,44,28,24,29,37,45,8,12,11,32,9,13,27,52,45,13,13,10,17,3,17,15,23,20,46,18,38,7,11,1,7,40,27,21,35,31,25,5,14,19,11,48,41,31,28,41,20,10,7,9,49,15,11,23,23,9,8,23,52,6,35,39,45,44,21,6,17,24,23,13,36,11,14,14,40,35,25,17,25,27,13,29,47,9,9,29,43,34,30,15,21,5,6,12,11,18,9,18,28,32,28,34,14,27,29,48,34,31,7,30,8,30,33,32,15,25,25,36,12,24,16,2]
costo_por_agente [64,4,30,41,4,169,81,10,19,23,375,72,3,9,7,26,36,267,11,214,10,15,333,16,17,26,66,181,324,120,238,62,6,13,193,225,98,163,235,17,16,228,320,353,33,134,181,95,24,16,161,12,18,155,39,164,17,25,2,17,201,56,287,50,12,166,346,107,127,217,90,14,350,17,29,363,259,76,208,28,24,129,59,53,32,14,13,178,217,13,119,54,137,85,19,10,33,5,93,17,67,20,220,20,250,7,11,3,7,196,27,21,135,217,303,5,16,69,13,62,99,335,84,211,24,10,7,11,63,93,13,225,125,19,18,25,100,10,271,231,259,84,27,18,25,292,53,17,150,11,26,14,302,191,25,19,209,255,39,125,147,9,207,31,165,256,120,15,23,15,10,16,11,20,15,18,220,34,108,182,16,27,209,314,282,293,7,82,8,230,315,76,15,163,123,104,12,272,48,2]
completion_time_por_agente [96,4,30,46,5,243,94,12,19,25,516,143,4,9,12,26,37,399,11,422,11,15,551,17,18,32,115,332,528,205,432,94,6,13,300,343,170,270,393,19,19,401,479,537,43,243,287,145,24,18,245,12,19,230,40,274,17,27,2,31,342,78,498,67,12,268,530,174,188,332,135,14,562,18,42,510,427,143,309,29,25,204,78,74,35,14,16,262,353,14,210,72,214,124,29,10,46,10,141,18,129,21,376,22,367,8,12,4,7,334,32,21,217,329,499,6,17,100,20,93,186,533,125,331,30,11,7,12,77,153,16,398,186,22,24,29,174,11,425,391,462,134,33,19,39,477,94,18,231,11,38,17,422,262,25,19,340,394,52,169,271,10,311,33,297,372,197,15,26,15,19,20,11,20,18,18,343,35,162,303,16,28,306,506,447,487,8,131,10,333,491,119,16,276,184,167,12,432,87,2]
tiempo_ultimo_agente_goal 562
tiempo_en_acabar 562
tiempo_promedio 156.509995
agentes_en_goal 200
bad_good_total_rate_pred [234142,109847,343989,0.3]
push_out_count 13373
RUN 5
valores_ideales [24,4,30,35,4,39,25,10,19,21,27,12,3,9,5,26,36,23,9,36,8,15,29,12,17,10,10,35,38,42,42,24,6,11,35,39,10,37,21,9,16,16,22,27,29,42,37,27,24,14,19,8,18,41,19,42,15,23,2,3,37,14,15,26,12,34,28,17,21,23,32,14,34,17,19,15,21,24,44,28,24,29,37,45,8,12,11,32,9,13,27,52,45,13,13,10,17,3,17,15,23,20,46,18,38,7,11,1,7,40,27,21,35,31,25,5,14,19,11,48,41,31,28,41,20,10,7,9,49,15,11,23,23,9,8,23,52,6,35,39,45,44,21,6,17,24,23,13,36,11,14,14,40,35,25,17,25,27,13,29,47,9,9,29,43,34,30,15,21,5,6,12,11,18,9,18,28,32,28,34,14,27,29,48,34,31,7,30,8,30,33,32,15,25,25,36,12,24,16,2]
costo_por_agente [40,6,36,39,4,161,303,10,19,25,401,128,3,13,7,26,36,371,9,108,10,15,113,14,17,18,348,207,300,228,278,42,26,13,239,139,308,173,149,11,16,382,382,395,33,186,215,215,24,18,41,10,18,195,153,52,15,25,2,17,221,54,209,100,18,274,396,287,145,279,168,14,336,21,97,401,253,56,180,28,24,55,157,289,8,16,11,168,81,13,129,292,159,29,143,10,43,5,37,31,55,20,100,22,188,9,15,5,7,150,45,23,135,109,175,5,18,73,11,252,351,247,52,323,24,10,7,9,229,51,11,153,51,19,14,23,86,10,169,171,67,76,25,12,35,182,31,13,170,13,54,34,362,213,25,19,183,167,15,325,223,9,289,35,101,166,110,15,25,13,10,22,11,18,11,18,204,32,130,136,14,27,199,206,250,89,7,104,26,270,179,98,19,133,109,134,12,402,22,2]
completion_time_por_agente [48,10,42,47,6,254,445,12,20,32,623,260,4,17,11,26,37,580,10,169,10,16,155,15,18,18,514,287,451,391,418,56,36,17,425,206,521,285,243,19,17,598,603,531,36,319,403,324,24,18,55,11,18,327,239,67,17,38,2,27,315,89,285,167,22,410,593,383,234,416,243,15,562,24,169,636,445,99,246,29,24,76,247,512,8,22,11,252,106,14,174,475,237,49,227,10,75,5,47,45,72,21,165,26,312,10,19,5,7,264,70,26,224,201,287,7,19,101,11,412,591,358,65,500,26,10,8,9,347,99,12,245,78,25,19,23,131,11,289,277,98,142,29,12,55,273,42,13,272,17,95,42,603,351,25,22,343,285,19,528,309,10,497,47,168,284,138,15,28,16,11,25,13,18,11,18,355,37,196,210,14,28,300,292,434,170,7,161,40,434,300,146,21,230,196,218,13,589,36,2]
tiempo_ultimo_agente_goal 636
tiempo_en_acabar 636
tiempo_promedio 165.554993
agentes_en_goal 200
bad_good_total_rate_pred [239538,113202,352740,0.3]
push_out_count 16081
RUN 6
valores_ideales [24,4,30,35,4,39,25,10,19,21,27,12,3,9,5,26,36,23,9,36,8,15,29,12,17,10,10,35,38,42,42,24,6,11,35,39,10,37,21,9,16,16,22,27,29,42,37,27,24,14,19,8,18,41,19,42,15,23,2,3,37,14,15,26,12,34,28,17,21,23,32,14,34,17,19,15,21,24,44,28,24,29,37,45,8,12,11,32,9,13,27,52,45,13,13,10,17,3,17,15,23,20,46,18,38,7,11,1,7,40,27,21,35,31,25,5,14,19,11,48,41,31,28,41,20,10,7,9,49,15,11,23,23,9,8,23,52,6,35,39,45,44,21,6,17,24,23,13,36,11,14,14,40,35,25,17,25,27,13,29,47,9,9,29,43,34,30,15,21,5,6,12,11,18,9,18,28,32,28,34,14,27,29,48,34,31,7,30,8,30,33,32,15,25,25,36,12,24,16,2]
costo_por_agente [56,4,30,35,4,187,207,12,19,75,245,150,3,11,7,26,36,211,9,296,14,15,305,12,17,18,72,311,206,338,330,336,278,15,183,273,146,261,311,15,16,364,226,329,33,164,107,133,24,14,129,14,18,259,155,104,15,27,2,11,123,34,425,52,20,306,308,109,257,209,76,14,416,17,21,391,159,78,250,28,50,69,71,59,138,20,13,368,35,17,223,164,119,85,31,10,27,3,29,15,119,20,90,18,324,7,13,3,7,52,75,21,139,283,59,5,14,19,11,290,319,87,62,181,20,12,7,9,203,103,11,137,67,13,12,23,110,8,327,185,67,54,21,10,23,160,41,13,126,19,36,16,174,229,25,19,115,163,15,127,257,9,43,29,131,112,272,17,21,11,6,22,13,18,17,18,70,34,354,140,16,27,209,222,318,215,9,88,40,270,323,200,17,199,135,232,18,208,24,2]
completion_time_por_agente [71,6,32,35,5,284,297,13,20,138,333,265,4,15,12,27,36,329,9,551,17,15,448,14,18,18,114,492,303,525,554,519,428,16,254,439,314,435,482,16,16,557,332,585,39,247,167,195,24,14,181,16,18,368,246,157,17,30,2,20,202,53,615,62,20,522,492,216,409,319,106,16,576,21,27,607,250,141,408,29,71,102,103,82,267,25,14,541,55,23,395,289,192,174,63,10,43,3,43,17,197,21,136,19,455,7,14,3,7,64,142,23,247,452,91,5,16,21,13,465,456,115,75,327,24,12,7,9,352,166,11,250,95,14,15,23,187,11,598,310,111,67,22,11,34,307,62,13,212,33,60,24,290,357,25,20,208,271,16,235,404,10,84,31,199,133,492,17,22,15,6,33,14,18,20,18,117,36,521,237,16,28,319,398,505,308,10,133,64,415,489,348,18,387,240,382,25,322,33,2]
tiempo_ultimo_agente_goal 615
tiempo_en_acabar 615
tiempo_promedio 167.195007
agentes_en_goal 200
bad_good_total_rate_pred [237311,116422,353733,0.3]
push_out_count 18903
RUN 7
valores_ideales [24,4,30,35,4,39,25,10,19,21,27,12,3,9,5,26,36,23,9,36,8,15,29,12,17,10,10,35,38,42,42,24,6,11,35,39,10,37,21,9,16,16,22,27,29,42,37,27,24,14,19,8,18,41,19,42,15,23,2,3,37,14,15,26,12,34,28,17,21,23,32,14,34,17,19,15,21,24,44,28,24,29,37,45,8,12,11,32,9,13,27,52,45,13,13,10,17,3,17,15,23,20,46,18,38,7,11,1,7,40,27,21,35,31,25,5,14,19,11,48,41,31,28,41,20,10,7,9,49,15,11,23,23,9,8,23,52,6,35,39,45,44,21,6,17,24,23,13,36,11,14,14,40,35,25,17,25,27,13,29,47,9,9,29,43,34,30,15,21,5,6,12,11,18,9,18,28,32,28,34,14,27,29,48,34,31,7,30,8,30,33,32,15,25,25,36,12,24,16,2]
costo_por_agente [120,18,30,41,4,55,77,12,25,69,383,66,3,13,7,26,38,161,11,256,16,15,191,12,17,14,304,163,284,256,292,28,6,13,323,129,188,229,279,13,18,362,330,357,43,272,167,185,24,14,89,8,18,249,129,110,17,27,2,7,211,16,205,40,12,294,186,203,245,187,44,14,344,17,27,377,151,92,292,28,24,41,111,87,32,14,15,116,33,15,255,244,261,133,51,10,119,3,33,17,145,20,106,32,192,7,17,3,7,170,29,21,125,385,359,5,16,153,11,170,177,363,94,355,20,10,7,9,49,107,11,307,85,13,10,23,90,10,283,151,89,88,21,6,27,378,41,13,66,11,26,16,218,257,25,17,271,177,13,181,277,9,241,31,79,310,114,15,23,13,10,12,11,18,17,20,134,32,306,182,14,27,347,198,322,163,7,126,8,150,201,110,17,283,287,92,12,196,26,2]
completion_time_por_agente [202,22,30,57,6,83,99,13,25,120,582,117,4,13,7,27,39,279,13,453,22,15,279,13,18,22,497,275,426,395,487,37,6,15,480,170,313,375,435,17,19,559,479,585,58,439,255,286,24,15,149,11,18,378,185,220,17,41,2,13,283,20,313,61,12,512,264,330,470,298,59,14,555,19,31,567,215,155,471,28,24,59,189,134,62,19,19,179,38,17,429,412,453,202,94,10,237,3,43,21,266,21,147,41,308,9,19,4,7,278,38,21,191,536,541,6,17,194,11,291,255,595,156,543,23,10,7,9,57,182,12,514,124,13,11,25,148,11,528,288,142,131,24,6,37,588,57,17,104,12,45,21,315,420,25,18,450,265,15,277,393,11,383,33,127,517,182,19,24,13,12,12,11,20,17,20,237,36,476,245,14,28,572,300,486,301,9,221,9,228,307,192,18,492,424,160,12,321,46,2]
tiempo_ultimo_agente_goal 595
tiempo_en_acabar 595
tiempo_promedio 169.589996
agentes_en_goal 200
bad_good_total_rate_pred [241947,118427,360374,0.3]
push_out_count 21768
RUN 8
valores_ideales [24,4,30,35,4,39,25,10,19,21,27,12,3,9,5,26,36,23,9,36,8,15,29,12,17,10,10,35,38,42,42,24,6,11,35,39,10,37,21,9,16,16,22,27,29,42,37,27,24,14,19,8,18,41,19,42,15,23,2,3,37,14,15,26,12,34,28,17,21,23,32,14,34,17,19,15,21,24,44,28,24,29,37,45,8,12,11,32,9,13,27,52,45,13,13,10,17,3,17,15,23,20,46,18,38,7,11,1,7,40,27,21,35,31,25,5,14,19,11,48,41,31,28,41,20,10,7,9,49,15,11,23,23,9,8,23,52,6,35,39,45,44,21,6,17,24,23,13,36,11,14,14,40,35,25,17,25,27,13,29,47,9,9,29,43,34,30,15,21,5,6,12,11,18,9,18,28,32,28,34,14,27,29,48,34,31,7,30,8,30,33,32,15,25,25,36,12,24,16,2]
costo_por_agente [142,4,30,35,6,245,195,10,21,69,201,90,5,11,5,28,36,153,9,86,22,15,157,12,17,40,12,157,200,84,164,38,8,11,233,229,198,141,235,11,16,332,322,109,35,102,295,47,24,14,81,10,18,137,251,78,17,27,2,45,261,48,255,42,12,270,250,147,217,241,84,18,310,23,77,327,145,126,246,30,24,121,145,71,130,20,11,164,17,17,89,68,81,43,37,10,63,7,49,19,79,20,108,18,240,15,15,3,7,168,47,21,287,149,197,5,16,43,11,150,171,141,90,77,22,10,7,9,67,301,13,283,47,15,10,23,234,8,201,173,185,192,23,16,23,274,33,13,78,11,22,16,286,175,25,17,103,133,19,281,119,11,61,29,71,130,124,15,31,11,10,16,13,18,11,18,316,34,278,256,14,27,137,60,278,135,7,112,32,74,219,184,21,117,93,266,12,342,22,2]
completion_time_por_agente [215,4,34,36,7,400,324,10,23,122,322,151,7,12,8,30,36,256,10,145,26,18,247,13,18,63,12,218,261,136,273,46,8,12,355,354,287,222,348,14,16,514,536,141,42,156,471,57,24,14,126,11,18,218,401,106,20,32,2,71,443,80,487,62,12,400,365,240,318,374,110,19,527,26,108,533,210,203,377,34,24,174,245,106,227,24,11,271,23,20,127,87,118,53,69,10,126,7,72,21,98,21,165,22,346,15,18,4,7,296,66,23,487,235,310,5,16,72,15,243,285,237,146,113,23,10,9,9,91,498,14,458,66,17,12,24,431,9,291,289,322,314,24,22,27,447,43,15,95,11,25,17,510,290,25,17,170,204,23,486,182,12,93,31,114,180,196,15,43,14,12,20,16,19,13,18,515,34,477,502,15,30,219,77,399,198,11,160,54,111,331,283,21,173,143,379,13,508,26,2]
tiempo_ultimo_agente_goal 536
tiempo_en_acabar 536
tiempo_promedio 145.220001
agentes_en_goal 200
bad_good_total_rate_pred [198874,102570,301444,0.3]
push_out_count 24270
RUN 9
valores_ideales [24,4,30,35,4,39,25,10,19,21,27,12,3,9,5,26,36,23,9,36,8,15,29,12,17,10,10,35,38,42,42,24,6,11,35,39,10,37,21,9,16,16,22,27,29,42,37,27,24,14,19,8,18,41,19,42,15,23,2,3,37,14,15,26,12,34,28,17,21,23,32,14,34,17,19,15,21,24,44,28,24,29,37,45,8,12,11,32,9,13,27,52,45,13,13,10,17,3,17,15,23,20,46,18,38,7,11,1,7,40,27,21,35,31,25,5,14,19,11,48,41,31,28,41,20,10,7,9,49,15,11,23,23,9,8,23,52,6,35,39,45,44,21,6,17,24,23,13,36,11,14,14,40,35,25,17,25,27,13,29,47,9,9,29,43,34,30,15,21,5,6,12,11,18,9,18,28,32,28,34,14,27,29,48,34,31,7,30,8,30,33,32,15,25,25,36,12,24,16,2]
costo_por_agente [72,4,30,37,6,143,133,14,19,73,121,272,3,9,5,26,36,155,9,214,16,15,171,14,19,14,80,147,280,162,76,58,6,11,229,193,320,87,67,11,16,132,364,323,49,110,187,325,24,14,37,16,18,115,53,108,15,25,2,15,125,286,297,84,12,268,188,215,215,175,34,14,316,17,19,297,261,138,126,28,26,353,121,113,52,18,15,236,45,13,197,60,97,125,69,10,77,3,25,15,125,20,198,28,308,7,15,3,7,116,47,21,283,245,307,5,20,51,11,308,185,179,112,165,40,10,7,11,77,161,11,373,129,13,8,23,210,12,143,161,49,112,23,18,23,132,29,13,252,15,54,30,102,209,25,17,201,221,13,287,155,9,77,29,267,350,406,15,21,9,40,28,13,18,23,18,66,40,112,150,14,27,181,306,244,155,13,52,8,142,309,334,17,129,303,308,18,276,24,2]
completion_time_por_agente [100,4,31,46,7,235,216,19,20,113,155,465,4,9,10,27,36,232,15,359,17,16,256,16,23,16,143,256,466,245,130,64,6,13,386,342,504,152,79,14,18,197,545,521,67,167,252,493,24,16,59,18,21,179,78,196,16,28,2,24,186,438,457,132,13,446,294,364,331,278,38,15,484,18,19,486,348,229,191,29,28,578,151,153,92,31,17,344,60,14,299,80,167,217,133,10,140,3,34,17,194,21,312,35,492,9,17,4,7,189,66,24,459,394,499,5,23,85,11,541,311,251,176,276,61,10,7,12,132,240,11,604,223,13,9,23,339,15,304,247,69,166,26,22,34,203,42,13,415,18,85,45,179,320,25,22,322,356,16,433,290,9,100,29,448,564,595,15,21,9,46,40,15,19,25,18,111,49,161,254,15,28,270,528,374,253,14,64,8,237,478,557,18,208,459,541,30,442,27,2]
tiempo_ultimo_agente_goal 604
tiempo_en_acabar 604
tiempo_promedio 161.824997
agentes_en_goal 200
bad_good_total_rate_pred [226568,109556,336124,0.3]
push_out_count 26917
RUN 10
valores_ideales [24,4,30,35,4,39,25,10,19,21,27,12,3,9,5,26,36,23,9,36,8,15,29,12,17,10,10,35,38,42,42,24,6,11,35,39,10,37,21,9,16,16,22,27,29,42,37,27,24,14,19,8,18,41,19,42,15,23,2,3,37,14,15,26,12,34,28,17,21,23,32,14,34,17,19,15,21,24,44,28,24,29,37,45,8,12,11,32,9,13,27,52,45,13,13,10,17,3,17,15,23,20,46,18,38,7,11,1,7,40,27,21,35,31,25,5,14,19,11,48,41,31,28,41,20,10,7,9,49,15,11,23,23,9,8,23,52,6,35,39,45,44,21,6,17,24,23,13,36,11,14,14,40,35,25,17,25,27,13,29,47,9,9,29,43,34,30,15,21,5,6,12,11,18,9,18,28,32,28,34,14,27,29,48,34,31,7,30,8,30,33,32,15,25,25,36,12,24,16,2]
costo_por_agente [54,4,30,37,6,267,111,12,19,57,81,110,3,13,7,28,36,173,11,178,8,15,223,14,19,22,46,159,178,250,98,26,6,13,151,63,106,139,167,13,16,126,226,279,31,196,223,127,24,16,29,8,18,147,273,56,15,23,2,19,143,18,193,80,16,282,114,263,203,127,40,16,160,19,25,317,97,98,250,28,24,215,37,299,22,36,15,310,21,13,297,72,199,33,71,10,39,9,31,15,33,20,198,22,116,11,15,3,7,150,35,21,265,237,157,5,18,71,251,184,77,197,54,217,22,12,7,11,67,67,11,237,29,15,8,23,98,10,193,145,217,166,21,8,31,370,33,13,154,15,104,66,106,225,25,17,175,247,13,213,145,9,65,33,49,146,264,15,23,11,6,14,11,18,9,18,104,34,90,272,14,27,225,294,178,219,7,110,16,96,251,200,17,165,183,72,16,346,20,2]
completion_time_por_agente [60,4,34,41,6,413,139,14,22,105,105,185,4,14,9,28,36,312,12,263,10,15,376,17,23,30,73,264,266,426,173,27,6,13,221,91,182,237,284,16,16,226,362,462,36,301,351,185,24,16,32,9,19,235,454,63,16,29,2,30,230,22,264,139,17,482,198,378,362,236,62,19,257,25,32,509,146,185,359,29,24,350,37,488,33,61,16,498,23,14,456,105,340,62,108,10,62,12,38,17,43,21,337,26,184,14,18,6,7,230,50,24,437,409,255,6,18,116,415,299,125,321,74,363,24,13,7,11,109,132,12,385,41,20,9,24,151,14,283,228,353,297,26,8,48,544,50,14,262,20,197,111,157,368,25,18,283,342,20,385,206,9,82,36,77,228,501,15,26,11,7,14,11,19,14,18,138,36,120,407,15,28,347,472,313,338,9,198,22,129,407,342,19,278,273,96,23,560,26,2]
tiempo_ultimo_agente_goal 560
tiempo_en_acabar 560
tiempo_promedio 143.949997
agentes_en_goal 200
bad_good_total_rate_pred [201909,100802,302711,0.3]
push_out_count 29354
RUN 11
valores_ideales [24,4,30,35,4,39,25,10,19,21,27,12,3,9,5,26,36,23,9,36,8,15,29,12,17,10,10,35,38,42,42,24,6,11,35,39,10,37,21,9,16,16,22,27,29,42,37,27,24,14,19,8,18,41,19,42,15,23,2,3,37,14,15,26,12,34,28,17,21,23,32,14,34,17,19,15,21,24,44,28,24,29,37,45,8,12,11,32,9,13,27,52,45,13,13,10,17,3,17,15,23,20,46,18,38,7,11,1,7,40,27,21,35,31,25,5,14,19,11,48,41,31,28,41,20,10,7,9,49,15,11,23,23,9,8,23,52,6,35,39,45,44,21,6,17,24,23,13,36,11,14,14,40,35,25,17,25,27,13,29,47,9,9,29,43,34,30,15,21,5,6,12,11,18,9,18,28,32,28,34,14,27,29,48,34,31,7,30,8,30,33,32,15,25,25,36,12,24,16,2]
costo_por_agente [48,4,30,43,4,69,79,12,21,79,167,44,3,9,5,26,38,307,11,250,12,15,91,12,17,12,32,145,82,134,96,84,16,23,283,149,122,107,341,11,16,316,222,395,29,98,115,177,24,16,339,10,18,93,267,238,15,25,2,5,135,18,69,166,36,188,298,197,263,115,134,14,224,17,201,417,277,130,88,28,24,277,41,69,50,12,17,334,11,15,179,64,313,109,23,10,155,17,29,23,113,20,154,18,370,7,13,1,7,332,51,21,259,373,389,5,22,67,167,140,85,101,62,73,28,12,7,11,53,97,11,247,61,15,12,23,244,8,201,113,275,76,25,12,29,320,49,13,104,23,38,18,148,135,25,17,259,203,51,259,89,13,289,29,215,192,246,15,21,25,6,14,11,18,11,18,296,32,302,224,14,27,321,92,256,197,9,102,26,206,263,328,17,147,247,308,12,308,42,2]
completion_time_por_agente [65,4,33,55,6,82,113,14,21,132,243,73,4,9,8,26,39,504,14,364,12,19,148,14,18,16,55,232,130,227,162,116,25,25,425,247,205,163,576,15,17,572,351,578,29,177,185,279,24,19,505,10,18,161,384,370,15,28,2,5,186,21,93,242,50,254,490,288,430,165,199,14,352,17,288,605,454,204,125,28,26,406,45,85,67,13,23,533,13,18,265,86,501,198,43,10,292,24,44,34,183,21,241,20,564,8,14,1,7,546,62,27,378,569,596,6,26,116,313,241,111,163,80,100,36,12,7,13,70,127,11,384,96,18,13,24,389,9,306,165,510,131,30,20,44,523,71,13,202,24,68,21,245,247,25,17,450,333,76,438,154,16,413,29,347,288,372,15,21,26,6,15,13,18,11,18,475,36,541,383,14,30,498,133,412,320,11,170,34,340,429,552,17,253,387,489,13,573,58,2]
tiempo_ultimo_agente_goal 605
tiempo_en_acabar 605
tiempo_promedio 165.460007
agentes_en_goal 200
bad_good_total_rate_pred [230251,116581,346832,0.3]
push_out_count 32185
RUN 12
valores_ideales [24,4,30,35,4,39,25,10,19,21,27,12,3,9,5,26,36,23,9,36,8,15,29,12,17,10,10,35,38,42,42,24,6,11,35,39,10,37,21,9,16,16,22,27,29,42,37,27,24,14,19,8,18,41,19,42,15,23,2,3,37,14,15,26,12,34,28,17,21,23,32,14,34,17,19,15,21,24,44,28,24,29,37,45,8,12,11,32,9,13,27,52,45,13,13,10,17,3,17,15,23,20,46,18,38,7,11,1,7,40,27,21,35,31,25,5,14,19,11,48,41,31,28,41,20,10,7,9,49,15,11,23,23,9,8,23,52,6,35,39,45,44,21,6,17,24,23,13,36,11,14,14,40,35,25,17,25,27,13,29,47,9,9,29,43,34,30,15,21,5,6,12,11,18,9,18,28,32,28,34,14,27,29,48,34,31,7,30,8,30,33,32,15,25,25,36,12,24,16,2]
costo_por_agente [184,4,30,35,4,145,47,12,19,103,299,122,3,19,5,26,36,255,11,202,8,15,247,16,17,52,70,205,210,306,272,64,36,13,295,203,280,127,65,13,16,212,312,211,45,190,135,73,24,14,29,8,18,235,367,78,15,25,2,5,263,14,335,56,18,222,144,279,101,261,34,14,274,17,89,237,341,96,276,28,24,111,117,187,38,64,11,138,71,15,229,108,53,71,79,10,35,3,83,41,133,20,78,20,196,7,11,1,7,80,39,25,141,269,263,5,70,49,15,80,137,111,136,193,22,12,7,11,321,67,11,221,49,17,8,23,94,6,315,171,57,64,21,10,53,190,49,13,156,15,28,16,160,319,25,19,131,135,13,301,153,13,61,33,77,344,96,15,23,9,6,22,11,18,11,18,190,34,146,94,14,27,155,220,378,101,13,110,14,214,301,168,17,139,155,158,16,390,36,2]
completion_time_por_agente [268,6,31,41,5,228,54,15,19,166,481,225,3,31,10,26,36,373,15,327,9,15,413,18,18,84,105,313,295,532,430,94,57,13,444,323,507,199,80,14,16,373,504,388,66,321,208,119,24,14,35,8,21,377,592,102,17,33,2,13,439,18,505,89,26,359,210,459,170,394,43,16,422,18,182,398,554,156,425,28,24,161,194,317,57,93,13,216,96,16,377,182,66,105,117,10,65,7,111,74,196,21,115,25,323,7,12,2,7,126,47,32,242,424,436,5,125,63,23,114,228,180,202,278,25,12,7,12,493,97,11,348,59,19,8,23,145,9,561,282,80,90,23,14,82,256,79,13,245,17,32,16,234,560,25,23,195,209,18,569,234,13,87,37,134,488,136,15,26,10,8,29,11,18,16,18,314,38,204,148,14,28,255,390,599,146,15,171,15,357,448,276,19,210,244,239,21,589,59,2]
tiempo_ultimo_agente_goal 599
tiempo_en_acabar 599
tiempo_promedio 154.865005
agentes_en_goal 200
bad_good_total_rate_pred [214512,104844,319356,0.3]
push_out_count 34847
RUN 13
valores_ideales [24,4,30,35,4,39,25,10,19,21,27,12,3,9,5,26,36,23,9,36,8,15,29,12,17,10,10,35,38,42,42,24,6,11,35,39,10,37,21,9,16,16,22,27,29,42,37,27,24,14,19,8,18,41,19,42,15,23,2,3,37,14,15,26,12,34,28,17,21,23,32,14,34,17,19,15,21,24,44,28,24,29,37,45,8,12,11,32,9,13,27,52,45,13,13,10,17,3,17,15,23,20,46,18,38,7,11,1,7,40,27,21,35,31,25,5,14,19,11,48,41,31,28,41,20,10,7,9,49,15,11,23,23,9,8,23,52,6,35,39,45,44,21,6,17,24,23,13,36,11,14,14,40,35,25,17,25,27,13,29,47,9,9,29,43,34,30,15,21,5,6,12,11,18,9,18,28,32,28,34,14,27,29,48,34,31,7,30,8,30,33,32,15,25,25,36,12,24,16,2]
costo_por_agente [88,6,32,35,4,395,59,10,19,63,217,22,3,9,9,26,36,75,9,124,12,15,107,12,17,22,40,125,376,92,300,56,8,15,185,169,162,261,301,13,16,188,270,233,33,160,147,119,24,14,153,8,24,189,61,216,15,25,2,19,101,46,287,198,22,334,396,115,271,161,384,14,426,19,57,279,169,112,142,28,24,95,87,339,140,34,13,302,115,13,279,64,57,87,77,10,37,7,119,31,151,20,156,18,406,11,15,3,7,156,33,21,277,287,317,5,18,101,11,110,179,151,112,221,22,10,7,9,299,91,11,397,27,13,14,23,78,8,355,229,111,58,21,8,19,410,45,13,234,15,26,78,66,247,25,21,363,205,43,165,61,9,85,29,135,420,318,17,21,11,8,16,11,18,13,18,38,34,152,256,14,27,291,202,264,247,9,76,88,270,211,178,19,81,115,270,18,434,56,2]
completion_time_por_agente [118,6,38,35,5,618,74,10,19,76,320,30,4,9,12,26,36,118,11,173,14,15,178,13,18,33,59,197,546,128,557,74,10,18,274,274,266,431,465,16,16,251,445,371,37,290,233,223,24,14,291,9,26,316,73,341,17,31,2,40,148,63,422,295,28,500,670,156,412,212,557,15,648,19,114,423,258,214,231,29,24,119,135,604,280,61,15,505,158,14,468,92,78,139,129,10,67,8,193,51,226,21,232,20,648,11,17,5,7,245,44,23,418,423,481,7,25,143,14,143,307,271,195,357,26,10,7,9,529,168,12,675,27,13,18,23,135,9,533,365,183,76,23,10,23,692,68,13,376,17,30,94,97,386,25,21,598,329,70,270,87,10,126,30,230,610,473,19,22,16,11,17,12,20,18,18,42,34,248,423,15,28,474,309,416,408,9,127,152,421,348,298,20,107,181,483,30,656,100,2]
tiempo_ultimo_agente_goal 692
tiempo_en_acabar 692
tiempo_promedio 171.154999
agentes_en_goal 200
bad_good_total_rate_pred [242969,118073,361042,0.3]
push_out_count 37710
RUN 14
valores_ideales [24,4,30,35,4,39,25,10,19,21,27,12,3,9,5,26,36,23,9,36,8,15,29,12,17,10,10,35,38,42,42,24,6,11,35,39,10,37,21,9,16,16,22,27,29,42,37,27,24,14,19,8,18,41,19,42,15,23,2,3,37,14,15,26,12,34,28,17,21,23,32,14,34,17,19,15,21,24,44,28,24,29,37,45,8,12,11,32,9,13,27,52,45,13,13,10,17,3,17,15,23,20,46,18,38,7,11,1,7,40,27,21,35,31,25,5,14,19,11,48,41,31,28,41,20,10,7,9,49,15,11,23,23,9,8,23,52,6,35,39,45,44,21,6,17,24,23,13,36,11,14,14,40,35,25,17,25,27,13,29,47,9,9,29,43,34,30,15,21,5,6,12,11,18,9,18,28,32,28,34,14,27,29,48,34,31,7,30,8,30,33,32,15,25,25,36,12,24,16,2]
costo_por_agente [146,4,34,39,4,325,331,12,19,95,369,56,3,11,5,26,38,383,9,254,18,15,329,14,17,56,52,91,226,88,396,170,170,11,191,111,372,125,353,13,16,284,276,237,151,386,187,431,24,14,105,8,20,273,169,64,27,25,2,15,289,16,405,64,20,372,332,313,115,149,40,16,378,17,113,223,371,246,298,28,24,173,71,57,62,82,11,398,73,15,299,56,275,25,55,10,49,3,37,23,97,20,120,22,380,7,11,1,7,160,107,25,195,333,259,5,18,95,111,412,103,371,78,249,22,12,7,15,93,47,15,333,87,17,8,23,110,8,173,149,169,64,23,14,21,288,81,13,130,15,48,14,58,427,25,19,411,185,19,259,289,9,109,35,185,138,434,17,25,15,6,14,11,18,11,18,58,34,316,168,14,27,169,290,374,299,11,104,40,154,401,276,15,315,207,290,14,370,18,2]
completion_time_por_agente [196,4,41,51,4,489,526,14,19,150,580,81,4,13,7,26,39,563,9,415,20,18,488,16,18,72,81,146,375,146,643,254,279,11,311,194,596,222,550,16,16,465,457,389,294,621,297,638,24,14,182,8,24,457,248,87,31,32,2,25,480,16,654,104,22,569,494,537,179,264,42,18,534,19,193,356,569,491,431,28,25,327,98,78,118,166,12,584,105,17,462,70,503,33,86,10,85,3,50,28,161,21,190,29,605,7,13,2,7,251,157,34,313,446,395,5,19,137,217,626,175,633,116,406,25,12,7,16,142,62,18,579,130,18,11,26,177,10,318,230,261,93,24,16,30,461,162,13,197,17,86,14,82,652,25,22,651,328,23,386,497,9,155,43,342,231,590,18,33,23,6,16,12,18,11,19,75,36,452,288,15,28,278,514,552,429,13,167,72,242,594,421,17,501,355,419,14,559,21,2]
tiempo_ultimo_agente_goal 654
tiempo_en_acabar 654
tiempo_promedio 196.169998
agentes_en_goal 200
bad_good_total_rate_pred [277450,134116,411566,0.3]
push_out_count 41110
RUN 15
valores_ideales [24,4,30,35,4,39,25,10,19,21,27,12,3,9,5,26,36,23,9,36,8,15,29,12,17,10,10,35,38,42,42,24,6,11,35,39,10,37,21,9,16,16,22,27,29,42,37,27,24,14,19,8,18,41,19,42,15,23,2,3,37,14,15,26,12,34,28,17,21,23,32,14,34,17,19,15,21,24,44,28,24,29,37,45,8,12,11,32,9,13,27,52,45,13,13,10,17,3,17,15,23,20,46,18,38,7,11,1,7,40,27,21,35,31,25,5,14,19,11,48,41,31,28,41,20,10,7,9,49,15,11,23,23,9,8,23,52,6,35,39,45,44,21,6,17,24,23,13,36,11,14,14,40,35,25,17,25,27,13,29,47,9,9,29,43,34,30,15,21,5,6,12,11,18,9,18,28,32,28,34,14,27,29,48,34,31,7,30,8,30,33,32,15,25,25,36,12,24,16,2]
costo_por_agente [90,4,30,39,4,261,367,14,27,101,279,174,3,9,7,26,36,369,11,102,10,15,135,14,17,14,220,73,310,138,300,202,6,15,243,101,96,191,175,11,16,296,228,377,29,118,77,259,24,16,39,14,18,183,81,48,15,27,2,369,371,32,327,62,14,154,316,73,143,209,372,16,106,17,27,355,151,202,254,28,24,97,127,321,118,50,13,76,355,13,339,66,57,209,19,10,53,3,29,17,45,20,212,18,354,11,11,1,7,250,27,21,165,221,349,5,18,67,11,68,357,219,46,113,22,12,7,9,257,91,13,167,111,11,10,45,92,12,203,195,119,84,27,10,39,192,35,13,142,13,30,16,84,107,25,17,175,73,15,91,319,9,155,29,79,232,196,17,21,9,6,12,11,18,11,18,54,34,256,128,14,27,239,326,268,167,11,66,16,184,347,110,17,255,243,256,12,296,28,2]
completion_time_por_agente [121,6,34,46,5,391,562,15,27,189,410,314,3,9,9,26,36,567,14,149,11,15,196,15,18,18,301,105,457,230,491,356,6,17,423,146,178,345,265,15,16,433,402,554,29,185,103,423,24,23,59,19,18,308,96,53,15,31,2,592,553,33,589,86,14,249,449,110,219,327,584,16,200,18,41,505,287,373,343,28,24,154,197,538,248,93,14,109,489,14,519,86,81,288,28,10,94,3,46,24,67,21,339,20,500,16,13,2,7,375,32,22,332,333,513,6,19,97,11,117,549,388,81,178,22,12,7,9,393,168,18,283,181,11,10,71,143,20,276,400,221,143,31,12,66,293,49,13,286,15,47,17,125,175,25,17,323,114,19,183,552,10,193,32,121,336,311,17,21,11,7,16,14,18,11,19,61,36,452,174,14,30,352,554,428,335,12,112,27,309,499,189,18,420,376,458,13,460,43,2]
tiempo_ultimo_agente_goal 592
tiempo_en_acabar 592
tiempo_promedio 166.539993
agentes_en_goal 200
bad_good_total_rate_pred [250581,114607,365188,0.3]
push_out_count 43869
RUN 16
valores_ideales [24,4,30,35,4,39,25,10,19,21,27,12,3,9,5,26,36,23,9,36,8,15,29,12,17,10,10,35,38,42,42,24,6,11,35,39,10,37,21,9,16,16,22,27,29,42,37,27,24,14,19,8,18,41,19,42,15,23,2,3,37,14,15,26,12,34,28,17,21,23,32,14,34,17,19,15,21,24,44,28,24,29,37,45,8,12,11,32,9,13,27,52,45,13,13,10,17,3,17,15,23,20,46,18,38,7,11,1,7,40,27,21,35,31,25,5,14,19,11,48,41,31,28,41,20,10,7,9,49,15,11,23,23,9,8,23,52,6,35,39,45,44,21,6,17,24,23,13,36,11,14,14,40,35,25,17,25,27,13,29,47,9,9,29,43,34,30,15,21,5,6,12,11,18,9,18,28,32,28,34,14,27,29,48,34,31,7,30,8,30,33,32,15,25,25,36,12,24,16,2]
costo_por_agente [40,4,32,45,6,211,33,10,21,113,75,222,3,17,9,26,36,195,9,110,10,15,217,14,17,20,154,227,306,96,256,36,8,11,267,161,374,59,269,17,16,416,204,417,37,236,277,167,24,14,27,10,20,217,217,106,15,23,2,15,297,18,293,36,22,238,254,163,207,223,428,20,344,19,123,325,125,82,164,32,24,69,41,411,10,12,15,128,21,15,99,58,231,65,23,10,97,13,51,21,221,20,124,22,356,7,13,1,7,368,51,25,201,411,353,5,16,39,11,172,315,339,74,319,24,12,7,11,381,175,13,111,107,19,12,23,94,6,187,77,137,120,21,14,27,370,43,15,70,17,28,14,296,183,25,17,233,153,15,87,299,9,53,29,219,392,180,21,21,19,10,16,11,18,11,18,114,34,202,106,14,27,321,254,226,67,9,96,10,154,281,118,17,241,147,230,12,306,24,2]
completion_time_por_agente [65,4,38,58,8,334,34,11,21,225,122,359,6,17,10,28,37,346,9,193,12,15,299,16,21,28,232,385,476,159,426,43,8,13,384,226,587,96,412,24,16,642,293,621,51,373,400,247,24,14,35,11,24,382,356,191,15,26,2,24,490,21,447,49,26,412,394,240,349,318,650,20,536,20,222,493,217,142,274,37,24,98,47,648,16,13,18,208,26,17,189,94,375,84,38,10,183,15,72,29,370,21,166,23,560,7,13,2,7,631,76,31,367,559,525,6,20,60,16,306,523,496,113,462,25,12,7,13,585,258,16,164,167,28,14,24,139,9,294,139,234,198,21,16,40,541,58,18,102,21,45,19,468,301,25,21,394,243,18,128,445,10,92,29,337,603,299,23,23,19,12,21,12,19,11,18,195,36,306,167,14,28,478,430,371,98,11,142,11,243,434,187,18,350,233,404,13,477,37,2]
tiempo_ultimo_agente_goal 650
tiempo_en_acabar 650
tiempo_promedio 169.589996
agentes_en_goal 200
bad_good_total_rate_pred [253285,114614,367899,0.3]
push_out_count 46571
RUN 17
valores_ideales [24,4,30,35,4,39,25,10,19,21,27,12,3,9,5,26,36,23,9,36,8,15,29,12,17,10,10,35,38,42,42,24,6,11,35,39,10,37,21,9,16,16,22,27,29,42,37,27,24,14,19,8,18,41,19,42,15,23,2,3,37,14,15,26,12,34,28,17,21,23,32,14,34,17,19,15,21,24,44,28,24,29,37,45,8,12,11,32,9,13,27,52,45,13,13,10,17,3,17,15,23,20,46,18,38,7,11,1,7,40,27,21,35,31,25,5,14,19,11,48,41,31,28,41,20,10,7,9,49,15,11,23,23,9,8,23,52,6,35,39,45,44,21,6,17,24,23,13,36,11,14,14,40,35,25,17,25,27,13,29,47,9,9,29,43,34,30,15,21,5,6,12,11,18,9,18,28,32,28,34,14,27,29,48,34,31,7,30,8,30,33,32,15,25,25,36,12,24,16,2]
costo_por_agente [78,8,30,35,6,147,327,12,19,91,357,104,3,19,7,26,36,177,13,200,8,15,157,12,19,18,150,167,70,272,68,34,10,11,199,191,308,121,345,13,16,150,226,255,29,92,199,407,24,14,105,10,18,93,313,88,15,25,2,21,201,18,145,90,12,322,412,159,321,365,46,14,360,17,45,471,297,92,216,28,24,49,203,119,104,22,17,228,27,13,217,70,231,13,151,10,35,3,39,17,45,20,168,22,270,17,13,3,7,80,29,21,225,349,165,5,16,45,11,184,79,199,136,191,26,12,7,11,63,133,11,341,89,11,14,23,150,8,267,129,163,192,23,6,19,398,81,13,68,11,42,24,222,129,25,17,173,233,15,365,135,9,23,29,141,368,200,15,21,13,6,12,13,18,15,20,266,34,288,272,14,27,357,74,358,167,7,146,8,110,319,138,17,227,227,332,14,214,48,2]
completion_time_por_agente [115,8,31,37,6,254,506,14,20,140,544,197,4,29,9,26,36,274,13,309,9,18,246,16,20,18,215,246,98,490,111,41,14,13,305,285,507,218,548,13,16,254,412,424,29,153,307,671,24,15,147,12,18,136,477,146,17,30,2,31,319,22,228,135,12,517,629,299,518,576,63,14,568,19,76,653,482,191,338,29,24,64,340,194,201,28,19,389,38,15,313,107,391,13,247,10,56,4,55,21,62,21,271,23,414,17,13,5,7,134,34,24,396,517,242,5,16,64,13,295,141,304,217,303,28,12,9,12,88,197,11,581,123,12,23,23,242,8,391,195,296,332,29,7,23,595,163,13,90,12,84,35,320,234,25,18,287,422,17,591,204,10,30,29,239,643,322,16,21,18,6,12,14,19,19,21,468,34,485,380,16,28,580,113,527,271,8,245,8,175,577,211,18,307,335,557,20,323,60,2]
tiempo_ultimo_agente_goal 671
tiempo_en_acabar 671
tiempo_promedio 169.990005
agentes_en_goal 200
bad_good_total_rate_pred [234424,116898,351322,0.3]
push_out_count 49526
RUN 18
valores_ideales [24,4,30,35,4,39,25,10,19,21,27,12,3,9,5,26,36,23,9,36,8,15,29,12,17,10,10,35,38,42,42,24,6,11,35,39,10,37,21,9,16,16,22,27,29,42,37,27,24,14,19,8,18,41,19,42,15,23,2,3,37,14,15,26,12,34,28,17,21,23,32,14,34,17,19,15,21,24,44,28,24,29,37,45,8,12,11,32,9,13,27,52,45,13,13,10,17,3,17,15,23,20,46,18,38,7,11,1,7,40,27,21,35,31,25,5,14,19,11,48,41,31,28,41,20,10,7,9,49,15,11,23,23,9,8,23,52,6,35,39,45,44,21,6,17,24,23,13,36,11,14,14,40,35,25,17,25,27,13,29,47,9,9,29,43,34,30,15,21,5,6,12,11,18,9,18,28,32,28,34,14,27,29,48,34,31,7,30,8,30,33,32,15,25,25,36,12,24,16,2]
costo_por_agente [58,6,30,39,4,181,183,12,19,87,109,50,3,11,7,26,36,157,9,242,10,15,99,12,19,12,70,203,280,194,304,26,6,11,225,79,106,221,103,15,16,248,156,227,57,64,193,159,24,14,29,10,20,125,387,294,25,25,2,17,235,22,223,92,12,252,300,287,309,223,326,14,292,19,47,157,369,80,160,28,24,39,257,257,16,14,13,332,61,15,289,60,65,167,43,10,75,5,73,21,391,20,108,22,186,7,15,5,7,162,33,23,107,237,279,5,104,65,11,136,79,209,40,267,24,10,7,9,59,263,11,355,77,9,12,23,156,8,249,185,251,46,23,10,29,226,29,13,128,11,42,16,288,131,25,17,391,131,21,383,281,9,123,33,99,282,332,25,25,11,8,16,13,20,11,18,52,34,348,220,14,27,173,152,362,147,7,50,10,86,225,308,17,141,237,230,18,192,24,2]
completion_time_por_agente [58,8,34,46,5,294,258,13,22,162,150,97,4,13,9,26,36,245,10,373,10,17,161,13,20,15,101,293,419,341,454,28,6,13,365,111,199,329,139,17,19,387,252,384,93,93,320,273,24,17,34,12,20,180,633,537,40,31,2,26,424,27,354,167,13,470,473,490,487,323,472,15,489,22,80,238,564,153,250,30,26,43,364,416,21,17,15,607,90,16,414,81,95,256,74,10,125,5,124,33,606,23,174,24,292,7,17,5,7,274,51,29,188,339,405,7,207,114,12,223,122,311,58,399,25,10,7,9,100,489,11,572,132,13,13,25,253,9,437,316,494,53,24,16,44,365,36,13,175,13,63,19,506,198,28,18,625,194,28,585,416,10,199,39,155,459,500,26,29,15,11,19,14,21,11,18,71,34,550,337,16,28,285,250,562,216,8,84,11,125,364,470,18,233,367,350,27,312,36,2]
tiempo_ultimo_agente_goal 633
tiempo_en_acabar 633
tiempo_promedio 165.869995
agentes_en_goal 200
bad_good_total_rate_pred [229998,118211,348209,0.3]
push_out_count 52425
RUN 19
valores_ideales [24,4,30,35,4,39,25,10,19,21,27,12,3,9,5,26,36,23,9,36,8,15,29,12,17,10,10,35,38,42,42,24,6,11,35,39,10,37,21,9,16,16,22,27,29,42,37,27,24,14,19,8,18,41,19,42,15,23,2,3,37,14,15,26,12,34,28,17,21,23,32,14,34,17,19,15,21,24,44,28,24,29,37,45,8,12,11,32,9,13,27,52,45,13,13,10,17,3,17,15,23,20,46,18,38,7,11,1,7,40,27,21,35,31,25,5,14,19,11,48,41,31,28,41,20,10,7,9,49,15,11,23,23,9,8,23,52,6,35,39,45,44,21,6,17,24,23,13,36,11,14,14,40,35,25,17,25,27,13,29,47,9,9,29,43,34,30,15,21,5,6,12,11,18,9,18,28,32,28,34,14,27,29,48,34,31,7,30,8,30,33,32,15,25,25,36,12,24,16,2]
costo_por_agente [86,8,30,35,4,103,33,16,31,71,85,40,3,9,9,26,36,193,11,196,12,15,197,12,19,32,14,105,178,148,242,34,24,15,129,213,162,213,147,17,18,286,206,207,29,156,243,131,24,14,41,12,18,131,319,62,15,25,2,25,191,38,311,76,18,240,270,285,103,175,228,16,122,19,67,175,311,202,184,28,28,103,77,53,16,14,13,320,117,13,189,72,77,43,25,10,23,9,21,15,63,20,310,22,134,9,15,3,7,272,35,23,121,213,171,5,18,61,11,324,199,225,46,117,20,10,7,9,125,33,13,241,63,13,8,45,84,14,235,67,325,50,23,24,27,204,25,13,100,15,24,18,140,291,25,17,245,251,15,95,139,11,263,29,227,80,352,17,23,13,10,12,11,20,19,20,68,34,326,330,18,27,79,206,348,277,9,74,24,162,227,252,21,103,125,298,14,232,32,2]
completion_time_por_agente [104,9,33,39,4,178,42,17,32,86,124,74,3,9,11,27,36,307,14,305,15,15,317,13,20,38,14,139,257,265,373,50,47,16,230,317,249,415,220,19,18,501,323,298,30,257,396,168,24,14,62,13,22,197,538,99,16,31,2,48,300,68,475,97,21,415,380,447,145,269,382,18,205,19,130,299,453,320,273,31,40,153,125,75,23,14,17,473,192,15,313,100,133,78,41,10,35,12,21,17,101,21,523,25,229,12,17,4,7,405,53,26,187,362,290,5,22,108,13,492,322,349,69,175,23,12,7,10,224,45,16,437,73,16,8,74,128,23,396,94,523,69,24,35,34,369,33,13,121,18,29,20,201,524,25,18,367,424,21,126,236,11,426,31,388,127,518,17,24,15,17,16,12,22,20,21,91,34,500,512,21,28,115,334,465,458,11,106,31,272,345,411,24,158,161,437,19,371,52,2]
tiempo_ultimo_agente_goal 538
tiempo_en_acabar 538
tiempo_promedio 147.149994
agentes_en_goal 200
bad_good_total_rate_pred [210568,101594,312162,0.3]
push_out_count 54855
RUN 20
valores_ideales [24,4,30,35,4,39,25,10,19,21,27,12,3,9,5,26,36,23,9,36,8,15,29,12,17,10,10,35,38,42,42,24,6,11,35,39,10,37,21,9,16,16,22,27,29,42,37,27,24,14,19,8,18,41,19,42,15,23,2,3,37,14,15,26,12,34,28,17,21,23,32,14,34,17,19,15,21,24,44,28,24,29,37,45,8,12,11,32,9,13,27,52,45,13,13,10,17,3,17,15,23,20,46,18,38,7,11,1,7,40,27,21,35,31,25,5,14,19,11,48,41,31,28,41,20,10,7,9,49,15,11,23,23,9,8,23,52,6,35,39,45,44,21,6,17,24,23,13,36,11,14,14,40,35,25,17,25,27,13,29,47,9,9,29,43,34,30,15,21,5,6,12,11,18,9,18,28,32,28,34,14,27,29,48,34,31,7,30,8,30,33,32,15,25,25,36,12,24,16,2]
costo_por_agente [36,6,30,35,20,97,53,12,19,49,285,310,3,11,5,26,36,241,11,216,10,17,301,12,17,14,24,71,126,196,62,42,6,19,181,157,202,81,315,13,16,76,298,83,37,60,107,101,24,14,87,20,20,85,215,68,17,27,2,229,245,80,325,36,12,256,74,181,243,279,62,14,242,17,73,251,117,108,306,28,26,81,57,119,46,16,13,184,19,13,273,58,165,61,19,10,29,5,75,15,93,20,120,20,292,11,11,5,7,70,51,21,97,397,273,5,20,49,11,160,333,145,54,291,20,16,7,11,137,75,13,235,45,17,10,25,102,8,257,113,45,140,27,10,23,326,75,13,122,11,22,40,94,173,25,17,251,215,79,175,351,9,67,29,63,230,180,17,23,9,6,14,11,18,17,18,224,34,220,180,20,27,193,54,240,223,11,72,22,150,339,80,15,309,257,208,16,294,22,2]
completion_time_por_agente [45,6,34,35,21,127,62,13,19,83,492,456,4,12,7,26,36,397,12,356,10,17,478,15,18,14,27,101,224,297,103,56,6,26,294,268,360,138,508,15,16,117,436,142,42,86,179,119,24,14,147,22,22,101,324,105,17,30,2,352,443,150,505,54,12,392,129,296,367,442,81,15,369,20,140,391,174,164,445,28,32,128,76,177,88,19,16,260,25,15,480,76,284,79,22,10,42,7,99,17,169,21,185,21,500,14,12,5,7,121,62,21,179,540,455,5,21,81,13,254,509,211,72,465,25,17,7,12,185,121,13,380,60,27,11,26,146,13,382,201,54,231,28,14,30,454,127,13,194,12,27,51,124,249,25,18,408,324,150,287,528,10,82,31,95,365,271,23,28,9,6,18,11,19,18,18,318,34,359,314,28,28,320,72,419,372,16,115,32,229,524,122,15,459,441,381,21,529,33,2]
tiempo_ultimo_agente_goal 540
tiempo_en_acabar 540
tiempo_promedio 145.940002
agentes_en_goal 200
bad_good_total_rate_pred [205313,97316,302629,0.3]
push_out_count 57163
RUN 21
valores_ideales [24,4,30,35,4,39,25,10,19,21,27,12,3,9,5,26,36,23,9,36,8,15,29,12,17,10,10,35,38,42,42,24,6,11,35,39,10,37,21,9,16,16,22,27,29,42,37,27,24,14,19,8,18,41,19,42,15,23,2,3,37,14,15,26,12,34,28,17,21,23,32,14,34,17,19,15,21,24,44,28,24,29,37,45,8,12,11,32,9,13,27,52,45,13,13,10,17,3,17,15,23,20,46,18,38,7,11,1,7,40,27,21,35,31,25,5,14,19,11,48,41,31,28,41,20,10,7,9,49,15,11,23,23,9,8,23,52,6,35,39,45,44,21,6,17,24,23,13,36,11,14,14,40,35,25,17,25,27,13,29,47,9,9,29,43,34,30,15,21,5,6,12,11,18,9,18,28,32,28,34,14,27,29,48,34,31,7,30,8,30,33,32,15,25,25,36,12,24,16,2]
costo_por_agente [342,4,32,37,4,175,45,12,21,119,267,116,3,9,7,26,36,279,15,174,10,15,351,12,19,14,34,83,262,94,374,32,6,13,339,305,234,269,301,11,16,284,220,257,29,354,173,119,24,14,71,18,22,303,351,84,17,25,2,23,195,26,277,60,26,346,350,141,341,277,278,14,272,17,27,259,373,168,320,28,24,77,43,95,12,30,17,354,53,15,241,56,165,93,55,10,37,3,37,19,139,20,100,20,284,7,19,3,7,64,43,21,233,261,295,5,16,37,11,166,325,105,138,115,24,12,7,9,81,67,11,339,121,13,8,23,136,8,309,235,57,46,23,16,25,94,67,13,152,11,16,20,188,169,25,19,419,283,21,319,95,9,91,29,171,278,396,15,21,7,12,18,13,18,19,18,280,32,342,188,14,27,137,190,366,253,9,242,14,124,273,74,15,269,247,286,14,264,20,2]
completion_time_por_agente [526,4,33,40,7,265,56,14,21,162,475,178,3,9,9,27,36,423,16,260,15,15,498,13,20,15,58,123,411,137,666,42,6,14,529,569,370,417,404,12,16,495,350,386,30,633,274,153,24,16,99,23,28,437,502,124,19,32,2,38,275,32,392,82,34,516,535,221,507,427,427,15,411,17,39,442,613,273,502,29,24,144,55,158,13,52,21,603,65,18,399,65,291,154,99,10,56,4,44,24,201,21,148,25,450,7,20,4,7,91,52,22,341,437,434,6,17,60,15,252,525,176,196,199,30,12,7,9,120,104,11,534,181,13,9,23,235,9,445,379,78,50,23,19,38,131,111,15,254,13,20,28,247,274,25,19,544,537,25,531,150,10,119,34,281,423,591,16,21,9,16,27,13,20,19,18,475,35,491,301,15,28,237,273,568,381,12,417,20,175,439,114,16,430,400,453,15,422,26,2]
tiempo_ultimo_agente_goal 666
tiempo_en_acabar 666
tiempo_promedio 174.940002
agentes_en_goal 200
bad_good_total_rate_pred [246111,115497,361608,0.3]
push_out_count 60024
RUN 22
valores_ideales [24,4,30,35,4,39,25,10,19,21,27,12,3,9,5,26,36,23,9,36,8,15,29,12,17,10,10,35,38,42,42,24,6,11,35,39,10,37,21,9,16,16,22,27,29,42,37,27,24,14,19,8,18,41,19,42,15,23,2,3,37,14,15,26,12,34,28,17,21,23,32,14,34,17,19,15,21,24,44,28,24,29,37,45,8,12,11,32,9,13,27,52,45,13,13,10,17,3,17,15,23,20,46,18,38,7,11,1,7,40,27,21,35,31,25,5,14,19,11,48,41,31,28,41,20,10,7,9,49,15,11,23,23,9,8,23,52,6,35,39,45,44,21,6,17,24,23,13,36,11,14,14,40,35,25,17,25,27,13,29,47,9,9,29,43,34,30,15,21,5,6,12,11,18,9,18,28,32,28,34,14,27,29,48,34,31,7,30,8,30,33,32,15,25,25,36,12,24,16,2]
costo_por_agente [106,4,30,35,4,231,53,14,19,59,401,88,3,13,9,26,36,119,11,198,8,15,203,12,17,32,44,245,222,120,136,206,6,15,327,255,78,115,237,25,16,290,410,403,29,78,241,269,24,14,33,8,18,133,31,52,15,27,2,25,317,18,335,64,12,278,328,269,183,233,338,14,246,17,37,261,323,76,326,28,24,41,39,69,64,16,13,200,13,13,165,58,79,63,199,10,45,3,41,17,395,20,84,20,196,9,15,3,7,186,49,23,213,317,333,5,34,85,13,74,187,161,76,131,26,10,7,11,105,55,11,215,51,17,8,23,114,8,199,275,49,76,21,6,63,224,29,13,106,11,76,20,176,303,25,19,327,53,15,191,207,9,85,39,55,334,208,15,21,9,12,16,13,18,17,18,156,34,168,148,14,27,75,58,144,153,9,68,8,154,267,236,15,111,117,362,12,366,28,2]
completion_time_por_agente [161,4,30,36,5,370,67,16,19,86,663,166,4,13,12,28,36,166,12,334,8,15,356,13,18,51,72,410,328,203,208,332,6,16,539,393,119,219,369,34,18,462,622,637,31,147,432,426,24,14,37,9,18,225,42,56,15,33,2,40,479,22,531,104,12,448,489,410,315,316,544,15,396,17,64,363,540,136,478,28,24,51,43,109,107,23,17,354,16,16,298,80,127,102,318,10,80,4,45,21,575,21,134,22,281,9,15,4,7,347,83,23,342,503,487,5,44,137,14,131,277,277,122,212,39,10,7,11,180,108,11,360,87,24,9,24,186,9,311,476,65,110,21,7,114,367,47,14,168,12,141,20,275,455,25,21,448,65,16,300,301,10,114,51,67,498,311,17,21,14,15,18,13,18,22,18,245,34,245,255,16,28,128,80,254,233,9,107,8,229,388,401,16,174,203,573,13,607,47,2]
tiempo_ultimo_agente_goal 663
tiempo_en_acabar 663
tiempo_promedio 155.985001
agentes_en_goal 200
bad_good_total_rate_pred [212146,106487,318633,0.3]
push_out_count 62720
RUN 23
valores_ideales [24,4,30,35,4,39,25,10,19,21,27,12,3,9,5,26,36,23,9,36,8,15,29,12,17,10,10,35,38,42,42,24,6,11,35,39,10,37,21,9,16,16,22,27,29,42,37,27,24,14,19,8,18,41,19,42,15,23,2,3,37,14,15,26,12,34,28,17,21,23,32,14,34,17,19,15,21,24,44,28,24,29,37,45,8,12,11,32,9,13,27,52,45,13,13,10,17,3,17,15,23,20,46,18,38,7,11,1,7,40,27,21,35,31,25,5,14,19,11,48,41,31,28,41,20,10,7,9,49,15,11,23,23,9,8,23,52,6,35,39,45,44,21,6,17,24,23,13,36,11,14,14,40,35,25,17,25,27,13,29,47,9,9,29,43,34,30,15,21,5,6,12,11,18,9,18,28,32,28,34,14,27,29,48,34,31,7,30,8,30,33,32,15,25,25,36,12,24,16,2]
costo_por_agente [46,6,32,39,4,77,25,12,19,105,373,168,3,9,5,26,38,157,13,262,8,15,433,14,17,12,138,195,378,118,482,44,6,15,169,111,328,159,435,19,16,340,512,431,67,278,221,481,24,14,57,10,32,147,329,48,19,25,2,27,117,16,355,136,16,536,310,323,517,155,404,16,140,17,53,217,335,218,348,28,24,53,37,63,108,12,13,348,69,13,355,58,81,45,69,10,35,3,85,15,305,20,174,20,512,9,13,1,7,78,33,23,133,437,383,5,14,77,11,106,381,153,122,359,40,10,7,11,85,123,11,205,97,13,14,23,92,8,475,295,53,406,23,8,25,326,33,13,128,13,40,20,84,421,25,17,493,213,15,123,467,11,249,29,93,178,524,17,21,7,16,14,19,20,13,18,160,36,228,230,14,27,407,370,514,279,7,68,12,218,191,230,19,331,359,460,12,304,30,2]
completion_time_por_agente [64,8,36,45,5,114,25,12,22,150,648,296,4,9,7,26,39,263,15,390,10,15,682,17,18,14,200,330,629,180,692,47,6,17,234,139,480,274,653,25,16,498,732,650,107,435,373,800,24,14,89,10,41,227,485,55,24,32,2,33,176,19,512,227,19,827,506,465,809,291,668,17,264,17,84,336,527,346,536,28,24,79,37,84,204,16,14,545,95,14,520,79,125,75,108,10,56,3,157,17,430,21,255,21,749,11,18,2,7,128,42,28,227,731,571,5,16,122,11,154,688,253,191,574,64,10,7,11,116,176,13,336,186,17,17,23,157,10,707,547,67,732,26,9,43,476,46,13,232,17,54,22,133,616,25,21,762,337,17,205,686,12,400,29,134,256,810,17,25,8,17,18,32,27,14,18,318,38,333,358,15,28,680,676,795,457,9,103,14,307,299,391,20,471,619,777,12,514,41,2]
tiempo_ultimo_agente_goal 827
tiempo_en_acabar 827
tiempo_promedio 208.539993
agentes_en_goal 200
bad_good_total_rate_pred [283361,134665,418026,0.3]
push_out_count 66313
RUN 24
valores_ideales [24,4,30,35,4,39,25,10,19,21,27,12,3,9,5,26,36,23,9,36,8,15,29,12,17,10,10,35,38,42,42,24,6,11,35,39,10,37,21,9,16,16,22,27,29,42,37,27,24,14,19,8,18,41,19,42,15,23,2,3,37,14,15,26,12,34,28,17,21,23,32,14,34,17,19,15,21,24,44,28,24,29,37,45,8,12,11,32,9,13,27,52,45,13,13,10,17,3,17,15,23,20,46,18,38,7,11,1,7,40,27,21,35,31,25,5,14,19,11,48,41,31,28,41,20,10,7,9,49,15,11,23,23,9,8,23,52,6,35,39,45,44,21,6,17,24,23,13,36,11,14,14,40,35,25,17,25,27,13,29,47,9,9,29,43,34,30,15,21,5,6,12,11,18,9,18,28,32,28,34,14,27,29,48,34,31,7,30,8,30,33,32,15,25,25,36,12,24,16,2]
costo_por_agente [94,4,34,37,6,87,271,14,19,107,363,62,3,9,7,26,38,393,13,236,16,15,343,18,17,32,164,221,92,180,342,34,6,13,151,219,166,59,257,15,16,286,366,307,79,56,87,127,24,16,35,10,24,89,23,100,15,27,2,27,139,16,387,106,16,210,390,359,207,343,354,14,326,17,25,201,233,112,320,28,24,49,91,53,8,66,15,142,317,13,125,78,241,27,33,10,61,3,49,19,93,20,176,20,418,7,13,3,7,132,29,27,181,91,359,5,24,109,11,136,147,357,72,145,22,12,7,9,377,89,11,185,71,11,10,41,194,10,343,347,95,64,21,6,35,358,33,15,84,19,16,16,268,115,25,17,199,227,15,153,103,9,101,29,167,184,218,15,25,13,6,20,11,18,13,18,220,32,220,100,14,27,333,204,334,105,7,110,8,250,369,84,15,307,211,214,12,200,22,2]
completion_time_por_agente [107,4,40,43,8,111,401,15,20,166,618,106,3,9,9,26,42,561,17,380,23,15,579,19,18,57,257,352,135,319,587,36,6,13,250,377,262,86,406,20,16,445,523,491,138,72,124,187,24,18,44,13,27,125,24,136,15,30,2,59,224,17,535,186,18,345,625,612,332,513,601,16,487,18,32,279,386,204,495,28,24,62,133,80,9,136,17,238,474,14,199,132,389,30,47,10,101,3,61,24,115,21,290,24,634,9,17,5,7,222,30,39,320,143,534,6,29,170,11,252,280,552,105,258,26,12,7,10,620,148,12,281,108,13,14,59,328,13,503,512,172,95,21,6,60,613,48,16,107,21,22,18,416,184,25,18,351,372,21,261,167,10,149,29,297,289,351,15,31,16,6,24,12,21,13,18,345,33,333,182,14,28,516,318,523,196,9,185,9,434,529,128,15,523,370,379,14,294,30,2]
tiempo_ultimo_agente_goal 634
tiempo_en_acabar 634
tiempo_promedio 167.975006
agentes_en_goal 200
bad_good_total_rate_pred [238772,117974,356746,0.3]
push_out_count 69103
RUN 25
valores_ideales [24,4,30,35,4,39,25,10,19,21,27,12,3,9,5,26,36,23,9,36,8,15,29,12,17,10,10,35,38,42,42,24,6,11,35,39,10,37,21,9,16,16,22,27,29,42,37,27,24,14,19,8,18,41,19,42,15,23,2,3,37,14,15,26,12,34,28,17,21,23,32,14,34,17,19,15,21,24,44,28,24,29,37,45,8,12,11,32,9,13,27,52,45,13,13,10,17,3,17,15,23,20,46,18,38,7,11,1,7,40,27,21,35,31,25,5,14,19,11,48,41,31,28,41,20,10,7,9,49,15,11,23,23,9,8,23,52,6,35,39,45,44,21,6,17,24,23,13,36,11,14,14,40,35,25,17,25,27,13,29,47,9,9,29,43,34,30,15,21,5,6,12,11,18,9,18,28,32,28,34,14,27,29,48,34,31,7,30,8,30,33,32,15,25,25,36,12,24,16,2]
costo_por_agente [100,4,30,39,4,169,401,14,19,27,513,40,3,15,5,26,36,399,9,120,10,15,165,12,17,26,178,281,444,302,482,36,6,11,329,117,466,371,387,15,16,488,374,441,29,160,279,49,24,16,43,10,18,69,55,66,15,27,2,11,223,46,179,64,12,328,216,141,245,367,190,20,508,17,51,499,329,40,200,28,24,73,103,145,90,28,15,470,207,15,161,74,49,125,61,10,31,5,19,19,85,20,262,22,508,11,15,3,7,156,27,25,347,527,505,5,72,47,55,346,187,477,116,479,24,10,7,13,113,67,11,437,61,17,8,25,94,12,217,457,91,80,21,12,19,62,57,13,196,15,34,20,156,275,25,17,347,231,15,343,525,9,95,35,163,218,350,15,21,7,12,14,11,18,11,18,86,32,332,288,14,27,99,278,462,269,9,102,20,88,385,276,15,401,159,284,14,392,28,2]
completion_time_por_agente [131,4,30,50,5,227,663,15,20,33,793,67,4,22,7,28,37,578,11,198,12,15,244,14,18,34,263,448,690,437,726,46,6,12,548,165,743,620,604,25,16,787,569,631,31,251,434,75,24,19,60,11,19,112,74,85,15,31,2,24,326,70,267,84,12,525,324,246,394,584,305,20,757,17,83,801,490,56,326,29,24,105,175,275,152,48,20,732,325,17,238,112,58,197,112,10,54,7,20,21,149,21,437,24,791,11,20,4,7,293,30,30,551,800,724,6,93,59,112,552,321,656,176,745,25,10,7,17,170,121,13,735,99,27,10,25,160,13,353,656,143,141,21,12,25,94,96,14,337,18,47,22,206,461,25,19,528,306,21,605,802,13,127,40,284,357,532,16,22,9,12,16,13,18,13,18,114,35,497,424,14,29,166,477,745,463,10,152,28,140,568,451,16,612,270,420,14,642,38,2]
tiempo_ultimo_agente_goal 802
tiempo_en_acabar 802
tiempo_promedio 205.470001
agentes_en_goal 200
bad_good_total_rate_pred [294531,134750,429281,0.3]
push_out_count 72489
RUN 26
valores_ideales [24,4,30,35,4,39,25,10,19,21,27,12,3,9,5,26,36,23,9,36,8,15,29,12,17,10,10,35,38,42,42,24,6,11,35,39,10,37,21,9,16,16,22,27,29,42,37,27,24,14,19,8,18,41,19,42,15,23,2,3,37,14,15,26,12,34,28,17,21,23,32,14,34,17,19,15,21,24,44,28,24,29,37,45,8,12,11,32,9,13,27,52,45,13,13,10,17,3,17,15,23,20,46,18,38,7,11,1,7,40,27,21,35,31,25,5,14,19,11,48,41,31,28,41,20,10,7,9,49,15,11,23,23,9,8,23,52,6,35,39,45,44,21,6,17,24,23,13,36,11,14,14,40,35,25,17,25,27,13,29,47,9,9,29,43,34,30,15,21,5,6,12,11,18,9,18,28,32,28,34,14,27,29,48,34,31,7,30,8,30,33,32,15,25,25,36,12,24,16,2]
costo_por_agente [60,4,30,35,4,263,33,12,21,29,315,128,3,19,7,28,38,211,9,178,10,15,183,12,17,16,18,149,340,174,196,66,6,13,235,81,270,115,225,11,16,120,286,215,29,72,77,147,24,16,67,8,18,333,195,54,17,29,2,19,193,16,291,50,18,170,252,249,109,313,256,18,288,21,95,255,141,40,338,28,24,117,153,75,158,12,13,200,243,15,297,68,105,61,107,10,73,3,21,29,115,20,84,22,396,9,15,3,7,216,35,25,197,337,253,5,18,51,15,162,55,195,44,117,20,10,19,11,69,59,17,143,45,15,8,23,92,10,215,189,57,118,21,8,19,286,25,15,168,17,26,22,78,117,25,17,295,95,15,119,369,11,161,29,69,374,278,15,23,13,6,18,11,22,13,18,146,34,156,82,14,27,243,212,102,265,7,122,12,80,247,112,15,169,325,288,16,344,22,2]
completion_time_por_agente [84,4,31,36,5,391,51,15,21,36,463,204,4,28,11,30,38,316,12,281,10,15,299,13,18,20,31,262,545,313,319,100,6,13,339,126,425,214,339,12,16,172,464,357,29,102,113,239,24,17,81,8,18,503,261,72,22,36,2,35,340,17,424,61,20,268,395,405,165,467,377,18,408,22,185,346,217,56,524,28,24,206,251,114,327,13,15,361,341,16,446,86,181,87,243,10,118,3,24,49,167,21,112,23,555,10,17,4,7,334,50,35,312,504,391,5,19,82,22,280,77,316,60,173,23,10,33,11,115,102,18,232,64,19,8,25,150,11,384,275,72,186,24,9,22,441,26,15,289,19,41,27,131,195,25,18,503,142,18,222,586,11,218,29,90,573,457,18,27,19,6,19,11,23,17,18,228,37,252,113,15,28,397,336,179,435,12,163,12,102,381,170,17,310,505,501,25,499,33,2]
tiempo_ultimo_agente_goal 586
tiempo_en_acabar 586
tiempo_promedio 150.320007
agentes_en_goal 200
bad_good_total_rate_pred [209316,104993,314309,0.3]
push_out_count 74950
RUN 27
valores_ideales [24,4,30,35,4,39,25,10,19,21,27,12,3,9,5,26,36,23,9,36,8,15,29,12,17,10,10,35,38,42,42,24,6,11,35,39,10,37,21,9,16,16,22,27,29,42,37,27,24,14,19,8,18,41,19,42,15,23,2,3,37,14,15,26,12,34,28,17,21,23,32,14,34,17,19,15,21,24,44,28,24,29,37,45,8,12,11,32,9,13,27,52,45,13,13,10,17,3,17,15,23,20,46,18,38,7,11,1,7,40,27,21,35,31,25,5,14,19,11,48,41,31,28,41,20,10,7,9,49,15,11,23,23,9,8,23,52,6,35,39,45,44,21,6,17,24,23,13,36,11,14,14,40,35,25,17,25,27,13,29,47,9,9,29,43,34,30,15,21,5,6,12,11,18,9,18,28,32,28,34,14,27,29,48,34,31,7,30,8,30,33,32,15,25,25,36,12,24,16,2]
costo_por_agente [66,4,30,35,4,123,47,14,53,75,215,46,3,9,5,26,38,197,9,172,8,15,245,14,17,20,78,213,278,166,90,98,6,15,155,139,160,97,107,9,16,222,214,311,31,144,107,263,24,14,161,8,20,87,43,72,15,25,2,23,269,22,269,46,12,152,176,229,199,295,36,14,278,17,31,283,223,166,320,28,24,81,45,57,24,48,13,144,31,13,97,62,153,45,207,10,45,7,97,19,99,20,136,20,340,9,17,3,7,304,41,21,115,181,205,5,18,109,11,128,79,309,40,219,22,14,7,9,51,25,11,141,103,17,8,23,154,10,225,277,67,56,23,10,35,264,45,15,76,23,24,16,282,111,25,17,225,281,15,209,119,9,127,31,103,254,206,15,21,11,12,12,11,24,15,18,82,36,208,172,14,27,327,72,224,101,7,92,12,60,341,148,17,203,89,180,12,224,20,2]
completion_time_por_agente [92,4,33,35,5,210,66,15,54,141,315,91,4,9,7,26,38,328,15,257,8,19,352,18,18,26,96,331,431,316,134,112,6,17,245,233,252,183,180,14,16,325,316,436,31,243,178,409,25,15,308,9,20,172,50,89,18,30,2,39,458,27,399,63,12,240,264,393,306,494,48,15,430,17,60,439,338,330,518,29,24,110,60,92,35,100,18,237,44,16,179,91,236,72,376,10,70,7,154,29,190,22,220,22,496,11,23,6,7,451,60,22,190,281,289,6,20,150,11,212,129,468,58,418,24,14,7,9,69,35,11,242,187,19,8,23,261,13,449,467,112,85,23,12,51,414,65,16,113,27,36,18,498,166,25,17,415,444,20,325,201,10,184,32,165,368,391,18,21,12,16,16,11,24,16,18,135,39,320,291,14,28,464,100,354,176,8,154,16,85,506,232,21,294,115,301,13,340,25,2]
tiempo_ultimo_agente_goal 518
tiempo_en_acabar 518
tiempo_promedio 141.625000
agentes_en_goal 200
bad_good_total_rate_pred [199546,100738,300284,0.3]
push_out_count 77271
RUN 28
valores_ideales [24,4,30,35,4,39,25,10,19,21,27,12,3,9,5,26,36,23,9,36,8,15,29,12,17,10,10,35,38,42,42,24,6,11,35,39,10,37,21,9,16,16,22,27,29,42,37,27,24,14,19,8,18,41,19,42,15,23,2,3,37,14,15,26,12,34,28,17,21,23,32,14,34,17,19,15,21,24,44,28,24,29,37,45,8,12,11,32,9,13,27,52,45,13,13,10,17,3,17,15,23,20,46,18,38,7,11,1,7,40,27,21,35,31,25,5,14,19,11,48,41,31,28,41,20,10,7,9,49,15,11,23,23,9,8,23,52,6,35,39,45,44,21,6,17,24,23,13,36,11,14,14,40,35,25,17,25,27,13,29,47,9,9,29,43,34,30,15,21,5,6,12,11,18,9,18,28,32,28,34,14,27,29,48,34,31,7,30,8,30,33,32,15,25,25,36,12,24,16,2]
costo_por_agente [200,4,30,43,6,147,273,10,21,63,205,38,3,11,5,26,36,303,11,170,12,15,279,12,17,22,66,239,274,190,356,86,14,15,323,135,308,153,93,15,16,108,104,83,37,54,169,153,24,14,25,10,18,99,37,76,17,25,2,11,133,16,357,74,22,190,304,207,85,49,394,16,94,17,79,191,197,96,400,28,24,293,133,367,38,32,15,172,341,13,319,54,175,113,65,10,75,5,17,17,133,20,210,20,382,9,11,1,7,140,71,21,265,427,141,5,16,39,17,258,145,247,62,93,24,10,7,11,51,31,11,387,105,13,8,23,256,12,347,145,49,178,21,8,23,388,37,13,262,21,92,18,260,201,25,19,321,259,33,295,87,9,193,29,297,272,346,15,21,11,10,14,11,18,15,18,276,34,240,58,14,27,267,108,272,221,11,300,10,142,351,342,21,387,201,246,20,120,22,2]
completion_time_por_agente [289,4,31,58,7,204,522,12,21,98,381,71,4,12,9,26,37,473,13,276,14,18,434,13,18,28,86,382,404,320,620,128,23,16,494,229,503,237,153,16,16,144,156,132,48,75,254,223,24,15,30,10,19,128,41,97,18,29,2,17,152,20,521,112,28,264,445,325,102,53,610,16,142,21,141,285,342,151,597,28,26,402,200,644,55,55,17,289,492,15,479,73,341,206,120,10,129,7,17,21,191,21,292,20,630,11,15,1,7,214,119,23,415,567,196,6,17,50,30,393,245,417,89,165,30,11,7,11,68,47,11,581,197,15,9,28,408,14,538,225,83,322,27,8,30,612,54,13,429,25,180,19,444,295,25,19,533,352,45,508,128,10,360,31,476,397,562,15,22,14,11,17,12,19,15,18,431,35,373,74,14,29,452,161,423,343,14,568,11,249,476,516,21,640,324,411,33,193,30,2]
tiempo_ultimo_agente_goal 644
tiempo_en_acabar 644
tiempo_promedio 172.009995
agentes_en_goal 200
bad_good_total_rate_pred [240525,121809,362334,0.3]
push_out_count 80171
RUN 29
valores_ideales [24,4,30,35,4,39,25,10,19,21,27,12,3,9,5,26,36,23,9,36,8,15,29,12,17,10,10,35,38,42,42,24,6,11,35,39,10,37,21,9,16,16,22,27,29,42,37,27,24,14,19,8,18,41,19,42,15,23,2,3,37,14,15,26,12,34,28,17,21,23,32,14,34,17,19,15,21,24,44,28,24,29,37,45,8,12,11,32,9,13,27,52,45,13,13,10,17,3,17,15,23,20,46,18,38,7,11,1,7,40,27,21,35,31,25,5,14,19,11,48,41,31,28,41,20,10,7,9,49,15,11,23,23,9,8,23,52,6,35,39,45,44,21,6,17,24,23,13,36,11,14,14,40,35,25,17,25,27,13,29,47,9,9,29,43,34,30,15,21,5,6,12,11,18,9,18,28,32,28,34,14,27,29,48,34,31,7,30,8,30,33,32,15,25,25,36,12,24,16,2]
costo_por_agente [54,4,32,37,4,353,105,14,19,217,81,54,3,11,5,26,36,337,9,80,14,15,83,12,17,20,82,71,198,148,202,302,6,15,129,111,152,117,255,13,16,268,236,307,29,104,151,371,24,14,79,12,20,89,101,74,15,25,2,13,301,16,295,44,14,178,268,141,223,171,292,14,346,17,25,399,371,50,188,28,24,109,39,353,10,64,13,140,11,13,295,64,131,67,27,10,57,3,17,15,337,20,146,22,300,7,13,5,7,298,59,21,137,373,341,5,18,61,15,130,129,247,64,247,22,12,7,9,57,113,11,389,137,13,10,23,88,6,275,275,157,114,23,14,19,238,59,19,104,11,24,26,130,109,25,17,147,99,17,85,331,9,369,29,227,186,148,15,21,7,6,12,11,22,13,18,266,34,122,152,14,27,249,206,394,157,7,66,10,174,251,264,15,121,251,372,12,278,20,2]
completion_time_por_agente [73,6,32,41,6,571,152,15,19,324,101,89,4,13,7,27,36,548,10,110,16,15,122,13,18,27,133,96,335,254,307,414,6,15,211,164,276,200,360,17,16,377,384,528,30,150,236,604,24,15,126,13,20,137,149,112,15,29,2,26,523,21,443,64,18,278,409,236,318,286,524,15,465,18,35,627,618,67,273,28,24,166,41,537,11,116,16,263,16,14,451,89,187,124,35,10,90,3,18,16,576,21,267,29,456,11,13,6,7,526,99,22,199,521,537,6,20,99,20,224,209,382,81,399,25,14,7,9,70,162,12,625,247,14,13,25,150,9,471,450,260,180,23,24,23,374,96,21,157,12,32,31,194,172,25,17,233,138,20,156,560,10,617,30,376,313,248,17,21,10,7,17,12,23,17,18,439,36,197,192,14,28,320,352,591,260,10,87,10,276,423,455,15,225,421,598,14,449,25,2]
tiempo_ultimo_agente_goal 627
tiempo_en_acabar 627
tiempo_promedio 163.125000
agentes_en_goal 200
bad_good_total_rate_pred [228914,111965,340879,0.3]
push_out_count 82970
RUN 30
valores_ideales [24,4,30,35,4,39,25,10,19,21,27,12,3,9,5,26,36,23,9,36,8,15,29,12,17,10,10,35,38,42,42,24,6,11,35,39,10,37,21,9,16,16,22,27,29,42,37,27,24,14,19,8,18,41,19,42,15,23,2,3,37,14,15,26,12,34,28,17,21,23,32,14,34,17,19,15,21,24,44,28,24,29,37,45,8,12,11,32,9,13,27,52,45,13,13,10,17,3,17,15,23,20,46,18,38,7,11,1,7,40,27,21,35,31,25,5,14,19,11,48,41,31,28,41,20,10,7,9,49,15,11,23,23,9,8,23,52,6,35,39,45,44,21,6,17,24,23,13,36,11,14,14,40,35,25,17,25,27,13,29,47,9,9,29,43,34,30,15,21,5,6,12,11,18,9,18,28,32,28,34,14,27,29,48,34,31,7,30,8,30,33,32,15,25,25,36,12,24,16,2]
costo_por_agente [50,4,30,35,6,87,95,12,25,95,393,152,3,11,7,26,38,125,11,390,10,15,189,12,19,20,12,343,306,170,242,24,6,15,335,139,80,159,101,13,18,252,392,237,31,74,85,299,24,16,57,8,30,269,65,70,15,31,2,7,183,72,369,30,14,112,134,313,367,133,242,20,290,19,33,277,393,214,364,28,24,81,75,209,48,12,13,356,21,13,197,58,383,83,39,10,27,3,31,19,379,20,100,24,220,7,15,1,7,144,29,21,285,377,301,5,14,125,13,366,245,153,92,97,24,12,7,11,57,323,11,389,107,17,10,23,142,10,333,127,329,98,23,16,21,260,39,15,128,19,32,20,72,359,25,17,209,287,53,297,247,9,379,31,105,68,426,15,23,11,6,18,11,18,11,18,46,34,248,310,16,27,245,222,360,207,9,48,26,232,275,424,17,241,319,360,12,152,20,2]
completion_time_por_agente [58,4,32,35,8,97,108,14,25,163,547,249,3,12,9,27,39,183,13,558,12,15,303,14,20,22,12,576,530,280,398,26,6,18,498,213,130,259,156,15,18,379,565,399,33,98,111,485,24,16,87,8,34,417,85,97,15,41,5,9,310,116,586,38,14,196,205,496,578,211,354,21,417,21,50,497,616,425,584,28,28,103,107,356,86,21,15,611,32,14,375,77,664,171,60,10,42,3,51,27,613,21,142,30,310,13,21,1,7,256,37,24,504,542,487,6,18,175,13,658,452,238,123,141,28,12,7,11,71,557,11,613,172,22,11,23,235,11,560,193,588,120,30,27,25,406,44,15,193,20,47,28,111,550,25,17,311,491,99,489,400,9,528,37,153,97,636,19,23,15,6,18,11,18,12,18,56,36,328,489,16,28,415,352,543,334,11,70,45,323,448,627,19,353,492,520,13,261,27,2]
tiempo_ultimo_agente_goal 664
tiempo_en_acabar 664
tiempo_promedio 180.210007
agentes_en_goal 200
bad_good_total_rate_pred [252504,125070,377574,0.3]
push_out_count 86030
RUN 31
valores_ideales [24,4,30,35,4,39,25,10,19,21,27,12,3,9,5,26,36,23,9,36,8,15,29,12,17,10,10,35,38,42,42,24,6,11,35,39,10,37,21,9,16,16,22,27,29,42,37,27,24,14,19,8,18,41,19,42,15,23,2,3,37,14,15,26,12,34,28,17,21,23,32,14,34,17,19,15,21,24,44,28,24,29,37,45,8,12,11,32,9,13,27,52,45,13,13,10,17,3,17,15,23,20,46,18,38,7,11,1,7,40,27,21,35,31,25,5,14,19,11,48,41,31,28,41,20,10,7,9,49,15,11,23,23,9,8,23,52,6,35,39,45,44,21,6,17,24,23,13,36,11,14,14,40,35,25,17,25,27,13,29,47,9,9,29,43,34,30,15,21,5,6,12,11,18,9,18,28,32,28,34,14,27,29,48,34,31,7,30,8,30,33,32,15,25,25,36,12,24,16,2]
costo_por_agente [100,4,30,35,6,145,33,16,19,59,233,52,3,13,7,26,36,255,13,284,22,15,379,14,17,14,138,137,366,232,366,348,6,11,409,271,150,115,255,11,16,238,482,483,105,150,189,415,24,14,31,10,20,249,67,62,15,25,2,17,261,18,241,84,24,444,442,127,321,331,40,16,298,17,43,387,99,162,202,28,24,161,69,403,164,16,15,340,279,17,181,58,313,119,23,10,43,3,25,17,437,20,94,22,346,7,11,1,7,44,75,23,225,383,491,5,32,103,11,286,167,215,48,307,24,10,7,13,85,321,11,123,51,13,16,23,102,8,355,185,263,112,21,26,19,282,71,13,410,13,80,20,160,301,25,19,289,193,15,147,111,9,117,31,141,378,270,21,27,11,6,12,11,18,13,18,102,34,94,104,16,27,171,156,196,177,9,46,16,174,323,84,21,373,285,150,12,370,22,2]
completion_time_por_agente [164,5,30,36,7,208,37,24,20,92,334,78,3,16,9,27,36,389,16,492,28,15,579,15,19,16,245,233,619,374,675,503,6,14,724,454,279,174,404,12,18,350,755,727,195,197,319,724,24,16,36,12,23,431,96,81,17,29,2,25,392,25,355,152,28,685,706,195,509,514,46,16,435,18,72,545,154,307,278,30,25,249,108,658,290,22,16,601,397,19,325,81,542,216,28,10,58,3,33,25,737,21,140,29,538,9,14,2,7,46,122,31,333,563,736,7,34,170,11,450,271,364,57,559,29,10,7,14,137,444,11,203,73,15,18,25,170,9,521,285,459,213,23,36,21,415,115,14,711,14,150,21,249,472,25,20,456,288,20,235,188,11,174,31,240,546,457,26,30,14,6,12,14,21,13,18,124,34,165,165,18,28,291,246,325,255,10,72,22,285,504,136,21,599,383,243,13,519,30,2]
tiempo_ultimo_agente_goal 755
tiempo_en_acabar 755
tiempo_promedio 190.630005
agentes_en_goal 200
bad_good_total_rate_pred [263393,132320,395713,0.3]
push_out_count 89392
RUN 32
valores_ideales [24,4,30,35,4,39,25,10,19,21,27,12,3,9,5,26,36,23,9,36,8,15,29,12,17,10,10,35,38,42,42,24,6,11,35,39,10,37,21,9,16,16,22,27,29,42,37,27,24,14,19,8,18,41,19,42,15,23,2,3,37,14,15,26,12,34,28,17,21,23,32,14,34,17,19,15,21,24,44,28,24,29,37,45,8,12,11,32,9,13,27,52,45,13,13,10,17,3,17,15,23,20,46,18,38,7,11,1,7,40,27,21,35,31,25,5,14,19,11,48,41,31,28,41,20,10,7,9,49,15,11,23,23,9,8,23,52,6,35,39,45,44,21,6,17,24,23,13,36,11,14,14,40,35,25,17,25,27,13,29,47,9,9,29,43,34,30,15,21,5,6,12,11,18,9,18,28,32,28,34,14,27,29,48,34,31,7,30,8,30,33,32,15,25,25,36,12,24,16,2]
costo_por_agente [60,4,32,43,4,353,55,14,19,113,343,110,3,11,9,26,36,243,9,186,14,15,265,12,17,16,70,335,308,186,196,24,8,11,157,189,104,153,217,13,18,384,460,439,35,356,153,285,24,16,27,10,18,301,427,52,25,23,2,17,327,16,321,118,12,300,332,325,139,271,420,14,86,17,29,365,277,60,216,28,24,43,215,233,134,16,11,384,13,15,415,180,301,49,293,10,23,3,47,17,147,20,300,18,214,9,15,3,7,138,35,21,359,125,387,5,14,33,11,158,95,247,76,293,26,12,7,9,93,129,11,357,101,13,10,23,306,10,325,153,75,112,27,8,25,186,43,13,200,11,40,16,176,313,25,19,341,305,15,229,363,9,63,33,109,420,82,15,21,13,38,12,11,22,13,18,214,32,366,274,18,27,383,238,380,239,9,52,18,136,467,278,15,205,279,330,14,370,24,2]
completion_time_por_agente [84,6,32,56,5,593,71,14,20,186,557,164,3,14,11,27,37,396,12,283,16,15,462,12,18,22,88,496,526,295,311,26,10,13,275,285,162,279,328,16,18,586,604,652,47,589,241,416,24,16,31,10,21,491,658,66,32,29,2,21,547,17,486,163,12,506,507,582,209,433,623,17,121,18,43,524,436,103,316,28,24,67,285,393,270,22,11,657,14,18,631,338,522,84,503,10,28,3,75,18,285,21,478,20,328,12,15,5,7,250,41,23,633,209,571,7,15,48,14,238,145,469,106,453,35,12,7,10,155,211,12,554,176,20,10,24,534,11,493,280,122,184,30,8,35,306,60,13,321,11,75,22,304,503,25,19,556,479,18,405,636,10,79,36,226,616,126,18,22,14,55,12,12,22,13,18,361,32,572,405,20,28,668,397,567,421,11,78,24,247,661,444,16,325,438,634,15,616,32,2]
tiempo_ultimo_agente_goal 668
tiempo_en_acabar 668
tiempo_promedio 199.029999
agentes_en_goal 200
bad_good_total_rate_pred [283054,139501,422555,0.3]
push_out_count 92862
RUN 33
valores_ideales [24,4,30,35,4,39,25,10,19,21,27,12,3,9,5,26,36,23,9,36,8,15,29,12,17,10,10,35,38,42,42,24,6,11,35,39,10,37,21,9,16,16,22,27,29,42,37,27,24,14,19,8,18,41,19,42,15,23,2,3,37,14,15,26,12,34,28,17,21,23,32,14,34,17,19,15,21,24,44,28,24,29,37,45,8,12,11,32,9,13,27,52,45,13,13,10,17,3,17,15,23,20,46,18,38,7,11,1,7,40,27,21,35,31,25,5,14,19,11,48,41,31,28,41,20,10,7,9,49,15,11,23,23,9,8,23,52,6,35,39,45,44,21,6,17,24,23,13,36,11,14,14,40,35,25,17,25,27,13,29,47,9,9,29,43,34,30,15,21,5,6,12,11,18,9,18,28,32,28,34,14,27,29,48,34,31,7,30,8,30,33,32,15,25,25,36,12,24,16,2]
costo_por_agente [128,10,32,45,4,77,45,12,19,23,183,100,3,11,5,26,40,295,9,166,10,15,229,12,17,22,160,237,192,126,48,28,44,17,271,137,280,197,63,15,16,298,204,239,35,102,181,165,24,14,81,8,20,275,181,82,15,23,2,17,131,16,329,106,12,200,280,69,63,169,174,14,292,17,45,179,347,38,152,28,24,121,299,69,10,32,11,322,47,13,169,90,187,111,349,10,63,7,45,19,91,20,120,24,212,7,17,3,7,68,29,23,129,333,363,5,32,171,15,106,185,129,50,111,22,14,7,11,65,97,11,305,129,17,12,27,254,18,215,75,57,72,23,10,25,284,51,13,246,11,24,20,248,297,25,17,217,281,109,127,215,9,175,33,101,238,352,15,23,13,6,22,11,24,15,18,292,34,362,262,14,27,239,94,178,105,9,66,8,140,207,108,15,161,287,200,12,62,24,2]
completion_time_por_agente [159,20,32,59,4,118,56,12,22,24,315,179,3,15,7,27,46,560,13,269,10,15,368,13,24,27,288,345,354,221,67,30,77,19,457,217,388,354,96,16,16,503,336,387,45,166,264,291,24,15,147,9,20,489,248,137,17,26,2,29,184,17,531,163,12,284,487,91,100,253,244,14,430,19,76,281,522,54,223,29,24,170,485,120,12,60,13,542,61,15,276,125,283,176,517,10,127,8,58,28,138,21,171,27,297,7,22,4,7,102,33,24,218,541,527,6,42,311,20,167,309,199,73,219,24,14,7,11,103,174,11,414,209,24,15,36,413,29,323,110,81,106,25,10,38,464,82,13,424,11,40,23,433,451,25,18,358,408,217,201,341,10,228,33,183,367,520,17,26,17,6,31,13,30,15,18,461,36,548,434,15,28,377,157,278,166,12,84,8,211,338,194,15,301,494,371,13,121,35,2]
tiempo_ultimo_agente_goal 560
tiempo_en_acabar 560
tiempo_promedio 155.024994
agentes_en_goal 200
bad_good_total_rate_pred [208777,105144,313921,0.3]
push_out_count 95527
RUN 34
valores_ideales [24,4,30,35,4,39,25,10,19,21,27,12,3,9,5,26,36,23,9,36,8,15,29,12,17,10,10,35,38,42,42,24,6,11,35,39,10,37,21,9,16,16,22,27,29,42,37,27,24,14,19,8,18,41,19,42,15,23,2,3,37,14,15,26,12,34,28,17,21,23,32,14,34,17,19,15,21,24,44,28,24,29,37,45,8,12,11,32,9,13,27,52,45,13,13,10,17,3,17,15,23,20,46,18,38,7,11,1,7,40,27,21,35,31,25,5,14,19,11,48,41,31,28,41,20,10,7,9,49,15,11,23,23,9,8,23,52,6,35,39,45,44,21,6,17,24,23,13,36,11,14,14,40,35,25,17,25,27,13,29,47,9,9,29,43,34,30,15,21,5,6,12,11,18,9,18,28,32,28,34,14,27,29,48,34,31,7,30,8,30,33,32,15,25,25,36,12,24,16,2]
costo_por_agente [102,4,32,67,6,179,35,18,19,117,119,98,3,11,7,28,36,207,9,346,12,15,125,12,19,38,64,221,102,100,322,92,6,11,125,235,30,205,343,11,16,52,136,249,45,168,317,129,24,14,73,18,26,205,315,216,15,29,10,15,267,66,221,132,16,272,224,287,245,269,366,14,334,19,87,221,285,296,190,28,24,311,93,77,250,12,11,326,53,13,127,62,213,47,15,10,41,3,47,21,179,20,222,18,254,9,11,3,7,104,51,21,211,253,191,5,16,73,13,320,47,255,82,311,20,12,7,9,301,125,11,331,125,13,8,25,144,6,211,129,53,152,21,12,21,110,43,13,92,21,48,20,236,361,25,21,267,337,33,167,213,9,279,31,67,268,340,15,25,11,10,14,13,20,13,18,46,34,334,360,14,27,205,224,282,205,11,104,22,80,245,48,19,255,273,292,12,176,24,2]
completion_time_por_agente [138,4,36,107,7,257,43,21,20,154,164,150,4,12,9,29,36,320,10,565,13,17,217,16,20,78,81,351,166,164,549,117,6,11,182,431,40,375,603,16,16,85,200,406,62,254,470,188,24,15,135,21,29,317,449,335,17,37,18,33,417,92,380,232,22,474,333,412,410,434,580,14,509,19,159,351,446,509,318,28,24,474,131,111,479,13,11,470,69,14,205,86,364,67,16,10,58,3,67,24,320,23,321,20,375,11,12,4,7,173,81,21,323,394,277,5,19,131,17,542,73,368,116,500,20,12,7,11,521,159,11,471,205,14,9,27,255,9,364,201,72,270,22,15,23,165,58,13,150,26,85,22,389,557,25,26,430,501,58,238,334,10,415,31,103,398,514,17,25,13,11,17,13,22,15,18,59,34,473,569,14,28,315,338,448,311,12,174,34,133,420,64,22,413,428,465,12,291,34,2]
tiempo_ultimo_agente_goal 603
tiempo_en_acabar 603
tiempo_promedio 170.539993
agentes_en_goal 200
bad_good_total_rate_pred [237581,120076,357657,0.3]
push_out_count 98424
RUN 35
valores_ideales [24,4,30,35,4,39,25,10,19,21,27,12,3,9,5,26,36,23,9,36,8,15,29,12,17,10,10,35,38,42,42,24,6,11,35,39,10,37,21,9,16,16,22,27,29,42,37,27,24,14,19,8,18,41,19,42,15,23,2,3,37,14,15,26,12,34,28,17,21,23,32,14,34,17,19,15,21,24,44,28,24,29,37,45,8,12,11,32,9,13,27,52,45,13,13,10,17,3,17,15,23,20,46,18,38,7,11,1,7,40,27,21,35,31,25,5,14,19,11,48,41,31,28,41,20,10,7,9,49,15,11,23,23,9,8,23,52,6,35,39,45,44,21,6,17,24,23,13,36,11,14,14,40,35,25,17,25,27,13,29,47,9,9,29,43,34,30,15,21,5,6,12,11,18,9,18,28,32,28,34,14,27,29,48,34,31,7,30,8,30,33,32,15,25,25,36,12,24,16,2]
costo_por_agente [292,4,32,35,4,119,131,16,53,113,365,112,3,11,13,26,36,271,11,202,14,15,281,16,19,16,22,73,240,232,140,86,6,13,263,111,154,311,239,15,16,76,260,115,29,48,173,243,24,14,81,10,18,319,205,192,15,25,2,13,189,30,409,72,16,120,124,131,247,389,56,16,202,19,57,283,349,128,356,28,24,163,67,185,66,66,17,276,159,15,141,56,187,95,59,10,43,3,65,19,87,20,116,22,248,7,13,1,7,86,53,21,311,429,399,5,20,217,11,168,161,243,74,285,22,12,7,11,95,327,11,369,37,15,8,23,254,8,197,201,211,92,25,8,21,264,41,13,284,11,32,14,140,281,25,23,143,129,31,61,303,9,81,31,273,364,280,15,21,41,16,18,13,22,15,20,92,34,324,214,14,27,251,86,218,169,9,76,24,324,147,326,15,203,383,340,12,86,26,2]
completion_time_por_agente [508,7,32,36,6,190,163,17,54,180,626,203,3,12,19,26,36,378,11,369,16,17,404,18,22,21,29,99,370,416,265,110,6,18,456,166,263,537,413,18,16,110,404,174,30,59,285,307,25,14,109,10,19,495,320,326,16,31,2,20,293,43,636,116,16,168,202,214,450,605,76,18,309,19,103,452,541,206,572,29,24,249,80,281,114,128,22,455,215,16,260,66,320,155,109,10,82,3,105,25,125,22,199,26,386,9,17,2,7,146,82,26,571,646,635,6,22,336,11,265,288,374,103,423,25,12,7,11,123,528,14,561,55,18,9,24,435,9,328,327,357,133,28,8,31,386,62,14,435,13,49,14,196,447,25,25,254,220,46,92,484,10,135,32,428,578,438,16,24,53,16,24,16,24,15,20,123,34,464,361,14,28,392,132,335,256,11,122,29,589,234,507,17,348,589,546,13,136,38,2]
tiempo_ultimo_agente_goal 646
tiempo_en_acabar 646
tiempo_promedio 173.899994
agentes_en_goal 200
bad_good_total_rate_pred [242624,120612,363236,0.3]
push_out_count 101472
RUN 36
valores_ideales [24,4,30,35,4,39,25,10,19,21,27,12,3,9,5,26,36,23,9,36,8,15,29,12,17,10,10,35,38,42,42,24,6,11,35,39,10,37,21,9,16,16,22,27,29,42,37,27,24,14,19,8,18,41,19,42,15,23,2,3,37,14,15,26,12,34,28,17,21,23,32,14,34,17,19,15,21,24,44,28,24,29,37,45,8,12,11,32,9,13,27,52,45,13,13,10,17,3,17,15,23,20,46,18,38,7,11,1,7,40,27,21,35,31,25,5,14,19,11,48,41,31,28,41,20,10,7,9,49,15,11,23,23,9,8,23,52,6,35,39,45,44,21,6,17,24,23,13,36,11,14,14,40,35,25,17,25,27,13,29,47,9,9,29,43,34,30,15,21,5,6,12,11,18,9,18,28,32,28,34,14,27,29,48,34,31,7,30,8,30,33,32,15,25,25,36,12,24,16,2]
costo_por_agente [80,6,30,35,4,311,277,14,19,119,345,270,3,15,11,28,36,209,11,172,10,15,201,12,21,56,294,57,366,224,228,110,6,13,129,169,130,183,67,15,16,260,360,341,63,162,113,67,24,20,219,10,22,215,115,106,17,25,2,5,175,22,355,90,26,246,316,153,253,71,154,16,342,21,71,311,303,248,264,28,24,107,107,105,16,18,13,288,49,15,241,108,245,67,13,10,95,5,149,15,53,20,122,20,224,9,11,1,7,216,33,21,233,149,295,5,16,91,19,198,139,263,98,157,36,10,7,9,61,189,13,323,97,11,12,23,78,6,153,283,73,88,21,6,25,336,83,19,62,13,20,14,226,269,25,17,273,237,65,183,141,11,103,29,165,214,252,15,21,19,6,12,11,18,11,18,56,32,134,218,14,27,295,182,110,197,7,134,50,236,323,164,17,181,83,174,12,398,24,2]
completion_time_por_agente [108,8,34,36,5,525,448,24,20,159,491,379,4,19,14,28,36,368,13,301,11,15,289,15,22,100,438,69,555,397,367,161,6,17,191,282,211,357,76,17,17,368,589,566,91,305,182,82,24,21,356,10,24,342,161,203,18,31,2,9,279,33,526,124,35,371,461,257,405,109,222,17,525,29,126,457,421,487,437,29,24,193,141,159,19,26,16,441,62,19,389,202,425,83,14,10,159,7,237,17,75,21,214,21,356,9,13,2,7,341,46,21,363,216,444,5,17,149,31,321,226,367,165,254,52,10,7,9,88,277,13,532,152,12,18,23,115,8,273,435,99,154,28,9,33,580,159,19,87,17,24,15,351,402,25,18,477,345,109,305,217,13,174,29,308,366,377,17,23,28,7,14,11,20,11,20,64,33,204,346,15,28,497,346,170,327,11,242,82,388,525,252,18,299,142,311,14,561,30,2]
tiempo_ultimo_agente_goal 589
tiempo_en_acabar 589
tiempo_promedio 167.580002
agentes_en_goal 200
bad_good_total_rate_pred [245921,121260,367181,0.3]
push_out_count 104253
RUN 37
valores_ideales [24,4,30,35,4,39,25,10,19,21,27,12,3,9,5,26,36,23,9,36,8,15,29,12,17,10,10,35,38,42,42,24,6,11,35,39,10,37,21,9,16,16,22,27,29,42,37,27,24,14,19,8,18,41,19,42,15,23,2,3,37,14,15,26,12,34,28,17,21,23,32,14,34,17,19,15,21,24,44,28,24,29,37,45,8,12,11,32,9,13,27,52,45,13,13,10,17,3,17,15,23,20,46,18,38,7,11,1,7,40,27,21,35,31,25,5,14,19,11,48,41,31,28,41,20,10,7,9,49,15,11,23,23,9,8,23,52,6,35,39,45,44,21,6,17,24,23,13,36,11,14,14,40,35,25,17,25,27,13,29,47,9,9,29,43,34,30,15,21,5,6,12,11,18,9,18,28,32,28,34,14,27,29,48,34,31,7,30,8,30,33,32,15,25,25,36,12,24,16,2]
costo_por_agente [66,4,30,35,4,71,47,12,19,69,401,24,3,9,7,26,36,81,9,180,8,15,353,12,17,14,384,133,344,94,264,62,6,13,163,253,370,89,359,11,16,240,392,279,93,102,227,201,24,14,45,10,18,341,37,56,17,25,2,27,319,114,399,44,12,192,268,215,187,191,370,14,134,17,91,361,353,158,304,28,38,83,219,65,52,12,15,190,107,15,267,74,201,49,35,10,57,3,31,15,49,22,226,22,376,9,13,1,7,142,31,25,139,297,331,5,16,23,11,286,55,113,140,149,20,14,7,11,351,39,11,127,149,19,12,25,112,10,233,159,155,102,21,12,29,162,45,13,130,13,32,22,92,301,25,23,229,357,45,105,203,9,157,31,65,362,280,15,23,11,6,26,11,18,13,18,56,32,148,122,14,27,97,360,252,271,9,342,36,188,161,274,15,331,131,328,16,412,20,2]
completion_time_por_agente [88,4,30,36,5,96,55,12,20,110,642,33,4,9,9,26,36,130,10,262,10,15,589,14,18,16,603,243,515,150,472,82,6,14,261,430,589,143,583,15,16,363,659,416,173,172,411,281,24,14,62,11,19,542,47,76,19,27,2,46,498,225,637,60,12,318,418,345,299,281,579,16,194,20,187,524,548,294,533,28,56,133,347,106,85,13,24,342,195,16,448,112,340,75,59,10,105,3,38,18,77,22,353,23,551,10,20,1,7,241,38,32,228,483,529,5,17,31,11,467,71,173,262,260,26,14,7,11,602,60,14,204,279,22,12,29,185,10,390,261,279,155,22,20,33,263,68,13,236,13,50,26,157,480,25,30,369,568,76,163,307,10,239,32,107,548,484,15,23,16,7,38,11,18,17,19,83,34,233,220,15,28,159,612,395,409,9,571,59,315,259,523,16,494,198,593,21,572,22,2]
tiempo_ultimo_agente_goal 659
tiempo_en_acabar 659
tiempo_promedio 175.615005
agentes_en_goal 200
bad_good_total_rate_pred [238119,125188,363307,0.3]
push_out_count 107436
RUN 38
valores_ideales [24,4,30,35,4,39,25,10,19,21,27,12,3,9,5,26,36,23,9,36,8,15,29,12,17,10,10,35,38,42,42,24,6,11,35,39,10,37,21,9,16,16,22,27,29,42,37,27,24,14,19,8,18,41,19,42,15,23,2,3,37,14,15,26,12,34,28,17,21,23,32,14,34,17,19,15,21,24,44,28,24,29,37,45,8,12,11,32,9,13,27,52,45,13,13,10,17,3,17,15,23,20,46,18,38,7,11,1,7,40,27,21,35,31,25,5,14,19,11,48,41,31,28,41,20,10,7,9,49,15,11,23,23,9,8,23,52,6,35,39,45,44,21,6,17,24,23,13,36,11,14,14,40,35,25,17,25,27,13,29,47,9,9,29,43,34,30,15,21,5,6,12,11,18,9,18,28,32,28,34,14,27,29,48,34,31,7,30,8,30,33,32,15,25,25,36,12,24,16,2]
costo_por_agente [72,6,30,45,4,231,245,12,19,275,229,138,3,15,7,26,36,209,11,130,16,15,231,16,21,58,158,105,252,72,242,24,6,15,153,255,12,79,147,17,16,124,276,265,29,58,133,223,24,16,91,12,20,67,143,92,15,25,2,13,193,18,379,192,12,314,88,139,127,257,212,14,186,17,25,171,193,94,212,28,24,79,147,51,160,12,11,190,25,13,279,56,105,83,211,10,25,3,37,15,71,20,142,18,230,13,11,1,7,68,35,21,173,185,245,5,18,59,11,274,219,185,60,297,22,12,7,9,219,93,11,311,57,15,14,49,68,8,193,211,49,66,23,16,21,286,31,15,178,13,70,42,220,119,25,17,307,183,19,165,357,13,209,31,175,320,302,19,25,15,6,16,11,22,11,18,160,32,360,272,14,29,227,198,248,61,7,82,26,274,217,106,21,243,217,258,16,206,18,2]
completion_time_por_agente [102,6,31,61,6,331,371,14,19,379,392,259,4,21,8,26,36,320,12,209,19,15,337,21,22,108,230,185,425,114,416,34,6,15,248,413,15,121,215,22,17,194,476,391,32,83,215,362,24,18,151,12,24,114,216,164,15,31,2,20,290,26,521,354,12,483,108,240,194,377,339,15,361,19,31,246,303,137,296,28,24,113,203,65,296,15,11,308,41,14,528,76,159,133,353,10,32,3,72,17,90,21,229,20,391,13,13,1,7,118,57,25,297,310,451,5,21,85,11,478,397,320,84,454,24,13,7,9,337,156,13,512,93,15,22,85,93,10,263,389,69,95,23,24,31,448,36,17,295,15,126,67,375,196,25,18,487,273,24,257,560,16,341,34,307,528,503,21,27,17,6,22,14,23,13,18,255,33,545,464,15,34,409,310,428,92,13,134,42,459,343,155,27,414,337,415,22,333,22,2]
tiempo_ultimo_agente_goal 560
tiempo_en_acabar 560
tiempo_promedio 157.975006
agentes_en_goal 200
bad_good_total_rate_pred [217671,115150,332821,0.3]
push_out_count 110201
RUN 39
valores_ideales [24,4,30,35,4,39,25,10,19,21,27,12,3,9,5,26,36,23,9,36,8,15,29,12,17,10,10,35,38,42,42,24,6,11,35,39,10,37,21,9,16,16,22,27,29,42,37,27,24,14,19,8,18,41,19,42,15,23,2,3,37,14,15,26,12,34,28,17,21,23,32,14,34,17,19,15,21,24,44,28,24,29,37,45,8,12,11,32,9,13,27,52,45,13,13,10,17,3,17,15,23,20,46,18,38,7,11,1,7,40,27,21,35,31,25,5,14,19,11,48,41,31,28,41,20,10,7,9,49,15,11,23,23,9,8,23,52,6,35,39,45,44,21,6,17,24,23,13,36,11,14,14,40,35,25,17,25,27,13,29,47,9,9,29,43,34,30,15,21,5,6,12,11,18,9,18,28,32,28,34,14,27,29,48,34,31,7,30,8,30,33,32,15,25,25,36,12,24,16,2]
costo_por_agente [164,30,30,39,4,235,257,10,25,69,235,60,3,9,7,26,36,279,9,98,22,15,233,14,17,56,102,111,348,92,192,256,6,11,243,157,170,139,169,9,16,188,248,293,29,190,277,209,24,14,31,12,22,337,399,140,15,25,2,25,111,28,305,48,14,152,340,277,333,153,38,14,242,17,41,331,359,78,160,28,24,97,101,149,140,28,11,364,41,13,239,54,229,89,337,10,27,5,37,15,77,20,138,20,256,9,15,1,7,126,29,25,125,117,197,5,22,171,17,186,305,149,36,179,20,10,7,9,149,55,11,287,43,13,10,31,130,8,289,227,141,162,21,16,33,338,25,13,74,13,22,14,304,229,25,17,141,165,17,61,213,9,143,29,75,334,358,15,21,15,10,22,11,18,11,18,318,32,382,100,16,27,245,302,274,99,9,42,12,200,249,252,21,175,173,388,12,268,20,2]
completion_time_por_agente [244,51,32,47,5,369,391,12,26,88,393,100,3,12,8,27,36,423,10,162,29,15,356,14,18,101,154,201,568,157,327,358,6,11,360,248,239,260,253,10,16,310,367,442,29,312,454,317,24,15,32,13,23,557,594,245,17,29,2,35,152,45,527,61,15,252,611,425,619,216,41,16,358,18,66,542,603,109,235,28,24,122,160,236,249,37,12,539,53,15,368,62,396,123,530,10,42,7,51,17,83,21,220,21,397,10,19,1,7,187,34,30,219,180,301,5,26,243,26,295,497,247,64,298,23,12,7,9,212,72,12,440,63,13,17,46,220,9,464,369,225,284,22,26,64,530,33,14,118,15,33,17,472,408,25,17,228,259,19,104,349,10,227,31,109,480,635,15,25,16,11,34,13,19,13,18,585,32,643,135,17,30,368,515,465,143,9,65,15,321,376,437,23,258,269,591,12,442,27,2]
tiempo_ultimo_agente_goal 643
tiempo_en_acabar 643
tiempo_promedio 170.330002
agentes_en_goal 200
bad_good_total_rate_pred [239570,118686,358256,0.3]
push_out_count 113114
