RUN 0
valores_ideales [0,0,0,0,0,0,0,0,0,0,0,0,0,0,0,0,0,0,0,0,0,0,0,0,0,0,0,0,0,0,0,0,0,0,0,0,0,0,0,0,0,0,0,0,0,0,0,0,0,0,0,0,0,0,0,0,0,0,0,0,0,0,0,0,0,0,0,0,0,0,0,0,0,0,0,0,0,0,0,0,0,0,0,0,0,0,0,0,0,0,0,0,0,0,0,0,0,0,0,0,0,0,0,0,0,0,0,0,0,0,0,0,0,0,0,0,0,0,0,0,0,0,0,0,0,0,0,0,0,0,0,0,0,0,0,0,0,0,0,0,0,0,0,0,0,0,0,0,0,0,0,0,0,0,0,0,0,0,0,0,0,0,0,0,0,0,0,0,0,0,0,0,0,0,0,0,0,0,0,0]
costo_por_agente [26,104,140,52,98,24,87,78,33,14,72,11,50,70,175,13,33,8,31,21,6,64,117,10,66,21,33,28,20,79,103,158,130,35,35,48,19,153,20,29,22,140,81,45,111,7,103,45,97,55,57,11,30,12,10,17,22,32,44,8,121,26,155,135,18,37,189,48,67,23,48,176,13,29,5,49,86,3,85,53,15,14,39,27,114,23,15,45,65,22,23,35,65,67,205,124,32,78,231,77,22,107,27,141,20,20,73,18,18,22,86,32,47,53,10,42,26,15,44,56,37,200,85,12,155,78,121,10,21,5,54,187,23,98,30,51,24,11,68,63,23,24,78,23,265,64,30,138,9,88,6,49,107,57,26,20,115,24,115,12,128,37,7,13,136,18,28,12,115,126,21,72,35,16,22,8,9,21,38,42]
completion_time_por_agente [27,115,148,55,102,26,90,82,35,15,76,12,52,76,177,14,34,9,34,24,7,67,124,11,72,22,35,33,21,81,106,160,139,38,37,51,20,159,21,30,23,152,87,51,118,8,114,46,100,57,58,12,32,13,11,18,23,33,45,9,123,27,159,148,23,39,200,51,70,24,52,183,14,31,6,54,97,4,91,54,16,15,42,29,118,24,17,48,66,27,24,37,77,73,207,135,33,80,246,79,24,110,28,152,21,21,80,19,19,23,93,33,51,54,11,43,28,17,45,58,39,207,87,13,161,87,132,11,23,6,60,189,24,109,32,52,26,12,72,66,25,25,87,24,275,66,31,152,10,90,7,50,110,59,27,22,131,25,125,13,131,39,8,15,142,19,29,14,128,135,22,79,36,17,23,9,10,22,39,46]
tiempo_ultimo_agente_goal 275
tiempo_en_acabar 275
tiempo_promedio 60.805557
agentes_en_goal 180
push_out_count 0
RUN 1
valores_ideales [0,0,0,0,0,0,0,0,0,0,0,0,0,0,0,0,0,0,0,0,0,0,0,0,0,0,0,0,0,0,0,0,0,0,0,0,0,0,0,0,0,0,0,0,0,0,0,0,0,0,0,0,0,0,0,0,0,0,0,0,0,0,0,0,0,0,0,0,0,0,0,0,0,0,0,0,0,0,0,0,0,0,0,0,0,0,0,0,0,0,0,0,0,0,0,0,0,0,0,0,0,0,0,0,0,0,0,0,0,0,0,0,0,0,0,0,0,0,0,0,0,0,0,0,0,0,0,0,0,0,0,0,0,0,0,0,0,0,0,0,0,0,0,0,0,0,0,0,0,0,0,0,0,0,0,0,0,0,0,0,0,0,0,0,0,0,0,0,0,0,0,0,0,0,0,0,0,0,0,0]
costo_por_agente [22,84,120,30,66,18,71,90,33,10,40,11,38,192,89,15,37,8,23,21,6,50,85,8,82,25,15,34,22,59,91,228,132,37,33,28,9,117,18,15,16,128,65,39,75,9,131,93,153,59,37,9,64,10,10,17,20,34,48,8,47,38,71,79,22,69,301,48,67,19,36,182,15,25,5,35,106,3,71,79,15,12,41,31,104,17,13,65,129,24,17,33,67,81,119,96,20,66,127,137,56,73,23,303,18,16,65,14,12,18,122,26,89,45,14,84,26,13,28,72,29,140,39,12,139,44,161,8,23,9,48,141,13,24,128,93,40,9,56,53,59,24,70,9,299,58,32,92,9,94,6,37,41,143,58,20,221,24,57,8,248,45,7,11,188,20,30,12,101,196,25,80,33,20,20,6,9,23,50,36]
completion_time_por_agente [25,86,121,31,70,19,75,95,41,11,43,12,40,194,93,16,38,9,24,22,7,53,92,9,86,26,17,43,25,62,96,233,141,39,35,29,10,121,19,17,17,133,67,41,78,10,134,95,156,61,38,10,70,11,11,18,22,37,49,9,49,39,72,82,24,71,306,49,70,20,38,189,16,26,6,37,110,4,75,81,16,13,42,32,110,18,14,68,135,25,18,36,70,86,123,100,21,69,131,142,61,78,24,309,19,17,69,16,13,20,128,27,93,46,15,98,32,14,29,74,31,145,41,13,144,46,165,9,24,10,52,146,14,25,136,100,46,10,65,60,60,25,73,11,304,63,33,100,10,99,7,38,43,148,61,21,234,25,60,9,251,47,8,12,190,21,31,13,104,202,26,84,34,21,21,7,10,24,51,37]
tiempo_ultimo_agente_goal 309
tiempo_en_acabar 309
tiempo_promedio 61.150002
agentes_en_goal 180
push_out_count 0
RUN 2
valores_ideales [0,0,0,0,0,0,0,0,0,0,0,0,0,0,0,0,0,0,0,0,0,0,0,0,0,0,0,0,0,0,0,0,0,0,0,0,0,0,0,0,0,0,0,0,0,0,0,0,0,0,0,0,0,0,0,0,0,0,0,0,0,0,0,0,0,0,0,0,0,0,0,0,0,0,0,0,0,0,0,0,0,0,0,0,0,0,0,0,0,0,0,0,0,0,0,0,0,0,0,0,0,0,0,0,0,0,0,0,0,0,0,0,0,0,0,0,0,0,0,0,0,0,0,0,0,0,0,0,0,0,0,0,0,0,0,0,0,0,0,0,0,0,0,0,0,0,0,0,0,0,0,0,0,0,0,0,0,0,0,0,0,0,0,0,0,0,0,0,0,0,0,0,0,0,0,0,0,0,0,0]
costo_por_agente [22,74,122,34,58,18,97,48,39,12,44,13,38,78,173,19,31,8,23,21,6,44,71,10,96,21,21,58,18,31,117,244,92,43,45,26,15,71,22,23,14,74,61,27,77,9,111,47,97,75,41,9,80,12,10,17,18,30,46,8,115,22,95,87,30,65,75,36,57,27,50,158,13,27,5,53,62,3,93,75,15,12,39,33,94,15,13,159,101,24,17,27,49,45,171,120,54,64,115,83,42,67,19,95,16,18,95,18,10,10,132,36,75,29,14,74,18,13,34,60,85,176,47,12,63,50,111,10,21,9,56,53,17,50,158,91,26,13,52,49,53,52,64,9,271,130,30,104,9,52,8,45,105,59,86,24,223,26,159,8,256,29,13,11,154,14,48,16,113,72,21,146,35,16,22,8,11,21,34,44]
completion_time_por_agente [23,78,123,37,60,19,104,50,43,13,49,14,41,87,176,20,34,9,25,22,7,51,75,11,101,22,22,64,21,36,127,250,94,44,46,27,16,82,23,26,15,76,71,30,82,10,122,49,102,76,43,10,82,13,11,18,19,32,49,9,120,23,97,89,32,68,88,37,59,28,52,161,14,31,6,58,65,4,95,82,16,13,40,34,96,17,14,162,108,28,18,30,53,52,180,127,55,66,123,89,45,71,20,97,18,19,100,19,11,11,139,38,80,31,16,82,20,14,37,63,89,179,49,13,66,59,116,11,22,10,60,58,20,54,164,99,28,15,54,50,59,54,66,12,279,132,32,110,10,58,9,46,110,67,89,25,228,28,166,9,258,30,14,12,158,15,51,18,122,78,22,150,36,17,23,9,12,22,35,47]
tiempo_ultimo_agente_goal 279
tiempo_en_acabar 279
tiempo_promedio 58.255554
agentes_en_goal 180
push_out_count 0
RUN 3
valores_ideales [0,0,0,0,0,0,0,0,0,0,0,0,0,0,0,0,0,0,0,0,0,0,0,0,0,0,0,0,0,0,0,0,0,0,0,0,0,0,0,0,0,0,0,0,0,0,0,0,0,0,0,0,0,0,0,0,0,0,0,0,0,0,0,0,0,0,0,0,0,0,0,0,0,0,0,0,0,0,0,0,0,0,0,0,0,0,0,0,0,0,0,0,0,0,0,0,0,0,0,0,0,0,0,0,0,0,0,0,0,0,0,0,0,0,0,0,0,0,0,0,0,0,0,0,0,0,0,0,0,0,0,0,0,0,0,0,0,0,0,0,0,0,0,0,0,0,0,0,0,0,0,0,0,0,0,0,0,0,0,0,0,0,0,0,0,0,0,0,0,0,0,0,0,0,0,0,0,0,0,0]
costo_por_agente [24,116,64,26,74,18,115,132,55,10,44,11,62,68,65,11,27,8,107,23,8,72,89,10,92,25,9,36,56,37,77,90,70,45,33,30,9,87,30,17,18,90,71,31,87,7,87,43,81,105,51,9,56,12,10,17,24,32,128,12,51,24,63,87,22,43,199,40,127,21,36,184,19,35,5,21,48,3,67,53,15,12,41,37,114,31,15,39,63,28,17,27,113,97,185,54,38,88,173,101,50,77,23,243,20,18,107,16,14,20,102,40,63,43,10,56,22,13,34,62,33,104,65,12,129,50,149,8,19,5,30,117,11,48,34,57,30,9,86,67,57,34,68,13,135,64,68,48,9,92,6,49,125,109,24,20,65,32,145,12,98,37,7,21,124,16,28,12,99,90,27,76,35,16,24,6,9,21,38,36]
completion_time_por_agente [28,123,68,27,83,20,120,138,66,11,49,12,66,76,68,12,29,9,114,25,9,78,93,11,95,26,10,53,60,38,81,100,72,46,35,31,10,95,34,19,19,93,79,32,90,8,90,45,86,109,53,10,59,13,11,18,25,36,135,13,52,26,67,89,26,44,207,41,132,22,39,186,20,36,6,23,52,4,69,58,16,13,42,40,118,32,16,40,67,30,18,28,115,105,188,59,40,96,181,103,51,81,24,251,21,19,112,18,15,21,108,41,66,44,11,60,23,14,35,67,36,109,67,13,137,52,151,9,20,6,31,118,12,51,36,59,33,10,89,69,58,36,72,15,144,67,72,51,10,99,7,51,129,117,25,23,71,33,151,13,100,40,8,25,129,17,30,13,104,102,28,78,36,17,25,7,10,22,39,37]
tiempo_ultimo_agente_goal 251
tiempo_en_acabar 251
tiempo_promedio 55.616665
agentes_en_goal 180
push_out_count 0
RUN 4
valores_ideales [0,0,0,0,0,0,0,0,0,0,0,0,0,0,0,0,0,0,0,0,0,0,0,0,0,0,0,0,0,0,0,0,0,0,0,0,0,0,0,0,0,0,0,0,0,0,0,0,0,0,0,0,0,0,0,0,0,0,0,0,0,0,0,0,0,0,0,0,0,0,0,0,0,0,0,0,0,0,0,0,0,0,0,0,0,0,0,0,0,0,0,0,0,0,0,0,0,0,0,0,0,0,0,0,0,0,0,0,0,0,0,0,0,0,0,0,0,0,0,0,0,0,0,0,0,0,0,0,0,0,0,0,0,0,0,0,0,0,0,0,0,0,0,0,0,0,0,0,0,0,0,0,0,0,0,0,0,0,0,0,0,0,0,0,0,0,0,0,0,0,0,0,0,0,0,0,0,0,0,0]
costo_por_agente [24,122,86,40,114,34,79,102,61,12,62,11,58,50,99,17,21,8,27,21,6,68,65,10,86,33,17,28,22,47,91,132,94,35,33,30,13,89,26,29,16,58,129,33,65,9,117,85,87,55,53,9,52,10,10,17,18,36,74,8,57,26,53,89,38,43,163,42,51,21,52,202,19,27,5,37,58,3,117,111,15,14,43,51,64,15,17,105,93,26,17,23,97,147,157,110,24,34,129,65,34,61,19,201,16,20,107,12,18,12,82,40,69,33,14,34,22,23,44,80,47,152,25,12,123,54,85,8,23,5,62,77,15,74,30,95,48,9,108,57,43,56,90,9,237,64,36,94,11,90,8,33,79,77,24,20,159,26,35,8,156,35,7,17,110,22,38,14,109,150,21,94,33,16,20,10,9,21,38,56]
completion_time_por_agente [25,129,88,46,118,38,85,105,72,13,67,12,59,57,105,18,22,9,29,22,7,73,67,11,89,34,18,33,28,49,97,137,98,37,36,33,14,96,29,32,17,64,134,34,69,10,122,88,90,56,58,10,54,11,11,18,19,38,78,9,60,27,56,93,39,49,167,44,57,22,53,204,20,28,6,39,66,4,121,122,16,15,44,56,67,17,18,113,101,30,18,24,104,151,162,113,26,36,131,68,36,65,20,206,17,21,113,13,19,13,86,41,77,35,16,36,26,24,50,86,50,158,26,13,126,56,94,9,24,6,65,80,16,78,31,100,49,10,111,64,45,58,93,10,246,69,37,104,13,99,9,36,86,88,25,21,165,27,37,9,159,36,8,19,114,23,40,15,121,155,22,102,34,17,21,12,10,22,39,62]
tiempo_ultimo_agente_goal 246
tiempo_en_acabar 246
tiempo_promedio 56.599998
agentes_en_goal 180
push_out_count 0
RUN 5
valores_ideales [0,0,0,0,0,0,0,0,0,0,0,0,0,0,0,0,0,0,0,0,0,0,0,0,0,0,0,0,0,0,0,0,0,0,0,0,0,0,0,0,0,0,0,0,0,0,0,0,0,0,0,0,0,0,0,0,0,0,0,0,0,0,0,0,0,0,0,0,0,0,0,0,0,0,0,0,0,0,0,0,0,0,0,0,0,0,0,0,0,0,0,0,0,0,0,0,0,0,0,0,0,0,0,0,0,0,0,0,0,0,0,0,0,0,0,0,0,0,0,0,0,0,0,0,0,0,0,0,0,0,0,0,0,0,0,0,0,0,0,0,0,0,0,0,0,0,0,0,0,0,0,0,0,0,0,0,0,0,0,0,0,0,0,0,0,0,0,0,0,0,0,0,0,0,0,0,0,0,0,0]
costo_por_agente [22,68,86,56,78,20,95,98,25,10,56,11,52,136,79,23,21,8,111,23,6,92,91,10,64,27,9,24,58,39,129,118,102,31,43,30,13,97,16,21,24,116,91,27,63,7,107,47,111,57,41,9,54,10,10,17,16,40,78,8,51,26,49,49,24,51,101,34,65,19,46,152,19,37,5,35,56,3,71,61,15,12,41,47,144,21,19,71,103,30,17,25,85,73,155,62,44,38,255,111,14,95,17,113,18,18,113,14,10,22,62,40,81,45,8,40,24,13,34,76,45,160,29,12,93,72,165,8,21,5,72,129,13,24,170,71,32,9,86,61,53,24,74,9,183,78,32,52,9,44,6,39,69,89,28,20,227,24,135,14,222,31,9,11,224,18,66,12,109,104,15,84,33,16,20,6,9,21,32,36]
completion_time_por_agente [23,78,88,69,81,22,99,99,29,11,58,12,53,140,86,25,22,9,117,24,7,99,95,11,68,28,11,29,61,43,133,121,104,32,44,33,14,99,17,22,27,121,98,29,65,8,111,48,115,59,42,10,59,11,11,18,17,41,82,9,55,27,54,53,26,54,105,35,69,20,48,162,20,42,6,43,58,4,76,64,17,13,42,50,148,23,20,77,108,33,18,27,94,78,159,64,45,40,257,115,15,101,18,117,19,19,119,15,11,23,64,41,92,46,9,50,27,14,35,79,47,167,32,13,98,77,174,9,22,6,74,134,14,25,175,74,38,10,88,63,54,26,80,10,189,81,33,54,10,45,7,40,75,93,32,22,237,25,146,15,225,35,10,12,229,19,74,13,116,107,17,91,34,17,21,7,10,22,33,38]
tiempo_ultimo_agente_goal 257
tiempo_en_acabar 257
tiempo_promedio 57.244446
agentes_en_goal 180
push_out_count 0
RUN 6
valores_ideales [0,0,0,0,0,0,0,0,0,0,0,0,0,0,0,0,0,0,0,0,0,0,0,0,0,0,0,0,0,0,0,0,0,0,0,0,0,0,0,0,0,0,0,0,0,0,0,0,0,0,0,0,0,0,0,0,0,0,0,0,0,0,0,0,0,0,0,0,0,0,0,0,0,0,0,0,0,0,0,0,0,0,0,0,0,0,0,0,0,0,0,0,0,0,0,0,0,0,0,0,0,0,0,0,0,0,0,0,0,0,0,0,0,0,0,0,0,0,0,0,0,0,0,0,0,0,0,0,0,0,0,0,0,0,0,0,0,0,0,0,0,0,0,0,0,0,0,0,0,0,0,0,0,0,0,0,0,0,0,0,0,0,0,0,0,0,0,0,0,0,0,0,0,0,0,0,0,0,0,0]
costo_por_agente [22,90,146,32,118,18,85,120,37,12,46,11,48,212,95,11,25,14,35,21,6,70,97,8,60,33,17,22,22,57,107,118,126,45,37,28,9,151,22,71,18,164,53,29,89,7,141,51,45,117,43,9,26,12,10,15,26,32,100,8,51,22,157,71,16,37,131,38,83,23,46,230,17,29,5,29,86,3,75,57,15,12,41,31,270,19,15,39,77,36,19,17,83,167,73,60,48,58,129,79,26,83,21,211,20,18,103,14,10,12,106,28,37,35,10,312,22,13,38,62,53,88,43,12,87,58,187,8,21,9,38,129,17,64,30,45,30,11,88,61,61,50,94,17,235,120,28,98,7,112,6,37,93,109,24,20,183,24,109,10,148,45,15,13,136,18,34,22,113,96,17,124,33,16,22,8,15,21,46,40]
completion_time_por_agente [23,101,148,40,121,19,94,124,43,13,50,12,49,218,104,12,27,15,37,22,7,78,108,9,64,34,18,26,25,63,117,123,133,46,38,30,10,156,24,76,21,169,54,30,98,8,147,52,46,121,44,10,27,13,11,16,28,34,111,9,53,24,160,74,17,38,144,39,90,24,48,231,18,31,6,30,89,4,80,61,16,13,42,34,275,20,16,41,78,40,20,19,88,180,78,77,51,64,132,87,28,87,22,217,21,19,106,15,11,13,114,30,41,37,12,322,24,14,39,66,56,94,44,13,92,61,198,9,22,10,40,133,18,67,31,48,32,13,94,64,65,51,97,18,248,124,29,111,9,121,7,38,99,114,25,21,195,25,116,12,150,46,17,14,142,19,36,23,122,106,18,130,34,17,23,9,16,23,47,42]
tiempo_ultimo_agente_goal 322
tiempo_en_acabar 322
tiempo_promedio 61.522221
agentes_en_goal 180
push_out_count 0
RUN 7
valores_ideales [0,0,0,0,0,0,0,0,0,0,0,0,0,0,0,0,0,0,0,0,0,0,0,0,0,0,0,0,0,0,0,0,0,0,0,0,0,0,0,0,0,0,0,0,0,0,0,0,0,0,0,0,0,0,0,0,0,0,0,0,0,0,0,0,0,0,0,0,0,0,0,0,0,0,0,0,0,0,0,0,0,0,0,0,0,0,0,0,0,0,0,0,0,0,0,0,0,0,0,0,0,0,0,0,0,0,0,0,0,0,0,0,0,0,0,0,0,0,0,0,0,0,0,0,0,0,0,0,0,0,0,0,0,0,0,0,0,0,0,0,0,0,0,0,0,0,0,0,0,0,0,0,0,0,0,0,0,0,0,0,0,0,0,0,0,0,0,0,0,0,0,0,0,0,0,0,0,0,0,0]
costo_por_agente [28,154,116,24,116,24,113,128,33,10,100,15,52,128,181,13,23,8,23,25,6,46,105,8,106,41,15,30,34,41,75,126,66,31,35,68,15,107,12,27,24,168,69,37,113,7,157,45,87,91,55,9,60,12,10,17,16,30,80,8,47,26,87,77,20,49,155,36,79,23,38,182,13,29,5,63,58,3,113,47,15,12,41,33,88,17,17,81,67,40,19,17,59,73,127,96,58,58,107,81,14,113,19,413,16,18,73,14,12,10,90,54,77,27,14,30,26,17,34,84,31,194,23,22,189,40,227,8,23,5,26,131,25,54,30,47,36,17,58,59,81,54,94,15,103,58,34,106,7,58,6,45,127,117,56,20,157,26,95,12,180,35,19,11,130,14,32,28,199,128,15,86,33,22,22,8,9,23,36,36]
completion_time_por_agente [30,165,126,27,134,26,118,130,34,11,102,16,54,132,184,14,24,9,24,26,7,53,108,9,111,43,19,31,35,43,77,128,74,32,36,69,16,115,14,31,32,169,80,40,122,8,163,47,96,94,56,10,63,13,11,18,17,33,89,9,49,27,89,82,26,50,163,37,80,24,39,197,14,31,6,66,62,4,120,50,16,13,43,34,89,18,18,83,68,42,21,18,67,78,132,102,59,64,110,89,15,117,20,419,18,19,78,15,13,11,96,56,89,28,15,32,28,18,35,86,33,197,26,23,194,41,235,9,24,6,27,138,30,57,33,49,39,18,61,65,83,57,100,16,114,63,37,111,9,60,7,46,139,129,60,22,162,27,99,14,185,38,20,12,141,15,33,29,210,135,16,92,34,23,23,9,10,24,37,38]
tiempo_ultimo_agente_goal 419
tiempo_en_acabar 419
tiempo_promedio 60.994446
agentes_en_goal 180
push_out_count 0
RUN 8
valores_ideales [0,0,0,0,0,0,0,0,0,0,0,0,0,0,0,0,0,0,0,0,0,0,0,0,0,0,0,0,0,0,0,0,0,0,0,0,0,0,0,0,0,0,0,0,0,0,0,0,0,0,0,0,0,0,0,0,0,0,0,0,0,0,0,0,0,0,0,0,0,0,0,0,0,0,0,0,0,0,0,0,0,0,0,0,0,0,0,0,0,0,0,0,0,0,0,0,0,0,0,0,0,0,0,0,0,0,0,0,0,0,0,0,0,0,0,0,0,0,0,0,0,0,0,0,0,0,0,0,0,0,0,0,0,0,0,0,0,0,0,0,0,0,0,0,0,0,0,0,0,0,0,0,0,0,0,0,0,0,0,0,0,0,0,0,0,0,0,0,0,0,0,0,0,0,0,0,0,0,0,0]
costo_por_agente [20,90,174,38,140,36,71,104,31,12,84,13,34,104,99,15,29,10,77,117,26,80,77,10,94,29,43,52,20,45,67,140,174,37,35,24,13,111,16,51,16,82,91,29,105,7,91,61,65,85,39,9,46,12,10,17,22,46,84,8,89,22,131,79,22,67,111,44,61,19,40,106,15,25,5,15,48,3,107,63,23,12,43,29,148,19,13,63,71,32,17,25,51,127,87,66,34,46,121,121,20,115,21,171,18,18,65,14,14,12,86,34,45,29,6,32,20,13,24,86,45,64,45,14,153,48,149,8,19,9,54,185,13,56,140,81,40,15,84,49,57,72,132,15,53,96,44,66,9,46,6,35,111,61,26,20,87,24,43,8,156,55,9,51,126,14,30,22,93,180,17,60,43,16,22,6,13,23,46,40]
completion_time_por_agente [21,95,179,40,146,38,83,108,34,13,87,14,36,109,102,16,32,11,80,122,27,82,79,11,96,30,45,55,24,48,73,146,178,38,37,25,14,120,18,58,17,88,101,31,110,8,99,62,72,89,41,10,48,13,11,18,24,49,87,9,92,23,135,85,24,74,116,45,67,20,41,112,16,27,6,16,53,4,109,67,24,13,45,30,157,20,14,67,74,40,18,26,54,130,88,70,37,49,123,128,23,120,22,174,20,19,73,15,15,13,91,35,50,31,7,38,22,14,26,93,47,72,46,15,160,49,151,9,21,10,56,194,15,58,148,89,45,16,89,52,59,73,138,16,55,101,47,71,10,49,7,36,119,62,28,21,96,25,45,9,163,56,10,53,133,15,31,23,99,185,18,66,44,17,23,7,14,24,47,41]
tiempo_ultimo_agente_goal 194
tiempo_en_acabar 194
tiempo_promedio 57.083332
agentes_en_goal 180
push_out_count 0
RUN 9
valores_ideales [0,0,0,0,0,0,0,0,0,0,0,0,0,0,0,0,0,0,0,0,0,0,0,0,0,0,0,0,0,0,0,0,0,0,0,0,0,0,0,0,0,0,0,0,0,0,0,0,0,0,0,0,0,0,0,0,0,0,0,0,0,0,0,0,0,0,0,0,0,0,0,0,0,0,0,0,0,0,0,0,0,0,0,0,0,0,0,0,0,0,0,0,0,0,0,0,0,0,0,0,0,0,0,0,0,0,0,0,0,0,0,0,0,0,0,0,0,0,0,0,0,0,0,0,0,0,0,0,0,0,0,0,0,0,0,0,0,0,0,0,0,0,0,0,0,0,0,0,0,0,0,0,0,0,0,0,0,0,0,0,0,0,0,0,0,0,0,0,0,0,0,0,0,0,0,0,0,0,0,0]
costo_por_agente [20,74,82,30,70,42,69,88,31,12,60,15,44,90,107,11,23,8,45,69,6,56,109,10,78,31,15,44,20,41,125,130,82,31,37,30,9,97,12,25,18,194,113,25,55,11,117,47,95,123,37,9,46,12,10,17,20,28,60,10,49,22,125,43,18,81,235,34,99,19,84,162,13,23,5,33,86,3,121,99,15,12,53,31,206,19,17,81,95,24,17,27,133,107,67,84,44,38,277,75,14,77,19,197,22,18,85,14,10,10,110,28,119,35,10,30,30,13,38,66,53,100,69,16,117,38,247,8,19,5,40,117,11,26,34,47,46,17,66,67,37,28,142,9,187,110,34,44,9,44,6,53,93,83,108,22,125,24,183,18,146,41,7,17,184,20,30,12,105,54,17,64,37,16,22,6,9,21,50,34]
completion_time_por_agente [23,78,84,34,84,43,80,92,32,13,69,16,45,91,115,12,24,9,50,72,7,62,112,11,87,32,23,45,21,44,130,134,95,34,38,31,10,107,16,28,19,204,125,27,64,12,128,48,101,131,39,10,48,13,11,18,21,31,63,11,50,23,127,49,19,87,241,35,109,20,89,165,14,29,6,35,99,4,127,109,16,13,55,32,212,20,18,85,104,25,18,28,142,110,70,85,50,39,284,79,15,78,20,204,24,19,90,16,11,11,115,30,124,36,11,31,32,14,39,67,56,110,76,17,118,41,252,9,20,6,47,125,12,28,37,48,48,19,70,79,39,31,145,10,190,122,35,46,10,48,7,54,103,89,115,23,133,25,188,19,152,42,8,20,189,21,31,13,110,56,19,68,38,17,23,7,10,22,51,35]
tiempo_ultimo_agente_goal 284
tiempo_en_acabar 284
tiempo_promedio 59.711113
agentes_en_goal 180
push_out_count 0
RUN 10
valores_ideales [0,0,0,0,0,0,0,0,0,0,0,0,0,0,0,0,0,0,0,0,0,0,0,0,0,0,0,0,0,0,0,0,0,0,0,0,0,0,0,0,0,0,0,0,0,0,0,0,0,0,0,0,0,0,0,0,0,0,0,0,0,0,0,0,0,0,0,0,0,0,0,0,0,0,0,0,0,0,0,0,0,0,0,0,0,0,0,0,0,0,0,0,0,0,0,0,0,0,0,0,0,0,0,0,0,0,0,0,0,0,0,0,0,0,0,0,0,0,0,0,0,0,0,0,0,0,0,0,0,0,0,0,0,0,0,0,0,0,0,0,0,0,0,0,0,0,0,0,0,0,0,0,0,0,0,0,0,0,0,0,0,0,0,0,0,0,0,0,0,0,0,0,0,0,0,0,0,0,0,0]
costo_por_agente [20,166,124,42,118,34,69,90,37,12,124,11,54,124,73,15,27,10,31,21,10,98,99,8,48,27,11,22,34,37,109,274,100,39,33,32,11,83,14,19,18,94,75,29,75,7,125,59,71,125,47,11,48,12,10,17,32,32,48,8,47,34,143,63,22,51,81,38,53,29,44,132,15,29,5,19,86,3,93,131,15,14,39,25,102,21,13,33,71,28,19,19,69,97,115,94,30,56,157,129,16,63,19,161,14,20,133,20,14,10,122,48,37,33,20,26,26,15,36,60,33,86,69,12,111,44,263,8,19,7,36,139,21,48,170,63,26,11,90,41,79,24,68,9,149,78,30,114,7,58,6,43,73,69,38,20,85,24,99,12,176,39,7,13,158,16,28,18,99,242,17,110,33,16,20,6,11,21,34,50]
completion_time_por_agente [23,168,129,46,123,36,71,93,55,13,128,12,55,131,75,16,29,11,33,22,11,102,101,9,51,28,14,25,35,39,113,285,103,40,35,33,12,87,16,20,19,99,84,31,85,8,136,60,75,129,48,12,50,13,11,18,33,34,49,9,48,36,148,65,25,53,89,39,57,30,45,145,16,31,6,21,100,4,100,143,16,15,40,26,104,22,14,36,73,31,20,21,79,107,120,95,32,58,165,145,19,65,20,163,16,21,139,21,15,11,126,49,38,34,21,29,30,17,37,63,34,89,73,13,116,46,266,9,20,8,40,143,23,50,180,67,27,13,102,42,81,26,72,10,154,81,31,120,9,60,7,44,83,74,41,21,92,25,102,14,182,40,8,16,182,17,29,20,105,243,18,117,34,17,21,7,12,23,35,53]
tiempo_ultimo_agente_goal 285
tiempo_en_acabar 285
tiempo_promedio 58.177776
agentes_en_goal 180
push_out_count 0
RUN 11
valores_ideales [0,0,0,0,0,0,0,0,0,0,0,0,0,0,0,0,0,0,0,0,0,0,0,0,0,0,0,0,0,0,0,0,0,0,0,0,0,0,0,0,0,0,0,0,0,0,0,0,0,0,0,0,0,0,0,0,0,0,0,0,0,0,0,0,0,0,0,0,0,0,0,0,0,0,0,0,0,0,0,0,0,0,0,0,0,0,0,0,0,0,0,0,0,0,0,0,0,0,0,0,0,0,0,0,0,0,0,0,0,0,0,0,0,0,0,0,0,0,0,0,0,0,0,0,0,0,0,0,0,0,0,0,0,0,0,0,0,0,0,0,0,0,0,0,0,0,0,0,0,0,0,0,0,0,0,0,0,0,0,0,0,0,0,0,0,0,0,0,0,0,0,0,0,0,0,0,0,0,0,0]
costo_por_agente [18,86,114,48,126,18,109,110,29,12,46,11,44,84,93,15,33,8,27,23,6,60,93,10,110,39,17,36,18,51,105,126,170,39,37,50,23,123,16,35,16,84,99,37,55,9,89,37,57,55,63,9,26,10,10,15,18,36,88,8,57,26,97,75,16,37,121,36,93,25,50,140,13,23,5,41,78,3,107,55,15,12,85,27,132,19,17,101,91,64,17,19,51,55,145,58,40,88,189,99,18,117,19,233,18,22,73,14,10,8,68,38,41,41,8,32,22,13,36,66,37,96,25,12,131,70,113,8,21,5,34,147,17,26,30,69,32,23,70,57,55,48,94,19,217,96,28,56,11,62,6,39,97,99,72,20,211,24,89,10,124,29,7,11,190,14,36,14,91,134,23,86,41,18,34,6,9,21,48,38]
completion_time_por_agente [19,94,118,53,131,19,119,113,31,13,52,12,46,86,100,16,34,9,28,24,7,66,95,11,113,40,21,39,20,60,112,130,171,40,39,52,24,139,17,40,17,90,109,43,58,10,94,39,69,56,64,10,27,11,11,16,19,38,95,9,59,27,101,77,22,39,126,37,96,26,52,149,14,25,6,44,83,4,114,58,16,13,86,29,134,20,19,108,102,94,18,21,55,65,150,61,47,95,195,105,19,131,21,240,19,24,83,15,11,10,76,40,50,42,9,36,24,14,37,67,40,100,26,13,137,73,120,9,22,6,37,157,18,28,31,71,37,24,72,58,58,50,103,21,222,99,29,57,12,69,7,40,105,101,81,22,217,25,93,12,128,31,8,12,197,15,37,15,101,141,24,98,42,19,37,7,10,22,49,40]
tiempo_ultimo_agente_goal 240
tiempo_en_acabar 240
tiempo_promedio 57.405556
agentes_en_goal 180
push_out_count 0
RUN 12
valores_ideales [0,0,0,0,0,0,0,0,0,0,0,0,0,0,0,0,0,0,0,0,0,0,0,0,0,0,0,0,0,0,0,0,0,0,0,0,0,0,0,0,0,0,0,0,0,0,0,0,0,0,0,0,0,0,0,0,0,0,0,0,0,0,0,0,0,0,0,0,0,0,0,0,0,0,0,0,0,0,0,0,0,0,0,0,0,0,0,0,0,0,0,0,0,0,0,0,0,0,0,0,0,0,0,0,0,0,0,0,0,0,0,0,0,0,0,0,0,0,0,0,0,0,0,0,0,0,0,0,0,0,0,0,0,0,0,0,0,0,0,0,0,0,0,0,0,0,0,0,0,0,0,0,0,0,0,0,0,0,0,0,0,0,0,0,0,0,0,0,0,0,0,0,0,0,0,0,0,0,0,0]
costo_por_agente [22,98,126,38,152,24,55,92,27,10,80,11,62,88,75,17,29,8,25,27,56,122,83,8,76,35,9,30,72,61,75,106,114,53,37,32,17,105,28,41,16,128,117,27,75,7,123,111,73,83,43,9,62,14,10,23,38,36,130,8,121,22,107,93,20,51,333,48,125,25,50,130,15,31,5,57,70,3,93,85,15,12,41,27,158,17,15,59,95,30,21,17,45,57,151,54,26,72,201,203,42,93,19,123,18,16,77,12,16,14,52,30,111,35,12,30,28,13,38,78,29,56,109,12,103,54,139,8,23,5,24,49,23,108,220,87,38,9,90,43,47,64,172,19,73,94,32,104,9,70,6,39,123,107,26,32,249,26,95,12,146,41,9,11,214,16,30,18,115,68,15,76,33,20,24,6,9,25,34,44]
completion_time_por_agente [23,107,135,43,156,25,58,96,29,11,89,12,64,93,79,18,30,9,26,30,63,126,88,9,95,36,10,36,74,62,80,109,120,54,38,35,18,109,29,46,17,134,133,29,88,8,131,119,76,86,48,10,64,15,11,25,39,38,141,9,126,23,108,98,21,55,340,49,128,26,54,141,16,32,6,59,72,4,97,92,17,13,42,29,161,18,16,70,98,40,23,19,47,67,156,62,28,73,210,221,48,97,20,126,19,17,86,13,17,15,54,33,114,37,13,32,29,14,40,79,31,63,113,13,111,57,145,9,24,6,26,52,24,110,237,98,39,10,94,46,48,66,178,21,83,107,33,109,10,76,7,41,134,124,27,33,254,27,100,13,155,42,10,12,222,17,32,21,120,74,17,83,34,21,26,7,10,27,35,47]
tiempo_ultimo_agente_goal 340
tiempo_en_acabar 340
tiempo_promedio 62.566666
agentes_en_goal 180
push_out_count 0
RUN 13
valores_ideales [0,0,0,0,0,0,0,0,0,0,0,0,0,0,0,0,0,0,0,0,0,0,0,0,0,0,0,0,0,0,0,0,0,0,0,0,0,0,0,0,0,0,0,0,0,0,0,0,0,0,0,0,0,0,0,0,0,0,0,0,0,0,0,0,0,0,0,0,0,0,0,0,0,0,0,0,0,0,0,0,0,0,0,0,0,0,0,0,0,0,0,0,0,0,0,0,0,0,0,0,0,0,0,0,0,0,0,0,0,0,0,0,0,0,0,0,0,0,0,0,0,0,0,0,0,0,0,0,0,0,0,0,0,0,0,0,0,0,0,0,0,0,0,0,0,0,0,0,0,0,0,0,0,0,0,0,0,0,0,0,0,0,0,0,0,0,0,0,0,0,0,0,0,0,0,0,0,0,0,0]
costo_por_agente [20,70,104,50,120,32,113,80,53,14,38,13,76,42,145,11,21,8,73,21,6,54,67,10,76,31,11,24,18,45,77,118,136,39,37,32,13,61,24,37,18,150,115,27,73,11,203,47,55,123,37,9,26,12,10,15,16,42,48,8,113,28,101,67,16,49,307,42,79,21,38,260,13,23,7,39,76,3,93,125,15,12,41,41,138,19,25,55,63,40,17,17,69,51,155,48,26,86,139,75,40,61,19,133,16,18,79,12,10,8,58,38,41,39,20,30,20,13,40,64,33,72,31,12,127,46,215,8,21,5,40,105,11,40,190,45,30,9,58,71,57,30,112,9,35,92,34,104,7,96,6,43,83,85,32,20,95,24,133,8,168,29,11,11,190,16,68,22,117,126,21,92,37,16,26,6,9,21,42,40]
completion_time_por_agente [22,78,106,54,122,36,120,90,71,15,39,14,77,54,151,12,22,9,82,22,7,59,68,11,87,32,12,28,21,51,83,122,142,41,39,34,14,67,25,47,19,155,132,30,77,12,215,48,64,126,39,10,28,13,11,16,17,43,49,9,123,29,108,73,17,51,310,43,89,22,40,272,14,24,8,41,91,4,103,132,16,13,42,43,143,20,26,58,65,46,18,18,73,59,165,50,29,89,143,83,43,65,20,138,18,19,83,13,11,9,61,41,44,40,25,33,22,14,51,65,34,78,32,13,146,47,219,9,22,6,45,114,12,44,197,53,31,10,63,73,58,32,121,10,42,98,37,107,8,99,7,45,88,99,33,21,102,25,134,10,175,31,12,12,201,17,74,23,120,130,22,103,38,17,27,7,10,22,43,44]
tiempo_ultimo_agente_goal 310
tiempo_en_acabar 310
tiempo_promedio 58.105556
agentes_en_goal 180
push_out_count 0
RUN 14
valores_ideales [0,0,0,0,0,0,0,0,0,0,0,0,0,0,0,0,0,0,0,0,0,0,0,0,0,0,0,0,0,0,0,0,0,0,0,0,0,0,0,0,0,0,0,0,0,0,0,0,0,0,0,0,0,0,0,0,0,0,0,0,0,0,0,0,0,0,0,0,0,0,0,0,0,0,0,0,0,0,0,0,0,0,0,0,0,0,0,0,0,0,0,0,0,0,0,0,0,0,0,0,0,0,0,0,0,0,0,0,0,0,0,0,0,0,0,0,0,0,0,0,0,0,0,0,0,0,0,0,0,0,0,0,0,0,0,0,0,0,0,0,0,0,0,0,0,0,0,0,0,0,0,0,0,0,0,0,0,0,0,0,0,0,0,0,0,0,0,0,0,0,0,0,0,0,0,0,0,0,0,0]
costo_por_agente [30,72,136,48,118,60,95,76,31,10,62,11,62,34,97,13,29,12,29,21,6,46,119,10,112,27,17,80,70,77,107,116,138,33,35,40,17,89,18,19,38,80,85,29,67,11,109,55,67,53,59,9,42,10,10,17,18,48,104,8,47,24,113,99,18,89,65,34,133,21,60,106,17,33,5,25,60,3,73,75,15,12,39,25,128,21,19,75,109,48,19,17,39,107,165,158,40,34,209,91,38,75,17,305,22,20,105,12,12,12,120,26,81,39,10,192,22,13,44,64,41,116,29,12,127,68,31,8,19,5,34,99,19,26,36,57,26,11,122,51,49,54,62,17,115,76,34,106,9,50,6,49,73,71,50,20,213,32,205,12,122,39,7,39,160,18,46,14,123,210,17,92,33,16,20,6,9,21,32,36]
completion_time_por_agente [33,76,145,64,123,74,100,81,33,11,69,12,63,38,103,14,30,13,31,22,7,49,130,11,121,29,20,83,79,83,114,121,144,34,36,41,18,92,20,20,43,88,93,32,71,12,115,56,72,55,79,10,44,11,11,18,19,49,113,9,50,25,115,103,19,95,72,35,137,22,75,112,18,36,6,28,69,4,80,77,16,13,42,28,129,22,20,86,117,78,20,19,47,114,167,170,45,37,217,103,39,82,18,310,23,21,109,13,13,13,128,28,85,40,11,200,23,14,45,75,42,125,32,13,129,70,32,9,21,6,36,106,20,27,40,63,28,12,127,68,53,55,71,19,126,82,35,116,10,53,7,50,76,76,59,21,227,34,206,13,129,42,8,55,167,19,48,15,127,216,18,101,34,17,21,7,10,23,33,41]
tiempo_ultimo_agente_goal 310
tiempo_en_acabar 310
tiempo_promedio 60.394444
agentes_en_goal 180
push_out_count 0
RUN 15
valores_ideales [0,0,0,0,0,0,0,0,0,0,0,0,0,0,0,0,0,0,0,0,0,0,0,0,0,0,0,0,0,0,0,0,0,0,0,0,0,0,0,0,0,0,0,0,0,0,0,0,0,0,0,0,0,0,0,0,0,0,0,0,0,0,0,0,0,0,0,0,0,0,0,0,0,0,0,0,0,0,0,0,0,0,0,0,0,0,0,0,0,0,0,0,0,0,0,0,0,0,0,0,0,0,0,0,0,0,0,0,0,0,0,0,0,0,0,0,0,0,0,0,0,0,0,0,0,0,0,0,0,0,0,0,0,0,0,0,0,0,0,0,0,0,0,0,0,0,0,0,0,0,0,0,0,0,0,0,0,0,0,0,0,0,0,0,0,0,0,0,0,0,0,0,0,0,0,0,0,0,0,0]
costo_por_agente [20,82,112,28,130,18,123,100,37,12,44,11,62,40,125,13,19,16,65,25,18,58,113,10,50,27,11,56,48,35,107,208,80,45,37,26,9,113,24,23,18,106,123,29,67,9,175,51,95,127,41,11,40,12,10,17,16,38,106,8,65,48,101,59,28,63,123,38,77,21,36,142,19,25,7,19,90,3,65,63,15,14,59,37,94,17,13,77,77,24,17,19,91,63,97,92,30,44,117,75,20,87,19,193,16,20,59,12,10,10,76,36,71,29,16,34,26,15,50,60,33,98,25,12,107,40,57,8,19,7,44,71,13,66,30,73,28,9,80,61,39,46,68,9,223,92,32,98,7,72,6,43,109,93,64,20,169,24,97,8,198,29,9,19,248,18,36,12,111,120,17,66,33,18,22,6,9,21,36,46]
completion_time_por_agente [21,86,116,34,134,19,130,102,42,13,46,12,63,45,129,14,20,17,71,26,19,64,118,11,53,28,13,58,50,40,113,213,85,48,38,27,10,121,25,25,20,111,127,35,70,10,178,54,106,129,43,12,44,13,11,18,17,40,109,9,66,49,104,60,31,66,127,39,83,22,37,145,20,31,8,21,96,4,69,68,16,15,60,40,96,18,14,78,83,28,18,20,96,69,102,95,33,47,122,78,24,89,20,197,18,21,62,13,11,11,84,45,76,32,17,36,28,17,51,62,34,106,26,13,110,41,60,9,20,8,47,77,14,69,31,78,29,10,83,63,43,48,74,10,226,96,33,103,9,77,7,45,117,97,67,21,175,25,103,10,205,31,10,23,254,19,38,13,113,122,18,70,34,19,23,7,10,23,37,48]
tiempo_ultimo_agente_goal 254
tiempo_en_acabar 254
tiempo_promedio 55.966667
agentes_en_goal 180
push_out_count 0
RUN 16
valores_ideales [0,0,0,0,0,0,0,0,0,0,0,0,0,0,0,0,0,0,0,0,0,0,0,0,0,0,0,0,0,0,0,0,0,0,0,0,0,0,0,0,0,0,0,0,0,0,0,0,0,0,0,0,0,0,0,0,0,0,0,0,0,0,0,0,0,0,0,0,0,0,0,0,0,0,0,0,0,0,0,0,0,0,0,0,0,0,0,0,0,0,0,0,0,0,0,0,0,0,0,0,0,0,0,0,0,0,0,0,0,0,0,0,0,0,0,0,0,0,0,0,0,0,0,0,0,0,0,0,0,0,0,0,0,0,0,0,0,0,0,0,0,0,0,0,0,0,0,0,0,0,0,0,0,0,0,0,0,0,0,0,0,0,0,0,0,0,0,0,0,0,0,0,0,0,0,0,0,0,0,0]
costo_por_agente [26,76,142,52,138,22,105,150,33,10,156,11,62,52,95,13,23,12,23,85,8,128,83,8,74,27,11,38,22,43,133,182,88,47,39,34,9,119,12,23,16,60,49,27,53,13,129,77,77,105,43,9,30,12,10,17,16,48,66,8,141,28,119,69,16,113,111,38,73,21,64,68,13,25,11,39,82,3,97,59,15,14,41,35,148,19,13,57,69,32,19,29,57,71,137,86,38,96,101,147,22,77,21,195,26,16,115,12,12,12,98,34,51,35,10,44,26,13,44,122,47,98,29,12,109,38,159,10,21,5,48,53,11,34,196,119,36,9,64,45,51,34,118,13,143,106,30,54,7,54,6,43,43,123,50,20,177,30,143,10,210,29,7,13,228,14,30,12,85,102,21,84,33,16,20,8,9,23,32,48]
completion_time_por_agente [27,81,146,61,142,28,109,153,36,11,162,12,63,58,98,14,25,13,24,89,10,137,87,9,77,29,14,45,25,51,142,190,91,49,42,35,10,124,13,24,17,61,51,28,59,15,138,81,86,112,47,10,34,13,11,18,17,54,70,9,149,29,123,75,17,120,112,39,81,22,70,78,14,27,12,40,84,4,103,63,16,15,44,37,156,21,14,58,71,33,20,33,60,76,142,88,42,100,105,155,25,79,22,201,27,17,123,13,13,13,107,37,53,36,11,49,28,14,45,131,49,105,31,13,115,41,160,11,22,6,50,62,12,40,208,127,40,10,66,49,58,40,123,14,147,111,33,56,8,55,7,45,44,131,53,21,179,31,148,12,215,30,8,14,235,15,31,13,87,106,22,95,34,17,21,9,10,24,33,57]
tiempo_ultimo_agente_goal 235
tiempo_en_acabar 235
tiempo_promedio 59.377777
agentes_en_goal 180
push_out_count 0
RUN 17
valores_ideales [0,0,0,0,0,0,0,0,0,0,0,0,0,0,0,0,0,0,0,0,0,0,0,0,0,0,0,0,0,0,0,0,0,0,0,0,0,0,0,0,0,0,0,0,0,0,0,0,0,0,0,0,0,0,0,0,0,0,0,0,0,0,0,0,0,0,0,0,0,0,0,0,0,0,0,0,0,0,0,0,0,0,0,0,0,0,0,0,0,0,0,0,0,0,0,0,0,0,0,0,0,0,0,0,0,0,0,0,0,0,0,0,0,0,0,0,0,0,0,0,0,0,0,0,0,0,0,0,0,0,0,0,0,0,0,0,0,0,0,0,0,0,0,0,0,0,0,0,0,0,0,0,0,0,0,0,0,0,0,0,0,0,0,0,0,0,0,0,0,0,0,0,0,0,0,0,0,0,0,0]
costo_por_agente [24,102,242,60,116,20,59,142,43,12,102,11,50,122,135,11,33,8,31,21,6,70,107,10,48,25,9,44,22,53,59,100,158,41,53,50,15,113,22,15,16,92,119,59,103,7,121,49,55,53,57,13,30,12,10,17,16,28,90,8,77,36,117,51,16,87,95,36,51,21,46,154,15,31,5,43,78,3,85,51,15,16,41,39,120,19,19,127,59,36,17,21,63,153,133,86,42,98,73,57,48,121,19,165,20,18,121,12,12,14,56,28,87,27,14,28,22,13,32,56,39,180,73,12,119,44,245,8,21,7,38,135,15,36,30,57,24,9,62,89,51,42,102,13,229,88,30,88,7,34,6,35,93,121,32,24,35,24,193,8,238,43,7,13,66,22,32,16,59,124,17,98,33,18,26,8,9,23,58,40]
completion_time_por_agente [26,104,243,69,120,21,63,151,52,13,107,12,51,125,140,12,34,9,35,22,7,77,113,11,50,26,11,46,25,58,63,105,166,42,54,55,16,117,24,17,17,97,130,65,111,8,134,51,59,55,59,14,31,13,11,18,17,30,93,9,85,37,124,55,17,93,97,37,58,22,48,160,16,40,6,45,81,4,93,52,16,17,42,43,126,20,20,128,63,45,18,26,66,157,135,93,46,101,78,58,50,125,20,171,21,19,131,13,13,15,57,29,96,29,15,29,26,14,38,57,41,190,75,13,129,45,248,9,22,8,39,143,16,48,33,68,25,10,64,99,55,43,115,16,236,96,31,94,8,35,7,36,100,135,37,26,48,25,196,9,244,45,8,14,70,23,33,18,60,126,18,107,34,19,27,9,10,24,59,43]
tiempo_ultimo_agente_goal 248
tiempo_en_acabar 248
tiempo_promedio 58.966667
agentes_en_goal 180
push_out_count 0
RUN 18
valores_ideales [0,0,0,0,0,0,0,0,0,0,0,0,0,0,0,0,0,0,0,0,0,0,0,0,0,0,0,0,0,0,0,0,0,0,0,0,0,0,0,0,0,0,0,0,0,0,0,0,0,0,0,0,0,0,0,0,0,0,0,0,0,0,0,0,0,0,0,0,0,0,0,0,0,0,0,0,0,0,0,0,0,0,0,0,0,0,0,0,0,0,0,0,0,0,0,0,0,0,0,0,0,0,0,0,0,0,0,0,0,0,0,0,0,0,0,0,0,0,0,0,0,0,0,0,0,0,0,0,0,0,0,0,0,0,0,0,0,0,0,0,0,0,0,0,0,0,0,0,0,0,0,0,0,0,0,0,0,0,0,0,0,0,0,0,0,0,0,0,0,0,0,0,0,0,0,0,0,0,0,0]
costo_por_agente [18,110,98,52,128,20,121,114,25,14,64,13,50,72,81,15,25,14,53,21,6,56,97,10,58,25,31,30,18,43,93,122,136,31,37,24,9,143,22,35,20,128,91,33,67,9,203,51,129,51,49,9,36,10,10,23,18,32,44,8,143,30,115,51,26,59,251,36,79,21,46,106,15,31,5,43,84,3,65,59,15,12,55,33,122,17,13,47,131,26,19,19,61,239,91,124,20,32,137,117,66,109,23,169,14,18,107,12,12,12,62,42,97,31,12,34,24,15,40,124,67,104,43,16,99,52,115,10,17,5,56,85,13,40,30,131,42,9,48,117,35,30,146,11,323,78,28,102,9,96,6,33,115,67,28,20,199,24,139,8,150,29,11,11,130,14,30,12,97,124,15,62,33,16,22,10,9,29,40,36]
completion_time_por_agente [19,124,99,57,142,21,129,123,31,15,69,14,51,75,83,16,26,15,59,22,7,62,102,11,62,27,32,31,20,50,97,126,149,32,44,25,10,151,23,38,22,134,101,35,72,10,209,52,134,52,51,10,38,11,11,24,19,34,47,9,146,31,116,54,30,74,258,38,83,22,47,112,16,32,6,46,86,4,69,70,16,13,56,35,124,18,14,51,148,29,20,20,64,247,94,134,21,37,145,125,71,117,24,175,16,19,113,13,13,14,67,44,103,32,13,36,25,16,42,131,71,117,44,17,103,57,124,11,18,6,61,89,15,42,32,142,45,10,52,124,41,34,160,12,331,79,29,109,10,104,7,34,118,72,29,21,208,25,144,9,155,31,12,12,133,15,31,13,103,135,16,72,34,17,24,12,10,32,41,38]
tiempo_ultimo_agente_goal 331
tiempo_en_acabar 331
tiempo_promedio 60.505554
agentes_en_goal 180
push_out_count 0
RUN 19
valores_ideales [0,0,0,0,0,0,0,0,0,0,0,0,0,0,0,0,0,0,0,0,0,0,0,0,0,0,0,0,0,0,0,0,0,0,0,0,0,0,0,0,0,0,0,0,0,0,0,0,0,0,0,0,0,0,0,0,0,0,0,0,0,0,0,0,0,0,0,0,0,0,0,0,0,0,0,0,0,0,0,0,0,0,0,0,0,0,0,0,0,0,0,0,0,0,0,0,0,0,0,0,0,0,0,0,0,0,0,0,0,0,0,0,0,0,0,0,0,0,0,0,0,0,0,0,0,0,0,0,0,0,0,0,0,0,0,0,0,0,0,0,0,0,0,0,0,0,0,0,0,0,0,0,0,0,0,0,0,0,0,0,0,0,0,0,0,0,0,0,0,0,0,0,0,0,0,0,0,0,0,0]
costo_por_agente [20,94,152,70,176,30,69,118,37,10,66,11,34,152,99,13,23,8,53,29,18,72,69,10,74,31,15,24,40,27,81,122,104,39,35,64,17,105,18,29,16,174,107,35,71,7,99,41,143,53,63,9,58,12,10,19,20,30,56,8,47,32,75,99,16,99,73,36,61,19,44,192,15,25,5,17,60,3,59,51,15,14,39,27,158,19,15,43,59,32,17,17,99,131,139,156,38,34,245,105,16,67,19,135,20,20,113,18,12,8,88,44,39,39,14,34,26,15,32,58,81,154,55,12,141,74,183,8,23,7,48,95,17,50,60,111,48,9,52,71,29,48,78,9,157,110,30,80,9,140,6,37,65,121,64,20,191,24,217,14,216,33,13,11,312,18,36,24,121,306,17,76,33,16,20,8,9,25,34,36]
completion_time_por_agente [23,100,160,89,183,34,78,122,39,11,69,12,37,155,107,14,25,9,66,32,20,80,71,11,76,33,17,29,43,30,88,128,109,40,36,65,19,114,19,32,17,177,119,39,82,8,105,42,150,54,67,10,59,13,11,20,21,34,58,9,50,33,78,104,17,107,82,37,64,20,48,203,16,27,6,18,65,4,60,53,16,15,40,29,165,20,16,44,61,33,18,18,110,137,143,159,39,36,250,113,18,70,21,137,21,21,121,20,13,9,93,48,40,40,16,36,28,17,33,61,86,160,56,13,151,77,187,9,26,8,51,99,18,53,65,116,54,10,54,72,31,50,85,10,166,114,32,83,10,145,7,38,71,127,75,21,199,25,222,15,225,35,15,12,322,19,37,26,126,311,18,86,34,17,21,9,10,27,35,39]
tiempo_ultimo_agente_goal 322
tiempo_en_acabar 322
tiempo_promedio 62.511112
agentes_en_goal 180
push_out_count 0
RUN 20
valores_ideales [0,0,0,0,0,0,0,0,0,0,0,0,0,0,0,0,0,0,0,0,0,0,0,0,0,0,0,0,0,0,0,0,0,0,0,0,0,0,0,0,0,0,0,0,0,0,0,0,0,0,0,0,0,0,0,0,0,0,0,0,0,0,0,0,0,0,0,0,0,0,0,0,0,0,0,0,0,0,0,0,0,0,0,0,0,0,0,0,0,0,0,0,0,0,0,0,0,0,0,0,0,0,0,0,0,0,0,0,0,0,0,0,0,0,0,0,0,0,0,0,0,0,0,0,0,0,0,0,0,0,0,0,0,0,0,0,0,0,0,0,0,0,0,0,0,0,0,0,0,0,0,0,0,0,0,0,0,0,0,0,0,0,0,0,0,0,0,0,0,0,0,0,0,0,0,0,0,0,0,0]
costo_por_agente [18,58,152,50,138,24,93,114,27,14,70,11,70,82,123,11,33,8,27,29,18,86,83,12,62,25,39,34,78,39,113,122,132,49,39,42,11,129,22,23,24,124,87,33,71,9,55,49,91,85,47,9,28,12,10,15,16,28,44,10,107,46,135,97,20,49,213,36,53,21,46,302,15,23,5,17,64,3,113,57,25,12,43,27,92,15,23,91,83,26,17,15,85,115,161,66,40,68,199,103,54,85,19,133,18,18,63,12,14,12,80,30,41,41,16,76,22,13,46,94,33,142,59,14,91,48,227,8,17,5,32,153,13,62,148,95,52,9,86,65,33,54,88,11,275,106,36,72,7,110,6,41,41,87,34,20,227,24,151,12,188,35,7,23,206,14,28,14,107,78,19,68,37,16,30,6,17,21,46,48]
completion_time_por_agente [19,61,154,54,147,26,98,119,29,15,77,12,72,85,129,12,34,9,34,32,21,91,86,13,67,26,40,37,82,41,115,126,136,50,40,43,13,142,23,24,26,132,91,36,73,10,63,51,102,91,49,10,30,13,11,16,17,30,47,11,111,47,138,102,22,50,218,37,61,22,47,307,16,24,6,19,71,4,121,58,28,13,44,29,101,17,27,96,92,27,18,16,90,121,168,70,41,69,203,109,58,90,20,138,20,19,66,13,15,13,82,32,45,43,18,88,23,14,48,98,35,149,60,15,96,49,234,9,18,6,35,157,14,65,156,99,55,10,90,71,35,55,95,15,288,112,37,75,9,119,7,42,42,92,35,21,234,25,160,13,194,36,8,28,211,15,29,15,112,91,20,73,39,17,32,7,18,23,47,50]
tiempo_ultimo_agente_goal 307
tiempo_en_acabar 307
tiempo_promedio 61.916668
agentes_en_goal 180
push_out_count 0
RUN 21
valores_ideales [0,0,0,0,0,0,0,0,0,0,0,0,0,0,0,0,0,0,0,0,0,0,0,0,0,0,0,0,0,0,0,0,0,0,0,0,0,0,0,0,0,0,0,0,0,0,0,0,0,0,0,0,0,0,0,0,0,0,0,0,0,0,0,0,0,0,0,0,0,0,0,0,0,0,0,0,0,0,0,0,0,0,0,0,0,0,0,0,0,0,0,0,0,0,0,0,0,0,0,0,0,0,0,0,0,0,0,0,0,0,0,0,0,0,0,0,0,0,0,0,0,0,0,0,0,0,0,0,0,0,0,0,0,0,0,0,0,0,0,0,0,0,0,0,0,0,0,0,0,0,0,0,0,0,0,0,0,0,0,0,0,0,0,0,0,0,0,0,0,0,0,0,0,0,0,0,0,0,0,0]
costo_por_agente [18,106,56,38,76,22,79,116,35,10,44,11,34,154,71,13,27,8,95,21,6,100,91,8,44,27,17,48,60,25,99,222,96,41,35,48,9,131,22,71,28,174,71,49,59,7,105,53,103,135,33,11,48,12,10,17,16,42,92,8,53,40,91,245,20,41,151,36,43,23,38,124,13,27,7,25,52,3,83,59,15,14,59,25,88,19,19,69,79,24,17,27,73,49,97,96,38,50,361,125,20,111,25,131,20,16,83,12,10,12,130,38,103,33,14,28,22,13,42,64,45,218,51,12,199,58,215,8,19,7,24,125,11,42,206,103,28,11,84,65,43,26,96,9,169,94,44,120,9,68,6,53,65,87,76,22,117,24,157,8,212,41,7,11,112,16,42,20,133,244,25,84,33,16,20,6,9,21,38,40]
completion_time_por_agente [19,110,57,44,83,24,83,127,37,11,45,12,36,158,75,14,29,9,108,24,7,105,101,9,48,28,19,51,63,28,112,224,98,42,37,49,10,140,23,79,30,181,75,52,64,8,113,54,119,139,34,12,49,13,11,18,17,44,104,9,56,41,93,247,27,43,158,37,46,24,40,128,14,28,8,29,60,4,85,68,16,15,60,27,92,20,21,73,82,29,18,31,79,56,102,102,42,52,363,130,22,120,26,134,21,17,89,13,11,13,139,46,109,35,15,30,25,14,44,65,48,223,54,13,205,60,219,9,20,8,26,135,12,44,211,108,39,12,86,80,50,27,99,10,175,98,47,122,10,78,7,54,71,95,82,24,126,25,165,9,215,44,8,12,116,17,45,21,141,251,26,87,34,17,21,7,10,22,39,41]
tiempo_ultimo_agente_goal 363
tiempo_en_acabar 363
tiempo_promedio 62.877777
agentes_en_goal 180
push_out_count 0
RUN 22
valores_ideales [0,0,0,0,0,0,0,0,0,0,0,0,0,0,0,0,0,0,0,0,0,0,0,0,0,0,0,0,0,0,0,0,0,0,0,0,0,0,0,0,0,0,0,0,0,0,0,0,0,0,0,0,0,0,0,0,0,0,0,0,0,0,0,0,0,0,0,0,0,0,0,0,0,0,0,0,0,0,0,0,0,0,0,0,0,0,0,0,0,0,0,0,0,0,0,0,0,0,0,0,0,0,0,0,0,0,0,0,0,0,0,0,0,0,0,0,0,0,0,0,0,0,0,0,0,0,0,0,0,0,0,0,0,0,0,0,0,0,0,0,0,0,0,0,0,0,0,0,0,0,0,0,0,0,0,0,0,0,0,0,0,0,0,0,0,0,0,0,0,0,0,0,0,0,0,0,0,0,0,0]
costo_por_agente [38,128,92,74,82,22,91,122,39,18,50,11,62,106,121,15,29,8,23,57,6,52,77,12,88,27,7,26,52,47,71,88,92,35,37,28,9,101,14,43,18,132,61,41,63,11,131,75,91,135,65,9,44,10,10,15,28,44,122,8,93,22,77,65,24,49,369,48,61,21,46,128,13,31,7,31,64,3,87,49,17,12,49,39,228,17,13,49,133,34,23,23,85,79,87,124,52,36,171,79,26,137,25,195,30,18,77,12,10,12,106,34,93,35,8,32,24,13,26,114,39,162,49,12,105,62,69,8,25,5,58,63,15,34,274,113,28,11,70,127,57,52,96,11,125,82,40,118,9,78,6,51,69,83,40,20,229,34,105,20,138,31,7,21,158,26,54,12,115,134,23,118,33,16,26,6,9,21,36,44]
completion_time_por_agente [41,138,93,87,87,26,104,128,40,19,53,12,63,112,132,16,30,9,24,60,7,62,78,13,91,28,10,28,55,59,79,92,97,36,38,29,10,112,16,45,20,135,63,43,66,12,137,77,104,140,66,10,45,11,11,16,30,50,129,9,99,24,80,79,25,54,373,49,65,22,53,133,14,35,8,33,68,4,94,56,18,13,52,41,232,18,14,50,145,35,25,24,91,85,93,127,60,38,175,87,32,143,27,199,31,19,88,13,11,14,117,40,100,36,9,34,27,14,28,124,40,170,51,13,110,64,71,9,28,6,60,66,16,36,285,121,31,14,71,130,69,53,105,13,130,92,43,123,10,81,7,52,73,97,51,21,236,35,109,21,142,32,8,25,162,27,55,14,122,137,24,122,34,17,28,7,10,22,37,52]
tiempo_ultimo_agente_goal 373
tiempo_en_acabar 373
tiempo_promedio 62.333332
agentes_en_goal 180
push_out_count 0
RUN 23
valores_ideales [0,0,0,0,0,0,0,0,0,0,0,0,0,0,0,0,0,0,0,0,0,0,0,0,0,0,0,0,0,0,0,0,0,0,0,0,0,0,0,0,0,0,0,0,0,0,0,0,0,0,0,0,0,0,0,0,0,0,0,0,0,0,0,0,0,0,0,0,0,0,0,0,0,0,0,0,0,0,0,0,0,0,0,0,0,0,0,0,0,0,0,0,0,0,0,0,0,0,0,0,0,0,0,0,0,0,0,0,0,0,0,0,0,0,0,0,0,0,0,0,0,0,0,0,0,0,0,0,0,0,0,0,0,0,0,0,0,0,0,0,0,0,0,0,0,0,0,0,0,0,0,0,0,0,0,0,0,0,0,0,0,0,0,0,0,0,0,0,0,0,0,0,0,0,0,0,0,0,0,0]
costo_por_agente [24,100,102,58,134,20,79,92,35,12,118,11,50,82,75,15,25,14,55,21,6,80,121,8,88,29,25,34,26,39,91,72,152,45,47,30,13,67,24,15,16,76,107,33,107,9,101,53,99,143,71,9,26,12,10,17,16,30,134,8,109,22,57,53,20,51,93,34,43,21,48,172,13,29,5,21,88,3,83,101,15,14,49,37,136,17,15,87,63,30,17,25,83,91,171,74,30,40,283,109,42,77,19,231,20,20,87,12,14,10,114,28,67,33,8,30,24,15,34,60,37,142,95,12,125,62,285,8,23,5,32,69,9,60,212,83,20,9,42,53,57,42,82,9,77,100,32,116,7,126,6,33,73,93,64,20,153,24,99,8,134,37,9,11,182,16,32,12,83,164,15,114,35,16,22,6,11,21,38,44]
completion_time_por_agente [25,105,107,60,137,25,82,97,38,13,122,12,51,91,77,16,26,15,58,22,7,83,126,9,97,30,30,37,29,42,98,74,156,47,55,31,14,72,25,16,17,84,116,34,117,10,111,55,107,148,72,10,27,13,11,18,17,32,138,9,124,23,62,63,21,53,105,35,45,22,52,181,14,33,6,27,97,4,86,115,16,15,50,38,138,18,16,95,65,39,18,28,89,96,177,76,31,42,286,112,50,81,20,236,21,21,100,13,15,11,120,32,81,34,9,33,26,17,35,62,38,147,96,13,142,67,291,9,24,6,35,70,10,63,220,92,22,10,44,54,59,43,102,11,83,106,33,123,8,134,7,34,92,108,68,21,162,25,103,10,140,38,10,14,196,17,33,15,90,170,16,140,36,17,23,7,12,22,39,46]
tiempo_ultimo_agente_goal 291
tiempo_en_acabar 291
tiempo_promedio 60.549999
agentes_en_goal 180
push_out_count 0
RUN 24
valores_ideales [0,0,0,0,0,0,0,0,0,0,0,0,0,0,0,0,0,0,0,0,0,0,0,0,0,0,0,0,0,0,0,0,0,0,0,0,0,0,0,0,0,0,0,0,0,0,0,0,0,0,0,0,0,0,0,0,0,0,0,0,0,0,0,0,0,0,0,0,0,0,0,0,0,0,0,0,0,0,0,0,0,0,0,0,0,0,0,0,0,0,0,0,0,0,0,0,0,0,0,0,0,0,0,0,0,0,0,0,0,0,0,0,0,0,0,0,0,0,0,0,0,0,0,0,0,0,0,0,0,0,0,0,0,0,0,0,0,0,0,0,0,0,0,0,0,0,0,0,0,0,0,0,0,0,0,0,0,0,0,0,0,0,0,0,0,0,0,0,0,0,0,0,0,0,0,0,0,0,0,0]
costo_por_agente [32,118,124,46,68,22,111,86,43,12,58,13,46,110,147,13,19,28,99,23,6,98,81,8,52,39,9,26,22,53,69,220,68,39,41,44,9,105,18,15,16,130,93,27,77,9,79,69,59,83,53,9,54,12,10,17,24,46,48,8,71,26,155,65,26,47,159,44,79,21,48,156,13,25,5,53,62,3,63,73,15,12,57,35,78,19,19,77,59,28,19,19,85,59,119,96,50,50,237,83,16,99,19,175,18,18,61,12,12,10,94,36,99,49,10,38,22,15,44,56,69,104,29,12,151,40,73,8,41,5,62,125,21,34,220,93,38,9,64,43,75,34,130,11,227,124,32,108,9,86,6,29,89,103,30,20,111,24,123,8,182,69,7,27,172,14,30,22,101,126,17,68,33,16,20,6,9,21,32,44]
completion_time_por_agente [36,128,128,47,74,26,119,90,45,13,62,14,51,113,149,14,20,31,105,26,7,102,88,9,57,40,11,29,30,59,75,226,77,42,43,46,10,114,19,18,17,134,101,30,90,10,93,70,64,88,55,10,55,13,11,18,26,48,49,9,78,27,157,68,28,48,170,45,88,22,50,164,14,26,6,59,67,4,70,76,17,13,58,37,84,20,22,78,60,34,20,21,94,61,122,98,54,51,247,88,17,103,20,180,20,19,64,13,13,11,99,40,107,50,11,46,25,16,49,58,73,109,33,13,156,42,78,9,45,6,64,129,22,40,229,98,40,10,68,44,77,38,134,12,235,128,37,123,10,94,7,33,95,108,32,22,119,25,127,9,188,71,8,34,179,16,31,23,109,135,18,80,34,17,21,7,10,22,33,48]
tiempo_ultimo_agente_goal 247
tiempo_en_acabar 247
tiempo_promedio 59.711113
agentes_en_goal 180
push_out_count 0
RUN 25
valores_ideales [0,0,0,0,0,0,0,0,0,0,0,0,0,0,0,0,0,0,0,0,0,0,0,0,0,0,0,0,0,0,0,0,0,0,0,0,0,0,0,0,0,0,0,0,0,0,0,0,0,0,0,0,0,0,0,0,0,0,0,0,0,0,0,0,0,0,0,0,0,0,0,0,0,0,0,0,0,0,0,0,0,0,0,0,0,0,0,0,0,0,0,0,0,0,0,0,0,0,0,0,0,0,0,0,0,0,0,0,0,0,0,0,0,0,0,0,0,0,0,0,0,0,0,0,0,0,0,0,0,0,0,0,0,0,0,0,0,0,0,0,0,0,0,0,0,0,0,0,0,0,0,0,0,0,0,0,0,0,0,0,0,0,0,0,0,0,0,0,0,0,0,0,0,0,0,0,0,0,0,0]
costo_por_agente [22,106,152,52,88,18,87,142,35,10,62,11,52,58,113,17,33,10,25,141,6,96,83,8,96,25,17,30,36,47,93,206,72,53,41,28,19,77,20,15,24,188,93,37,61,7,133,47,77,113,37,13,52,12,10,19,20,36,102,8,95,30,79,55,16,101,315,44,75,21,40,180,13,25,5,37,66,3,59,57,23,12,79,37,66,19,21,89,71,38,17,23,99,85,135,60,50,38,133,95,52,67,21,187,22,18,63,12,12,10,56,28,41,31,8,34,26,19,24,60,47,110,67,12,147,86,175,8,19,5,46,57,11,54,38,49,32,9,82,67,37,58,126,9,351,52,30,84,13,94,6,35,95,89,62,24,39,28,139,8,114,31,7,15,122,20,56,26,85,78,19,116,33,22,20,6,9,23,36,40]
completion_time_por_agente [24,112,163,54,91,19,89,144,37,11,68,12,53,63,116,18,34,11,26,144,7,101,86,9,101,26,18,33,43,51,95,212,75,54,42,29,20,81,23,17,27,193,98,38,68,8,135,49,84,117,39,14,53,13,11,20,21,38,110,9,99,31,84,59,17,105,323,45,81,22,42,185,14,26,6,39,68,4,67,58,25,13,80,38,67,20,23,91,73,44,18,29,108,93,140,61,52,43,135,102,55,69,22,193,24,19,64,13,13,11,58,30,49,33,9,35,28,20,25,62,49,117,68,13,154,88,181,9,20,6,49,62,15,56,39,52,34,10,85,80,38,59,132,11,361,54,33,90,14,105,7,36,103,94,65,26,42,29,145,9,118,33,8,17,127,21,57,27,91,83,20,118,34,23,21,7,10,26,37,41]
tiempo_ultimo_agente_goal 361
tiempo_en_acabar 361
tiempo_promedio 58.766666
agentes_en_goal 180
push_out_count 0
RUN 26
valores_ideales [0,0,0,0,0,0,0,0,0,0,0,0,0,0,0,0,0,0,0,0,0,0,0,0,0,0,0,0,0,0,0,0,0,0,0,0,0,0,0,0,0,0,0,0,0,0,0,0,0,0,0,0,0,0,0,0,0,0,0,0,0,0,0,0,0,0,0,0,0,0,0,0,0,0,0,0,0,0,0,0,0,0,0,0,0,0,0,0,0,0,0,0,0,0,0,0,0,0,0,0,0,0,0,0,0,0,0,0,0,0,0,0,0,0,0,0,0,0,0,0,0,0,0,0,0,0,0,0,0,0,0,0,0,0,0,0,0,0,0,0,0,0,0,0,0,0,0,0,0,0,0,0,0,0,0,0,0,0,0,0,0,0,0,0,0,0,0,0,0,0,0,0,0,0,0,0,0,0,0,0]
costo_por_agente [20,84,92,60,74,20,103,118,39,10,46,11,50,116,97,13,23,8,25,21,8,76,99,10,78,35,11,50,50,33,79,212,154,43,43,26,15,89,26,17,16,172,81,33,91,7,81,49,71,63,39,9,28,10,12,15,18,32,94,10,111,22,133,67,30,47,247,42,123,21,58,42,17,23,5,63,98,3,75,57,15,14,39,35,144,21,17,131,75,24,17,25,123,131,111,82,42,98,171,121,24,137,19,189,24,20,69,12,12,8,72,36,89,25,8,88,26,13,46,62,37,148,23,16,83,42,239,8,21,5,32,69,17,32,32,89,30,13,76,45,77,62,116,13,41,92,50,56,9,80,6,33,83,69,26,20,261,28,155,10,230,33,7,15,136,18,32,12,119,180,25,84,37,16,24,6,11,21,36,44]
completion_time_por_agente [22,92,98,73,78,21,106,123,41,11,50,12,51,119,101,14,24,9,26,22,9,82,104,11,84,37,12,53,52,34,83,219,159,45,45,30,16,95,27,20,17,178,94,34,97,8,89,51,73,65,41,10,34,11,13,16,19,37,101,11,115,23,141,70,39,49,257,43,129,22,61,47,18,26,6,68,100,4,80,58,16,15,44,37,147,23,18,138,77,28,18,26,127,133,114,90,44,99,172,130,26,144,20,194,25,21,73,13,13,9,75,37,97,27,9,95,30,14,57,64,40,152,26,17,89,48,241,9,22,7,33,77,18,38,37,96,31,14,78,48,79,63,121,14,46,96,51,58,10,86,7,35,89,72,27,21,277,29,158,11,236,35,8,17,142,19,33,13,126,191,26,92,38,17,26,7,12,22,37,45]
tiempo_ultimo_agente_goal 277
tiempo_en_acabar 277
tiempo_promedio 60.094444
agentes_en_goal 180
push_out_count 0
RUN 27
valores_ideales [0,0,0,0,0,0,0,0,0,0,0,0,0,0,0,0,0,0,0,0,0,0,0,0,0,0,0,0,0,0,0,0,0,0,0,0,0,0,0,0,0,0,0,0,0,0,0,0,0,0,0,0,0,0,0,0,0,0,0,0,0,0,0,0,0,0,0,0,0,0,0,0,0,0,0,0,0,0,0,0,0,0,0,0,0,0,0,0,0,0,0,0,0,0,0,0,0,0,0,0,0,0,0,0,0,0,0,0,0,0,0,0,0,0,0,0,0,0,0,0,0,0,0,0,0,0,0,0,0,0,0,0,0,0,0,0,0,0,0,0,0,0,0,0,0,0,0,0,0,0,0,0,0,0,0,0,0,0,0,0,0,0,0,0,0,0,0,0,0,0,0,0,0,0,0,0,0,0,0,0]
costo_por_agente [22,102,84,64,168,52,71,90,51,12,78,11,54,176,77,13,19,10,79,97,32,86,107,10,52,29,11,30,24,43,73,230,104,33,35,30,15,101,30,15,18,140,91,31,63,11,123,47,81,51,41,17,40,10,10,17,18,34,84,8,97,26,93,217,28,65,247,34,65,21,38,196,13,33,5,17,66,3,63,51,17,14,57,43,126,15,13,77,81,42,17,31,73,91,107,78,24,38,165,85,20,79,19,127,20,16,113,12,14,12,104,36,57,37,12,30,32,13,32,62,53,138,27,12,77,74,277,8,17,5,38,155,13,62,190,125,34,11,78,43,57,50,116,17,331,58,28,116,9,96,6,55,77,71,38,20,43,24,77,14,226,39,7,19,214,16,28,24,117,90,15,152,35,16,20,6,9,21,58,46]
completion_time_por_agente [23,111,93,77,170,57,78,92,68,13,90,12,55,184,79,14,20,11,82,114,37,89,110,11,59,30,12,34,29,46,75,243,110,34,36,32,16,107,31,17,19,145,111,32,64,12,138,48,84,53,42,18,42,11,11,18,19,36,90,9,101,27,104,218,32,76,258,35,73,22,39,207,14,34,6,19,68,4,76,55,19,15,58,45,128,17,14,85,82,44,18,32,81,108,116,80,25,39,170,91,23,81,20,132,21,17,130,13,15,14,111,38,61,38,13,34,33,14,34,63,54,143,29,13,89,79,290,9,18,6,43,159,16,67,199,137,35,12,81,44,58,56,123,19,342,62,30,128,10,104,7,56,89,84,39,21,47,25,86,15,232,43,8,20,226,18,29,28,125,96,16,167,36,17,21,7,10,22,59,47]
tiempo_ultimo_agente_goal 342
tiempo_en_acabar 342
tiempo_promedio 63.299999
agentes_en_goal 180
push_out_count 0
RUN 28
valores_ideales [0,0,0,0,0,0,0,0,0,0,0,0,0,0,0,0,0,0,0,0,0,0,0,0,0,0,0,0,0,0,0,0,0,0,0,0,0,0,0,0,0,0,0,0,0,0,0,0,0,0,0,0,0,0,0,0,0,0,0,0,0,0,0,0,0,0,0,0,0,0,0,0,0,0,0,0,0,0,0,0,0,0,0,0,0,0,0,0,0,0,0,0,0,0,0,0,0,0,0,0,0,0,0,0,0,0,0,0,0,0,0,0,0,0,0,0,0,0,0,0,0,0,0,0,0,0,0,0,0,0,0,0,0,0,0,0,0,0,0,0,0,0,0,0,0,0,0,0,0,0,0,0,0,0,0,0,0,0,0,0,0,0,0,0,0,0,0,0,0,0,0,0,0,0,0,0,0,0,0,0]
costo_por_agente [20,104,134,32,122,54,105,78,29,12,64,13,50,70,145,11,25,10,27,21,6,70,77,8,84,31,19,56,50,31,69,140,170,51,35,26,9,121,12,15,20,104,129,29,79,7,81,67,85,51,69,9,30,10,10,17,24,70,50,8,47,40,135,73,20,39,151,36,129,21,54,232,13,29,5,37,60,3,61,49,15,12,41,25,166,17,15,79,59,26,17,31,77,123,133,90,22,40,113,99,30,95,19,261,14,18,59,16,10,10,124,30,47,41,8,34,22,13,30,60,43,100,67,12,173,52,167,8,21,7,44,59,17,24,136,121,38,9,62,51,67,54,64,11,57,88,28,46,9,90,6,33,97,113,38,20,227,24,57,12,122,31,7,27,158,26,30,16,113,148,19,76,39,16,22,6,11,37,46,48]
completion_time_por_agente [22,109,139,44,128,58,110,82,37,13,69,14,51,78,149,12,26,11,30,23,7,75,79,9,92,32,22,58,51,32,75,141,180,52,40,28,10,123,14,17,21,113,139,30,88,8,91,68,87,53,71,10,31,11,11,18,25,71,51,9,48,41,138,80,30,40,152,37,132,22,57,240,14,30,6,38,61,4,70,56,16,13,43,26,171,18,16,83,60,27,18,32,84,130,140,92,24,41,119,105,36,100,20,264,16,19,66,20,11,11,126,32,51,42,9,37,24,14,32,61,44,106,68,13,183,55,168,9,22,8,46,60,18,27,142,129,42,10,63,53,70,58,73,12,61,97,29,53,10,92,7,34,101,116,43,22,231,25,59,13,133,32,8,28,170,27,31,19,117,154,20,88,40,17,23,7,12,50,47,61]
tiempo_ultimo_agente_goal 264
tiempo_en_acabar 264
tiempo_promedio 58.049999
agentes_en_goal 180
push_out_count 0
RUN 29
valores_ideales [0,0,0,0,0,0,0,0,0,0,0,0,0,0,0,0,0,0,0,0,0,0,0,0,0,0,0,0,0,0,0,0,0,0,0,0,0,0,0,0,0,0,0,0,0,0,0,0,0,0,0,0,0,0,0,0,0,0,0,0,0,0,0,0,0,0,0,0,0,0,0,0,0,0,0,0,0,0,0,0,0,0,0,0,0,0,0,0,0,0,0,0,0,0,0,0,0,0,0,0,0,0,0,0,0,0,0,0,0,0,0,0,0,0,0,0,0,0,0,0,0,0,0,0,0,0,0,0,0,0,0,0,0,0,0,0,0,0,0,0,0,0,0,0,0,0,0,0,0,0,0,0,0,0,0,0,0,0,0,0,0,0,0,0,0,0,0,0,0,0,0,0,0,0,0,0,0,0,0,0]
costo_por_agente [26,90,92,44,112,20,71,112,45,12,42,11,56,158,109,13,25,10,105,135,6,68,83,8,54,43,15,28,36,47,77,98,132,47,41,30,11,75,26,25,14,134,115,35,101,11,95,47,59,93,49,15,28,10,10,19,20,38,124,8,115,42,111,39,28,59,73,46,51,21,42,182,15,23,5,33,86,3,79,65,15,14,41,41,78,27,13,73,61,28,17,23,89,63,89,52,44,60,159,139,28,89,21,155,18,18,63,12,12,8,120,50,73,49,10,304,20,15,30,98,37,142,37,12,107,42,229,10,19,7,42,85,9,40,32,103,18,9,60,43,45,26,86,13,281,48,52,96,9,34,6,65,119,127,34,22,43,24,93,14,114,37,9,27,76,18,30,14,101,140,25,102,39,16,30,6,9,25,44,42]
completion_time_por_agente [27,100,94,47,117,21,81,118,46,13,44,12,58,162,111,16,26,11,114,141,7,72,89,9,56,44,17,31,40,52,81,104,135,49,43,35,12,86,27,30,15,140,125,36,108,12,103,54,69,96,50,17,30,11,11,20,21,44,128,9,125,43,112,42,33,60,75,48,60,22,43,190,16,24,6,34,90,4,82,68,16,15,42,43,80,28,14,75,63,30,18,24,97,74,100,53,45,63,163,150,29,100,22,158,19,19,68,13,13,9,133,57,81,51,12,310,23,17,31,103,38,148,40,14,118,43,238,11,20,8,44,91,10,44,35,108,19,10,62,46,49,29,101,15,287,49,58,99,10,35,7,66,136,140,36,23,47,25,99,15,125,44,10,37,87,19,32,15,108,147,26,115,41,17,31,7,10,26,45,44]
tiempo_ultimo_agente_goal 310
tiempo_en_acabar 310
tiempo_promedio 58.744446
agentes_en_goal 180
push_out_count 0
RUN 30
valores_ideales [0,0,0,0,0,0,0,0,0,0,0,0,0,0,0,0,0,0,0,0,0,0,0,0,0,0,0,0,0,0,0,0,0,0,0,0,0,0,0,0,0,0,0,0,0,0,0,0,0,0,0,0,0,0,0,0,0,0,0,0,0,0,0,0,0,0,0,0,0,0,0,0,0,0,0,0,0,0,0,0,0,0,0,0,0,0,0,0,0,0,0,0,0,0,0,0,0,0,0,0,0,0,0,0,0,0,0,0,0,0,0,0,0,0,0,0,0,0,0,0,0,0,0,0,0,0,0,0,0,0,0,0,0,0,0,0,0,0,0,0,0,0,0,0,0,0,0,0,0,0,0,0,0,0,0,0,0,0,0,0,0,0,0,0,0,0,0,0,0,0,0,0,0,0,0,0,0,0,0,0]
costo_por_agente [22,128,210,28,72,24,81,104,23,12,46,11,54,130,87,13,21,10,53,105,10,108,89,8,64,31,9,34,34,41,87,130,104,45,41,38,19,123,36,17,22,130,79,31,75,7,233,43,81,55,47,13,54,12,10,17,16,34,160,8,51,22,75,141,16,43,339,42,121,19,46,180,13,29,5,17,74,3,75,63,15,12,41,27,130,19,13,57,79,30,19,19,75,105,169,80,38,82,225,115,16,67,19,155,18,18,59,14,12,10,126,32,119,33,10,36,24,13,44,64,37,92,23,14,127,62,251,8,21,7,30,157,11,52,86,61,32,15,90,47,33,24,68,11,125,60,28,88,9,66,6,33,143,85,78,20,87,24,123,14,160,33,9,19,162,16,32,12,119,116,17,68,37,18,20,6,9,21,38,44]
completion_time_por_agente [23,134,221,32,74,26,86,105,25,13,47,12,55,142,96,14,22,11,61,118,11,109,97,9,67,32,12,39,37,43,94,139,108,48,45,39,20,127,38,20,23,136,86,33,87,8,243,44,87,56,48,14,55,13,11,18,18,35,164,9,52,23,76,145,21,44,345,43,125,20,47,190,14,30,6,18,79,4,82,65,16,13,42,28,134,21,14,58,83,35,20,20,84,112,180,89,44,85,228,125,17,73,20,157,19,19,65,17,13,11,133,34,124,34,11,38,26,14,45,65,40,94,24,15,137,73,259,9,22,8,36,161,12,55,97,65,33,16,94,49,36,25,79,12,137,67,30,99,10,76,7,34,153,91,82,21,99,25,133,15,166,34,10,20,167,17,35,13,129,126,19,76,38,19,21,7,10,22,39,50]
tiempo_ultimo_agente_goal 345
tiempo_en_acabar 345
tiempo_promedio 61.011112
agentes_en_goal 180
push_out_count 0
RUN 31
valores_ideales [0,0,0,0,0,0,0,0,0,0,0,0,0,0,0,0,0,0,0,0,0,0,0,0,0,0,0,0,0,0,0,0,0,0,0,0,0,0,0,0,0,0,0,0,0,0,0,0,0,0,0,0,0,0,0,0,0,0,0,0,0,0,0,0,0,0,0,0,0,0,0,0,0,0,0,0,0,0,0,0,0,0,0,0,0,0,0,0,0,0,0,0,0,0,0,0,0,0,0,0,0,0,0,0,0,0,0,0,0,0,0,0,0,0,0,0,0,0,0,0,0,0,0,0,0,0,0,0,0,0,0,0,0,0,0,0,0,0,0,0,0,0,0,0,0,0,0,0,0,0,0,0,0,0,0,0,0,0,0,0,0,0,0,0,0,0,0,0,0,0,0,0,0,0,0,0,0,0,0,0]
costo_por_agente [18,76,106,62,136,48,87,88,39,12,164,11,58,112,95,15,19,8,121,21,6,86,71,8,50,35,15,30,18,91,91,108,90,31,35,28,13,135,20,41,18,162,119,25,103,7,69,43,67,51,45,9,40,12,10,17,18,34,130,8,51,34,163,89,18,103,95,34,73,25,34,184,13,27,5,31,66,3,77,63,15,12,39,39,122,17,13,59,83,32,19,23,47,131,165,116,58,36,215,141,34,103,19,157,18,18,123,14,10,12,62,42,77,45,10,30,32,15,32,68,47,78,27,18,115,58,93,8,17,5,72,83,13,56,36,85,22,9,40,47,41,50,112,21,37,88,34,124,9,32,6,49,125,91,26,24,139,26,155,12,122,31,7,11,202,16,36,12,129,126,23,78,37,16,20,6,9,21,38,34]
completion_time_por_agente [19,79,110,84,140,53,93,93,56,13,168,12,59,120,98,16,20,9,127,22,7,93,73,9,51,36,16,34,21,97,97,126,92,32,36,31,14,142,21,43,19,164,134,27,117,8,76,44,75,53,48,10,42,13,11,18,19,36,132,9,53,35,167,94,19,114,103,35,78,26,37,190,14,28,6,32,70,4,84,65,17,13,40,40,128,18,14,64,89,35,20,24,51,135,173,117,62,38,218,155,35,109,20,166,19,19,141,15,11,13,64,44,83,46,11,33,37,16,33,73,48,91,29,19,135,61,97,9,18,6,74,91,15,58,39,91,24,10,41,50,42,51,124,22,39,92,35,129,10,38,7,50,138,102,27,25,146,27,157,14,133,32,8,12,214,17,39,14,134,133,24,93,38,17,21,7,10,22,39,36]
tiempo_ultimo_agente_goal 218
tiempo_en_acabar 218
tiempo_promedio 58.522221
agentes_en_goal 180
push_out_count 0
RUN 32
valores_ideales [0,0,0,0,0,0,0,0,0,0,0,0,0,0,0,0,0,0,0,0,0,0,0,0,0,0,0,0,0,0,0,0,0,0,0,0,0,0,0,0,0,0,0,0,0,0,0,0,0,0,0,0,0,0,0,0,0,0,0,0,0,0,0,0,0,0,0,0,0,0,0,0,0,0,0,0,0,0,0,0,0,0,0,0,0,0,0,0,0,0,0,0,0,0,0,0,0,0,0,0,0,0,0,0,0,0,0,0,0,0,0,0,0,0,0,0,0,0,0,0,0,0,0,0,0,0,0,0,0,0,0,0,0,0,0,0,0,0,0,0,0,0,0,0,0,0,0,0,0,0,0,0,0,0,0,0,0,0,0,0,0,0,0,0,0,0,0,0,0,0,0,0,0,0,0,0,0,0,0,0]
costo_por_agente [18,104,124,42,112,20,115,66,31,12,66,13,46,128,57,15,25,8,25,21,6,90,91,10,48,27,13,52,20,49,89,182,164,41,33,26,13,119,48,31,16,194,73,25,77,7,121,43,53,53,45,9,60,12,10,17,38,36,118,8,49,34,163,79,16,41,79,48,83,21,38,96,13,29,5,29,118,3,81,61,15,12,43,33,132,17,15,101,71,26,17,15,67,91,109,52,24,56,101,61,74,89,29,141,16,18,93,14,12,12,72,42,59,45,14,76,26,21,54,92,41,106,87,18,123,90,129,8,19,9,56,125,13,40,30,77,22,9,84,53,65,30,142,19,233,94,28,76,9,28,6,51,127,81,28,30,125,24,43,8,102,33,7,11,138,14,32,20,93,286,17,106,33,16,20,8,9,21,36,36]
completion_time_por_agente [19,109,128,45,114,21,119,74,35,13,75,14,47,135,63,16,27,9,26,22,7,94,93,11,49,28,14,57,21,51,92,186,169,44,34,29,14,128,49,33,17,198,85,27,83,8,131,44,57,55,46,10,62,13,11,18,40,39,129,9,52,35,167,81,17,42,93,49,91,22,39,108,14,32,6,31,121,4,85,65,16,13,47,34,138,18,16,102,74,30,18,16,73,97,115,55,25,60,106,62,81,97,30,149,18,19,96,17,13,13,76,46,64,46,15,98,27,22,58,99,45,120,88,19,136,95,138,9,20,10,57,128,14,43,31,85,24,10,88,57,68,33,153,20,242,96,30,77,10,31,7,52,135,87,30,33,132,25,44,9,111,35,8,12,144,15,34,21,108,295,18,114,34,17,21,9,10,22,37,41]
tiempo_ultimo_agente_goal 295
tiempo_en_acabar 295
tiempo_promedio 57.700001
agentes_en_goal 180
push_out_count 0
RUN 33
valores_ideales [0,0,0,0,0,0,0,0,0,0,0,0,0,0,0,0,0,0,0,0,0,0,0,0,0,0,0,0,0,0,0,0,0,0,0,0,0,0,0,0,0,0,0,0,0,0,0,0,0,0,0,0,0,0,0,0,0,0,0,0,0,0,0,0,0,0,0,0,0,0,0,0,0,0,0,0,0,0,0,0,0,0,0,0,0,0,0,0,0,0,0,0,0,0,0,0,0,0,0,0,0,0,0,0,0,0,0,0,0,0,0,0,0,0,0,0,0,0,0,0,0,0,0,0,0,0,0,0,0,0,0,0,0,0,0,0,0,0,0,0,0,0,0,0,0,0,0,0,0,0,0,0,0,0,0,0,0,0,0,0,0,0,0,0,0,0,0,0,0,0,0,0,0,0,0,0,0,0,0,0]
costo_por_agente [22,110,134,48,72,22,79,112,25,10,82,11,46,102,95,13,27,12,79,119,8,58,79,10,58,33,7,52,20,31,95,104,94,39,37,24,15,61,24,19,14,100,111,33,79,7,99,49,67,91,49,13,28,12,10,17,20,34,126,10,51,22,79,47,32,37,281,34,57,21,74,116,13,27,5,21,66,3,53,141,17,14,43,27,148,17,19,45,59,34,21,23,85,191,79,104,32,50,97,139,14,121,21,143,16,20,127,12,12,12,126,28,91,35,16,148,30,15,38,54,61,56,25,12,117,46,73,8,23,5,50,111,15,56,30,65,22,9,70,77,45,56,158,11,237,68,32,68,7,68,6,33,109,109,86,20,181,24,55,8,142,33,7,11,118,26,36,16,57,144,15,64,33,20,20,8,9,21,52,34]
completion_time_por_agente [28,117,138,57,76,24,81,116,27,11,85,12,47,106,101,14,29,13,88,125,10,66,81,11,60,34,9,56,22,34,97,121,98,40,38,25,16,66,25,21,15,110,115,34,86,8,105,51,71,97,51,14,30,13,11,18,21,37,131,11,52,23,80,51,46,41,288,35,70,22,79,124,14,29,6,23,70,4,55,146,19,15,44,33,151,18,20,46,61,39,22,25,98,195,85,109,36,55,100,148,15,127,22,146,17,21,135,13,13,14,127,30,98,36,17,159,32,17,39,55,63,67,26,13,127,47,79,9,24,6,51,118,16,58,32,71,24,10,72,81,47,57,165,13,243,71,34,76,8,73,7,35,125,111,94,21,185,25,58,9,152,35,8,12,124,27,39,17,58,151,16,77,34,21,21,9,10,22,53,35]
tiempo_ultimo_agente_goal 288
tiempo_en_acabar 288
tiempo_promedio 57.422222
agentes_en_goal 180
push_out_count 0
RUN 34
valores_ideales [0,0,0,0,0,0,0,0,0,0,0,0,0,0,0,0,0,0,0,0,0,0,0,0,0,0,0,0,0,0,0,0,0,0,0,0,0,0,0,0,0,0,0,0,0,0,0,0,0,0,0,0,0,0,0,0,0,0,0,0,0,0,0,0,0,0,0,0,0,0,0,0,0,0,0,0,0,0,0,0,0,0,0,0,0,0,0,0,0,0,0,0,0,0,0,0,0,0,0,0,0,0,0,0,0,0,0,0,0,0,0,0,0,0,0,0,0,0,0,0,0,0,0,0,0,0,0,0,0,0,0,0,0,0,0,0,0,0,0,0,0,0,0,0,0,0,0,0,0,0,0,0,0,0,0,0,0,0,0,0,0,0,0,0,0,0,0,0,0,0,0,0,0,0,0,0,0,0,0,0]
costo_por_agente [20,80,148,34,80,36,87,78,31,12,84,11,44,70,153,23,23,8,73,25,8,94,121,10,70,39,15,36,20,41,111,140,130,45,37,28,11,139,22,63,18,108,63,33,91,11,61,59,75,105,41,9,56,10,10,15,18,36,54,14,49,24,135,83,26,73,155,44,63,21,82,160,13,25,5,19,102,3,69,59,15,12,57,29,66,19,15,85,113,28,17,17,107,113,159,64,32,54,189,119,14,73,31,189,18,18,101,12,12,12,58,30,51,29,16,102,20,15,26,112,53,142,73,12,91,28,157,8,17,5,42,71,17,72,180,97,26,9,66,49,49,26,88,9,173,64,38,102,9,102,8,47,67,81,28,24,85,24,141,14,130,31,17,13,280,24,52,12,191,228,15,72,33,16,20,6,9,21,42,34]
completion_time_por_agente [21,86,151,39,82,38,100,84,38,13,90,12,45,72,167,24,25,9,81,28,12,106,127,11,76,40,16,39,22,44,117,147,136,47,38,29,12,148,23,73,19,119,69,38,100,12,72,62,88,109,44,10,60,11,11,16,20,42,56,15,51,26,139,90,27,88,160,45,73,22,85,169,14,26,6,22,108,4,75,62,16,13,58,30,75,21,16,86,127,30,18,18,128,118,166,67,36,56,194,123,15,76,33,197,19,19,106,13,13,13,59,31,54,30,17,109,23,16,27,120,54,148,75,13,99,30,164,9,18,6,45,73,18,73,187,110,36,10,70,53,56,30,98,10,183,70,39,109,10,108,9,48,85,95,29,25,92,25,147,15,138,32,18,14,288,25,53,13,198,240,17,78,34,17,21,7,10,22,43,36]
tiempo_ultimo_agente_goal 288
tiempo_en_acabar 288
tiempo_promedio 61.094444
agentes_en_goal 180
push_out_count 0
RUN 35
valores_ideales [0,0,0,0,0,0,0,0,0,0,0,0,0,0,0,0,0,0,0,0,0,0,0,0,0,0,0,0,0,0,0,0,0,0,0,0,0,0,0,0,0,0,0,0,0,0,0,0,0,0,0,0,0,0,0,0,0,0,0,0,0,0,0,0,0,0,0,0,0,0,0,0,0,0,0,0,0,0,0,0,0,0,0,0,0,0,0,0,0,0,0,0,0,0,0,0,0,0,0,0,0,0,0,0,0,0,0,0,0,0,0,0,0,0,0,0,0,0,0,0,0,0,0,0,0,0,0,0,0,0,0,0,0,0,0,0,0,0,0,0,0,0,0,0,0,0,0,0,0,0,0,0,0,0,0,0,0,0,0,0,0,0,0,0,0,0,0,0,0,0,0,0,0,0,0,0,0,0,0,0]
costo_por_agente [22,100,116,46,60,24,89,140,51,12,52,11,46,112,135,19,31,10,71,77,30,116,101,10,66,23,17,34,50,61,69,134,64,41,35,34,9,79,68,53,20,54,115,35,69,11,149,77,61,85,59,9,36,12,10,17,16,38,86,8,57,22,73,45,16,41,131,56,67,25,58,134,13,27,5,15,48,3,87,121,15,12,39,43,110,15,15,105,63,30,17,19,97,211,63,164,32,40,125,91,20,101,21,203,18,18,95,14,10,10,94,42,81,43,8,30,26,13,36,70,29,120,51,12,161,60,215,8,25,5,38,81,13,54,186,157,28,9,56,49,71,34,62,11,207,80,30,106,9,76,6,39,63,109,28,20,387,24,145,14,82,35,9,13,150,18,32,12,91,116,21,82,33,16,38,6,9,21,42,46]
completion_time_por_agente [23,113,121,72,65,32,94,143,52,13,55,12,47,120,137,20,34,11,72,81,35,118,110,11,74,24,19,38,58,62,71,143,69,42,37,36,10,82,73,64,21,58,127,38,75,12,167,79,68,88,64,10,41,13,11,18,17,40,96,9,60,24,77,50,17,42,140,57,71,26,62,148,14,29,6,16,52,4,89,135,16,13,40,49,114,17,16,109,64,36,18,20,109,229,65,167,34,44,127,109,22,117,22,212,19,19,115,15,11,11,97,45,86,44,9,35,28,14,37,73,30,122,54,14,173,68,219,9,27,6,39,88,14,58,202,164,31,10,58,52,76,38,75,12,220,87,32,112,10,83,7,41,76,122,29,21,393,25,151,15,95,37,10,14,155,19,33,13,97,126,22,107,34,17,39,7,10,22,43,49]
tiempo_ultimo_agente_goal 393
tiempo_en_acabar 393
tiempo_promedio 61.683334
agentes_en_goal 180
push_out_count 0
RUN 36
valores_ideales [0,0,0,0,0,0,0,0,0,0,0,0,0,0,0,0,0,0,0,0,0,0,0,0,0,0,0,0,0,0,0,0,0,0,0,0,0,0,0,0,0,0,0,0,0,0,0,0,0,0,0,0,0,0,0,0,0,0,0,0,0,0,0,0,0,0,0,0,0,0,0,0,0,0,0,0,0,0,0,0,0,0,0,0,0,0,0,0,0,0,0,0,0,0,0,0,0,0,0,0,0,0,0,0,0,0,0,0,0,0,0,0,0,0,0,0,0,0,0,0,0,0,0,0,0,0,0,0,0,0,0,0,0,0,0,0,0,0,0,0,0,0,0,0,0,0,0,0,0,0,0,0,0,0,0,0,0,0,0,0,0,0,0,0,0,0,0,0,0,0,0,0,0,0,0,0,0,0,0,0]
costo_por_agente [24,122,124,34,84,20,79,92,29,10,42,11,54,176,73,11,35,8,27,21,6,68,83,8,58,21,9,44,68,51,141,82,132,51,39,36,9,95,14,23,26,150,103,33,61,7,89,47,79,55,43,9,26,12,10,17,20,32,46,8,47,46,107,65,22,47,197,40,97,21,34,154,13,27,7,41,74,3,77,63,15,12,63,41,128,21,13,119,105,20,17,27,81,81,125,82,42,100,131,181,24,81,25,267,18,18,91,12,10,18,110,32,89,33,16,50,22,13,24,62,71,84,37,12,119,60,185,10,21,5,70,121,15,56,30,99,36,9,46,67,55,30,178,21,191,92,32,120,7,42,6,37,121,73,26,24,195,26,103,14,120,43,9,11,136,18,32,22,61,124,21,78,33,24,22,6,9,23,46,48]
completion_time_por_agente [25,130,125,43,93,21,85,99,37,11,50,12,55,180,79,12,37,9,28,22,7,72,86,9,60,22,11,48,71,57,148,86,137,52,40,43,10,102,16,25,28,154,111,34,63,8,91,48,84,57,46,10,27,13,11,18,23,35,47,9,50,47,109,72,24,58,203,41,100,22,35,161,14,28,8,45,78,4,79,66,17,13,64,47,130,22,15,123,117,21,18,28,83,90,128,98,47,103,134,191,26,85,26,269,19,19,99,13,11,20,117,33,93,35,17,63,25,14,26,64,72,87,40,13,126,64,190,11,22,6,72,126,16,58,31,106,37,10,48,69,56,35,185,22,201,97,35,129,9,43,7,39,126,77,27,25,205,27,108,15,121,45,10,12,141,19,35,25,62,135,22,80,34,25,23,7,10,24,47,51]
tiempo_ultimo_agente_goal 269
tiempo_en_acabar 269
tiempo_promedio 58.772221
agentes_en_goal 180
push_out_count 0
RUN 37
valores_ideales [0,0,0,0,0,0,0,0,0,0,0,0,0,0,0,0,0,0,0,0,0,0,0,0,0,0,0,0,0,0,0,0,0,0,0,0,0,0,0,0,0,0,0,0,0,0,0,0,0,0,0,0,0,0,0,0,0,0,0,0,0,0,0,0,0,0,0,0,0,0,0,0,0,0,0,0,0,0,0,0,0,0,0,0,0,0,0,0,0,0,0,0,0,0,0,0,0,0,0,0,0,0,0,0,0,0,0,0,0,0,0,0,0,0,0,0,0,0,0,0,0,0,0,0,0,0,0,0,0,0,0,0,0,0,0,0,0,0,0,0,0,0,0,0,0,0,0,0,0,0,0,0,0,0,0,0,0,0,0,0,0,0,0,0,0,0,0,0,0,0,0,0,0,0,0,0,0,0,0,0]
costo_por_agente [22,100,96,62,96,26,83,94,43,12,44,13,48,152,157,11,21,10,31,21,6,140,75,10,94,35,11,36,20,45,95,174,142,31,37,24,15,135,38,17,16,62,97,33,101,9,131,45,97,101,55,9,38,12,10,17,18,32,96,14,97,34,145,53,34,49,99,50,85,19,60,246,15,23,5,29,76,3,75,101,15,12,43,33,74,19,13,55,119,28,17,33,109,67,135,148,36,84,241,103,50,109,19,179,14,18,71,14,10,10,50,34,103,31,10,32,22,15,42,62,29,188,25,12,125,46,43,8,21,5,24,201,15,32,348,121,36,11,60,49,51,52,96,9,43,68,34,130,11,54,6,41,71,129,38,20,79,24,213,12,310,37,7,23,136,18,30,12,61,178,17,66,33,16,20,6,9,59,36,38]
completion_time_por_agente [25,106,98,69,101,32,89,98,52,13,48,14,49,156,168,12,23,11,33,22,7,146,81,11,99,36,13,38,25,49,101,178,146,32,38,26,17,145,39,19,17,65,112,36,111,10,141,46,106,103,56,10,43,13,11,18,20,34,99,15,109,36,153,58,35,50,103,51,87,20,64,253,16,26,6,33,81,4,83,105,16,13,44,36,86,21,14,64,124,34,18,36,115,71,141,149,39,86,246,116,52,121,20,185,16,19,80,16,11,11,54,36,111,32,11,34,25,16,43,63,30,190,26,13,130,48,45,9,22,6,25,204,16,36,358,128,37,12,61,50,57,54,106,10,46,73,35,134,12,57,7,42,77,139,40,21,85,25,216,13,321,38,8,25,144,19,31,13,64,180,19,78,34,17,21,7,10,87,37,47]
tiempo_ultimo_agente_goal 358
tiempo_en_acabar 358
tiempo_promedio 62.355556
agentes_en_goal 180
push_out_count 0
RUN 38
valores_ideales [0,0,0,0,0,0,0,0,0,0,0,0,0,0,0,0,0,0,0,0,0,0,0,0,0,0,0,0,0,0,0,0,0,0,0,0,0,0,0,0,0,0,0,0,0,0,0,0,0,0,0,0,0,0,0,0,0,0,0,0,0,0,0,0,0,0,0,0,0,0,0,0,0,0,0,0,0,0,0,0,0,0,0,0,0,0,0,0,0,0,0,0,0,0,0,0,0,0,0,0,0,0,0,0,0,0,0,0,0,0,0,0,0,0,0,0,0,0,0,0,0,0,0,0,0,0,0,0,0,0,0,0,0,0,0,0,0,0,0,0,0,0,0,0,0,0,0,0,0,0,0,0,0,0,0,0,0,0,0,0,0,0,0,0,0,0,0,0,0,0,0,0,0,0,0,0,0,0,0,0]
costo_por_agente [22,100,154,60,104,50,121,90,29,12,116,11,54,116,75,17,23,8,59,75,34,76,95,10,90,29,21,44,30,41,91,150,170,33,39,24,9,89,14,19,18,166,55,33,71,7,81,57,81,97,71,21,44,14,10,17,16,36,66,8,57,26,89,89,18,51,247,36,121,21,50,220,13,29,7,25,108,3,75,61,15,12,39,33,120,21,13,79,95,34,17,19,91,75,169,80,30,40,225,103,38,87,19,149,26,18,59,12,16,12,130,40,41,35,10,32,22,19,26,62,43,108,45,12,113,52,123,8,23,9,30,131,11,32,306,145,32,17,86,59,33,62,150,9,35,102,36,46,9,40,6,55,77,147,72,20,229,24,189,12,180,41,7,27,208,20,34,12,87,82,19,86,37,16,26,6,11,21,52,48]
completion_time_por_agente [24,106,158,74,107,53,127,93,42,13,120,12,57,123,83,18,26,9,68,82,39,81,101,11,97,30,24,53,34,47,102,161,175,34,40,25,10,98,15,20,19,168,63,38,75,8,99,61,85,105,72,23,49,15,11,18,18,38,73,9,61,27,95,92,21,57,252,37,126,22,54,234,14,31,8,26,117,4,80,64,17,13,42,38,124,22,14,88,100,45,18,21,110,79,178,84,31,43,227,112,39,95,20,153,27,19,67,13,17,13,134,47,47,37,11,34,24,20,29,63,45,116,53,13,116,54,125,9,24,10,32,134,13,33,313,151,36,18,90,64,36,63,155,11,36,106,39,50,10,41,7,58,86,157,80,21,231,25,191,13,187,42,8,31,220,21,36,13,89,86,20,103,38,17,27,7,12,22,53,53]
tiempo_ultimo_agente_goal 313
tiempo_en_acabar 313
tiempo_promedio 62.922222
agentes_en_goal 180
push_out_count 0
RUN 39
valores_ideales [0,0,0,0,0,0,0,0,0,0,0,0,0,0,0,0,0,0,0,0,0,0,0,0,0,0,0,0,0,0,0,0,0,0,0,0,0,0,0,0,0,0,0,0,0,0,0,0,0,0,0,0,0,0,0,0,0,0,0,0,0,0,0,0,0,0,0,0,0,0,0,0,0,0,0,0,0,0,0,0,0,0,0,0,0,0,0,0,0,0,0,0,0,0,0,0,0,0,0,0,0,0,0,0,0,0,0,0,0,0,0,0,0,0,0,0,0,0,0,0,0,0,0,0,0,0,0,0,0,0,0,0,0,0,0,0,0,0,0,0,0,0,0,0,0,0,0,0,0,0,0,0,0,0,0,0,0,0,0,0,0,0,0,0,0,0,0,0,0,0,0,0,0,0,0,0,0,0,0,0]
costo_por_agente [20,104,114,30,54,18,95,152,27,12,64,11,56,74,97,15,41,8,67,21,6,108,89,10,56,61,7,28,30,71,61,138,160,43,45,34,23,123,20,15,14,110,73,33,77,7,97,53,77,97,51,9,50,12,10,19,18,36,60,12,103,38,99,109,22,47,77,44,57,21,40,152,13,33,7,39,70,3,101,57,15,12,55,25,114,17,13,65,165,22,17,21,111,69,87,100,46,54,167,127,20,81,31,75,22,18,65,12,14,8,58,34,65,41,14,102,20,13,46,90,33,56,109,12,161,68,103,8,19,5,32,179,17,50,30,97,48,13,84,43,23,44,94,13,263,84,28,60,11,76,6,59,65,67,70,20,141,28,63,14,142,33,7,27,276,16,38,24,109,90,15,110,33,18,24,6,11,23,44,38]
completion_time_por_agente [21,107,116,36,58,19,109,161,28,13,67,12,58,75,104,16,44,9,78,22,7,116,94,11,59,62,9,35,33,77,63,146,165,44,46,35,25,131,25,16,15,114,79,34,83,8,104,54,88,103,52,10,52,13,11,20,20,41,61,13,111,39,105,113,25,49,80,45,61,22,43,159,14,34,8,40,72,4,104,61,16,13,58,27,115,18,16,68,179,23,18,25,118,78,91,107,47,59,172,136,22,96,33,80,23,19,73,13,15,9,64,35,71,42,15,113,22,14,47,101,35,58,110,13,177,69,107,9,20,6,33,184,18,56,31,107,57,14,87,44,25,45,101,14,268,90,29,61,12,80,7,60,74,76,78,21,145,29,67,15,155,34,8,31,291,17,39,27,113,94,16,123,34,19,25,7,13,24,45,42]
tiempo_ultimo_agente_goal 291
tiempo_en_acabar 291
tiempo_promedio 58.311111
agentes_en_goal 180
push_out_count 0
