RUN 0
valores_ideales [30,38,8,22,10,19,36,10,15,15,35,26,32,15,32,22,31,21,38,25,28,3,33,46,42,9,23,22,8,7,17,18,25,23,16,14,27,33,16,20,31,28,17,30,5,15,23,19,2,35]
costo_por_agente [74,42,8,84,10,29,38,10,15,15,45,26,56,15,78,36,31,67,42,69,70,3,41,46,44,9,23,58,8,7,19,18,25,61,16,16,27,65,16,20,51,28,17,64,57,15,63,19,2,57]
completion_time_por_agente [138,56,9,144,11,37,52,10,15,15,79,26,91,15,135,54,31,123,56,132,126,3,49,49,51,9,24,113,8,7,21,18,28,102,17,17,28,125,16,20,93,28,17,116,133,15,114,19,2,107]
tiempo_ultimo_agente_goal 144
tiempo_en_acabar 144
tiempo_promedio 54.080002
agentes_en_goal 50
bad_good_total_rate_pred [56748,63868,120616,0.5]
push_out_count 77062
RUN 1
valores_ideales [30,38,8,22,10,19,36,10,15,15,35,26,32,15,32,22,31,21,38,25,28,3,33,46,42,9,23,22,8,7,17,18,25,23,16,14,27,33,16,20,31,28,17,30,5,15,23,19,2,35]
costo_por_agente [66,48,8,22,10,25,36,10,15,15,59,28,38,15,54,76,31,57,42,57,76,3,33,50,56,9,23,56,8,7,19,18,27,25,16,16,27,37,16,20,45,28,17,64,67,17,63,19,2,67]
completion_time_por_agente [116,70,9,26,11,28,39,10,15,15,95,33,79,16,87,125,31,100,58,121,142,3,35,63,68,9,24,92,8,7,21,18,29,31,16,17,28,42,16,24,66,28,17,113,138,20,123,19,2,110]
tiempo_ultimo_agente_goal 142
tiempo_en_acabar 142
tiempo_promedio 48.259998
agentes_en_goal 50
bad_good_total_rate_pred [54775,53966,108741,0.5]
push_out_count 77250
RUN 2
valores_ideales [30,38,8,22,10,19,36,10,15,15,35,26,32,15,32,22,31,21,38,25,28,3,33,46,42,9,23,22,8,7,17,18,25,23,16,14,27,33,16,20,31,28,17,30,5,15,23,19,2,35]
costo_por_agente [50,50,10,52,10,21,40,10,15,15,45,26,52,15,46,78,31,57,38,59,60,3,35,46,48,9,25,54,8,7,19,18,25,45,16,16,27,37,16,20,37,28,17,52,43,15,59,19,2,47]
completion_time_por_agente [93,82,13,97,10,22,51,10,15,15,65,26,87,15,85,109,31,102,44,104,107,3,49,47,65,9,30,91,8,7,22,18,25,71,17,17,28,55,16,20,56,28,17,83,90,15,99,22,2,65]
tiempo_ultimo_agente_goal 109
tiempo_en_acabar 109
tiempo_promedio 45.160000
agentes_en_goal 50
bad_good_total_rate_pred [53567,47826,101393,0.5]
push_out_count 77394
RUN 3
valores_ideales [30,38,8,22,10,19,36,10,15,15,35,26,32,15,32,22,31,21,38,25,28,3,33,46,42,9,23,22,8,7,17,18,25,23,16,14,27,33,16,20,31,28,17,30,5,15,23,19,2,35]
costo_por_agente [58,38,8,84,10,23,38,10,15,15,49,26,58,15,46,64,31,67,38,63,52,3,37,46,42,9,23,64,8,7,19,18,25,65,16,16,27,33,16,20,39,28,17,70,69,15,67,19,2,47]
completion_time_por_agente [107,42,9,140,10,26,44,10,15,15,71,26,101,15,70,118,31,129,44,120,95,3,48,48,53,9,23,111,8,7,20,18,25,121,16,19,28,42,16,21,48,28,17,115,129,16,133,20,2,69]
tiempo_ultimo_agente_goal 140
tiempo_en_acabar 140
tiempo_promedio 49.020000
agentes_en_goal 50
bad_good_total_rate_pred [53828,56949,110777,0.5]
push_out_count 77589
RUN 4
valores_ideales [30,38,8,22,10,19,36,10,15,15,35,26,32,15,32,22,31,21,38,25,28,3,33,46,42,9,23,22,8,7,17,18,25,23,16,14,27,33,16,20,31,28,17,30,5,15,23,19,2,35]
costo_por_agente [70,54,8,78,10,21,58,10,15,15,51,28,60,15,52,70,31,73,52,59,92,3,39,48,46,9,23,90,8,7,19,18,25,91,16,16,27,55,16,20,41,28,17,64,83,15,63,19,2,59]
completion_time_por_agente [119,96,9,145,11,22,94,10,15,15,78,31,109,15,98,132,31,145,85,109,170,3,57,56,57,10,29,171,8,7,22,18,25,179,16,19,28,87,16,24,55,28,17,114,176,15,129,19,2,90]
tiempo_ultimo_agente_goal 179
tiempo_en_acabar 179
tiempo_promedio 60.320000
agentes_en_goal 50
bad_good_total_rate_pred [67345,69991,137336,0.5]
push_out_count 77882
RUN 5
valores_ideales [30,38,8,22,10,19,36,10,15,15,35,26,32,15,32,22,31,21,38,25,28,3,33,46,42,9,23,22,8,7,17,18,25,23,16,14,27,33,16,20,31,28,17,30,5,15,23,19,2,35]
costo_por_agente [54,56,8,70,10,43,50,10,15,15,41,26,54,15,72,50,31,57,40,73,68,3,53,46,44,9,23,42,10,7,19,18,25,67,16,16,27,33,16,20,37,28,17,62,67,15,67,19,2,49]
completion_time_por_agente [78,96,9,134,10,72,62,10,15,15,47,26,86,15,129,78,32,99,49,127,118,3,83,49,51,10,24,86,14,7,21,18,25,113,16,19,28,37,17,20,52,28,17,103,125,15,123,19,2,88]
tiempo_ultimo_agente_goal 134
tiempo_en_acabar 134
tiempo_promedio 50.400002
agentes_en_goal 50
bad_good_total_rate_pred [54292,57288,111580,0.5]
push_out_count 78069
RUN 6
valores_ideales [30,38,8,22,10,19,36,10,15,15,35,26,32,15,32,22,31,21,38,25,28,3,33,46,42,9,23,22,8,7,17,18,25,23,16,14,27,33,16,20,31,28,17,30,5,15,23,19,2,35]
costo_por_agente [50,60,10,52,10,51,36,10,15,15,55,26,50,15,64,68,31,71,50,59,60,3,33,50,54,9,23,64,10,7,19,18,25,67,16,16,27,37,16,20,35,28,17,48,67,15,55,19,2,45]
completion_time_por_agente [90,99,13,98,10,84,39,10,15,15,86,28,70,15,112,110,31,125,78,109,123,3,37,62,82,9,24,110,13,7,21,18,25,120,16,17,27,50,17,22,44,28,17,86,116,15,111,19,2,73]
tiempo_ultimo_agente_goal 125
tiempo_en_acabar 125
tiempo_promedio 51.020000
agentes_en_goal 50
bad_good_total_rate_pred [58483,56296,114779,0.5]
push_out_count 78272
RUN 7
valores_ideales [30,38,8,22,10,19,36,10,15,15,35,26,32,15,32,22,31,21,38,25,28,3,33,46,42,9,23,22,8,7,17,18,25,23,16,14,27,33,16,20,31,28,17,30,5,15,23,19,2,35]
costo_por_agente [62,44,8,76,10,23,36,10,15,15,57,26,54,15,46,74,31,43,42,67,54,3,33,46,44,27,25,68,8,7,19,18,25,57,16,16,27,35,16,20,41,28,17,54,71,15,73,19,2,67]
completion_time_por_agente [119,57,9,131,11,31,37,10,15,15,95,26,95,15,71,139,31,88,58,132,98,3,33,49,63,55,26,128,8,7,21,18,25,85,16,19,28,44,16,20,55,28,17,101,133,15,127,22,2,116]
tiempo_ultimo_agente_goal 139
tiempo_en_acabar 139
tiempo_promedio 51.259998
agentes_en_goal 50
bad_good_total_rate_pred [59247,55470,114717,0.5]
push_out_count 78478
RUN 8
valores_ideales [30,38,8,22,10,19,36,10,15,15,35,26,32,15,32,22,31,21,38,25,28,3,33,46,42,9,23,22,8,7,17,18,25,23,16,14,27,33,16,20,31,28,17,30,5,15,23,19,2,35]
costo_por_agente [84,70,8,78,10,49,54,10,15,15,61,26,48,15,74,84,31,79,44,65,74,3,37,58,46,9,23,84,10,7,19,18,25,65,16,16,27,83,16,20,71,28,17,64,79,15,79,19,2,41]
completion_time_por_agente [128,128,9,151,11,93,86,10,15,15,106,26,84,15,133,139,31,150,71,126,143,3,38,89,61,9,24,143,10,7,21,18,25,112,16,19,29,126,16,22,121,28,17,110,149,15,137,21,2,52]
tiempo_ultimo_agente_goal 151
tiempo_en_acabar 151
tiempo_promedio 62.200001
agentes_en_goal 50
bad_good_total_rate_pred [70537,69018,139555,0.5]
push_out_count 78761
RUN 9
valores_ideales [30,38,8,22,10,19,36,10,15,15,35,26,32,15,32,22,31,21,38,25,28,3,33,46,42,9,23,22,8,7,17,18,25,23,16,14,27,33,16,20,31,28,17,30,5,15,23,19,2,35]
costo_por_agente [56,68,8,88,10,41,38,10,15,15,35,26,52,15,40,88,31,83,40,57,64,3,45,46,44,9,23,78,10,7,19,18,25,67,16,16,27,35,16,22,55,28,17,84,61,15,73,21,2,39]
completion_time_por_agente [99,125,9,142,11,67,46,10,15,15,37,26,93,15,59,145,31,151,50,110,112,3,62,50,44,9,24,133,10,8,22,18,25,122,16,19,28,43,16,25,90,28,17,149,105,15,143,25,2,53]
tiempo_ultimo_agente_goal 151
tiempo_en_acabar 151
tiempo_promedio 53.439999
agentes_en_goal 50
bad_good_total_rate_pred [59359,60398,119757,0.5]
push_out_count 78984
RUN 10
valores_ideales [30,38,8,22,10,19,36,10,15,15,35,26,32,15,32,22,31,21,38,25,28,3,33,46,42,9,23,22,8,7,17,18,25,23,16,14,27,33,16,20,31,28,17,30,5,15,23,19,2,35]
costo_por_agente [78,68,8,68,10,21,38,10,15,15,47,26,42,15,40,80,31,75,48,73,84,3,73,46,44,9,23,68,8,7,19,18,25,49,16,16,27,85,16,24,59,28,17,68,73,15,73,19,2,61]
completion_time_por_agente [120,115,9,138,11,24,48,10,16,15,54,26,65,15,58,145,31,150,59,146,153,3,140,50,63,9,24,122,10,7,22,18,25,74,17,17,28,149,17,32,97,28,17,108,131,16,136,19,2,90]
tiempo_ultimo_agente_goal 153
tiempo_en_acabar 153
tiempo_promedio 57.580002
agentes_en_goal 50
bad_good_total_rate_pred [65045,65890,130935,0.5]
push_out_count 79244
RUN 11
valores_ideales [30,38,8,22,10,19,36,10,15,15,35,26,32,15,32,22,31,21,38,25,28,3,33,46,42,9,23,22,8,7,17,18,25,23,16,14,27,33,16,20,31,28,17,30,5,15,23,19,2,35]
costo_por_agente [60,42,8,66,10,21,44,10,15,15,37,26,52,15,48,66,31,63,40,47,76,3,35,50,44,9,25,52,12,7,19,18,25,39,16,16,27,43,16,20,41,28,17,58,61,15,71,19,2,41]
completion_time_por_agente [97,53,9,104,10,21,59,10,15,15,47,26,81,15,76,115,31,106,58,89,128,3,40,68,51,9,25,93,16,7,21,18,25,66,16,17,27,54,16,22,62,28,17,96,114,15,118,20,2,61]
tiempo_ultimo_agente_goal 128
tiempo_en_acabar 128
tiempo_promedio 45.840000
agentes_en_goal 50
bad_good_total_rate_pred [51206,52595,103801,0.5]
push_out_count 79411
RUN 12
valores_ideales [30,38,8,22,10,19,36,10,15,15,35,26,32,15,32,22,31,21,38,25,28,3,33,46,42,9,23,22,8,7,17,18,25,23,16,14,27,33,16,20,31,28,17,30,5,15,23,19,2,35]
costo_por_agente [36,40,8,68,10,21,40,10,15,15,71,26,40,15,62,56,31,71,38,59,88,3,47,52,54,9,23,62,10,7,19,18,25,41,16,16,27,33,16,20,53,28,17,50,77,15,63,19,2,63]
completion_time_por_agente [59,57,9,126,10,26,62,10,15,15,122,26,61,15,111,105,31,126,53,103,155,3,64,66,77,9,24,116,10,7,20,18,25,73,16,19,28,39,17,21,93,28,17,83,144,15,107,21,2,106]
tiempo_ultimo_agente_goal 155
tiempo_en_acabar 155
tiempo_promedio 51.299999
agentes_en_goal 50
bad_good_total_rate_pred [60293,54507,114800,0.5]
push_out_count 79597
RUN 13
valores_ideales [30,38,8,22,10,19,36,10,15,15,35,26,32,15,32,22,31,21,38,25,28,3,33,46,42,9,23,22,8,7,17,18,25,23,16,14,27,33,16,20,31,28,17,30,5,15,23,19,2,35]
costo_por_agente [74,64,10,80,10,65,36,10,15,15,47,26,42,15,38,86,31,83,40,75,62,3,37,50,50,9,23,80,8,7,19,18,25,95,18,16,27,33,16,20,57,28,17,48,85,15,61,21,2,41]
completion_time_por_agente [132,105,12,150,13,117,39,10,15,15,69,26,68,15,47,144,31,154,47,140,101,3,41,57,76,10,23,153,10,7,20,18,25,165,21,16,27,35,16,24,103,28,17,74,157,15,106,25,2,55]
tiempo_ultimo_agente_goal 165
tiempo_en_acabar 165
tiempo_promedio 55.580002
agentes_en_goal 50
bad_good_total_rate_pred [59088,66587,125675,0.5]
push_out_count 79847
RUN 14
valores_ideales [30,38,8,22,10,19,36,10,15,15,35,26,32,15,32,22,31,21,38,25,28,3,33,46,42,9,23,22,8,7,17,18,25,23,16,14,27,33,16,20,31,28,17,30,5,15,23,19,2,35]
costo_por_agente [52,88,8,22,10,31,40,10,15,15,61,26,88,15,54,114,31,99,52,99,76,3,99,46,44,9,23,92,10,7,19,18,25,89,16,14,27,53,16,20,41,28,17,72,109,15,75,21,2,49]
completion_time_por_agente [76,168,10,28,10,45,56,10,15,15,93,26,170,16,99,205,31,192,82,201,129,3,190,58,58,9,24,180,10,7,21,18,25,183,17,14,29,91,16,22,64,28,17,133,195,15,139,26,2,81]
tiempo_ultimo_agente_goal 205
tiempo_en_acabar 205
tiempo_promedio 67.040001
agentes_en_goal 50
bad_good_total_rate_pred [70213,80898,151111,0.5]
push_out_count 80193
RUN 15
valores_ideales [30,38,8,22,10,19,36,10,15,15,35,26,32,15,32,22,31,21,38,25,28,3,33,46,42,9,23,22,8,7,17,18,25,23,16,14,27,33,16,20,31,28,17,30,5,15,23,19,2,35]
costo_por_agente [48,46,8,70,10,21,42,10,15,15,59,26,40,15,66,54,31,59,46,53,50,3,33,46,48,9,23,60,8,7,19,18,29,41,16,16,27,33,16,20,33,28,17,46,47,15,61,21,2,43]
completion_time_por_agente [84,68,9,113,10,26,54,10,15,15,96,26,59,15,97,94,31,114,65,110,76,3,35,53,63,9,24,98,8,7,20,18,34,59,16,19,28,38,17,21,42,28,17,65,96,15,111,25,2,57]
tiempo_ultimo_agente_goal 114
tiempo_en_acabar 114
tiempo_promedio 44.299999
agentes_en_goal 50
bad_good_total_rate_pred [51213,47863,99076,0.5]
push_out_count 80333
RUN 16
valores_ideales [30,38,8,22,10,19,36,10,15,15,35,26,32,15,32,22,31,21,38,25,28,3,33,46,42,9,23,22,8,7,17,18,25,23,16,14,27,33,16,20,31,28,17,30,5,15,23,19,2,35]
costo_por_agente [56,62,8,66,10,31,46,10,15,15,37,26,52,15,40,54,31,69,42,65,58,3,35,46,48,9,23,68,12,7,19,18,25,73,16,16,27,33,16,20,47,28,17,44,73,15,61,19,2,37]
completion_time_por_agente [97,98,9,120,10,39,60,10,15,15,45,27,83,16,51,97,31,123,51,109,88,3,36,51,62,9,24,105,17,7,21,18,25,119,16,17,27,34,16,22,71,28,17,72,115,15,113,19,2,50]
tiempo_ultimo_agente_goal 123
tiempo_en_acabar 123
tiempo_promedio 46.500000
agentes_en_goal 50
bad_good_total_rate_pred [53024,51544,104568,0.5]
push_out_count 80493
RUN 17
valores_ideales [30,38,8,22,10,19,36,10,15,15,35,26,32,15,32,22,31,21,38,25,28,3,33,46,42,9,23,22,8,7,17,18,25,23,16,14,27,33,16,20,31,28,17,30,5,15,23,19,2,35]
costo_por_agente [52,64,8,54,10,55,44,10,15,15,37,26,54,15,52,44,31,81,48,73,78,3,75,48,74,9,23,68,10,7,19,18,25,57,16,16,27,33,16,20,37,28,17,60,35,15,61,19,2,45]
completion_time_por_agente [94,99,9,84,11,95,68,10,15,15,42,26,91,15,84,75,31,145,84,127,134,3,133,53,114,10,24,124,12,7,21,18,25,102,16,19,28,35,16,20,56,28,17,100,76,16,122,19,2,74]
tiempo_ultimo_agente_goal 145
tiempo_en_acabar 145
tiempo_promedio 52.880001
agentes_en_goal 50
bad_good_total_rate_pred [60773,57629,118402,0.5]
push_out_count 80705
RUN 18
valores_ideales [30,38,8,22,10,19,36,10,15,15,35,26,32,15,32,22,31,21,38,25,28,3,33,46,42,9,23,22,8,7,17,18,25,23,16,14,27,33,16,20,31,28,17,30,5,15,23,19,2,35]
costo_por_agente [44,50,8,74,10,23,40,10,15,15,65,26,54,15,46,46,31,61,54,71,52,3,33,46,44,9,23,62,8,7,19,18,25,65,16,16,27,33,16,20,33,28,17,44,67,15,69,19,2,59]
completion_time_por_agente [63,79,9,143,10,35,48,10,15,15,111,26,97,15,62,73,32,122,80,133,80,3,35,56,56,10,24,117,8,7,21,18,25,123,16,19,28,33,16,20,47,28,17,65,128,15,132,20,2,98]
tiempo_ultimo_agente_goal 143
tiempo_en_acabar 143
tiempo_promedio 48.900002
agentes_en_goal 50
bad_good_total_rate_pred [55763,53415,109178,0.5]
push_out_count 80894
RUN 19
valores_ideales [30,38,8,22,10,19,36,10,15,15,35,26,32,15,32,22,31,21,38,25,28,3,33,46,42,9,23,22,8,7,17,18,25,23,16,14,27,33,16,20,31,28,17,30,5,15,23,19,2,35]
costo_por_agente [60,40,10,84,10,21,48,10,15,15,37,26,58,15,56,76,31,81,44,61,78,3,35,46,44,9,23,78,8,7,19,18,25,73,16,16,27,35,16,20,45,28,17,52,83,15,75,31,2,39]
completion_time_por_agente [102,47,13,144,10,26,66,10,15,15,39,26,109,16,82,150,31,147,54,119,138,3,38,49,52,9,24,151,8,7,20,18,25,134,16,19,28,40,17,21,80,28,17,88,150,15,136,42,2,46]
tiempo_ultimo_agente_goal 151
tiempo_en_acabar 151
tiempo_promedio 52.840000
agentes_en_goal 50
bad_good_total_rate_pred [57571,61275,118846,0.5]
push_out_count 81114
RUN 20
valores_ideales [30,38,8,22,10,19,36,10,15,15,35,26,32,15,32,22,31,21,38,25,28,3,33,46,42,9,23,22,8,7,17,18,25,23,16,14,27,33,16,20,31,28,17,30,5,15,23,19,2,35]
costo_por_agente [88,70,8,24,10,65,40,10,15,15,75,28,52,15,70,26,31,75,68,85,92,3,55,50,50,9,23,82,8,7,19,18,25,91,16,16,27,65,16,20,57,28,17,68,77,15,59,19,2,49]
completion_time_por_agente [149,110,9,26,11,127,66,10,15,15,127,33,100,15,143,26,31,152,119,150,165,3,78,65,81,9,24,130,8,7,20,18,25,154,16,17,28,110,17,21,117,28,17,133,156,16,131,19,2,73]
tiempo_ultimo_agente_goal 165
tiempo_en_acabar 165
tiempo_promedio 62.439999
agentes_en_goal 50
bad_good_total_rate_pred [66227,73583,139810,0.5]
push_out_count 81407
RUN 21
valores_ideales [30,38,8,22,10,19,36,10,15,15,35,26,32,15,32,22,31,21,38,25,28,3,33,46,42,9,23,22,8,7,17,18,25,23,16,14,27,33,16,20,31,28,17,30,5,15,23,19,2,35]
costo_por_agente [50,48,8,82,10,33,42,10,15,15,37,26,56,15,64,66,31,69,54,59,64,3,63,48,50,9,23,58,8,7,19,18,25,61,16,16,27,41,16,28,55,28,17,62,65,15,59,19,2,35]
completion_time_por_agente [90,75,10,137,10,49,70,10,15,15,49,26,108,15,113,128,31,136,97,107,102,3,110,59,74,9,24,115,8,7,20,18,25,111,16,19,28,58,17,38,97,28,17,107,118,15,122,21,2,47]
tiempo_ultimo_agente_goal 137
tiempo_en_acabar 137
tiempo_promedio 54.520000
agentes_en_goal 50
bad_good_total_rate_pred [61565,61088,122653,0.5]
push_out_count 81625
RUN 22
valores_ideales [30,38,8,22,10,19,36,10,15,15,35,26,32,15,32,22,31,21,38,25,28,3,33,46,42,9,23,22,8,7,17,18,25,23,16,14,27,33,16,20,31,28,17,30,5,15,23,19,2,35]
costo_por_agente [80,60,10,74,10,53,44,10,15,15,63,26,62,15,48,22,31,79,48,79,60,3,33,46,48,9,23,70,8,7,19,18,25,63,16,16,27,73,16,20,45,28,17,76,67,15,83,25,2,43]
completion_time_por_agente [151,106,12,140,10,93,55,10,15,15,103,26,105,15,82,34,31,138,73,150,109,3,35,50,60,10,24,111,10,7,22,18,25,116,16,17,28,136,16,20,69,28,17,127,145,15,146,33,2,50]
tiempo_ultimo_agente_goal 151
tiempo_en_acabar 151
tiempo_promedio 56.580002
agentes_en_goal 50
bad_good_total_rate_pred [63266,64364,127630,0.5]
push_out_count 81893
RUN 23
valores_ideales [30,38,8,22,10,19,36,10,15,15,35,26,32,15,32,22,31,21,38,25,28,3,33,46,42,9,23,22,8,7,17,18,25,23,16,14,27,33,16,20,31,28,17,30,5,15,23,19,2,35]
costo_por_agente [58,40,8,42,10,47,48,10,15,15,37,26,60,15,80,58,31,65,78,63,52,3,55,46,54,9,23,72,8,7,19,18,25,71,16,16,27,37,16,20,69,32,17,60,71,15,59,19,2,37]
completion_time_por_agente [92,50,9,54,10,70,67,10,16,15,42,26,101,17,139,108,32,130,140,134,78,3,79,52,75,9,23,142,9,7,21,18,25,140,16,19,28,48,18,20,115,37,17,103,139,15,116,19,2,44]
tiempo_ultimo_agente_goal 142
tiempo_en_acabar 142
tiempo_promedio 53.980000
agentes_en_goal 50
bad_good_total_rate_pred [57021,64124,121145,0.5]
push_out_count 82121
RUN 24
valores_ideales [30,38,8,22,10,19,36,10,15,15,35,26,32,15,32,22,31,21,38,25,28,3,33,46,42,9,23,22,8,7,17,18,25,23,16,14,27,33,16,20,31,28,17,30,5,15,23,19,2,35]
costo_por_agente [52,44,8,64,10,21,36,10,15,15,41,26,52,15,38,42,31,69,40,65,50,3,43,50,46,9,23,56,16,7,19,18,25,69,16,16,27,33,16,20,33,28,17,42,43,15,69,19,2,39]
completion_time_por_agente [79,64,9,108,11,25,39,10,15,15,51,26,82,15,57,56,31,126,50,128,81,3,60,60,58,9,24,108,23,7,21,18,25,119,16,19,27,42,16,22,41,28,17,61,75,15,133,19,2,46]
tiempo_ultimo_agente_goal 133
tiempo_en_acabar 133
tiempo_promedio 43.840000
agentes_en_goal 50
bad_good_total_rate_pred [50590,48144,98734,0.5]
push_out_count 82272
RUN 25
valores_ideales [30,38,8,22,10,19,36,10,15,15,35,26,32,15,32,22,31,21,38,25,28,3,33,46,42,9,23,22,8,7,17,18,25,23,16,14,27,33,16,20,31,28,17,30,5,15,23,19,2,35]
costo_por_agente [76,56,10,72,10,47,36,10,15,15,43,26,40,15,38,88,31,103,58,69,96,3,41,46,44,9,23,70,8,7,19,18,25,101,16,16,27,33,16,20,63,28,17,60,97,15,97,19,2,67]
completion_time_por_agente [134,83,13,137,10,78,44,10,15,15,57,28,61,15,46,164,31,185,98,152,179,3,50,59,61,10,26,135,8,7,21,18,25,186,16,17,28,33,17,20,116,28,17,102,171,15,171,19,2,122]
tiempo_ultimo_agente_goal 186
tiempo_en_acabar 186
tiempo_promedio 61.160000
agentes_en_goal 50
bad_good_total_rate_pred [65276,73033,138309,0.5]
push_out_count 82568
RUN 26
valores_ideales [30,38,8,22,10,19,36,10,15,15,35,26,32,15,32,22,31,21,38,25,28,3,33,46,42,9,23,22,8,7,17,18,25,23,16,14,27,33,16,20,31,28,17,30,5,15,23,19,2,35]
costo_por_agente [64,56,8,110,10,21,50,10,17,15,35,26,44,15,66,62,31,91,48,67,74,3,33,50,48,9,23,88,8,7,19,18,27,91,16,16,27,45,16,20,45,28,17,62,99,15,73,19,2,67]
completion_time_por_agente [125,95,9,184,11,22,79,10,17,18,40,26,85,15,114,114,31,177,72,126,139,3,33,62,62,10,24,170,8,7,21,18,29,185,16,17,28,57,16,20,80,28,17,124,160,15,133,19,2,116]
tiempo_ultimo_agente_goal 185
tiempo_en_acabar 185
tiempo_promedio 59.779999
agentes_en_goal 50
bad_good_total_rate_pred [62912,69991,132903,0.5]
push_out_count 82837
RUN 27
valores_ideales [30,38,8,22,10,19,36,10,15,15,35,26,32,15,32,22,31,21,38,25,28,3,33,46,42,9,23,22,8,7,17,18,25,23,16,14,27,33,16,20,31,28,17,30,5,15,23,19,2,35]
costo_por_agente [38,42,8,38,10,51,38,10,15,15,61,26,52,15,68,70,31,65,40,57,64,3,71,46,58,9,23,64,8,7,19,18,25,63,16,16,27,33,16,20,47,28,17,42,67,15,43,19,2,51]
completion_time_por_agente [57,61,9,66,10,90,45,10,15,15,109,26,82,15,108,122,31,118,49,109,108,3,105,51,76,9,24,110,8,7,21,18,25,117,16,19,28,35,16,20,86,28,17,72,96,15,94,19,2,85]
tiempo_ultimo_agente_goal 122
tiempo_en_acabar 122
tiempo_promedio 49.540001
agentes_en_goal 50
bad_good_total_rate_pred [58138,52669,110807,0.5]
push_out_count 83024
RUN 28
valores_ideales [30,38,8,22,10,19,36,10,15,15,35,26,32,15,32,22,31,21,38,25,28,3,33,46,42,9,23,22,8,7,17,18,25,23,16,14,27,33,16,20,31,28,17,30,5,15,23,19,2,35]
costo_por_agente [74,46,8,100,10,21,42,10,15,15,39,26,46,15,64,72,31,83,46,63,84,3,33,50,52,11,23,84,8,7,19,18,25,75,16,16,27,61,16,20,61,28,17,60,65,15,65,23,2,45]
completion_time_por_agente [129,72,9,169,10,26,58,10,15,15,48,26,70,15,116,126,31,170,64,132,141,3,33,62,63,11,24,136,8,7,21,18,25,138,16,17,28,89,16,20,106,28,17,107,142,15,118,29,2,68]
tiempo_ultimo_agente_goal 170
tiempo_en_acabar 170
tiempo_promedio 56.380001
agentes_en_goal 50
bad_good_total_rate_pred [63576,62514,126090,0.5]
push_out_count 83264
RUN 29
valores_ideales [30,38,8,22,10,19,36,10,15,15,35,26,32,15,32,22,31,21,38,25,28,3,33,46,42,9,23,22,8,7,17,18,25,23,16,14,27,33,16,20,31,28,17,30,5,15,23,19,2,35]
costo_por_agente [56,68,8,90,10,105,38,10,15,15,41,26,72,15,78,80,31,83,38,105,92,3,59,46,60,9,23,88,10,7,19,18,27,75,16,16,27,45,16,20,33,28,17,58,83,15,55,19,2,59]
completion_time_por_agente [99,103,9,151,11,177,46,10,15,18,54,28,129,16,140,137,31,173,46,162,164,3,85,50,92,10,26,164,12,7,21,18,32,146,16,17,28,66,16,21,50,28,17,107,163,15,112,19,2,106]
tiempo_ultimo_agente_goal 177
tiempo_en_acabar 177
tiempo_promedio 63.360001
agentes_en_goal 50
bad_good_total_rate_pred [67386,76102,143488,0.5]
push_out_count 83586
RUN 30
valores_ideales [30,38,8,22,10,19,36,10,15,15,35,26,32,15,32,22,31,21,38,25,28,3,33,46,42,9,23,22,8,7,17,18,25,23,16,14,27,33,16,20,31,28,17,30,5,15,23,19,2,35]
costo_por_agente [58,50,10,72,10,59,38,10,15,15,61,26,52,15,54,34,31,79,48,59,68,3,35,48,46,9,23,78,10,7,17,18,25,85,16,16,27,35,16,20,61,28,17,60,57,15,85,19,2,41]
completion_time_por_agente [93,73,13,133,10,114,50,10,15,15,93,26,90,15,97,50,31,148,72,104,129,3,36,60,60,9,24,143,10,7,17,18,25,150,17,19,27,50,16,22,102,28,17,95,103,15,147,19,2,58]
tiempo_ultimo_agente_goal 150
tiempo_en_acabar 150
tiempo_promedio 53.599998
agentes_en_goal 50
bad_good_total_rate_pred [61086,59825,120911,0.5]
push_out_count 83814
RUN 31
valores_ideales [30,38,8,22,10,19,36,10,15,15,35,26,32,15,32,22,31,21,38,25,28,3,33,46,42,9,23,22,8,7,17,18,25,23,16,14,27,33,16,20,31,28,17,30,5,15,23,19,2,35]
costo_por_agente [96,50,10,100,10,25,56,10,15,15,39,26,64,15,70,58,31,95,60,87,94,3,73,46,48,9,23,98,10,7,19,18,25,91,16,16,35,85,16,20,73,28,17,80,87,15,99,19,2,65]
completion_time_por_agente [182,76,11,176,10,44,86,10,15,15,47,26,143,15,141,104,31,184,108,183,188,3,117,55,64,9,24,168,15,7,21,18,25,159,21,19,45,164,16,22,149,28,17,153,179,15,174,19,2,134]
tiempo_ultimo_agente_goal 188
tiempo_en_acabar 188
tiempo_promedio 72.739998
agentes_en_goal 50
bad_good_total_rate_pred [76638,86793,163431,0.5]
push_out_count 84190
RUN 32
valores_ideales [30,38,8,22,10,19,36,10,15,15,35,26,32,15,32,22,31,21,38,25,28,3,33,46,42,9,23,22,8,7,17,18,25,23,16,14,27,33,16,20,31,28,17,30,5,15,23,19,2,35]
costo_por_agente [48,54,8,96,10,43,56,10,15,15,37,26,68,15,50,78,31,95,54,93,90,3,79,46,46,9,23,98,8,7,19,18,25,51,16,16,27,93,16,20,71,28,17,68,77,15,91,19,2,43]
completion_time_por_agente [68,79,9,181,10,82,91,10,15,15,45,26,128,15,74,149,31,182,80,180,169,3,134,50,51,9,24,180,10,7,22,18,25,72,16,19,28,161,17,20,128,28,17,142,151,16,161,19,2,61]
tiempo_ultimo_agente_goal 182
tiempo_en_acabar 182
tiempo_promedio 64.599998
agentes_en_goal 50
bad_good_total_rate_pred [70740,76724,147464,0.5]
push_out_count 84526
RUN 33
valores_ideales [30,38,8,22,10,19,36,10,15,15,35,26,32,15,32,22,31,21,38,25,28,3,33,46,42,9,23,22,8,7,17,18,25,23,16,14,27,33,16,20,31,28,17,30,5,15,23,19,2,35]
costo_por_agente [70,46,8,76,10,25,48,10,15,15,39,26,56,15,50,82,31,73,44,63,50,3,67,50,48,9,23,54,8,7,17,18,25,41,16,16,27,33,16,24,59,28,17,60,61,15,45,21,2,39]
completion_time_por_agente [129,70,9,125,12,36,66,10,15,15,50,26,95,17,83,125,31,131,65,125,82,3,117,72,62,9,24,99,8,7,18,18,25,73,16,19,27,37,17,31,88,29,17,90,125,16,68,25,2,52]
tiempo_ultimo_agente_goal 131
tiempo_en_acabar 131
tiempo_promedio 50.220001
agentes_en_goal 50
bad_good_total_rate_pred [59180,53590,112770,0.5]
push_out_count 84709
RUN 34
valores_ideales [30,38,8,22,10,19,36,10,15,15,35,26,32,15,32,22,31,21,38,25,28,3,33,46,42,9,23,22,8,7,17,18,25,23,16,14,27,33,16,20,31,28,17,30,5,15,23,19,2,35]
costo_por_agente [60,40,8,56,10,53,52,10,15,15,35,26,52,15,44,50,31,59,50,61,50,3,33,46,50,9,23,52,8,7,19,18,25,35,16,16,37,39,16,20,47,28,17,60,31,15,55,19,2,37]
completion_time_por_agente [105,55,9,110,10,92,71,10,15,15,48,26,89,16,73,84,31,111,75,108,74,3,33,53,67,9,24,90,12,7,21,18,25,57,16,17,49,55,16,24,71,28,17,105,53,15,88,19,2,50]
tiempo_ultimo_agente_goal 111
tiempo_en_acabar 111
tiempo_promedio 45.419998
agentes_en_goal 50
bad_good_total_rate_pred [50006,51884,101890,0.5]
push_out_count 84880
RUN 35
valores_ideales [30,38,8,22,10,19,36,10,15,15,35,26,32,15,32,22,31,21,38,25,28,3,33,46,42,9,23,22,8,7,17,18,25,23,16,14,27,33,16,20,31,28,17,30,5,15,23,19,2,35]
costo_por_agente [46,62,8,58,10,41,36,10,15,15,45,26,40,15,56,52,31,55,40,43,62,3,35,46,46,9,25,72,8,7,19,18,25,59,16,16,27,47,16,20,43,28,17,40,47,15,43,19,2,43]
completion_time_por_agente [64,102,9,92,11,69,37,10,15,15,60,26,64,16,102,87,31,102,55,79,102,3,37,50,55,9,29,102,8,7,20,18,25,97,16,17,28,58,16,21,60,28,17,66,105,16,81,21,2,55]
tiempo_ultimo_agente_goal 105
tiempo_en_acabar 105
tiempo_promedio 44.299999
agentes_en_goal 50
bad_good_total_rate_pred [51865,47160,99025,0.5]
push_out_count 85022
RUN 36
valores_ideales [30,38,8,22,10,19,36,10,15,15,35,26,32,15,32,22,31,21,38,25,28,3,33,46,42,9,23,22,8,7,17,18,25,23,16,14,27,33,16,20,31,28,17,30,5,15,23,19,2,35]
costo_por_agente [58,38,8,70,10,19,40,10,15,15,37,26,48,15,44,68,31,71,40,47,64,3,35,46,60,9,23,48,8,7,19,18,25,47,16,16,27,35,16,20,59,28,17,58,57,15,65,19,2,35]
completion_time_por_agente [98,44,9,129,12,26,61,10,15,15,46,26,79,15,71,101,31,132,49,89,89,3,39,53,80,9,24,86,8,7,21,18,25,55,19,17,28,38,16,20,110,28,17,80,114,15,125,22,2,38]
tiempo_ultimo_agente_goal 132
tiempo_en_acabar 132
tiempo_promedio 45.279999
agentes_en_goal 50
bad_good_total_rate_pred [51335,51013,102348,0.5]
push_out_count 85178
RUN 37
valores_ideales [30,38,8,22,10,19,36,10,15,15,35,26,32,15,32,22,31,21,38,25,28,3,33,46,42,9,23,22,8,7,17,18,25,23,16,14,27,33,16,20,31,28,17,30,5,15,23,19,2,35]
costo_por_agente [62,46,10,56,10,29,52,10,15,15,43,26,48,15,56,78,31,75,46,71,86,3,55,46,44,9,23,60,8,7,19,18,25,47,16,16,27,51,16,20,57,28,17,62,79,15,37,29,4,37]
completion_time_por_agente [111,71,12,85,10,47,87,10,16,15,57,26,87,15,95,135,31,145,71,123,159,3,85,56,51,9,24,113,8,7,20,18,25,79,16,17,27,78,16,21,93,28,17,107,150,15,66,41,6,44]
tiempo_ultimo_agente_goal 159
tiempo_en_acabar 159
tiempo_promedio 52.959999
agentes_en_goal 50
bad_good_total_rate_pred [59049,59758,118807,0.5]
push_out_count 85414
RUN 38
valores_ideales [30,38,8,22,10,19,36,10,15,15,35,26,32,15,32,22,31,21,38,25,28,3,33,46,42,9,23,22,8,7,17,18,25,23,16,14,27,33,16,20,31,28,17,30,5,15,23,19,2,35]
costo_por_agente [56,42,10,60,12,53,42,10,15,15,37,28,66,15,66,74,31,71,40,71,62,3,55,48,50,9,23,70,8,7,19,18,25,63,16,16,27,35,16,20,35,28,17,44,75,15,59,25,2,41]
completion_time_por_agente [102,56,14,96,15,82,64,10,16,15,44,31,120,15,99,136,31,106,64,135,126,3,86,58,71,9,23,130,8,7,21,18,25,117,19,19,28,47,17,20,45,28,17,71,129,15,106,35,2,67]
tiempo_ultimo_agente_goal 136
tiempo_en_acabar 136
tiempo_promedio 52.360001
agentes_en_goal 50
bad_good_total_rate_pred [60017,57818,117835,0.5]
push_out_count 85614
RUN 39
valores_ideales [30,38,8,22,10,19,36,10,15,15,35,26,32,15,32,22,31,21,38,25,28,3,33,46,42,9,23,22,8,7,17,18,25,23,16,14,27,33,16,20,31,28,17,30,5,15,23,19,2,35]
costo_por_agente [64,72,8,88,10,51,46,10,15,15,67,26,58,15,52,74,31,71,48,85,64,3,99,48,48,9,23,82,8,7,17,18,25,69,16,16,33,59,18,20,87,28,17,60,87,15,73,19,2,45]
completion_time_por_agente [113,127,9,127,11,104,75,10,15,15,121,26,102,15,101,142,31,147,63,166,131,3,184,61,64,9,24,160,12,7,17,18,25,134,16,17,40,91,20,27,170,28,17,99,163,15,142,19,2,58]
tiempo_ultimo_agente_goal 184
tiempo_en_acabar 184
tiempo_promedio 65.860001
agentes_en_goal 50
bad_good_total_rate_pred [75118,73483,148601,0.5]
push_out_count 85944
