RUN 0
valores_ideales [32,37,8,11,8,31,15,5,12,42,7,27,10,19,39,25,34,9,32,23,8,24,27,15,7,11,45,8,18,47,21,23,6,16,29,14,13,7,25,37]
costo_por_agente [32,37,14,11,8,35,15,5,14,42,7,31,10,21,34,33,19,9,32,25,8,46,17,14,7,11,23,8,20,29,18,23,6,16,21,14,13,7,37,22]
completion_time_por_agente [33,40,14,11,8,40,15,5,14,43,7,35,10,0,0,53,0,9,32,26,8,50,0,0,7,12,0,8,23,0,0,23,7,16,0,14,13,7,49,0]
tiempo_ultimo_agente_goal 53
tiempo_en_acabar 1000
tiempo_promedio 15.800000
agentes_en_goal 30
bad_good_total_rate_pred [2167,60372,62539,1.0]
push_out_count 0
RUN 1
valores_ideales [32,37,8,11,8,31,15,5,12,42,7,27,10,19,39,25,34,9,32,23,8,24,27,15,7,11,45,8,18,47,21,23,6,16,29,14,13,7,25,37]
costo_por_agente [32,21,10,11,8,14,15,5,14,42,7,26,10,13,22,17,18,11,32,23,8,17,30,14,7,11,47,12,20,47,17,23,8,16,14,14,13,7,11,37]
completion_time_por_agente [33,40,11,11,8,40,15,5,14,44,7,35,10,0,0,53,0,11,32,23,8,50,0,0,7,12,69,13,24,70,0,23,9,16,0,14,13,7,49,38]
tiempo_ultimo_agente_goal 70
tiempo_en_acabar 1000
tiempo_promedio 20.350000
agentes_en_goal 26
bad_good_total_rate_pred [36674,65461,102135,0.6]
push_out_count 0
RUN 2
valores_ideales [32,37,8,11,8,31,15,5,12,42,7,27,10,19,39,25,34,9,32,23,8,24,27,15,7,11,45,8,18,47,21,23,6,16,29,14,13,7,25,37]
costo_por_agente [32,887,10,11,8,15,15,5,13,42,7,19,10,469,24,13,14,9,21,27,10,23,22,13,7,11,16,8,18,47,10,23,6,16,31,14,13,7,28,39]
completion_time_por_agente [33,40,12,11,8,40,15,5,14,43,7,35,10,0,0,53,0,10,32,27,10,50,0,0,7,12,69,8,21,49,0,23,7,16,35,14,13,7,49,41]
tiempo_ultimo_agente_goal 49
tiempo_en_acabar 1000
tiempo_promedio 20.650000
agentes_en_goal 25
bad_good_total_rate_pred [66157,34119,100276,0.3]
push_out_count 0
RUN 3
valores_ideales [32,37,8,11,8,31,15,5,12,42,7,27,10,19,39,25,34,9,32,23,8,24,27,15,7,11,45,8,18,47,21,23,6,16,29,14,13,7,25,37]
costo_por_agente [32,18,10,11,8,12,15,5,13,19,7,16,10,11,19,12,18,9,12,23,8,13,20,14,7,11,21,8,18,25,9,23,6,16,12,14,13,7,14,14]
completion_time_por_agente [33,40,10,11,8,40,15,5,14,43,7,35,10,0,0,53,0,9,32,23,8,50,0,0,7,12,69,8,21,49,0,23,7,16,35,14,13,7,49,41]
tiempo_ultimo_agente_goal 33
tiempo_en_acabar 1000
tiempo_promedio 20.424999
agentes_en_goal 21
bad_good_total_rate_pred [77396,85707,163103,0.5]
push_out_count 0
RUN 4
valores_ideales [32,37,8,11,8,31,15,5,12,42,7,27,10,19,39,25,34,9,32,23,8,24,27,15,7,11,45,8,18,47,21,23,6,16,29,14,13,7,25,37]
costo_por_agente [32,22,16,11,8,13,15,5,12,42,7,33,10,15,39,31,17,11,32,23,8,18,22,16,7,11,45,12,20,27,15,23,6,16,31,14,13,7,17,37]
completion_time_por_agente [33,40,16,11,8,40,15,5,12,42,7,37,10,0,39,40,0,11,32,23,8,50,0,0,7,12,47,13,21,49,0,23,6,16,36,14,13,7,49,37]
tiempo_ultimo_agente_goal 47
tiempo_en_acabar 1000
tiempo_promedio 20.725000
agentes_en_goal 30
bad_good_total_rate_pred [1312,69574,70886,1.0]
push_out_count 0
RUN 5
valores_ideales [32,37,8,11,8,31,15,5,12,42,7,27,10,19,39,25,34,9,32,23,8,24,27,15,7,11,45,8,18,47,21,23,6,16,29,14,13,7,25,37]
costo_por_agente [32,25,10,11,8,31,15,5,14,46,4,29,10,19,41,31,32,9,34,23,8,22,11,11,7,11,45,8,20,28,6,23,8,16,45,14,13,7,29,14]
completion_time_por_agente [33,40,11,11,8,31,15,5,17,48,7,34,10,0,45,38,0,9,61,23,8,50,0,0,7,11,45,8,25,49,0,23,8,16,56,14,13,7,31,37]
tiempo_ultimo_agente_goal 61
tiempo_en_acabar 1000
tiempo_promedio 21.350000
agentes_en_goal 30
bad_good_total_rate_pred [12210,26222,38432,0.7]
push_out_count 0
RUN 6
valores_ideales [32,37,8,11,8,31,15,5,12,42,7,27,10,19,39,25,34,9,32,23,8,24,27,15,7,11,45,8,18,47,21,23,6,16,29,14,13,7,25,37]
costo_por_agente [32,18,16,11,8,17,15,5,12,16,7,10,10,9,16,19,19,9,12,23,8,15,13,17,7,11,45,8,20,21,11,23,6,16,17,14,13,7,13,17]
completion_time_por_agente [32,40,19,11,8,31,15,5,12,48,7,34,10,0,45,38,0,9,61,23,12,50,0,0,7,11,45,8,28,49,0,23,7,16,56,14,13,7,31,37]
tiempo_ultimo_agente_goal 45
tiempo_en_acabar 1000
tiempo_promedio 21.549999
agentes_en_goal 23
bad_good_total_rate_pred [24716,119583,144299,0.8]
push_out_count 0
RUN 7
valores_ideales [32,37,8,11,8,31,15,5,12,42,7,27,10,19,39,25,34,9,32,23,8,24,27,15,7,11,45,8,18,47,21,23,6,16,29,14,13,7,25,37]
costo_por_agente [32,20,10,11,8,17,15,5,16,20,7,277,10,11,21,24,13,9,15,23,10,15,17,21,7,11,45,8,22,26,8,23,6,16,28,14,13,7,13,26]
completion_time_por_agente [32,40,10,11,8,31,15,5,21,48,7,34,10,0,45,38,0,9,61,31,10,50,0,0,7,12,48,8,30,49,0,23,7,16,56,14,13,7,31,37]
tiempo_ultimo_agente_goal 48
tiempo_en_acabar 1000
tiempo_promedio 21.850000
agentes_en_goal 23
bad_good_total_rate_pred [43962,92518,136480,0.7]
push_out_count 0
RUN 8
valores_ideales [32,37,8,11,8,31,15,5,12,42,7,27,10,19,39,25,34,9,32,23,8,24,27,15,7,11,45,8,18,47,21,23,6,16,29,14,13,7,25,37]
costo_por_agente [32,487,20,11,8,13,15,5,14,19,7,33,10,16,19,11,18,9,17,23,8,24,12,15,7,11,20,8,24,22,11,23,6,16,33,14,13,7,20,13]
completion_time_por_agente [32,40,20,11,8,31,15,5,14,48,7,34,10,0,45,38,0,9,61,23,9,28,0,0,7,11,48,8,25,49,0,23,7,16,35,14,13,7,31,37]
tiempo_ultimo_agente_goal 35
tiempo_en_acabar 1000
tiempo_promedio 20.475000
agentes_en_goal 25
bad_good_total_rate_pred [70396,53713,124109,0.4]
push_out_count 0
RUN 9
valores_ideales [32,37,8,11,8,31,15,5,12,42,7,27,10,19,39,25,34,9,32,23,8,24,27,15,7,11,45,8,18,47,21,23,6,16,29,14,13,7,25,37]
costo_por_agente [34,24,12,11,8,35,15,5,12,42,7,33,10,27,22,45,34,9,36,25,8,30,14,27,7,11,45,8,20,47,42,23,6,16,22,14,13,7,41,39]
completion_time_por_agente [34,40,13,11,8,90,15,5,12,96,7,33,10,0,45,119,36,9,87,25,8,116,0,0,7,11,46,8,24,125,0,23,6,16,35,14,13,7,120,64]
tiempo_ultimo_agente_goal 125
tiempo_en_acabar 1000
tiempo_promedio 33.450001
agentes_en_goal 33
bad_good_total_rate_pred [15032,28907,43939,0.7]
push_out_count 0
RUN 10
valores_ideales [32,37,8,11,8,31,15,5,12,42,7,27,10,19,39,25,34,9,32,23,8,24,27,15,7,11,45,8,18,47,21,23,6,16,29,14,13,7,25,37]
costo_por_agente [32,22,16,11,8,20,15,5,14,42,7,37,10,772,23,27,23,9,36,23,12,4,21,8,7,11,27,8,4,28,5,23,6,16,21,14,13,7,16,17]
completion_time_por_agente [33,40,16,11,8,90,15,5,14,49,7,39,10,0,45,37,36,9,41,24,14,116,0,0,7,11,46,8,24,125,0,23,7,16,35,15,13,7,120,64]
tiempo_ultimo_agente_goal 49
tiempo_en_acabar 1000
tiempo_promedio 29.500000
agentes_en_goal 25
bad_good_total_rate_pred [30346,71200,101546,0.7]
push_out_count 0
RUN 11
valores_ideales [32,37,8,11,8,31,15,5,12,42,7,27,10,19,39,25,34,9,32,23,8,24,27,15,7,11,45,8,18,47,21,23,6,16,29,14,13,7,25,37]
costo_por_agente [32,26,12,11,8,21,15,5,12,44,7,33,10,13,24,22,28,9,40,23,8,19,26,20,7,11,18,8,20,28,12,23,6,16,18,14,13,7,19,23]
completion_time_por_agente [33,40,15,11,8,90,15,5,12,51,7,33,10,0,45,37,36,9,54,23,8,116,0,0,7,11,46,8,22,125,0,23,6,16,35,16,13,8,120,64]
tiempo_ultimo_agente_goal 54
tiempo_en_acabar 1000
tiempo_promedio 29.450001
agentes_en_goal 25
bad_good_total_rate_pred [16343,81844,98187,0.8]
push_out_count 0
RUN 12
valores_ideales [32,37,8,11,8,31,15,5,12,42,7,27,10,19,39,25,34,9,32,23,8,24,27,15,7,11,45,8,18,47,21,23,6,16,29,14,13,7,25,37]
costo_por_agente [34,24,12,11,8,15,15,5,12,18,7,18,10,24,20,25,17,9,28,23,8,4,49,8,7,11,45,8,20,25,5,23,6,16,20,14,13,9,19,19]
completion_time_por_agente [36,40,12,11,8,90,15,5,12,51,7,33,10,0,45,37,36,9,54,23,8,116,80,0,7,11,48,8,23,125,0,23,7,16,35,14,13,9,120,64]
tiempo_ultimo_agente_goal 80
tiempo_en_acabar 1000
tiempo_promedio 31.525000
agentes_en_goal 24
bad_good_total_rate_pred [27875,96860,124735,0.8]
push_out_count 0
RUN 13
valores_ideales [32,37,8,11,8,31,15,5,12,42,7,27,10,19,39,25,34,9,32,23,8,24,27,15,7,11,45,8,18,47,21,23,6,16,29,14,13,7,25,37]
costo_por_agente [32,25,12,11,8,20,15,5,16,34,7,29,10,11,49,24,18,9,32,23,8,29,52,51,7,11,45,8,18,65,13,23,6,16,33,14,13,9,27,39]
completion_time_por_agente [33,40,15,11,8,90,15,5,21,51,7,32,10,0,45,37,36,9,32,23,8,116,80,134,7,11,47,8,22,102,0,23,7,16,35,14,13,9,120,42]
tiempo_ultimo_agente_goal 134
tiempo_en_acabar 1000
tiempo_promedio 33.349998
agentes_en_goal 29
bad_good_total_rate_pred [13170,71661,84831,0.8]
push_out_count 0
RUN 14
valores_ideales [32,37,8,11,8,31,15,5,12,42,7,27,10,19,39,25,34,9,32,23,8,24,27,15,7,11,45,8,18,47,21,23,6,16,29,14,13,7,25,37]
costo_por_agente [32,20,10,11,8,14,15,5,14,19,7,31,10,14,19,13,16,11,32,23,8,9,13,13,7,11,18,10,22,25,10,23,6,16,16,14,13,7,14,16]
completion_time_por_agente [33,40,14,11,8,90,17,5,14,51,7,32,10,0,45,37,36,12,33,23,8,116,80,134,7,12,47,14,22,102,0,23,6,16,35,14,13,7,120,42]
tiempo_ultimo_agente_goal 33
tiempo_en_acabar 1000
tiempo_promedio 33.400002
agentes_en_goal 24
bad_good_total_rate_pred [58587,70064,128651,0.5]
push_out_count 0
RUN 15
valores_ideales [32,37,8,11,8,31,15,5,12,42,7,27,10,19,39,25,34,9,32,23,8,24,27,15,7,11,45,8,18,47,21,23,6,16,29,14,13,7,25,37]
costo_por_agente [32,21,18,11,8,19,15,5,14,20,7,66,10,13,28,24,24,9,20,25,10,69,18,10,7,13,45,8,20,27,10,23,6,16,14,14,15,7,19,16]
completion_time_por_agente [33,40,18,11,8,90,15,5,14,51,9,32,10,0,45,37,36,11,33,26,13,116,80,134,7,14,86,8,23,102,0,23,7,16,35,14,15,7,120,42]
tiempo_ultimo_agente_goal 86
tiempo_en_acabar 1000
tiempo_promedio 34.650002
agentes_en_goal 23
bad_good_total_rate_pred [14256,125193,139449,0.9]
push_out_count 0
RUN 16
valores_ideales [32,37,8,11,8,31,15,5,12,42,7,27,10,19,39,25,34,9,32,23,8,24,27,15,7,11,45,8,18,47,21,23,6,16,29,14,13,7,25,37]
costo_por_agente [32,19,16,11,8,41,15,5,12,18,7,29,10,23,20,12,34,9,16,23,8,17,31,6,7,11,22,8,20,27,3,23,8,16,15,14,13,7,16,15]
completion_time_por_agente [33,40,16,11,8,45,15,5,12,51,7,32,10,36,45,37,34,9,33,23,8,116,32,134,7,12,86,8,24,102,0,23,9,16,35,14,13,7,120,42]
tiempo_ultimo_agente_goal 45
tiempo_en_acabar 1000
tiempo_promedio 32.750000
agentes_en_goal 27
bad_good_total_rate_pred [1128,73382,74510,1.0]
push_out_count 0
RUN 17
valores_ideales [32,37,8,11,8,31,15,5,12,42,7,27,10,19,39,25,34,9,32,23,8,24,27,15,7,11,45,8,18,47,21,23,6,16,29,14,13,7,25,37]
costo_por_agente [32,27,10,11,8,17,15,5,12,31,7,31,10,14,27,24,23,11,32,25,8,19,15,9,7,11,45,8,18,28,6,23,6,16,31,14,13,7,20,37]
completion_time_por_agente [33,40,12,11,8,45,15,5,12,51,7,32,10,36,45,37,34,11,33,26,8,116,32,134,7,11,49,8,23,102,0,23,6,16,41,14,13,7,120,46]
tiempo_ultimo_agente_goal 49
tiempo_en_acabar 1000
tiempo_promedio 31.975000
agentes_en_goal 27
bad_good_total_rate_pred [12085,70198,82283,0.9]
push_out_count 0
RUN 18
valores_ideales [32,37,8,11,8,31,15,5,12,42,7,27,10,19,39,25,34,9,32,23,8,24,27,15,7,11,45,8,18,47,21,23,6,16,29,14,13,7,25,37]
costo_por_agente [32,22,16,11,8,13,15,5,12,42,7,27,10,35,22,352,19,9,32,23,12,18,27,14,7,11,45,8,20,25,15,23,6,16,15,14,13,7,14,17]
completion_time_por_agente [32,40,20,11,8,45,15,5,12,43,7,27,10,38,45,37,34,9,32,24,14,116,27,134,7,11,48,8,20,102,0,23,6,16,41,14,13,7,120,46]
tiempo_ultimo_agente_goal 48
tiempo_en_acabar 1000
tiempo_promedio 31.674999
agentes_en_goal 28
bad_good_total_rate_pred [17627,56035,73662,0.8]
push_out_count 0
RUN 19
valores_ideales [32,37,8,11,8,31,15,5,12,42,7,27,10,19,39,25,34,9,32,23,8,24,27,15,7,11,45,8,18,47,21,23,6,16,29,14,13,7,25,37]
costo_por_agente [32,39,12,11,8,31,15,5,19,42,7,29,10,35,41,17,19,9,44,23,8,36,29,8,7,11,45,8,20,47,12,23,6,16,31,14,15,7,13,43]
completion_time_por_agente [32,92,12,11,8,32,15,5,12,43,7,31,10,106,68,37,34,9,97,23,12,47,36,134,7,11,54,8,23,49,0,23,7,16,38,14,15,7,120,75]
tiempo_ultimo_agente_goal 106
tiempo_en_acabar 1000
tiempo_promedio 34.500000
agentes_en_goal 34
bad_good_total_rate_pred [1787,21824,23611,0.9]
push_out_count 0
RUN 20
valores_ideales [32,37,8,11,8,31,15,5,12,42,7,27,10,19,39,25,34,9,32,23,8,24,27,15,7,11,45,8,18,47,21,23,6,16,29,14,13,7,25,37]
costo_por_agente [32,20,10,11,8,21,15,5,14,42,7,31,10,13,22,18,36,9,32,23,8,37,26,10,7,11,47,10,7,47,19,23,6,16,18,14,13,7,20,39]
completion_time_por_agente [33,92,12,12,8,32,16,5,14,44,7,32,10,106,68,37,45,9,42,25,8,47,36,134,7,11,56,10,23,50,0,23,6,16,38,14,13,7,120,46]
tiempo_ultimo_agente_goal 56
tiempo_en_acabar 1000
tiempo_promedio 32.849998
agentes_en_goal 28
bad_good_total_rate_pred [16197,61724,77921,0.8]
push_out_count 0
RUN 21
valores_ideales [32,37,8,11,8,31,15,5,12,42,7,27,10,19,39,25,34,9,32,23,8,24,27,15,7,11,45,8,18,47,21,23,6,16,29,14,13,7,25,37]
costo_por_agente [32,17,10,11,8,15,15,5,12,18,7,31,10,15,18,10,17,9,16,25,12,10,17,6,7,11,19,8,8,22,3,23,6,16,14,14,13,7,11,14]
completion_time_por_agente [32,92,13,11,8,32,15,5,12,44,7,31,10,106,68,37,45,9,42,26,14,47,36,134,7,11,56,8,23,50,0,23,6,16,38,14,13,7,120,46]
tiempo_ultimo_agente_goal 32
tiempo_en_acabar 1000
tiempo_promedio 32.849998
agentes_en_goal 22
bad_good_total_rate_pred [49937,88448,138385,0.6]
push_out_count 0
RUN 22
valores_ideales [32,37,8,11,8,31,15,5,12,42,7,27,10,19,39,25,34,9,32,23,8,24,27,15,7,11,45,8,18,47,21,23,6,16,29,14,13,7,25,37]
costo_por_agente [32,19,10,11,8,14,15,5,14,21,7,29,10,19,21,16,16,9,34,23,8,22,18,14,7,11,47,8,10,25,13,23,6,16,17,14,13,7,9,15]
completion_time_por_agente [32,92,15,11,8,32,15,5,15,44,7,32,10,106,68,37,45,11,36,23,8,47,36,134,7,11,51,8,23,50,0,23,6,16,38,14,13,7,120,46]
tiempo_ultimo_agente_goal 51
tiempo_en_acabar 1000
tiempo_promedio 32.549999
agentes_en_goal 24
bad_good_total_rate_pred [34662,69582,104244,0.7]
push_out_count 0
RUN 23
valores_ideales [32,37,8,11,8,31,15,5,12,42,7,27,10,19,39,25,34,9,32,23,8,24,27,15,7,11,45,8,18,47,21,23,6,16,29,14,13,7,25,37]
costo_por_agente [32,20,10,11,8,14,15,5,12,23,7,15,10,13,15,11,17,9,13,23,8,16,17,6,7,11,47,8,20,27,3,23,6,16,12,14,13,7,15,22]
completion_time_por_agente [32,92,10,11,8,32,15,5,12,44,7,32,10,106,68,37,45,9,36,23,8,47,36,134,7,12,55,8,23,50,0,23,7,16,38,14,13,7,120,46]
tiempo_ultimo_agente_goal 55
tiempo_en_acabar 1000
tiempo_promedio 32.450001
agentes_en_goal 23
bad_good_total_rate_pred [13728,92276,106004,0.9]
push_out_count 0
RUN 24
valores_ideales [32,37,8,11,8,31,15,5,12,42,7,27,10,19,39,25,34,9,32,23,8,24,27,15,7,11,45,8,18,47,21,23,6,16,29,14,13,7,25,37]
costo_por_agente [32,19,12,11,8,35,15,5,12,42,7,29,10,20,23,27,36,9,36,23,12,19,16,6,7,11,45,8,18,24,5,23,6,16,31,14,13,7,18,15]
completion_time_por_agente [32,92,12,11,8,59,15,5,12,50,7,31,10,106,68,29,57,9,48,23,12,47,36,134,7,12,63,8,22,50,0,23,8,16,44,14,13,7,120,46]
tiempo_ultimo_agente_goal 63
tiempo_en_acabar 1000
tiempo_promedio 34.150002
agentes_en_goal 30
bad_good_total_rate_pred [18125,27217,45342,0.6]
push_out_count 0
RUN 25
valores_ideales [32,37,8,11,8,31,15,5,12,42,7,27,10,19,39,25,34,9,32,23,8,24,27,15,7,11,45,8,18,47,21,23,6,16,29,14,13,7,25,37]
costo_por_agente [32,41,12,11,8,39,15,5,30,42,7,29,10,14,47,24,28,9,32,23,8,24,25,6,7,11,45,8,20,49,3,23,6,16,21,14,13,7,13,17]
completion_time_por_agente [33,49,12,11,8,85,15,5,38,43,7,39,10,106,84,29,57,9,32,23,12,47,36,134,7,11,47,8,22,49,0,23,9,16,44,14,13,7,120,46]
tiempo_ultimo_agente_goal 85
tiempo_en_acabar 1000
tiempo_promedio 34.000000
agentes_en_goal 30
bad_good_total_rate_pred [6872,32812,39684,0.8]
push_out_count 0
RUN 26
valores_ideales [32,37,8,11,8,31,15,5,12,42,7,27,10,19,39,25,34,9,32,23,8,24,27,15,7,11,45,8,18,47,21,23,6,16,29,14,13,7,25,37]
costo_por_agente [32,20,10,11,8,11,15,5,14,20,7,15,10,13,19,14,26,9,19,25,8,11,12,7,7,11,21,9,18,24,16,23,6,16,11,14,13,7,14,7]
completion_time_por_agente [32,49,13,11,8,85,15,5,14,43,7,39,10,106,84,29,57,11,32,25,8,47,36,134,7,11,47,8,22,49,0,23,7,16,44,14,13,7,120,46]
tiempo_ultimo_agente_goal 32
tiempo_en_acabar 1000
tiempo_promedio 33.349998
agentes_en_goal 21
bad_good_total_rate_pred [57621,106043,163664,0.6]
push_out_count 0
RUN 27
valores_ideales [32,37,8,11,8,31,15,5,12,42,7,27,10,19,39,25,34,9,32,23,8,24,27,15,7,11,45,8,18,47,21,23,6,16,29,14,13,7,25,37]
costo_por_agente [32,39,10,11,8,37,15,5,17,42,7,33,10,10,21,21,31,9,34,23,8,26,17,21,7,11,45,10,18,27,26,23,8,16,17,14,13,9,29,41]
completion_time_por_agente [34,67,11,11,8,43,15,5,14,43,7,34,10,106,84,29,57,9,37,23,8,33,36,134,7,11,47,10,21,49,0,23,9,16,44,14,13,10,120,69]
tiempo_ultimo_agente_goal 69
tiempo_en_acabar 1000
tiempo_promedio 33.025002
agentes_en_goal 29
bad_good_total_rate_pred [5979,67480,73459,0.9]
push_out_count 0
RUN 28
valores_ideales [32,37,8,11,8,31,15,5,12,42,7,27,10,19,39,25,34,9,32,23,8,24,27,15,7,11,45,8,18,47,21,23,6,16,29,14,13,7,25,37]
costo_por_agente [32,23,10,11,8,37,15,5,22,42,7,15,10,16,22,27,15,9,32,23,8,19,16,6,7,11,45,8,18,29,5,23,8,16,20,14,15,7,28,22]
completion_time_por_agente [33,67,10,11,8,58,15,5,26,55,7,34,10,106,84,29,57,9,50,23,12,33,36,134,7,11,61,9,22,49,0,23,8,16,44,15,15,7,120,69]
tiempo_ultimo_agente_goal 61
tiempo_en_acabar 1000
tiempo_promedio 34.700001
agentes_en_goal 26
bad_good_total_rate_pred [17572,71308,88880,0.8]
push_out_count 0
RUN 29
valores_ideales [32,37,8,11,8,31,15,5,12,42,7,27,10,19,39,25,34,9,32,23,8,24,27,15,7,11,45,8,18,47,21,23,6,16,29,14,13,7,25,37]
costo_por_agente [32,947,16,11,8,35,15,5,18,42,7,26,10,29,49,20,16,9,32,23,8,24,22,6,7,11,47,8,20,47,3,23,10,16,33,14,13,7,20,39]
completion_time_por_agente [32,67,16,11,8,44,15,5,18,42,7,34,10,39,84,29,57,9,36,23,8,33,36,134,7,12,49,8,22,48,0,23,23,16,39,14,13,7,120,43]
tiempo_ultimo_agente_goal 84
tiempo_en_acabar 1000
tiempo_promedio 31.025000
agentes_en_goal 31
bad_good_total_rate_pred [14060,19368,33428,0.6]
push_out_count 0
RUN 30
valores_ideales [32,37,8,11,8,31,15,5,12,42,7,27,10,19,39,25,34,9,32,23,8,24,27,15,7,11,45,8,18,47,21,23,6,16,29,14,13,7,25,37]
costo_por_agente [32,20,8,11,8,19,15,5,14,42,7,29,10,18,23,31,20,9,32,23,8,20,20,10,7,11,506,10,20,28,15,23,6,16,35,14,13,7,15,19]
completion_time_por_agente [32,67,29,12,8,44,16,5,14,43,7,31,10,39,84,50,57,9,33,23,8,33,36,134,7,12,49,12,22,48,0,23,6,16,41,14,13,7,120,43]
tiempo_ultimo_agente_goal 50
tiempo_en_acabar 1000
tiempo_promedio 31.424999
agentes_en_goal 27
bad_good_total_rate_pred [16597,70627,87224,0.8]
push_out_count 0
RUN 31
valores_ideales [32,37,8,11,8,31,15,5,12,42,7,27,10,19,39,25,34,9,32,23,8,24,27,15,7,11,45,8,18,47,21,23,6,16,29,14,13,7,25,37]
costo_por_agente [34,20,16,11,8,16,15,5,18,42,3,13,10,45,20,10,19,9,15,23,10,13,15,6,7,11,20,8,18,23,3,23,6,16,17,14,13,7,13,24]
completion_time_por_agente [35,67,16,11,8,44,15,5,21,43,7,31,10,39,84,50,57,9,33,23,14,33,36,134,7,11,49,8,20,48,0,23,7,16,41,14,13,7,120,43]
tiempo_ultimo_agente_goal 43
tiempo_en_acabar 1000
tiempo_promedio 31.299999
agentes_en_goal 22
bad_good_total_rate_pred [58865,61848,120713,0.5]
push_out_count 0
RUN 32
valores_ideales [32,37,8,11,8,31,15,5,12,42,7,27,10,19,39,25,34,9,32,23,8,24,27,15,7,11,45,8,18,47,21,23,6,16,29,14,13,7,25,37]
costo_por_agente [32,19,10,11,8,33,15,5,12,42,7,15,10,17,20,19,22,9,34,23,10,14,16,6,7,11,20,8,18,28,3,23,6,16,15,14,13,7,17,15]
completion_time_por_agente [33,67,15,11,8,44,15,5,12,48,7,31,10,39,84,50,57,9,41,23,10,33,36,134,7,12,49,8,23,48,0,23,8,16,41,14,13,7,120,43]
tiempo_ultimo_agente_goal 48
tiempo_en_acabar 1000
tiempo_promedio 31.350000
agentes_en_goal 25
bad_good_total_rate_pred [37911,74427,112338,0.7]
push_out_count 0
RUN 33
valores_ideales [32,37,8,11,8,31,15,5,12,42,7,27,10,19,39,25,34,9,32,23,8,24,27,15,7,11,45,8,18,47,21,23,6,16,29,14,13,7,25,37]
costo_por_agente [32,24,16,11,8,31,15,5,14,42,7,31,10,23,23,33,28,9,21,23,8,992,16,6,7,11,21,8,22,25,3,23,6,16,18,14,13,7,17,37]
completion_time_por_agente [33,67,16,11,8,34,15,5,12,44,7,32,10,49,84,38,57,11,41,23,8,33,36,134,7,11,49,8,26,48,0,23,7,16,41,16,13,7,120,42]
tiempo_ultimo_agente_goal 49
tiempo_en_acabar 1000
tiempo_promedio 31.049999
agentes_en_goal 27
bad_good_total_rate_pred [7340,64048,71388,0.9]
push_out_count 0
RUN 34
valores_ideales [32,37,8,11,8,31,15,5,12,42,7,27,10,19,39,25,34,9,32,23,8,24,27,15,7,11,45,8,18,47,21,23,6,16,29,14,13,7,25,37]
costo_por_agente [14,16,26,11,8,15,15,5,18,42,7,29,10,14,14,14,18,9,14,23,8,17,27,6,7,11,20,8,22,47,5,23,6,16,20,14,13,7,15,37]
completion_time_por_agente [33,67,33,11,8,34,15,5,12,42,7,29,10,49,84,38,57,9,41,23,8,33,35,134,7,11,49,8,22,47,0,23,7,16,41,15,13,7,120,39]
tiempo_ultimo_agente_goal 47
tiempo_en_acabar 1000
tiempo_promedio 31.049999
agentes_en_goal 25
bad_good_total_rate_pred [14084,72655,86739,0.8]
push_out_count 0
RUN 35
valores_ideales [32,37,8,11,8,31,15,5,12,42,7,27,10,19,39,25,34,9,32,23,8,24,27,15,7,11,45,8,18,47,21,23,6,16,29,14,13,7,25,37]
costo_por_agente [32,18,10,11,8,11,15,5,12,17,7,15,10,11,17,11,16,9,15,23,12,13,12,6,7,11,20,8,22,23,3,23,6,16,11,14,13,7,11,15]
completion_time_por_agente [33,67,12,11,8,34,15,5,12,42,7,29,10,49,84,38,57,9,41,23,14,33,35,134,7,11,49,8,24,47,0,23,7,16,41,16,13,7,120,39]
tiempo_ultimo_agente_goal 33
tiempo_en_acabar 1000
tiempo_promedio 30.750000
agentes_en_goal 22
bad_good_total_rate_pred [63382,83179,146561,0.6]
push_out_count 0
RUN 36
valores_ideales [32,37,8,11,8,31,15,5,12,42,7,27,10,19,39,25,34,9,32,23,8,24,27,15,7,11,45,8,18,47,21,23,6,16,29,14,13,7,25,37]
costo_por_agente [32,25,12,11,8,38,15,5,12,42,7,29,10,16,39,21,52,9,32,23,10,24,28,23,7,11,45,10,22,47,20,23,6,16,19,14,13,7,14,39]
completion_time_por_agente [32,67,14,11,8,34,15,5,12,43,7,31,10,49,40,38,57,9,32,25,10,33,35,134,7,12,49,10,23,47,0,23,6,16,41,14,13,7,120,44]
tiempo_ultimo_agente_goal 49
tiempo_en_acabar 1000
tiempo_promedio 29.575001
agentes_en_goal 29
bad_good_total_rate_pred [1938,57335,59273,1.0]
push_out_count 0
RUN 37
valores_ideales [32,37,8,11,8,31,15,5,12,42,7,27,10,19,39,25,34,9,32,23,8,24,27,15,7,11,45,8,18,47,21,23,6,16,29,14,13,7,25,37]
costo_por_agente [32,20,12,11,8,33,15,5,24,18,7,29,10,20,18,23,52,9,13,23,10,34,18,6,7,11,45,8,22,36,14,23,6,16,11,14,13,9,10,39]
completion_time_por_agente [32,67,13,11,8,38,15,5,12,43,7,31,10,49,40,38,57,10,32,24,12,45,35,134,7,12,55,8,25,47,0,23,7,16,41,15,13,9,120,53]
tiempo_ultimo_agente_goal 55
tiempo_en_acabar 1000
tiempo_promedio 30.475000
agentes_en_goal 26
bad_good_total_rate_pred [33598,72883,106481,0.7]
push_out_count 0
RUN 38
valores_ideales [32,37,8,11,8,31,15,5,12,42,7,27,10,19,39,25,34,9,32,23,8,24,27,15,7,11,45,8,18,47,21,23,6,16,29,14,13,7,25,37]
costo_por_agente [32,24,10,11,8,17,15,5,12,42,7,31,10,14,19,14,22,9,34,23,8,12,22,6,7,11,21,8,18,22,3,23,6,16,13,14,13,7,15,19]
completion_time_por_agente [32,67,12,11,8,38,15,5,12,44,7,31,10,49,40,38,57,9,42,23,8,45,35,134,7,11,55,8,21,47,0,23,9,16,41,14,13,7,120,53]
tiempo_ultimo_agente_goal 44
tiempo_en_acabar 1000
tiempo_promedio 30.424999
agentes_en_goal 25
bad_good_total_rate_pred [1148,89927,91075,1.0]
push_out_count 0
RUN 39
valores_ideales [32,37,8,11,8,31,15,5,12,42,7,27,10,19,39,25,34,9,32,23,8,24,27,15,7,11,45,8,18,47,21,23,6,16,29,14,13,7,25,37]
costo_por_agente [32,31,10,11,8,35,15,5,12,42,7,29,10,25,26,27,29,9,23,23,10,17,21,18,7,11,25,8,18,32,22,23,6,16,29,14,13,7,21,65]
completion_time_por_agente [33,67,12,11,8,62,15,5,12,43,7,32,10,49,40,38,57,10,42,23,13,45,35,134,7,13,55,8,27,47,0,23,7,16,30,14,13,7,120,109]
tiempo_ultimo_agente_goal 109
tiempo_en_acabar 1000
tiempo_promedio 32.474998
agentes_en_goal 27
bad_good_total_rate_pred [10797,85704,96501,0.9]
push_out_count 0
