RUN 0
valores_ideales [30,35,12,19,30,38,39,5,16,40,23,25,33,36,25,17,28,34,33,23,38,13,27,7,11,32,13,3,38,32,15,38,17,12,29,19,21,23,15,45,21,21,28,26,13,39,36,20,11,3,38,37,31,8,29,37,18,19,15,35,20,48,38,13,28,11,19,15,41,10,9,8,37,32,15,35,24,41,21,33,38,22,17,45,21,41,27,41,37,26,18,40,17,40,49,24,36,19,37,26,40,33,26,44,21,14,28,23,24,12,7,18,15,19,45,16,30,21,29,39,32,35,28,47,35,4,11,17,6,35,30,8,10,16,36,35,49,35,7,19,32,32,14,24,37,34,36,19,35,8,41,9,40,39,31,25,18,22,36,38,31,19,41,26,8,11,11,14,50,22,30,31,29,33,13,26,10,24,48,22,26,39,22,30,43,23,26,22,37,4,15,31,39,30,24,44,6,30,9,32]
costo_por_agente [98,115,26,35,90,76,117,5,18,98,33,103,57,100,33,19,44,104,113,149,76,45,67,13,15,122,15,5,58,174,21,40,17,12,37,23,91,37,25,133,37,67,110,100,23,133,54,34,19,7,180,57,103,8,83,37,76,35,17,159,80,98,130,27,180,13,23,23,51,36,9,8,59,134,31,133,124,47,27,69,114,154,43,55,31,65,185,61,143,34,32,52,31,64,95,48,84,177,113,26,58,151,126,56,27,14,142,53,28,12,13,52,213,43,61,52,72,41,149,81,136,119,38,61,57,4,137,181,6,37,42,8,12,118,190,83,67,45,11,35,120,172,104,84,49,58,174,33,65,34,89,25,52,65,153,79,22,50,186,42,55,29,47,30,8,11,21,38,116,52,34,69,121,81,141,92,42,38,52,34,46,73,36,86,57,39,110,126,67,4,19,155,99,36,30,76,6,78,9,172]
completion_time_por_agente [169,216,50,53,153,136,212,7,24,176,45,190,79,174,43,22,62,142,227,250,121,77,130,15,17,218,17,8,95,320,34,42,18,13,39,26,162,58,32,210,66,75,210,166,27,229,67,47,25,15,318,80,175,10,141,40,134,52,18,262,132,182,232,43,307,14,27,37,69,58,13,8,83,216,54,249,194,54,41,107,196,253,55,90,35,97,292,89,259,51,54,77,33,115,155,78,154,292,193,26,84,220,211,83,40,16,273,88,37,12,17,84,279,54,81,97,107,57,286,153,227,218,43,77,88,5,259,313,6,42,57,8,15,197,260,142,108,62,14,45,178,301,201,147,75,76,319,45,126,62,150,39,78,100,253,150,26,73,261,50,82,37,59,32,8,13,37,56,196,69,38,108,243,142,268,165,82,59,65,51,68,125,59,143,90,50,194,251,94,4,26,277,184,39,41,116,8,150,9,306]
tiempo_ultimo_agente_goal 320
tiempo_en_acabar 320
tiempo_promedio 110.860001
agentes_en_goal 200
bad_good_total_rate_pred [118317,83019,201336,0.4]
push_out_count 1807
RUN 1
valores_ideales [30,35,12,19,30,38,39,5,16,40,23,25,33,36,25,17,28,34,33,23,38,13,27,7,11,32,13,3,38,32,15,38,17,12,29,19,21,23,15,45,21,21,28,26,13,39,36,20,11,3,38,37,31,8,29,37,18,19,15,35,20,48,38,13,28,11,19,15,41,10,9,8,37,32,15,35,24,41,21,33,38,22,17,45,21,41,27,41,37,26,18,40,17,40,49,24,36,19,37,26,40,33,26,44,21,14,28,23,24,12,7,18,15,19,45,16,30,21,29,39,32,35,28,47,35,4,11,17,6,35,30,8,10,16,36,35,49,35,7,19,32,32,14,24,37,34,36,19,35,8,41,9,40,39,31,25,18,22,36,38,31,19,41,26,8,11,11,14,50,22,30,31,29,33,13,26,10,24,48,22,26,39,22,30,43,23,26,22,37,4,15,31,39,30,24,44,6,30,9,32]
costo_por_agente [154,67,28,73,120,62,107,11,22,62,33,163,145,164,37,25,28,72,79,39,70,41,65,7,11,104,15,7,218,126,111,56,17,16,47,43,169,73,21,139,25,145,152,80,15,167,84,38,11,5,164,59,69,20,169,37,40,35,31,79,62,50,66,25,106,23,23,15,53,22,11,10,117,38,55,103,118,49,29,97,76,62,49,59,61,65,149,105,63,30,24,48,17,48,51,24,86,95,89,30,74,75,72,60,21,34,116,37,26,12,53,28,203,45,115,58,100,37,113,85,118,137,62,77,165,6,55,133,6,39,128,8,10,116,70,51,67,103,13,35,74,140,108,162,63,54,84,75,107,116,73,21,42,67,95,205,20,38,172,88,33,33,61,60,8,11,39,46,126,44,32,49,127,193,67,38,24,48,54,28,34,65,22,64,69,209,118,140,55,4,23,85,55,46,34,56,22,146,9,90]
completion_time_por_agente [268,117,50,128,195,98,181,12,28,98,38,310,261,268,42,31,35,96,129,56,119,69,102,7,12,166,18,8,370,206,212,71,21,16,64,63,289,113,22,203,35,245,219,149,21,259,142,48,12,11,290,93,88,30,251,39,64,48,44,120,104,58,117,34,201,38,23,19,65,32,11,11,189,45,92,177,188,66,47,182,128,89,87,85,102,96,259,167,105,37,28,70,17,63,60,24,150,157,147,34,108,128,119,86,23,44,188,49,33,15,81,56,312,62,198,114,155,54,204,141,202,167,78,114,281,7,105,200,6,46,205,8,10,177,105,74,96,176,14,60,117,240,154,266,102,74,147,132,178,195,116,36,55,106,136,370,23,55,263,143,40,51,88,75,8,14,67,75,185,63,34,61,217,351,127,46,32,63,73,35,48,95,22,110,110,351,198,209,95,4,39,145,86,68,46,78,29,215,9,164]
tiempo_ultimo_agente_goal 370
tiempo_en_acabar 370
tiempo_promedio 107.195000
agentes_en_goal 200
bad_good_total_rate_pred [107236,71276,178512,0.4]
push_out_count 3614
RUN 2
valores_ideales [30,35,12,19,30,38,39,5,16,40,23,25,33,36,25,17,28,34,33,23,38,13,27,7,11,32,13,3,38,32,15,38,17,12,29,19,21,23,15,45,21,21,28,26,13,39,36,20,11,3,38,37,31,8,29,37,18,19,15,35,20,48,38,13,28,11,19,15,41,10,9,8,37,32,15,35,24,41,21,33,38,22,17,45,21,41,27,41,37,26,18,40,17,40,49,24,36,19,37,26,40,33,26,44,21,14,28,23,24,12,7,18,15,19,45,16,30,21,29,39,32,35,28,47,35,4,11,17,6,35,30,8,10,16,36,35,49,35,7,19,32,32,14,24,37,34,36,19,35,8,41,9,40,39,31,25,18,22,36,38,31,19,41,26,8,11,11,14,50,22,30,31,29,33,13,26,10,24,48,22,26,39,22,30,43,23,26,22,37,4,15,31,39,30,24,44,6,30,9,32]
costo_por_agente [60,113,54,81,162,74,123,19,24,72,41,71,203,108,39,23,28,112,87,143,86,33,143,9,15,156,19,5,44,140,91,52,135,12,61,19,69,89,21,185,159,37,186,112,15,135,52,44,19,9,98,63,127,10,45,41,54,25,55,53,178,56,170,13,64,19,19,21,47,22,9,8,87,106,49,121,244,61,27,81,134,146,59,53,39,77,55,181,137,32,24,174,55,92,53,38,80,129,117,52,90,83,226,56,21,28,66,45,26,14,39,60,49,37,71,42,252,57,121,173,236,105,64,89,215,8,13,111,6,45,142,8,14,104,122,51,51,151,17,27,124,180,80,78,57,92,100,63,89,16,87,31,52,107,125,109,18,38,222,158,33,45,99,28,8,11,39,50,60,58,50,41,37,107,165,32,14,36,62,34,52,73,24,90,185,43,162,176,53,4,45,135,61,44,38,86,10,96,9,44]
completion_time_por_agente [91,186,92,138,255,118,175,37,33,120,58,127,326,204,51,31,31,179,158,240,136,46,219,10,19,214,20,7,62,259,186,68,225,12,109,19,118,148,22,346,277,52,305,206,19,206,68,67,33,11,174,94,223,10,55,42,78,36,92,85,257,88,285,14,115,25,19,25,55,38,11,9,138,172,97,205,457,90,35,134,217,229,98,71,51,136,90,318,248,37,31,321,78,155,63,46,140,218,199,90,158,135,457,81,21,40,103,83,28,14,64,95,67,60,79,60,447,83,211,312,422,170,103,148,423,10,20,177,6,58,249,10,18,185,210,75,59,293,21,41,187,291,123,126,81,136,141,109,150,20,139,44,66,192,188,190,22,60,397,279,37,75,165,30,8,11,80,88,77,89,78,59,50,166,250,38,17,46,88,44,81,118,25,164,320,77,304,313,88,4,90,227,91,63,59,141,10,157,10,52]
tiempo_ultimo_agente_goal 457
tiempo_en_acabar 457
tiempo_promedio 121.300003
agentes_en_goal 200
bad_good_total_rate_pred [124919,81694,206613,0.4]
push_out_count 5822
RUN 3
valores_ideales [30,35,12,19,30,38,39,5,16,40,23,25,33,36,25,17,28,34,33,23,38,13,27,7,11,32,13,3,38,32,15,38,17,12,29,19,21,23,15,45,21,21,28,26,13,39,36,20,11,3,38,37,31,8,29,37,18,19,15,35,20,48,38,13,28,11,19,15,41,10,9,8,37,32,15,35,24,41,21,33,38,22,17,45,21,41,27,41,37,26,18,40,17,40,49,24,36,19,37,26,40,33,26,44,21,14,28,23,24,12,7,18,15,19,45,16,30,21,29,39,32,35,28,47,35,4,11,17,6,35,30,8,10,16,36,35,49,35,7,19,32,32,14,24,37,34,36,19,35,8,41,9,40,39,31,25,18,22,36,38,31,19,41,26,8,11,11,14,50,22,30,31,29,33,13,26,10,24,48,22,26,39,22,30,43,23,26,22,37,4,15,31,39,30,24,44,6,30,9,32]
costo_por_agente [34,63,56,29,120,64,91,7,22,60,67,149,203,136,49,19,28,74,71,97,68,51,105,7,11,88,13,3,62,100,25,40,39,12,47,25,109,33,25,61,21,47,92,90,21,71,62,54,17,9,80,71,109,8,201,39,60,43,39,127,38,80,58,15,54,15,19,21,53,42,9,8,103,128,59,117,84,43,21,125,72,50,17,61,31,73,109,175,97,42,50,56,17,84,161,24,76,121,121,30,72,111,116,52,21,30,114,51,42,14,73,60,133,27,93,60,116,43,123,149,162,59,36,63,171,6,101,157,6,45,136,8,14,146,122,75,59,73,17,65,54,102,128,130,67,64,228,23,99,12,77,27,50,45,121,111,20,44,172,86,35,29,45,86,8,11,25,46,160,56,56,97,63,71,115,82,34,44,48,24,62,65,22,78,91,75,180,194,57,4,17,147,59,38,88,72,6,66,9,94]
completion_time_por_agente [39,114,111,40,190,109,136,8,29,99,110,247,293,241,81,20,33,127,124,138,111,74,186,7,15,128,15,5,96,146,40,43,70,13,62,36,201,36,29,80,25,56,155,164,25,94,102,85,22,18,132,100,202,8,344,43,89,64,64,215,51,130,90,18,87,15,21,23,74,82,12,11,167,213,106,166,151,51,22,196,118,70,17,74,37,103,178,305,151,55,99,77,19,132,277,24,115,205,211,31,121,202,171,64,22,48,193,71,47,15,130,88,233,38,152,103,214,61,233,252,247,85,42,94,304,7,173,260,7,61,225,8,17,244,195,123,82,105,25,124,66,153,232,197,112,113,320,27,170,17,119,47,63,58,207,206,23,64,278,157,39,33,51,123,8,11,35,76,237,86,93,176,96,113,198,123,60,67,51,24,87,101,22,123,155,123,291,285,100,4,23,228,93,41,144,104,8,97,10,154]
tiempo_ultimo_agente_goal 344
tiempo_en_acabar 344
tiempo_promedio 105.404999
agentes_en_goal 200
bad_good_total_rate_pred [102937,69766,172703,0.4]
push_out_count 7642
RUN 4
valores_ideales [30,35,12,19,30,38,39,5,16,40,23,25,33,36,25,17,28,34,33,23,38,13,27,7,11,32,13,3,38,32,15,38,17,12,29,19,21,23,15,45,21,21,28,26,13,39,36,20,11,3,38,37,31,8,29,37,18,19,15,35,20,48,38,13,28,11,19,15,41,10,9,8,37,32,15,35,24,41,21,33,38,22,17,45,21,41,27,41,37,26,18,40,17,40,49,24,36,19,37,26,40,33,26,44,21,14,28,23,24,12,7,18,15,19,45,16,30,21,29,39,32,35,28,47,35,4,11,17,6,35,30,8,10,16,36,35,49,35,7,19,32,32,14,24,37,34,36,19,35,8,41,9,40,39,31,25,18,22,36,38,31,19,41,26,8,11,11,14,50,22,30,31,29,33,13,26,10,24,48,22,26,39,22,30,43,23,26,22,37,4,15,31,39,30,24,44,6,30,9,32]
costo_por_agente [212,119,38,127,122,180,127,9,32,60,37,167,195,180,37,21,34,56,83,111,54,23,111,15,15,90,13,11,128,100,67,44,19,14,55,21,177,29,23,161,103,183,166,70,15,73,62,42,13,7,56,43,93,24,155,39,46,39,33,75,58,98,126,27,152,17,19,23,45,20,11,10,77,186,37,57,188,57,23,77,70,72,35,69,29,123,147,207,105,30,54,250,19,72,175,30,122,99,199,30,112,129,112,64,35,16,156,59,38,158,13,36,121,35,61,104,160,35,101,261,64,87,28,81,239,4,37,205,6,37,98,8,10,132,110,63,71,73,13,45,82,102,94,144,47,78,156,65,155,36,119,13,52,99,203,131,28,44,166,106,35,37,49,272,8,11,33,40,114,34,30,65,173,37,209,54,18,50,48,32,58,71,32,60,73,95,232,114,67,4,17,227,71,30,34,236,8,164,9,104]
completion_time_por_agente [365,215,66,224,212,289,234,10,52,90,52,275,314,287,43,24,45,67,128,174,71,31,214,19,22,165,13,16,226,165,121,49,25,14,75,24,298,36,35,229,225,303,286,110,18,116,93,65,16,8,80,59,156,40,278,45,97,61,41,137,70,150,242,37,261,29,19,32,56,32,11,11,127,309,65,73,362,81,25,135,111,111,44,102,39,273,230,341,164,35,102,443,21,127,281,38,234,155,358,32,174,233,196,85,42,20,258,97,48,290,18,47,190,55,89,185,278,45,152,427,88,142,31,128,424,5,75,343,7,40,175,8,10,197,172,87,101,125,18,66,130,163,159,275,71,124,236,93,276,56,187,16,77,168,372,228,44,58,244,189,37,62,58,470,8,11,68,63,183,47,33,109,321,54,366,98,19,66,57,42,82,107,36,90,119,169,441,187,98,4,22,361,126,33,39,388,9,289,11,191]
tiempo_ultimo_agente_goal 470
tiempo_en_acabar 470
tiempo_promedio 129.634995
agentes_en_goal 200
bad_good_total_rate_pred [132161,88968,221129,0.4]
push_out_count 10143
RUN 5
valores_ideales [30,35,12,19,30,38,39,5,16,40,23,25,33,36,25,17,28,34,33,23,38,13,27,7,11,32,13,3,38,32,15,38,17,12,29,19,21,23,15,45,21,21,28,26,13,39,36,20,11,3,38,37,31,8,29,37,18,19,15,35,20,48,38,13,28,11,19,15,41,10,9,8,37,32,15,35,24,41,21,33,38,22,17,45,21,41,27,41,37,26,18,40,17,40,49,24,36,19,37,26,40,33,26,44,21,14,28,23,24,12,7,18,15,19,45,16,30,21,29,39,32,35,28,47,35,4,11,17,6,35,30,8,10,16,36,35,49,35,7,19,32,32,14,24,37,34,36,19,35,8,41,9,40,39,31,25,18,22,36,38,31,19,41,26,8,11,11,14,50,22,30,31,29,33,13,26,10,24,48,22,26,39,22,30,43,23,26,22,37,4,15,31,39,30,24,44,6,30,9,32]
costo_por_agente [170,133,34,93,70,116,109,5,32,74,51,163,193,180,57,17,36,130,85,125,82,35,89,7,17,74,13,3,80,158,25,46,19,12,69,31,137,43,15,187,39,167,126,136,17,105,42,52,17,23,70,119,71,30,175,43,40,19,27,45,168,60,102,17,158,17,19,37,55,24,23,8,111,108,51,55,110,43,23,89,116,110,17,83,35,57,37,83,69,30,32,70,17,78,63,36,58,49,131,28,64,99,104,134,21,14,62,99,34,14,35,42,129,63,127,36,114,39,97,97,124,141,62,63,139,4,141,53,6,39,32,8,10,64,82,87,65,101,13,49,124,138,126,180,51,52,110,29,107,12,53,27,76,71,123,105,22,70,138,84,43,29,61,152,8,11,23,58,112,54,38,63,45,89,127,38,44,62,54,38,48,73,22,168,79,61,132,162,139,4,21,111,47,32,104,142,18,112,9,94]
completion_time_por_agente [279,234,50,166,121,204,177,5,44,120,69,277,279,285,68,17,44,245,124,227,144,53,151,7,22,111,16,8,137,238,39,51,23,12,110,41,230,48,19,295,60,279,199,248,19,166,54,80,24,34,116,222,109,48,256,55,67,25,38,81,298,82,174,22,260,24,21,60,80,54,35,8,187,178,89,75,150,52,23,150,197,167,19,132,54,84,66,127,94,36,51,120,18,121,96,39,80,90,259,37,89,146,178,171,24,15,85,167,44,15,57,68,226,114,196,65,167,52,166,154,190,260,100,99,232,5,221,84,6,48,37,8,11,80,112,126,95,148,23,98,195,244,214,289,72,84,185,48,176,15,83,45,119,124,195,188,23,117,210,126,59,50,91,223,8,11,30,106,198,78,48,106,80,142,254,58,72,104,68,56,65,106,22,277,126,107,203,255,226,4,33,178,75,36,168,232,33,172,9,162]
tiempo_ultimo_agente_goal 298
tiempo_en_acabar 298
tiempo_promedio 110.720001
agentes_en_goal 200
bad_good_total_rate_pred [113061,73371,186432,0.4]
push_out_count 12124
RUN 6
valores_ideales [30,35,12,19,30,38,39,5,16,40,23,25,33,36,25,17,28,34,33,23,38,13,27,7,11,32,13,3,38,32,15,38,17,12,29,19,21,23,15,45,21,21,28,26,13,39,36,20,11,3,38,37,31,8,29,37,18,19,15,35,20,48,38,13,28,11,19,15,41,10,9,8,37,32,15,35,24,41,21,33,38,22,17,45,21,41,27,41,37,26,18,40,17,40,49,24,36,19,37,26,40,33,26,44,21,14,28,23,24,12,7,18,15,19,45,16,30,21,29,39,32,35,28,47,35,4,11,17,6,35,30,8,10,16,36,35,49,35,7,19,32,32,14,24,37,34,36,19,35,8,41,9,40,39,31,25,18,22,36,38,31,19,41,26,8,11,11,14,50,22,30,31,29,33,13,26,10,24,48,22,26,39,22,30,43,23,26,22,37,4,15,31,39,30,24,44,6,30,9,32]
costo_por_agente [170,85,20,49,58,92,81,7,34,54,55,225,199,164,43,21,36,126,157,101,46,25,73,11,17,146,15,7,158,148,37,52,29,14,109,25,189,67,23,155,41,185,180,98,19,65,62,40,15,25,186,51,49,8,47,37,56,29,19,47,174,112,126,21,182,15,21,27,59,24,9,12,87,208,35,75,170,49,45,157,98,110,19,49,71,61,163,165,93,44,32,64,21,54,53,30,202,45,75,36,96,159,128,96,27,16,180,83,28,16,9,90,75,37,183,30,152,51,137,143,136,135,52,107,145,6,31,225,6,47,118,8,12,168,56,151,105,99,19,57,88,120,160,152,55,84,206,57,127,14,63,27,88,71,153,125,18,128,128,76,33,49,55,72,8,13,35,50,142,74,36,53,195,129,51,38,48,54,64,40,78,127,36,158,47,159,136,200,69,4,23,181,71,42,58,150,10,140,9,128]
completion_time_por_agente [286,130,40,79,79,163,93,7,59,83,76,382,303,246,51,26,52,258,266,169,61,31,118,12,22,245,20,14,259,242,69,64,46,14,150,33,362,100,31,242,79,289,338,176,27,115,82,69,22,35,326,74,81,9,63,42,95,31,25,79,297,193,230,28,339,23,23,46,102,51,10,15,154,359,61,113,267,65,73,235,179,171,19,62,139,83,283,280,169,63,44,91,24,85,72,32,351,79,108,49,166,267,210,166,33,20,300,141,39,23,16,156,150,63,316,39,252,79,250,223,210,249,70,190,258,6,45,372,7,69,205,8,13,289,80,271,152,182,20,96,149,218,269,268,77,130,314,85,203,18,96,43,135,115,281,222,20,224,196,114,33,77,75,115,8,15,60,91,228,117,39,74,319,237,59,54,93,68,89,59,125,215,48,239,77,255,206,327,106,4,40,260,136,51,90,272,11,247,9,242]
tiempo_ultimo_agente_goal 382
tiempo_en_acabar 382
tiempo_promedio 129.274994
agentes_en_goal 200
bad_good_total_rate_pred [136981,88666,225647,0.4]
push_out_count 14577
RUN 7
valores_ideales [30,35,12,19,30,38,39,5,16,40,23,25,33,36,25,17,28,34,33,23,38,13,27,7,11,32,13,3,38,32,15,38,17,12,29,19,21,23,15,45,21,21,28,26,13,39,36,20,11,3,38,37,31,8,29,37,18,19,15,35,20,48,38,13,28,11,19,15,41,10,9,8,37,32,15,35,24,41,21,33,38,22,17,45,21,41,27,41,37,26,18,40,17,40,49,24,36,19,37,26,40,33,26,44,21,14,28,23,24,12,7,18,15,19,45,16,30,21,29,39,32,35,28,47,35,4,11,17,6,35,30,8,10,16,36,35,49,35,7,19,32,32,14,24,37,34,36,19,35,8,41,9,40,39,31,25,18,22,36,38,31,19,41,26,8,11,11,14,50,22,30,31,29,33,13,26,10,24,48,22,26,39,22,30,43,23,26,22,37,4,15,31,39,30,24,44,6,30,9,32]
costo_por_agente [60,87,44,85,102,58,77,5,24,58,35,163,241,130,37,19,34,122,67,113,114,87,121,9,13,88,23,5,68,110,39,46,39,12,59,31,161,37,41,247,25,271,242,148,27,145,54,44,35,17,62,49,43,20,211,37,80,41,25,121,186,50,122,13,84,11,19,31,51,32,9,12,105,120,47,45,172,49,21,71,76,146,17,51,35,49,185,79,133,38,32,258,17,70,65,30,62,33,85,26,60,113,156,140,25,20,86,79,26,14,7,34,155,41,207,78,180,49,81,215,120,93,32,87,227,4,129,175,6,39,178,8,10,88,122,61,79,59,19,71,94,96,128,166,75,84,92,41,97,14,55,29,44,127,185,111,18,52,186,84,37,55,47,42,8,11,33,36,84,42,30,39,171,119,121,156,22,38,70,32,38,75,28,84,95,75,162,130,61,4,15,235,47,40,44,206,16,128,11,74]
completion_time_por_agente [83,137,75,158,155,91,112,5,31,82,48,263,394,208,43,25,43,201,108,186,194,151,191,11,15,166,31,8,90,184,65,48,63,12,93,51,247,51,49,374,34,401,353,236,40,249,68,67,56,23,87,64,55,26,392,40,147,70,29,209,278,58,190,13,145,14,21,55,56,69,12,14,196,198,89,55,236,75,22,113,131,259,19,64,57,68,329,119,190,53,49,390,20,124,91,35,97,41,134,30,97,179,257,221,31,26,132,127,27,15,11,54,223,75,365,115,302,71,134,386,186,153,42,156,342,5,204,322,6,50,309,8,15,137,212,89,126,96,24,136,141,140,208,263,117,130,136,68,159,18,74,42,49,209,308,203,19,69,297,134,49,91,63,53,8,12,50,52,121,64,33,43,298,217,204,273,33,53,101,48,54,132,38,151,167,106,301,230,95,4,20,392,82,46,75,370,21,222,14,129]
tiempo_ultimo_agente_goal 401
tiempo_en_acabar 401
tiempo_promedio 120.809998
agentes_en_goal 200
bad_good_total_rate_pred [121985,78499,200484,0.4]
push_out_count 16767
RUN 8
valores_ideales [30,35,12,19,30,38,39,5,16,40,23,25,33,36,25,17,28,34,33,23,38,13,27,7,11,32,13,3,38,32,15,38,17,12,29,19,21,23,15,45,21,21,28,26,13,39,36,20,11,3,38,37,31,8,29,37,18,19,15,35,20,48,38,13,28,11,19,15,41,10,9,8,37,32,15,35,24,41,21,33,38,22,17,45,21,41,27,41,37,26,18,40,17,40,49,24,36,19,37,26,40,33,26,44,21,14,28,23,24,12,7,18,15,19,45,16,30,21,29,39,32,35,28,47,35,4,11,17,6,35,30,8,10,16,36,35,49,35,7,19,32,32,14,24,37,34,36,19,35,8,41,9,40,39,31,25,18,22,36,38,31,19,41,26,8,11,11,14,50,22,30,31,29,33,13,26,10,24,48,22,26,39,22,30,43,23,26,22,37,4,15,31,39,30,24,44,6,30,9,32]
costo_por_agente [142,105,42,25,166,66,75,7,28,84,47,153,103,126,37,19,50,80,133,81,74,41,139,7,17,134,15,7,102,152,39,48,37,12,63,21,89,69,29,165,45,73,118,108,21,91,82,42,13,7,90,117,131,52,95,55,52,23,15,95,60,100,152,23,78,21,19,17,59,22,11,8,81,98,49,73,158,51,25,145,144,138,17,59,35,65,131,153,157,36,54,44,31,84,55,38,68,67,65,26,70,89,114,62,21,16,130,27,40,14,41,32,107,63,89,58,108,51,65,69,102,117,32,81,83,4,11,145,6,37,38,8,10,132,164,67,99,51,19,69,112,176,54,150,65,66,122,73,125,10,67,41,48,71,149,125,22,38,152,88,33,43,51,152,8,15,27,30,84,50,38,45,101,93,161,58,40,48,64,56,50,49,26,80,71,99,104,162,63,4,19,91,57,42,32,68,14,96,9,58]
completion_time_por_agente [219,166,74,32,289,106,114,9,32,139,80,248,146,207,45,21,66,143,240,107,113,77,265,7,25,257,16,14,151,295,73,60,59,12,107,25,140,107,36,264,72,113,188,188,37,147,119,80,20,17,140,193,231,95,166,78,100,37,16,171,62,154,266,40,124,33,21,26,79,37,13,8,140,157,81,103,268,68,38,218,245,240,20,85,40,100,201,227,271,41,86,60,42,141,72,52,100,120,101,26,112,137,194,85,21,19,232,33,61,19,61,50,201,108,129,93,173,85,83,110,180,192,37,117,137,4,12,275,6,41,50,8,10,220,239,96,164,71,21,131,155,277,89,263,92,94,175,128,218,12,97,79,49,112,247,202,26,51,221,127,34,75,69,265,8,17,48,38,122,84,40,69,171,161,244,89,68,66,80,87,66,62,26,121,114,163,168,247,89,4,27,166,79,53,39,98,17,190,9,101]
tiempo_ultimo_agente_goal 295
tiempo_en_acabar 295
tiempo_promedio 107.025002
agentes_en_goal 200
bad_good_total_rate_pred [106276,71644,177920,0.4]
push_out_count 18653
RUN 9
valores_ideales [30,35,12,19,30,38,39,5,16,40,23,25,33,36,25,17,28,34,33,23,38,13,27,7,11,32,13,3,38,32,15,38,17,12,29,19,21,23,15,45,21,21,28,26,13,39,36,20,11,3,38,37,31,8,29,37,18,19,15,35,20,48,38,13,28,11,19,15,41,10,9,8,37,32,15,35,24,41,21,33,38,22,17,45,21,41,27,41,37,26,18,40,17,40,49,24,36,19,37,26,40,33,26,44,21,14,28,23,24,12,7,18,15,19,45,16,30,21,29,39,32,35,28,47,35,4,11,17,6,35,30,8,10,16,36,35,49,35,7,19,32,32,14,24,37,34,36,19,35,8,41,9,40,39,31,25,18,22,36,38,31,19,41,26,8,11,11,14,50,22,30,31,29,33,13,26,10,24,48,22,26,39,22,30,43,23,26,22,37,4,15,31,39,30,24,44,6,30,9,32]
costo_por_agente [86,127,38,109,94,80,87,7,44,78,37,107,169,118,37,31,34,64,97,149,70,29,127,13,19,52,17,13,66,184,41,54,19,12,53,19,107,85,21,135,91,231,194,94,17,119,56,62,13,7,84,71,137,8,185,51,50,35,53,61,36,110,96,37,122,15,21,49,71,58,9,10,139,130,35,109,158,45,31,87,116,126,17,63,57,51,157,91,111,38,26,158,29,56,53,34,108,145,95,32,78,97,100,160,21,36,106,51,28,12,31,48,77,35,175,54,162,37,91,173,156,103,28,119,175,4,15,121,6,39,78,8,16,136,178,79,113,105,11,35,118,222,126,112,81,68,184,49,91,12,51,31,54,147,113,73,20,52,198,58,33,45,89,214,8,13,29,26,148,50,40,55,123,99,171,114,42,58,70,38,34,61,22,64,59,109,178,142,75,4,23,177,125,36,34,128,8,64,9,154]
completion_time_por_agente [137,227,79,210,148,137,145,8,61,126,44,162,301,202,50,49,46,106,154,243,109,46,206,15,29,76,21,18,105,339,81,69,23,12,81,24,200,149,22,248,163,372,333,140,24,184,79,101,15,15,142,118,236,8,310,70,80,46,86,95,48,196,135,61,224,19,26,86,103,102,9,11,212,207,60,173,259,54,46,149,202,221,20,94,85,71,261,144,199,63,38,273,36,85,69,53,190,239,147,44,115,146,152,245,22,63,166,82,28,14,57,87,157,60,290,80,281,70,169,293,237,174,28,193,360,4,25,192,6,42,114,8,17,265,316,120,166,163,12,47,169,369,175,177,128,115,269,71,145,14,57,58,68,241,153,126,23,78,289,92,34,75,135,358,13,14,62,34,228,81,54,86,211,184,305,200,65,101,102,61,44,92,23,92,99,183,256,241,101,4,31,259,203,43,44,207,13,94,9,252]
tiempo_ultimo_agente_goal 372
tiempo_en_acabar 372
tiempo_promedio 122.074997
agentes_en_goal 200
bad_good_total_rate_pred [129638,80798,210436,0.4]
push_out_count 20817
RUN 10
valores_ideales [30,35,12,19,30,38,39,5,16,40,23,25,33,36,25,17,28,34,33,23,38,13,27,7,11,32,13,3,38,32,15,38,17,12,29,19,21,23,15,45,21,21,28,26,13,39,36,20,11,3,38,37,31,8,29,37,18,19,15,35,20,48,38,13,28,11,19,15,41,10,9,8,37,32,15,35,24,41,21,33,38,22,17,45,21,41,27,41,37,26,18,40,17,40,49,24,36,19,37,26,40,33,26,44,21,14,28,23,24,12,7,18,15,19,45,16,30,21,29,39,32,35,28,47,35,4,11,17,6,35,30,8,10,16,36,35,49,35,7,19,32,32,14,24,37,34,36,19,35,8,41,9,40,39,31,25,18,22,36,38,31,19,41,26,8,11,11,14,50,22,30,31,29,33,13,26,10,24,48,22,26,39,22,30,43,23,26,22,37,4,15,31,39,30,24,44,6,30,9,32]
costo_por_agente [188,89,74,85,158,70,71,7,22,60,33,85,55,124,31,33,70,54,81,55,84,19,49,11,13,154,15,9,110,172,135,40,29,12,45,21,81,33,23,111,25,235,106,168,13,97,40,36,15,7,114,59,133,8,87,39,60,39,33,101,176,56,94,31,158,13,19,19,61,16,9,10,55,186,51,113,168,63,23,139,84,104,21,63,35,75,207,177,129,34,60,96,21,62,61,52,190,31,163,28,86,189,212,178,21,14,88,47,26,14,7,34,109,35,73,46,94,55,115,225,238,187,28,65,73,6,189,183,6,37,148,8,16,198,80,49,61,59,11,37,140,92,48,208,71,58,178,49,145,12,55,23,52,103,193,111,26,108,146,122,31,41,73,38,8,11,29,36,200,56,32,93,185,45,115,52,38,60,68,70,42,61,22,88,163,73,158,176,61,4,15,171,71,72,40,92,16,146,9,174]
completion_time_por_agente [308,156,105,153,235,113,115,9,38,91,49,144,89,235,38,53,106,81,127,82,124,24,69,12,19,258,18,16,219,291,245,44,45,12,61,32,139,41,29,172,36,328,206,319,18,147,45,45,15,11,193,85,201,8,126,44,103,60,47,183,340,80,168,51,287,18,21,27,74,31,11,11,83,247,88,219,255,90,29,228,155,141,22,96,54,123,346,282,218,43,97,163,23,92,89,79,345,47,278,33,129,321,329,332,22,14,164,68,26,16,9,52,180,46,124,65,147,84,211,379,346,304,32,98,126,7,363,359,7,45,275,8,17,328,110,69,77,102,14,61,236,135,66,336,112,88,269,81,241,16,78,27,68,144,305,183,30,175,242,195,35,59,121,47,8,12,50,47,300,85,36,152,321,60,201,83,63,90,96,105,68,94,22,142,269,136,273,330,96,4,20,282,122,97,51,150,19,291,9,303]
tiempo_ultimo_agente_goal 379
tiempo_en_acabar 379
tiempo_promedio 123.714996
agentes_en_goal 200
bad_good_total_rate_pred [125417,84002,209419,0.4]
push_out_count 23131
RUN 11
valores_ideales [30,35,12,19,30,38,39,5,16,40,23,25,33,36,25,17,28,34,33,23,38,13,27,7,11,32,13,3,38,32,15,38,17,12,29,19,21,23,15,45,21,21,28,26,13,39,36,20,11,3,38,37,31,8,29,37,18,19,15,35,20,48,38,13,28,11,19,15,41,10,9,8,37,32,15,35,24,41,21,33,38,22,17,45,21,41,27,41,37,26,18,40,17,40,49,24,36,19,37,26,40,33,26,44,21,14,28,23,24,12,7,18,15,19,45,16,30,21,29,39,32,35,28,47,35,4,11,17,6,35,30,8,10,16,36,35,49,35,7,19,32,32,14,24,37,34,36,19,35,8,41,9,40,39,31,25,18,22,36,38,31,19,41,26,8,11,11,14,50,22,30,31,29,33,13,26,10,24,48,22,26,39,22,30,43,23,26,22,37,4,15,31,39,30,24,44,6,30,9,32]
costo_por_agente [50,125,34,33,182,116,83,5,34,114,35,131,175,110,35,39,52,120,97,107,70,49,95,11,13,106,17,3,82,130,39,42,19,12,53,19,117,41,21,177,25,147,166,52,27,93,62,30,15,7,76,107,207,12,189,39,42,39,33,81,52,48,108,35,156,17,19,17,51,32,13,10,87,36,35,99,56,57,45,57,70,140,21,63,55,69,189,93,119,36,60,64,17,48,59,28,96,145,107,32,70,83,134,48,21,14,96,51,28,14,35,40,53,41,141,58,216,43,55,53,96,93,28,75,179,4,15,109,6,41,58,10,34,108,86,63,59,97,31,55,78,98,102,116,79,72,228,47,123,14,49,29,94,115,101,107,20,46,196,76,39,23,45,94,8,11,27,32,186,58,36,39,89,135,151,82,34,52,52,48,42,61,30,140,119,63,146,264,57,4,29,225,75,36,56,120,6,58,9,64]
completion_time_por_agente [65,237,54,46,336,181,111,5,56,190,48,235,311,202,45,63,81,227,160,204,110,83,130,14,16,174,22,6,114,223,78,50,26,12,84,24,178,52,24,296,33,268,250,82,38,143,91,44,24,10,131,186,348,12,342,48,67,64,45,126,88,58,163,53,255,22,21,20,72,52,15,15,118,44,65,167,80,85,72,90,112,213,23,79,69,109,338,137,223,41,102,87,17,80,89,29,159,231,169,47,121,133,239,61,21,15,172,78,35,17,72,62,95,72,243,87,412,75,73,76,167,137,30,101,298,4,21,206,6,50,75,10,45,182,146,94,80,169,56,90,144,148,152,195,134,108,395,80,201,21,63,50,141,193,146,178,21,67,291,125,51,44,56,142,8,12,43,44,322,80,44,51,152,218,281,129,51,77,72,68,56,92,42,215,188,91,233,427,98,4,46,353,126,49,76,207,6,104,10,92]
tiempo_ultimo_agente_goal 427
tiempo_en_acabar 427
tiempo_promedio 111.364998
agentes_en_goal 200
bad_good_total_rate_pred [111522,73967,185489,0.4]
push_out_count 25126
RUN 12
valores_ideales [30,35,12,19,30,38,39,5,16,40,23,25,33,36,25,17,28,34,33,23,38,13,27,7,11,32,13,3,38,32,15,38,17,12,29,19,21,23,15,45,21,21,28,26,13,39,36,20,11,3,38,37,31,8,29,37,18,19,15,35,20,48,38,13,28,11,19,15,41,10,9,8,37,32,15,35,24,41,21,33,38,22,17,45,21,41,27,41,37,26,18,40,17,40,49,24,36,19,37,26,40,33,26,44,21,14,28,23,24,12,7,18,15,19,45,16,30,21,29,39,32,35,28,47,35,4,11,17,6,35,30,8,10,16,36,35,49,35,7,19,32,32,14,24,37,34,36,19,35,8,41,9,40,39,31,25,18,22,36,38,31,19,41,26,8,11,11,14,50,22,30,31,29,33,13,26,10,24,48,22,26,39,22,30,43,23,26,22,37,4,15,31,39,30,24,44,6,30,9,32]
costo_por_agente [62,89,40,59,90,94,91,13,36,78,45,141,153,164,31,33,34,132,53,77,96,19,107,7,15,90,15,25,154,90,75,66,23,14,53,27,71,71,33,231,105,233,194,120,15,121,42,38,31,13,96,141,109,32,239,45,48,25,27,69,174,164,66,33,114,21,19,27,57,30,9,10,95,56,43,53,164,65,21,125,100,86,39,65,33,69,171,147,63,26,46,208,23,62,51,26,154,111,115,130,126,147,210,52,23,14,80,59,42,14,19,42,95,31,57,40,150,37,71,115,130,111,34,63,217,6,65,125,76,39,170,8,10,82,100,141,225,75,23,47,140,68,88,82,71,154,224,69,133,28,71,31,106,103,155,153,26,36,108,122,33,27,105,250,8,11,25,40,158,54,32,55,53,135,119,118,54,44,90,28,58,49,24,142,69,121,144,220,111,4,15,149,71,82,34,250,36,158,9,100]
completion_time_por_agente [76,146,77,77,126,150,138,13,60,122,64,235,297,258,40,51,41,202,83,114,145,21,199,7,18,164,15,44,250,141,128,96,28,14,79,33,106,117,38,336,158,389,340,211,22,211,53,57,49,16,167,251,144,44,324,59,78,37,37,116,278,273,86,49,199,37,21,42,80,54,9,14,153,87,70,67,250,96,25,228,171,134,47,93,46,105,323,263,108,27,63,326,23,108,63,35,272,181,184,239,213,255,349,62,24,15,113,108,55,14,33,74,170,42,81,58,238,60,133,188,213,157,43,80,316,7,105,226,157,49,292,8,10,133,158,234,382,113,39,85,249,96,149,137,112,257,381,114,224,35,101,51,177,164,256,256,31,55,198,202,36,43,150,359,8,11,39,57,224,78,41,84,73,237,235,201,87,55,141,44,89,62,25,252,117,236,227,368,179,4,20,229,127,128,41,403,57,289,10,190]
tiempo_ultimo_agente_goal 403
tiempo_en_acabar 403
tiempo_promedio 128.169998
agentes_en_goal 200
bad_good_total_rate_pred [138826,85041,223867,0.4]
push_out_count 27558
RUN 13
valores_ideales [30,35,12,19,30,38,39,5,16,40,23,25,33,36,25,17,28,34,33,23,38,13,27,7,11,32,13,3,38,32,15,38,17,12,29,19,21,23,15,45,21,21,28,26,13,39,36,20,11,3,38,37,31,8,29,37,18,19,15,35,20,48,38,13,28,11,19,15,41,10,9,8,37,32,15,35,24,41,21,33,38,22,17,45,21,41,27,41,37,26,18,40,17,40,49,24,36,19,37,26,40,33,26,44,21,14,28,23,24,12,7,18,15,19,45,16,30,21,29,39,32,35,28,47,35,4,11,17,6,35,30,8,10,16,36,35,49,35,7,19,32,32,14,24,37,34,36,19,35,8,41,9,40,39,31,25,18,22,36,38,31,19,41,26,8,11,11,14,50,22,30,31,29,33,13,26,10,24,48,22,26,39,22,30,43,23,26,22,37,4,15,31,39,30,24,44,6,30,9,32]
costo_por_agente [160,105,40,55,140,82,55,7,28,128,39,141,181,112,37,21,30,90,83,99,64,45,107,13,17,88,19,17,52,132,25,42,73,12,65,21,121,37,19,127,21,177,190,82,15,95,56,60,17,11,100,41,109,8,161,43,52,63,49,145,156,76,94,25,124,19,21,15,51,18,13,12,105,104,61,105,198,53,35,109,116,72,19,53,43,57,179,131,141,28,32,86,17,48,53,28,112,175,137,28,50,95,94,60,21,14,64,41,32,12,41,32,115,57,85,52,78,43,101,125,150,111,38,123,151,6,23,127,6,37,156,8,10,112,100,53,87,67,13,49,106,132,68,148,49,62,186,27,45,16,65,37,50,123,109,89,22,48,68,64,35,27,69,54,8,17,69,48,168,80,38,59,85,41,139,64,50,48,128,28,48,63,42,50,101,47,154,158,51,4,43,149,49,30,50,86,18,74,9,166]
completion_time_por_agente [261,161,68,99,233,142,80,8,43,220,58,278,298,203,45,29,33,165,146,201,82,76,202,15,22,142,21,31,64,221,41,44,132,12,91,28,223,47,25,223,29,256,322,134,17,146,94,95,25,18,167,49,158,9,280,51,73,109,68,225,264,110,145,29,190,36,23,17,62,30,19,19,201,157,107,175,328,69,54,198,192,104,21,74,61,72,239,203,219,34,51,123,18,61,69,30,175,256,201,30,67,171,134,84,21,16,100,65,36,13,75,38,191,96,104,83,127,75,158,225,251,161,49,214,256,6,28,214,6,42,281,8,10,188,173,85,111,101,16,67,180,205,114,238,72,92,304,31,60,21,96,64,65,174,172,160,30,64,98,74,39,40,113,73,8,20,119,75,269,113,49,90,139,51,216,100,80,88,216,34,82,82,59,64,162,72,258,278,71,4,67,233,72,33,77,123,23,146,9,274]
tiempo_ultimo_agente_goal 328
tiempo_en_acabar 328
tiempo_promedio 109.425003
agentes_en_goal 200
bad_good_total_rate_pred [115703,72445,188148,0.4]
push_out_count 29458
RUN 14
valores_ideales [30,35,12,19,30,38,39,5,16,40,23,25,33,36,25,17,28,34,33,23,38,13,27,7,11,32,13,3,38,32,15,38,17,12,29,19,21,23,15,45,21,21,28,26,13,39,36,20,11,3,38,37,31,8,29,37,18,19,15,35,20,48,38,13,28,11,19,15,41,10,9,8,37,32,15,35,24,41,21,33,38,22,17,45,21,41,27,41,37,26,18,40,17,40,49,24,36,19,37,26,40,33,26,44,21,14,28,23,24,12,7,18,15,19,45,16,30,21,29,39,32,35,28,47,35,4,11,17,6,35,30,8,10,16,36,35,49,35,7,19,32,32,14,24,37,34,36,19,35,8,41,9,40,39,31,25,18,22,36,38,31,19,41,26,8,11,11,14,50,22,30,31,29,33,13,26,10,24,48,22,26,39,22,30,43,23,26,22,37,4,15,31,39,30,24,44,6,30,9,32]
costo_por_agente [80,71,52,67,142,76,99,19,48,88,37,93,153,126,47,19,32,130,127,103,104,65,135,7,11,92,13,3,80,162,43,40,41,12,55,19,101,35,17,93,45,243,238,44,17,151,88,48,25,29,96,41,133,20,109,47,68,31,17,81,62,130,126,25,92,13,19,17,49,28,11,12,83,76,35,99,252,45,31,103,116,108,17,47,31,59,79,181,173,32,30,156,21,50,85,32,92,195,81,46,68,131,78,234,29,56,84,57,38,12,31,46,79,43,197,52,254,35,97,261,102,67,30,69,219,6,123,99,6,43,296,8,12,68,152,85,283,113,11,59,158,136,122,66,53,60,202,57,103,12,79,15,78,45,73,97,20,34,250,150,53,49,59,212,8,11,23,42,202,62,32,49,85,49,119,64,26,52,80,46,54,131,28,44,125,97,172,198,61,4,17,173,51,36,30,276,8,50,9,60]
completion_time_por_agente [117,110,89,133,221,127,167,23,62,137,52,154,232,214,61,27,42,207,237,126,158,127,190,7,12,159,16,6,133,304,80,43,60,13,78,24,161,40,21,150,75,368,417,73,19,265,122,82,40,44,154,52,243,29,179,60,102,35,19,146,80,189,199,34,155,17,21,18,68,48,13,18,120,123,59,164,430,55,43,180,191,190,19,55,35,89,109,299,287,38,41,237,23,63,121,43,146,314,152,51,108,229,123,393,37,102,125,96,55,13,60,79,151,63,311,85,383,53,164,432,181,115,32,105,412,7,203,187,6,53,448,8,15,118,260,137,447,179,14,104,252,200,242,85,83,93,345,120,170,14,123,18,119,62,120,174,21,53,387,250,76,88,85,334,8,11,37,66,339,103,39,75,143,57,216,90,46,74,120,73,95,211,32,77,236,161,272,352,94,4,22,292,75,52,37,476,12,76,9,89]
tiempo_ultimo_agente_goal 476
tiempo_en_acabar 476
tiempo_promedio 125.794998
agentes_en_goal 200
bad_good_total_rate_pred [134810,80827,215637,0.4]
push_out_count 31679
RUN 15
valores_ideales [30,35,12,19,30,38,39,5,16,40,23,25,33,36,25,17,28,34,33,23,38,13,27,7,11,32,13,3,38,32,15,38,17,12,29,19,21,23,15,45,21,21,28,26,13,39,36,20,11,3,38,37,31,8,29,37,18,19,15,35,20,48,38,13,28,11,19,15,41,10,9,8,37,32,15,35,24,41,21,33,38,22,17,45,21,41,27,41,37,26,18,40,17,40,49,24,36,19,37,26,40,33,26,44,21,14,28,23,24,12,7,18,15,19,45,16,30,21,29,39,32,35,28,47,35,4,11,17,6,35,30,8,10,16,36,35,49,35,7,19,32,32,14,24,37,34,36,19,35,8,41,9,40,39,31,25,18,22,36,38,31,19,41,26,8,11,11,14,50,22,30,31,29,33,13,26,10,24,48,22,26,39,22,30,43,23,26,22,37,4,15,31,39,30,24,44,6,30,9,32]
costo_por_agente [142,81,28,45,120,116,139,5,26,48,43,125,199,154,35,41,36,76,175,45,64,51,105,9,15,120,15,39,62,114,61,42,19,12,53,19,167,55,23,217,25,207,146,166,27,109,56,54,21,5,144,73,105,8,143,41,56,21,23,105,202,158,160,13,44,21,21,15,45,36,13,8,63,74,73,97,202,47,25,153,92,168,25,79,39,63,195,79,127,46,50,62,17,52,79,34,102,135,99,26,68,99,136,60,21,14,112,57,36,16,35,44,69,59,69,46,76,51,57,175,196,99,42,61,133,4,13,103,6,55,74,8,22,120,144,51,171,61,21,49,124,118,96,166,61,60,126,63,123,14,53,27,52,91,121,107,24,38,50,78,33,25,95,58,12,11,25,38,206,38,50,49,73,175,171,62,16,52,96,30,34,151,40,106,133,77,92,212,123,4,19,105,55,58,64,156,8,152,9,52]
completion_time_por_agente [236,117,52,71,161,206,244,5,35,64,54,207,344,276,44,67,41,110,287,48,96,85,152,10,19,204,18,79,99,201,105,47,21,13,69,20,299,85,33,311,35,331,228,307,40,182,81,75,32,8,248,124,173,10,222,44,74,31,31,183,323,292,289,15,69,25,22,16,54,63,17,11,96,127,113,164,331,58,36,265,161,256,37,127,53,92,345,137,190,70,96,77,18,62,120,45,179,194,173,27,101,149,247,93,22,14,189,81,40,20,60,69,132,93,105,67,125,84,75,325,346,151,55,89,261,4,18,182,6,72,122,8,32,199,254,79,283,97,30,91,216,193,156,255,90,103,220,110,191,21,74,47,63,166,209,166,36,62,84,125,34,44,158,59,18,16,41,60,358,53,78,59,126,312,267,93,22,87,159,36,43,266,58,157,241,117,168,375,219,4,22,167,104,73,104,305,11,273,10,78]
tiempo_ultimo_agente_goal 375
tiempo_en_acabar 375
tiempo_promedio 119.355003
agentes_en_goal 200
bad_good_total_rate_pred [121654,81733,203387,0.4]
push_out_count 34012
RUN 16
valores_ideales [30,35,12,19,30,38,39,5,16,40,23,25,33,36,25,17,28,34,33,23,38,13,27,7,11,32,13,3,38,32,15,38,17,12,29,19,21,23,15,45,21,21,28,26,13,39,36,20,11,3,38,37,31,8,29,37,18,19,15,35,20,48,38,13,28,11,19,15,41,10,9,8,37,32,15,35,24,41,21,33,38,22,17,45,21,41,27,41,37,26,18,40,17,40,49,24,36,19,37,26,40,33,26,44,21,14,28,23,24,12,7,18,15,19,45,16,30,21,29,39,32,35,28,47,35,4,11,17,6,35,30,8,10,16,36,35,49,35,7,19,32,32,14,24,37,34,36,19,35,8,41,9,40,39,31,25,18,22,36,38,31,19,41,26,8,11,11,14,50,22,30,31,29,33,13,26,10,24,48,22,26,39,22,30,43,23,26,22,37,4,15,31,39,30,24,44,6,30,9,32]
costo_por_agente [78,137,16,59,146,68,131,5,102,116,65,227,203,136,35,17,238,154,123,167,76,17,79,7,11,100,13,7,84,128,33,50,19,14,55,27,125,47,45,185,23,43,192,138,17,125,48,64,15,7,196,49,135,12,199,47,30,45,29,131,216,118,192,53,136,23,43,21,61,38,9,10,91,200,45,93,260,45,27,121,182,134,21,73,47,91,187,133,105,32,26,112,43,106,77,24,102,101,179,58,84,145,78,50,21,30,176,63,32,16,9,36,43,53,57,36,178,49,131,175,152,125,44,111,95,6,39,171,6,47,156,8,12,84,112,53,59,129,13,91,96,104,122,176,69,64,246,23,101,14,67,41,48,67,221,155,24,62,266,68,39,31,59,108,8,11,57,64,102,52,52,55,119,123,115,40,40,66,92,40,54,69,22,86,133,35,164,188,87,4,37,151,197,36,76,154,6,144,9,116]
completion_time_por_agente [139,272,28,110,202,123,204,5,203,203,106,337,356,257,41,19,404,268,175,274,105,22,122,9,13,131,15,13,120,218,61,68,22,14,79,37,214,71,65,280,26,65,359,239,22,204,71,94,15,19,348,73,234,14,345,59,39,71,50,240,406,196,323,75,213,42,71,35,88,70,11,10,140,325,80,155,436,57,32,193,295,196,24,110,56,137,311,245,165,38,34,174,83,197,108,27,155,175,270,82,140,230,127,56,21,49,313,132,42,20,15,56,62,82,80,51,271,79,217,269,285,206,71,188,144,7,71,294,6,62,257,8,14,178,192,67,72,208,19,177,164,165,225,288,107,96,407,28,178,22,96,82,64,96,306,283,28,99,421,112,45,45,84,173,8,12,74,107,157,93,72,101,181,204,212,58,59,98,152,53,76,96,23,138,224,51,278,327,146,4,70,263,333,45,123,273,6,252,11,209]
tiempo_ultimo_agente_goal 436
tiempo_en_acabar 436
tiempo_promedio 134.365005
agentes_en_goal 200
bad_good_total_rate_pred [144997,90679,235676,0.4]
push_out_count 36551
RUN 17
valores_ideales [30,35,12,19,30,38,39,5,16,40,23,25,33,36,25,17,28,34,33,23,38,13,27,7,11,32,13,3,38,32,15,38,17,12,29,19,21,23,15,45,21,21,28,26,13,39,36,20,11,3,38,37,31,8,29,37,18,19,15,35,20,48,38,13,28,11,19,15,41,10,9,8,37,32,15,35,24,41,21,33,38,22,17,45,21,41,27,41,37,26,18,40,17,40,49,24,36,19,37,26,40,33,26,44,21,14,28,23,24,12,7,18,15,19,45,16,30,21,29,39,32,35,28,47,35,4,11,17,6,35,30,8,10,16,36,35,49,35,7,19,32,32,14,24,37,34,36,19,35,8,41,9,40,39,31,25,18,22,36,38,31,19,41,26,8,11,11,14,50,22,30,31,29,33,13,26,10,24,48,22,26,39,22,30,43,23,26,22,37,4,15,31,39,30,24,44,6,30,9,32]
costo_por_agente [36,79,28,61,82,68,63,55,36,82,37,121,101,138,31,19,32,72,123,33,60,41,95,13,15,74,13,3,50,86,63,40,19,12,45,23,93,65,17,147,39,127,112,144,19,109,64,36,15,23,160,89,83,8,191,43,32,25,33,181,104,60,152,13,158,13,19,41,49,36,17,10,113,64,23,79,188,49,79,79,50,74,17,59,27,57,163,155,105,28,26,210,17,56,49,46,96,113,147,26,122,133,166,146,21,16,128,55,26,14,7,30,47,33,149,56,138,49,79,199,116,141,38,109,137,4,63,103,6,41,42,8,10,122,70,65,185,101,7,83,132,92,150,142,71,68,100,53,67,14,67,39,46,83,153,79,22,38,154,94,55,31,43,154,8,15,43,92,132,44,40,63,37,73,111,108,46,50,66,30,34,147,28,96,85,145,102,112,61,4,27,97,81,48,28,120,44,162,9,110]
completion_time_por_agente [45,133,50,107,132,102,96,83,57,107,48,211,179,231,37,23,44,106,215,40,89,68,116,13,21,114,16,6,65,140,116,42,26,13,62,28,161,103,21,188,61,230,222,242,21,188,92,54,20,38,271,147,130,10,322,61,51,30,56,301,204,84,245,13,278,16,22,70,58,69,23,10,178,92,39,133,307,62,150,135,84,132,19,80,33,75,248,264,172,31,37,328,17,83,63,61,155,154,262,27,216,240,247,255,22,18,205,95,31,15,8,37,77,56,227,96,202,76,138,285,205,259,50,184,189,5,100,207,6,48,60,8,10,206,106,89,269,179,10,130,194,163,276,221,119,91,153,95,110,20,106,72,64,144,262,120,25,49,248,157,62,44,59,205,8,18,64,174,214,59,47,96,59,114,179,186,76,79,104,36,46,260,37,124,145,211,165,196,91,4,44,158,127,72,32,217,75,290,9,195]
tiempo_ultimo_agente_goal 328
tiempo_en_acabar 328
tiempo_promedio 112.250000
agentes_en_goal 200
bad_good_total_rate_pred [120603,72432,193035,0.4]
push_out_count 38524
RUN 18
valores_ideales [30,35,12,19,30,38,39,5,16,40,23,25,33,36,25,17,28,34,33,23,38,13,27,7,11,32,13,3,38,32,15,38,17,12,29,19,21,23,15,45,21,21,28,26,13,39,36,20,11,3,38,37,31,8,29,37,18,19,15,35,20,48,38,13,28,11,19,15,41,10,9,8,37,32,15,35,24,41,21,33,38,22,17,45,21,41,27,41,37,26,18,40,17,40,49,24,36,19,37,26,40,33,26,44,21,14,28,23,24,12,7,18,15,19,45,16,30,21,29,39,32,35,28,47,35,4,11,17,6,35,30,8,10,16,36,35,49,35,7,19,32,32,14,24,37,34,36,19,35,8,41,9,40,39,31,25,18,22,36,38,31,19,41,26,8,11,11,14,50,22,30,31,29,33,13,26,10,24,48,22,26,39,22,30,43,23,26,22,37,4,15,31,39,30,24,44,6,30,9,32]
costo_por_agente [42,121,36,47,140,54,55,15,20,56,43,111,177,94,43,17,32,92,99,123,80,31,163,11,15,78,15,7,102,100,47,42,17,12,73,27,147,83,17,197,21,281,162,100,17,131,74,38,23,7,116,57,155,10,143,37,50,25,31,57,108,108,74,21,124,19,21,19,53,36,9,10,63,120,27,97,198,41,25,97,126,188,17,47,37,47,265,91,47,32,24,98,17,72,95,34,82,191,65,26,104,85,246,138,21,14,126,33,28,14,31,40,47,43,123,40,116,31,127,243,136,81,38,75,105,4,55,115,10,47,232,8,14,48,102,55,73,159,15,89,160,134,82,60,59,114,110,77,99,12,59,17,50,157,103,79,18,64,158,122,33,25,215,62,8,19,43,22,178,52,36,45,107,61,207,68,44,46,104,32,64,41,28,46,101,93,238,154,59,4,29,119,63,54,46,220,6,90,9,46]
completion_time_por_agente [49,215,59,74,226,84,70,18,24,87,67,208,283,139,57,19,35,128,157,186,125,54,305,13,20,120,17,11,179,167,84,43,20,12,115,36,229,145,25,329,25,474,263,186,20,226,115,49,34,7,199,88,259,10,222,41,80,32,39,100,175,178,114,27,218,33,21,21,64,56,11,11,86,183,38,184,313,45,32,179,212,288,19,56,48,61,442,126,71,38,28,152,17,120,153,44,132,326,107,29,160,153,455,259,21,16,213,44,35,17,51,62,84,67,208,64,201,41,189,441,230,114,45,118,179,5,102,198,11,59,418,8,20,77,153,82,99,273,20,175,263,213,159,83,97,212,180,133,170,18,71,27,64,292,169,136,20,101,298,206,35,32,341,91,8,24,74,24,230,69,48,50,187,94,388,93,74,74,151,39,107,47,30,72,162,170,407,242,98,4,44,202,93,79,63,393,10,164,9,77]
tiempo_ultimo_agente_goal 474
tiempo_en_acabar 474
tiempo_promedio 119.195000
agentes_en_goal 200
bad_good_total_rate_pred [121204,79123,200327,0.4]
push_out_count 40766
RUN 19
valores_ideales [30,35,12,19,30,38,39,5,16,40,23,25,33,36,25,17,28,34,33,23,38,13,27,7,11,32,13,3,38,32,15,38,17,12,29,19,21,23,15,45,21,21,28,26,13,39,36,20,11,3,38,37,31,8,29,37,18,19,15,35,20,48,38,13,28,11,19,15,41,10,9,8,37,32,15,35,24,41,21,33,38,22,17,45,21,41,27,41,37,26,18,40,17,40,49,24,36,19,37,26,40,33,26,44,21,14,28,23,24,12,7,18,15,19,45,16,30,21,29,39,32,35,28,47,35,4,11,17,6,35,30,8,10,16,36,35,49,35,7,19,32,32,14,24,37,34,36,19,35,8,41,9,40,39,31,25,18,22,36,38,31,19,41,26,8,11,11,14,50,22,30,31,29,33,13,26,10,24,48,22,26,39,22,30,43,23,26,22,37,4,15,31,39,30,24,44,6,30,9,32]
costo_por_agente [36,83,50,43,116,42,57,7,20,56,49,115,99,100,33,19,32,78,91,115,94,25,121,9,17,162,19,3,114,164,25,44,19,14,47,21,117,33,15,269,51,231,218,76,15,109,44,48,21,9,86,77,155,28,63,37,48,31,21,101,228,70,108,15,102,21,19,19,53,38,9,10,85,100,43,95,120,43,43,67,80,138,39,47,49,75,117,77,163,26,24,206,19,46,77,30,120,125,93,30,72,111,80,50,25,14,112,47,46,12,13,36,99,47,71,44,198,55,135,215,150,109,34,77,93,6,89,35,10,41,74,8,32,82,156,81,253,135,9,65,74,88,66,116,45,100,214,57,97,12,53,15,52,115,101,55,24,62,184,116,33,35,57,234,8,11,17,38,198,42,42,53,59,57,135,76,26,40,62,24,40,57,30,94,101,41,184,140,53,4,29,125,57,72,42,160,10,62,9,42]
completion_time_por_agente [40,132,91,73,185,49,79,7,25,76,82,190,153,165,45,25,33,120,143,199,139,38,160,13,24,299,20,5,190,270,45,47,24,14,64,28,201,40,18,382,92,370,306,107,15,201,52,74,25,10,141,113,279,51,102,38,63,41,34,153,388,99,173,16,179,31,19,25,64,54,12,16,124,156,90,147,195,47,56,98,133,220,56,64,60,103,221,111,248,29,27,307,19,59,125,37,191,195,147,37,117,169,111,68,26,17,191,63,65,15,18,56,159,93,106,71,337,84,221,369,273,196,44,113,161,8,154,41,12,53,100,8,44,115,266,145,418,235,10,99,103,142,113,194,65,165,356,101,157,13,71,20,66,188,158,76,32,103,305,202,36,52,83,387,8,11,18,48,326,57,55,78,88,87,227,142,36,72,82,26,58,88,31,150,182,64,264,224,69,4,51,211,77,107,56,246,14,104,9,47]
tiempo_ultimo_agente_goal 418
tiempo_en_acabar 418
tiempo_promedio 110.169998
agentes_en_goal 200
bad_good_total_rate_pred [112284,70014,182298,0.4]
push_out_count 42699
RUN 20
valores_ideales [30,35,12,19,30,38,39,5,16,40,23,25,33,36,25,17,28,34,33,23,38,13,27,7,11,32,13,3,38,32,15,38,17,12,29,19,21,23,15,45,21,21,28,26,13,39,36,20,11,3,38,37,31,8,29,37,18,19,15,35,20,48,38,13,28,11,19,15,41,10,9,8,37,32,15,35,24,41,21,33,38,22,17,45,21,41,27,41,37,26,18,40,17,40,49,24,36,19,37,26,40,33,26,44,21,14,28,23,24,12,7,18,15,19,45,16,30,21,29,39,32,35,28,47,35,4,11,17,6,35,30,8,10,16,36,35,49,35,7,19,32,32,14,24,37,34,36,19,35,8,41,9,40,39,31,25,18,22,36,38,31,19,41,26,8,11,11,14,50,22,30,31,29,33,13,26,10,24,48,22,26,39,22,30,43,23,26,22,37,4,15,31,39,30,24,44,6,30,9,32]
costo_por_agente [38,85,54,51,164,98,63,5,16,148,43,129,209,106,41,27,32,56,71,87,102,29,161,11,25,66,13,3,70,200,45,46,21,12,75,21,77,29,15,233,21,201,70,74,23,195,76,70,13,7,74,57,97,8,67,37,52,25,51,85,218,102,74,21,90,29,21,19,83,30,13,12,111,70,41,77,206,55,45,103,76,66,19,51,33,55,41,187,155,28,30,72,47,58,49,24,92,157,115,28,52,75,152,52,23,14,106,49,42,12,7,36,49,49,95,36,76,61,167,69,220,77,58,79,57,6,45,109,6,53,58,8,10,46,166,51,51,103,9,53,116,164,68,106,53,54,210,23,59,14,61,57,66,51,81,95,20,44,104,114,51,37,51,26,8,11,39,34,74,58,52,55,71,57,139,58,26,66,64,32,36,53,42,102,185,85,200,236,93,4,15,181,53,38,36,52,10,104,9,70]
completion_time_por_agente [46,148,87,75,266,153,90,5,18,265,73,210,359,166,53,36,42,74,102,142,167,44,276,13,40,111,16,5,96,331,79,58,33,13,123,23,109,44,20,343,29,353,111,139,32,312,131,104,22,7,118,70,175,12,120,38,81,34,85,166,363,164,119,29,160,44,21,24,122,55,18,18,193,111,74,134,336,67,65,145,129,92,20,64,39,77,56,327,239,32,43,81,82,88,54,29,166,267,198,37,79,117,285,61,28,14,182,77,50,16,7,62,83,78,137,49,101,97,245,127,363,135,73,133,88,6,71,187,7,72,80,8,10,64,280,64,65,157,12,81,195,274,114,188,78,79,371,29,91,21,81,86,96,78,126,168,20,58,164,205,55,66,57,32,8,16,58,52,99,89,78,86,123,84,245,109,40,106,90,41,42,66,62,166,299,162,333,387,158,4,18,296,83,46,37,68,12,168,10,115]
tiempo_ultimo_agente_goal 387
tiempo_en_acabar 387
tiempo_promedio 106.570000
agentes_en_goal 200
bad_good_total_rate_pred [103096,70101,173197,0.4]
push_out_count 44549
RUN 21
valores_ideales [30,35,12,19,30,38,39,5,16,40,23,25,33,36,25,17,28,34,33,23,38,13,27,7,11,32,13,3,38,32,15,38,17,12,29,19,21,23,15,45,21,21,28,26,13,39,36,20,11,3,38,37,31,8,29,37,18,19,15,35,20,48,38,13,28,11,19,15,41,10,9,8,37,32,15,35,24,41,21,33,38,22,17,45,21,41,27,41,37,26,18,40,17,40,49,24,36,19,37,26,40,33,26,44,21,14,28,23,24,12,7,18,15,19,45,16,30,21,29,39,32,35,28,47,35,4,11,17,6,35,30,8,10,16,36,35,49,35,7,19,32,32,14,24,37,34,36,19,35,8,41,9,40,39,31,25,18,22,36,38,31,19,41,26,8,11,11,14,50,22,30,31,29,33,13,26,10,24,48,22,26,39,22,30,43,23,26,22,37,4,15,31,39,30,24,44,6,30,9,32]
costo_por_agente [132,99,34,135,150,88,97,21,20,90,51,69,205,90,35,17,36,90,83,35,88,33,65,13,13,104,15,19,92,148,33,48,19,14,39,21,165,35,19,309,21,287,242,86,17,71,56,28,17,41,98,55,131,28,199,37,58,33,23,147,98,76,72,13,102,15,19,33,71,22,11,8,93,86,33,57,194,43,33,93,62,62,45,63,47,65,257,219,101,28,22,230,17,50,73,28,68,71,119,30,60,79,282,86,21,24,110,29,40,14,7,34,59,55,83,32,216,51,95,299,186,135,32,61,105,6,117,145,6,41,52,10,10,84,90,59,247,89,25,91,86,104,62,118,63,60,68,109,109,12,91,13,86,105,127,107,22,46,362,114,47,33,57,52,8,13,27,38,136,44,38,41,133,61,197,52,30,44,62,30,50,51,22,74,97,43,210,250,83,4,19,79,139,44,42,98,8,98,11,68]
completion_time_por_agente [213,153,50,243,274,130,161,30,35,140,76,109,333,155,51,17,50,143,129,44,156,55,97,17,15,181,16,30,145,248,65,70,20,14,52,23,238,43,20,495,24,469,420,138,18,113,76,37,21,64,146,70,236,41,379,38,86,48,36,242,167,119,104,14,178,24,21,49,116,40,13,9,151,135,62,87,304,50,51,165,91,114,62,83,70,93,422,364,165,29,30,355,17,67,107,28,97,139,189,40,97,115,495,117,22,27,180,35,59,17,8,44,98,94,131,38,352,65,152,549,289,215,46,77,156,6,205,256,6,49,65,10,10,155,143,89,422,138,58,143,151,143,105,183,87,66,105,189,167,16,148,26,159,168,242,140,28,63,518,145,62,49,82,62,8,14,41,57,196,74,46,48,244,98,346,79,47,65,88,37,83,61,24,109,164,62,360,376,125,4,30,131,214,64,63,155,10,183,11,130]
tiempo_ultimo_agente_goal 549
tiempo_en_acabar 549
tiempo_promedio 119.214996
agentes_en_goal 200
bad_good_total_rate_pred [126131,78394,204525,0.4]
push_out_count 46612
RUN 22
valores_ideales [30,35,12,19,30,38,39,5,16,40,23,25,33,36,25,17,28,34,33,23,38,13,27,7,11,32,13,3,38,32,15,38,17,12,29,19,21,23,15,45,21,21,28,26,13,39,36,20,11,3,38,37,31,8,29,37,18,19,15,35,20,48,38,13,28,11,19,15,41,10,9,8,37,32,15,35,24,41,21,33,38,22,17,45,21,41,27,41,37,26,18,40,17,40,49,24,36,19,37,26,40,33,26,44,21,14,28,23,24,12,7,18,15,19,45,16,30,21,29,39,32,35,28,47,35,4,11,17,6,35,30,8,10,16,36,35,49,35,7,19,32,32,14,24,37,34,36,19,35,8,41,9,40,39,31,25,18,22,36,38,31,19,41,26,8,11,11,14,50,22,30,31,29,33,13,26,10,24,48,22,26,39,22,30,43,23,26,22,37,4,15,31,39,30,24,44,6,30,9,32]
costo_por_agente [136,89,32,61,66,48,57,15,28,80,51,57,225,86,55,41,32,62,103,107,82,27,79,11,15,78,13,5,106,152,39,44,17,14,69,21,125,59,63,197,21,185,46,88,19,97,48,48,17,13,102,69,155,10,207,47,64,37,23,53,196,76,122,49,120,11,19,17,63,34,9,8,95,148,35,49,212,49,59,59,172,44,49,55,59,83,197,151,125,62,30,202,19,60,85,26,128,75,121,50,64,119,158,110,29,28,48,55,36,14,77,44,57,35,195,30,138,75,85,211,134,71,50,125,135,4,53,69,6,47,208,8,10,76,88,107,203,83,15,49,122,60,98,40,67,72,60,69,121,14,125,33,50,59,139,129,20,64,220,120,63,37,47,32,8,15,67,76,106,64,44,37,123,61,47,74,54,44,58,60,54,67,22,78,83,51,174,230,57,4,45,205,61,40,24,164,10,148,9,84]
completion_time_por_agente [224,147,53,109,110,75,73,16,46,137,80,81,351,142,80,56,42,97,171,165,138,54,131,14,21,124,13,9,181,271,66,56,20,14,118,21,235,95,91,376,23,321,55,138,24,168,69,86,30,17,166,107,242,12,333,65,104,57,29,87,345,100,205,83,183,13,21,25,92,61,11,8,170,218,56,77,318,57,97,94,312,62,69,68,112,122,312,246,204,92,35,304,19,102,132,32,237,117,216,84,99,213,231,179,33,48,67,96,56,15,125,70,105,50,347,41,208,143,115,320,241,100,72,198,224,4,84,114,6,72,356,8,10,111,142,163,314,140,18,81,203,95,167,61,118,100,88,131,196,17,220,62,67,81,239,208,25,107,361,209,77,65,75,35,8,16,97,146,165,106,60,46,228,86,75,119,91,67,78,97,85,105,23,122,145,81,305,336,86,4,77,313,81,42,27,270,11,233,9,143]
tiempo_ultimo_agente_goal 376
tiempo_en_acabar 376
tiempo_promedio 117.779999
agentes_en_goal 200
bad_good_total_rate_pred [123421,79351,202772,0.4]
push_out_count 48680
RUN 23
valores_ideales [30,35,12,19,30,38,39,5,16,40,23,25,33,36,25,17,28,34,33,23,38,13,27,7,11,32,13,3,38,32,15,38,17,12,29,19,21,23,15,45,21,21,28,26,13,39,36,20,11,3,38,37,31,8,29,37,18,19,15,35,20,48,38,13,28,11,19,15,41,10,9,8,37,32,15,35,24,41,21,33,38,22,17,45,21,41,27,41,37,26,18,40,17,40,49,24,36,19,37,26,40,33,26,44,21,14,28,23,24,12,7,18,15,19,45,16,30,21,29,39,32,35,28,47,35,4,11,17,6,35,30,8,10,16,36,35,49,35,7,19,32,32,14,24,37,34,36,19,35,8,41,9,40,39,31,25,18,22,36,38,31,19,41,26,8,11,11,14,50,22,30,31,29,33,13,26,10,24,48,22,26,39,22,30,43,23,26,22,37,4,15,31,39,30,24,44,6,30,9,32]
costo_por_agente [38,75,44,115,150,152,67,5,48,88,45,139,113,160,31,17,38,128,153,151,60,35,133,7,17,168,13,11,144,176,71,110,25,12,55,27,129,59,25,199,21,43,186,142,37,123,58,50,17,23,112,89,191,32,55,43,86,21,25,69,146,54,94,17,112,13,25,19,67,36,13,10,65,92,43,63,150,47,35,139,164,48,33,55,35,63,59,171,131,44,22,58,23,48,69,34,100,185,107,36,58,153,172,94,21,26,72,43,32,12,31,24,17,29,83,60,204,57,91,99,138,119,30,133,169,6,113,51,6,51,148,8,12,126,88,57,111,159,11,105,110,146,140,110,57,86,184,61,165,12,107,47,52,195,81,147,32,46,182,128,35,35,59,84,8,13,85,22,170,68,36,37,141,37,155,124,92,40,68,48,72,51,24,102,145,63,92,152,69,4,35,81,47,48,62,112,16,106,9,44]
completion_time_por_agente [43,128,81,219,247,276,100,5,91,142,69,226,184,256,46,20,45,224,284,236,81,53,217,7,21,256,14,15,264,272,133,188,33,12,68,31,191,95,29,322,26,55,326,265,59,212,74,80,27,46,176,174,317,50,69,49,124,37,37,121,262,67,153,22,210,17,27,21,101,64,18,10,100,126,81,84,243,65,46,256,282,71,59,74,42,86,99,258,210,66,28,74,32,66,100,46,184,312,186,51,97,267,260,125,23,40,107,62,36,15,56,40,19,50,136,92,327,93,162,172,225,189,37,214,289,7,195,79,6,61,250,9,16,216,149,82,184,242,19,189,187,236,259,182,86,135,338,95,273,15,191,76,65,293,125,272,38,61,278,194,46,64,78,136,8,14,155,32,265,116,45,47,247,49,253,234,186,57,86,71,110,73,35,170,229,104,155,247,125,4,64,149,63,54,97,181,24,165,9,52]
tiempo_ultimo_agente_goal 338
tiempo_en_acabar 338
tiempo_promedio 121.910004
agentes_en_goal 200
bad_good_total_rate_pred [119471,78711,198182,0.4]
push_out_count 50978
RUN 24
valores_ideales [30,35,12,19,30,38,39,5,16,40,23,25,33,36,25,17,28,34,33,23,38,13,27,7,11,32,13,3,38,32,15,38,17,12,29,19,21,23,15,45,21,21,28,26,13,39,36,20,11,3,38,37,31,8,29,37,18,19,15,35,20,48,38,13,28,11,19,15,41,10,9,8,37,32,15,35,24,41,21,33,38,22,17,45,21,41,27,41,37,26,18,40,17,40,49,24,36,19,37,26,40,33,26,44,21,14,28,23,24,12,7,18,15,19,45,16,30,21,29,39,32,35,28,47,35,4,11,17,6,35,30,8,10,16,36,35,49,35,7,19,32,32,14,24,37,34,36,19,35,8,41,9,40,39,31,25,18,22,36,38,31,19,41,26,8,11,11,14,50,22,30,31,29,33,13,26,10,24,48,22,26,39,22,30,43,23,26,22,37,4,15,31,39,30,24,44,6,30,9,32]
costo_por_agente [162,87,36,51,120,72,63,5,18,126,47,155,243,94,33,19,32,70,63,79,76,25,169,13,19,104,19,5,66,140,39,48,21,12,45,21,153,35,17,199,31,243,128,78,17,141,54,44,37,7,134,67,121,42,279,39,42,29,35,143,172,56,84,19,162,11,23,25,57,28,9,8,123,116,53,85,226,43,31,83,110,106,47,49,51,65,263,153,169,26,78,74,19,66,159,38,112,53,87,62,52,117,62,56,21,14,168,33,36,14,25,24,89,53,165,56,64,61,123,169,192,61,44,67,57,6,25,169,6,61,170,8,12,136,172,59,69,149,19,47,126,90,148,150,55,54,200,87,101,12,97,9,68,95,131,97,20,44,166,86,37,35,101,26,8,15,17,24,210,62,54,71,147,83,205,142,26,52,100,36,64,51,22,56,151,79,170,252,65,4,31,183,51,48,34,220,8,90,9,136]
completion_time_por_agente [262,129,64,96,188,126,95,5,20,221,68,278,335,158,49,22,41,102,104,116,133,32,278,18,27,159,20,8,98,255,56,62,24,12,59,24,243,48,20,311,52,370,226,133,17,263,72,59,53,10,211,87,214,73,441,50,65,37,61,253,321,74,151,22,254,14,23,38,81,44,12,8,221,204,93,148,398,46,46,148,186,157,65,58,78,100,438,202,282,28,145,120,22,100,278,45,187,93,133,103,68,188,99,81,22,14,272,39,56,15,48,32,161,95,246,99,92,106,198,282,315,73,59,106,81,6,42,258,6,83,308,8,13,190,293,93,99,256,27,89,214,131,254,264,72,77,294,141,174,16,143,13,109,166,203,159,24,67,257,121,51,60,154,26,8,19,26,29,318,106,77,106,235,141,318,249,38,88,163,47,87,62,22,96,244,144,292,419,95,4,49,297,67,55,41,356,8,155,9,230]
tiempo_ultimo_agente_goal 441
tiempo_en_acabar 441
tiempo_promedio 123.934998
agentes_en_goal 200
bad_good_total_rate_pred [133113,81414,214527,0.4]
push_out_count 53200
RUN 25
valores_ideales [30,35,12,19,30,38,39,5,16,40,23,25,33,36,25,17,28,34,33,23,38,13,27,7,11,32,13,3,38,32,15,38,17,12,29,19,21,23,15,45,21,21,28,26,13,39,36,20,11,3,38,37,31,8,29,37,18,19,15,35,20,48,38,13,28,11,19,15,41,10,9,8,37,32,15,35,24,41,21,33,38,22,17,45,21,41,27,41,37,26,18,40,17,40,49,24,36,19,37,26,40,33,26,44,21,14,28,23,24,12,7,18,15,19,45,16,30,21,29,39,32,35,28,47,35,4,11,17,6,35,30,8,10,16,36,35,49,35,7,19,32,32,14,24,37,34,36,19,35,8,41,9,40,39,31,25,18,22,36,38,31,19,41,26,8,11,11,14,50,22,30,31,29,33,13,26,10,24,48,22,26,39,22,30,43,23,26,22,37,4,15,31,39,30,24,44,6,30,9,32]
costo_por_agente [126,123,32,27,104,70,55,7,20,72,45,91,105,124,37,29,34,156,75,171,90,43,67,11,13,94,15,7,72,150,115,58,35,12,47,25,95,37,33,131,25,141,148,70,17,155,82,34,13,9,108,45,77,42,43,37,50,23,19,95,126,66,84,67,118,15,19,37,79,24,9,8,133,74,31,89,94,65,23,75,58,144,23,73,33,129,153,73,107,30,28,102,19,68,51,30,130,77,75,26,80,93,116,48,23,22,124,47,28,12,51,82,91,47,101,48,94,43,169,81,164,83,32,79,131,6,33,143,6,37,46,8,12,60,92,51,91,61,11,25,52,96,138,122,101,58,98,41,127,14,135,11,58,141,111,131,20,80,86,102,33,27,55,52,14,13,37,44,86,58,38,51,83,51,93,88,14,40,68,40,44,55,52,60,175,49,104,72,141,4,15,119,53,46,44,130,14,60,9,50]
completion_time_por_agente [171,217,52,41,183,116,83,8,27,110,62,148,192,238,47,38,40,260,112,300,136,71,124,12,18,167,15,13,112,248,228,89,49,13,61,33,164,46,38,180,30,235,242,123,20,262,143,51,15,11,178,63,119,60,58,42,84,33,22,167,202,93,143,106,208,23,21,65,117,46,15,8,203,118,52,143,157,97,26,144,92,263,28,113,42,202,243,107,183,40,38,179,20,112,57,35,211,117,130,29,138,150,199,53,26,30,198,86,38,15,104,157,165,64,160,83,141,64,279,133,252,139,40,117,234,7,54,221,6,43,74,8,15,80,129,68,141,82,13,33,78,140,268,214,185,77,171,71,231,24,208,13,83,231,202,196,21,135,129,167,44,41,71,68,20,16,64,61,121,103,46,73,155,61,172,152,16,62,102,57,72,79,70,98,281,81,176,106,260,4,17,241,84,63,77,191,17,97,9,87]
tiempo_ultimo_agente_goal 300
tiempo_en_acabar 300
tiempo_promedio 104.730003
agentes_en_goal 200
bad_good_total_rate_pred [104910,69035,173945,0.4]
push_out_count 55090
RUN 26
valores_ideales [30,35,12,19,30,38,39,5,16,40,23,25,33,36,25,17,28,34,33,23,38,13,27,7,11,32,13,3,38,32,15,38,17,12,29,19,21,23,15,45,21,21,28,26,13,39,36,20,11,3,38,37,31,8,29,37,18,19,15,35,20,48,38,13,28,11,19,15,41,10,9,8,37,32,15,35,24,41,21,33,38,22,17,45,21,41,27,41,37,26,18,40,17,40,49,24,36,19,37,26,40,33,26,44,21,14,28,23,24,12,7,18,15,19,45,16,30,21,29,39,32,35,28,47,35,4,11,17,6,35,30,8,10,16,36,35,49,35,7,19,32,32,14,24,37,34,36,19,35,8,41,9,40,39,31,25,18,22,36,38,31,19,41,26,8,11,11,14,50,22,30,31,29,33,13,26,10,24,48,22,26,39,22,30,43,23,26,22,37,4,15,31,39,30,24,44,6,30,9,32]
costo_por_agente [76,59,24,37,114,76,83,5,40,108,41,109,255,120,67,29,62,116,109,41,56,41,65,15,11,60,17,5,82,160,49,52,31,16,71,21,41,55,21,255,27,237,174,70,15,157,76,28,15,9,118,49,91,58,317,37,50,55,55,115,184,96,106,53,118,13,21,29,75,44,13,10,75,134,31,97,118,43,23,77,86,82,17,53,53,89,297,149,137,30,38,190,45,56,53,54,102,89,113,30,60,95,162,166,23,14,96,29,26,14,21,82,103,55,67,72,212,67,115,61,220,99,32,77,263,4,47,101,6,39,186,8,10,84,220,65,175,79,13,23,124,116,96,114,51,62,172,61,121,14,65,63,54,109,103,71,18,70,230,74,51,31,49,40,8,11,29,56,120,76,30,91,97,49,235,66,56,40,64,68,30,75,22,60,73,63,234,278,71,4,17,97,65,40,30,268,10,128,9,80]
completion_time_por_agente [127,98,33,53,208,114,139,5,67,191,56,164,391,200,89,39,93,190,198,52,75,70,103,15,17,93,22,10,113,229,106,67,50,16,128,24,65,94,28,399,40,349,249,108,15,267,122,40,19,14,219,78,131,110,463,42,76,74,90,186,327,156,186,74,205,21,22,50,111,69,14,11,113,200,51,146,203,51,29,122,128,129,17,79,94,138,444,247,233,34,56,329,70,99,65,96,190,169,212,32,84,172,269,270,29,16,174,37,27,14,40,117,185,104,86,109,365,109,160,103,352,174,41,123,442,6,72,167,6,48,291,8,11,145,375,114,297,130,14,26,185,201,166,196,71,98,291,99,215,18,88,119,75,172,138,120,18,127,334,109,77,47,68,52,9,13,45,92,183,124,38,165,151,72,424,106,101,63,85,123,41,130,22,108,108,113,356,463,99,4,20,157,113,45,43,427,12,232,9,137]
tiempo_ultimo_agente_goal 463
tiempo_en_acabar 463
tiempo_promedio 123.870003
agentes_en_goal 200
bad_good_total_rate_pred [134867,81176,216043,0.4]
push_out_count 57261
RUN 27
valores_ideales [30,35,12,19,30,38,39,5,16,40,23,25,33,36,25,17,28,34,33,23,38,13,27,7,11,32,13,3,38,32,15,38,17,12,29,19,21,23,15,45,21,21,28,26,13,39,36,20,11,3,38,37,31,8,29,37,18,19,15,35,20,48,38,13,28,11,19,15,41,10,9,8,37,32,15,35,24,41,21,33,38,22,17,45,21,41,27,41,37,26,18,40,17,40,49,24,36,19,37,26,40,33,26,44,21,14,28,23,24,12,7,18,15,19,45,16,30,21,29,39,32,35,28,47,35,4,11,17,6,35,30,8,10,16,36,35,49,35,7,19,32,32,14,24,37,34,36,19,35,8,41,9,40,39,31,25,18,22,36,38,31,19,41,26,8,11,11,14,50,22,30,31,29,33,13,26,10,24,48,22,26,39,22,30,43,23,26,22,37,4,15,31,39,30,24,44,6,30,9,32]
costo_por_agente [70,79,44,71,172,78,77,7,18,86,35,189,193,130,29,49,68,114,65,57,118,53,95,9,13,152,13,13,76,96,33,86,155,20,77,31,89,31,99,137,61,191,184,100,27,129,56,42,19,9,134,75,153,8,165,37,64,57,27,99,158,60,78,29,124,11,23,17,49,38,35,10,123,86,51,149,154,51,31,113,124,122,21,51,39,71,71,95,177,56,60,116,19,64,51,32,74,171,125,26,62,91,102,90,27,26,96,65,32,14,21,46,57,47,77,66,152,37,139,87,198,123,32,145,199,4,39,131,10,43,176,8,12,120,152,67,91,169,13,29,66,130,52,98,95,72,110,67,79,14,59,11,62,135,113,101,18,40,88,148,43,23,63,114,8,11,35,28,92,44,34,73,77,49,141,88,70,44,54,44,50,71,48,66,135,85,94,204,71,4,21,153,137,46,38,110,6,58,9,160]
completion_time_por_agente [94,137,91,123,258,121,136,8,22,148,57,242,335,222,36,89,107,205,108,102,201,93,136,10,17,275,16,24,123,164,48,135,235,20,121,45,151,38,147,228,123,324,335,188,35,226,66,60,20,11,268,105,260,8,256,40,114,81,36,162,249,79,124,43,221,12,25,27,57,79,58,14,192,134,97,215,270,64,49,192,223,199,23,71,50,104,113,139,305,68,107,194,20,97,70,43,120,264,203,30,89,124,190,152,32,43,165,120,41,17,41,74,105,78,123,111,233,51,217,148,314,225,36,241,270,4,63,245,10,51,291,9,13,246,268,100,143,259,14,47,110,197,76,145,163,101,165,125,149,17,86,12,87,219,181,156,18,61,166,222,62,33,87,149,8,11,62,44,134,77,39,118,145,90,261,136,104,74,71,60,77,118,63,100,234,143,146,314,123,4,26,222,219,63,56,171,7,96,9,254]
tiempo_ultimo_agente_goal 335
tiempo_en_acabar 335
tiempo_promedio 119.495003
agentes_en_goal 200
bad_good_total_rate_pred [123641,80835,204476,0.4]
push_out_count 59405
RUN 28
valores_ideales [30,35,12,19,30,38,39,5,16,40,23,25,33,36,25,17,28,34,33,23,38,13,27,7,11,32,13,3,38,32,15,38,17,12,29,19,21,23,15,45,21,21,28,26,13,39,36,20,11,3,38,37,31,8,29,37,18,19,15,35,20,48,38,13,28,11,19,15,41,10,9,8,37,32,15,35,24,41,21,33,38,22,17,45,21,41,27,41,37,26,18,40,17,40,49,24,36,19,37,26,40,33,26,44,21,14,28,23,24,12,7,18,15,19,45,16,30,21,29,39,32,35,28,47,35,4,11,17,6,35,30,8,10,16,36,35,49,35,7,19,32,32,14,24,37,34,36,19,35,8,41,9,40,39,31,25,18,22,36,38,31,19,41,26,8,11,11,14,50,22,30,31,29,33,13,26,10,24,48,22,26,39,22,30,43,23,26,22,37,4,15,31,39,30,24,44,6,30,9,32]
costo_por_agente [182,109,48,49,86,106,69,9,32,150,43,201,235,80,45,37,44,116,129,99,80,59,179,9,13,68,15,3,140,114,27,48,67,12,51,25,167,37,21,181,23,247,214,130,43,201,82,52,15,7,190,65,207,26,127,39,56,39,45,169,86,90,150,43,44,13,23,27,51,36,11,8,103,88,43,139,172,55,21,85,144,104,17,59,41,71,201,105,163,50,34,230,35,98,67,54,132,113,103,26,108,145,86,176,21,36,66,39,32,12,53,56,53,49,103,58,162,51,89,79,186,183,28,69,133,6,149,155,6,35,182,8,48,42,84,67,95,145,11,19,128,116,162,166,65,84,234,83,143,22,49,47,90,53,107,41,18,58,106,58,31,45,59,232,8,15,37,28,132,58,34,85,203,107,137,110,32,52,98,42,36,97,42,78,63,95,114,168,63,4,15,115,103,54,26,184,12,78,9,98]
completion_time_por_agente [310,184,85,74,152,179,107,11,38,271,64,317,394,144,63,65,63,173,212,158,139,92,301,10,17,114,15,6,231,189,42,49,131,12,68,40,288,54,24,332,34,377,367,232,74,310,132,88,20,8,303,107,343,39,222,41,84,55,62,301,118,144,239,78,61,20,28,47,63,70,14,13,167,142,85,225,253,77,27,145,263,147,18,85,59,105,337,156,256,82,39,391,55,155,91,79,191,208,183,29,184,243,151,318,23,53,117,50,42,15,87,84,87,83,166,109,273,76,154,134,310,350,36,107,218,7,282,271,6,42,317,8,72,54,136,104,151,230,13,26,204,204,307,277,95,130,357,160,241,32,62,76,141,77,172,47,19,92,169,76,31,76,82,358,8,16,65,44,185,72,36,142,339,171,223,199,57,82,178,60,51,141,57,115,100,162,212,339,82,4,19,202,196,75,33,246,22,125,9,142]
tiempo_ultimo_agente_goal 394
tiempo_en_acabar 394
tiempo_promedio 131.225006
agentes_en_goal 200
bad_good_total_rate_pred [138991,88096,227087,0.4]
push_out_count 61830
RUN 29
valores_ideales [30,35,12,19,30,38,39,5,16,40,23,25,33,36,25,17,28,34,33,23,38,13,27,7,11,32,13,3,38,32,15,38,17,12,29,19,21,23,15,45,21,21,28,26,13,39,36,20,11,3,38,37,31,8,29,37,18,19,15,35,20,48,38,13,28,11,19,15,41,10,9,8,37,32,15,35,24,41,21,33,38,22,17,45,21,41,27,41,37,26,18,40,17,40,49,24,36,19,37,26,40,33,26,44,21,14,28,23,24,12,7,18,15,19,45,16,30,21,29,39,32,35,28,47,35,4,11,17,6,35,30,8,10,16,36,35,49,35,7,19,32,32,14,24,37,34,36,19,35,8,41,9,40,39,31,25,18,22,36,38,31,19,41,26,8,11,11,14,50,22,30,31,29,33,13,26,10,24,48,22,26,39,22,30,43,23,26,22,37,4,15,31,39,30,24,44,6,30,9,32]
costo_por_agente [170,111,42,87,70,196,77,27,24,154,49,165,203,168,37,17,40,78,105,75,70,71,149,11,13,68,17,3,146,150,65,42,27,12,45,45,165,39,21,211,53,33,98,80,13,65,62,76,29,7,188,89,137,56,35,39,72,65,37,61,60,134,140,41,190,49,23,43,55,16,11,8,97,186,81,141,230,65,31,73,138,114,17,69,61,71,193,121,165,64,46,212,29,60,181,26,120,35,133,36,90,117,162,140,23,18,160,79,26,14,21,34,67,43,69,56,98,59,49,185,212,185,38,61,135,4,35,129,6,39,174,8,12,152,66,45,191,57,13,25,126,118,148,182,151,84,204,23,113,32,81,15,68,89,127,179,18,54,134,72,31,35,69,46,8,11,27,34,94,56,32,39,97,65,65,122,44,94,72,48,54,77,46,82,99,97,140,62,65,4,17,149,185,52,68,198,12,122,11,62]
completion_time_por_agente [281,190,74,161,102,300,101,36,35,245,65,331,323,265,46,23,51,119,174,112,111,141,270,12,19,103,23,8,253,249,113,49,33,12,78,71,300,43,22,333,98,34,179,165,15,100,93,125,51,9,312,148,258,114,41,43,109,107,54,85,78,230,239,62,311,97,24,74,76,24,17,9,146,302,137,273,359,94,39,88,258,175,20,110,105,112,309,209,281,109,82,370,39,84,307,26,235,38,247,45,137,202,261,226,25,22,274,127,28,14,44,48,152,74,99,99,182,88,74,302,339,277,49,97,231,4,69,212,6,46,280,8,14,254,94,57,316,78,15,41,235,194,227,267,263,138,293,27,198,55,118,20,108,141,216,299,18,90,251,110,32,57,89,58,8,12,40,45,119,76,46,46,162,94,115,185,79,163,89,70,76,125,74,125,165,181,225,108,95,4,28,254,338,67,101,368,17,216,14,103]
tiempo_ultimo_agente_goal 370
tiempo_en_acabar 370
tiempo_promedio 128.794998
agentes_en_goal 200
bad_good_total_rate_pred [136449,85942,222391,0.4]
push_out_count 64189
RUN 30
valores_ideales [30,35,12,19,30,38,39,5,16,40,23,25,33,36,25,17,28,34,33,23,38,13,27,7,11,32,13,3,38,32,15,38,17,12,29,19,21,23,15,45,21,21,28,26,13,39,36,20,11,3,38,37,31,8,29,37,18,19,15,35,20,48,38,13,28,11,19,15,41,10,9,8,37,32,15,35,24,41,21,33,38,22,17,45,21,41,27,41,37,26,18,40,17,40,49,24,36,19,37,26,40,33,26,44,21,14,28,23,24,12,7,18,15,19,45,16,30,21,29,39,32,35,28,47,35,4,11,17,6,35,30,8,10,16,36,35,49,35,7,19,32,32,14,24,37,34,36,19,35,8,41,9,40,39,31,25,18,22,36,38,31,19,41,26,8,11,11,14,50,22,30,31,29,33,13,26,10,24,48,22,26,39,22,30,43,23,26,22,37,4,15,31,39,30,24,44,6,30,9,32]
costo_por_agente [76,57,40,53,118,132,65,7,22,50,45,109,133,134,31,29,32,60,143,73,76,17,79,13,15,126,27,9,134,94,25,44,51,12,39,51,153,31,21,169,25,165,160,146,25,93,62,30,23,7,52,61,141,30,29,43,74,33,31,103,22,58,86,33,116,15,19,35,73,42,9,12,147,150,39,53,142,43,25,125,82,66,23,57,49,51,189,125,95,38,38,58,27,56,155,52,104,91,109,26,138,73,118,52,21,26,132,47,42,18,67,48,125,59,97,56,132,43,113,133,142,109,30,79,121,6,81,143,8,37,132,8,14,130,80,59,133,65,11,49,136,90,142,106,67,82,142,77,73,12,69,31,68,85,135,135,22,54,82,72,33,25,73,26,12,11,69,44,166,42,36,43,79,133,81,92,24,44,60,50,46,57,46,52,103,41,128,154,61,4,25,149,87,38,30,148,8,128,15,74]
completion_time_por_agente [99,71,80,80,193,221,109,8,27,74,75,188,217,238,35,40,42,100,260,116,125,18,143,20,21,200,30,12,226,146,39,50,87,14,55,90,237,45,29,257,37,230,267,254,35,164,105,44,38,14,83,90,220,59,31,52,123,48,48,186,27,67,138,49,204,22,23,53,118,67,9,18,260,244,75,75,263,51,37,200,118,100,30,80,75,66,280,219,167,49,67,69,44,74,245,71,181,161,185,26,247,121,217,67,21,39,220,76,60,27,98,71,238,106,168,82,241,63,203,239,236,188,43,130,234,7,148,215,9,41,215,10,19,205,140,87,223,101,14,81,233,142,239,153,100,116,258,121,113,14,105,55,93,132,191,268,27,83,117,94,39,29,113,33,12,11,109,79,259,76,48,53,147,218,138,157,28,74,94,81,79,92,68,74,179,65,203,279,90,4,39,249,139,45,34,255,11,237,19,124]
tiempo_ultimo_agente_goal 280
tiempo_en_acabar 280
tiempo_promedio 111.195000
agentes_en_goal 200
bad_good_total_rate_pred [114140,75210,189350,0.4]
push_out_count 66204
RUN 31
valores_ideales [30,35,12,19,30,38,39,5,16,40,23,25,33,36,25,17,28,34,33,23,38,13,27,7,11,32,13,3,38,32,15,38,17,12,29,19,21,23,15,45,21,21,28,26,13,39,36,20,11,3,38,37,31,8,29,37,18,19,15,35,20,48,38,13,28,11,19,15,41,10,9,8,37,32,15,35,24,41,21,33,38,22,17,45,21,41,27,41,37,26,18,40,17,40,49,24,36,19,37,26,40,33,26,44,21,14,28,23,24,12,7,18,15,19,45,16,30,21,29,39,32,35,28,47,35,4,11,17,6,35,30,8,10,16,36,35,49,35,7,19,32,32,14,24,37,34,36,19,35,8,41,9,40,39,31,25,18,22,36,38,31,19,41,26,8,11,11,14,50,22,30,31,29,33,13,26,10,24,48,22,26,39,22,30,43,23,26,22,37,4,15,31,39,30,24,44,6,30,9,32]
costo_por_agente [190,101,32,47,126,70,79,7,22,106,45,149,73,188,39,21,42,116,105,37,50,21,41,15,15,94,17,15,56,164,49,56,19,12,97,21,141,39,15,75,25,29,142,88,19,73,46,64,19,15,52,59,201,18,197,37,52,27,43,61,116,58,72,13,156,11,19,39,71,48,13,8,97,100,33,91,156,43,27,113,192,56,21,73,49,65,155,191,191,42,30,148,19,82,49,28,132,145,89,36,90,165,206,48,21,30,132,79,28,12,7,44,53,35,81,50,150,33,95,123,120,171,38,75,77,6,139,51,6,47,90,10,20,66,100,119,53,111,11,57,88,106,162,166,89,94,122,33,89,12,91,35,56,95,177,191,20,48,146,90,47,41,57,214,8,11,63,58,134,52,36,119,45,101,137,62,22,50,52,42,50,73,24,50,111,101,144,162,83,4,37,137,89,60,36,142,12,134,9,100]
completion_time_por_agente [286,169,51,91,201,107,130,12,27,189,68,274,116,290,45,29,61,192,178,41,69,24,66,21,20,171,23,24,80,277,82,64,27,12,147,21,232,59,19,113,34,36,265,165,24,116,57,109,26,23,64,71,318,28,318,41,76,32,63,94,193,77,125,13,240,17,21,54,110,80,22,10,163,184,50,144,284,50,34,176,317,87,25,113,81,101,214,357,309,61,37,243,25,133,58,31,227,226,147,44,169,282,294,58,22,50,235,130,33,12,9,68,103,54,131,77,267,48,177,216,193,263,51,122,115,7,220,68,6,59,122,11,22,112,145,205,67,177,14,117,146,157,295,254,144,136,202,45,145,16,157,63,82,168,297,298,20,70,237,141,67,57,74,339,10,12,110,85,226,81,52,197,75,178,239,99,26,83,63,76,63,114,24,75,194,163,267,282,144,4,60,212,149,86,48,228,13,262,10,166]
tiempo_ultimo_agente_goal 357
tiempo_en_acabar 357
tiempo_promedio 116.339996
agentes_en_goal 200
bad_good_total_rate_pred [115267,75746,191013,0.4]
push_out_count 68285
RUN 32
valores_ideales [30,35,12,19,30,38,39,5,16,40,23,25,33,36,25,17,28,34,33,23,38,13,27,7,11,32,13,3,38,32,15,38,17,12,29,19,21,23,15,45,21,21,28,26,13,39,36,20,11,3,38,37,31,8,29,37,18,19,15,35,20,48,38,13,28,11,19,15,41,10,9,8,37,32,15,35,24,41,21,33,38,22,17,45,21,41,27,41,37,26,18,40,17,40,49,24,36,19,37,26,40,33,26,44,21,14,28,23,24,12,7,18,15,19,45,16,30,21,29,39,32,35,28,47,35,4,11,17,6,35,30,8,10,16,36,35,49,35,7,19,32,32,14,24,37,34,36,19,35,8,41,9,40,39,31,25,18,22,36,38,31,19,41,26,8,11,11,14,50,22,30,31,29,33,13,26,10,24,48,22,26,39,22,30,43,23,26,22,37,4,15,31,39,30,24,44,6,30,9,32]
costo_por_agente [76,93,40,37,64,96,101,5,26,60,53,95,153,126,43,33,28,98,97,95,86,89,133,11,11,96,15,11,58,132,59,120,47,16,43,27,65,61,17,173,73,191,50,88,25,133,110,30,15,33,88,65,113,10,53,39,66,25,31,165,52,104,56,19,174,13,19,21,57,52,13,14,69,164,57,97,192,45,31,103,156,168,35,55,35,65,57,61,109,64,54,122,19,88,57,32,116,89,139,38,98,149,116,108,21,14,190,101,24,116,7,34,55,31,63,56,186,53,111,175,152,117,30,115,165,6,25,143,6,37,62,8,12,114,58,77,173,83,11,61,80,128,86,174,65,58,212,65,111,14,71,25,48,69,187,157,24,50,184,88,57,33,121,50,8,11,27,18,86,44,30,41,149,51,67,116,50,30,90,44,40,99,26,54,137,75,212,208,53,4,19,113,81,52,24,96,12,80,9,128]
completion_time_por_agente [123,137,66,54,100,172,137,5,46,82,89,161,277,197,60,55,36,140,158,159,133,169,222,11,13,161,20,18,83,216,110,187,89,16,61,42,112,89,19,286,132,308,81,148,38,226,196,38,21,50,141,96,220,13,69,46,116,34,55,272,73,175,84,21,279,17,21,30,82,89,14,18,102,269,94,154,286,53,40,192,241,240,53,69,44,80,97,78,199,95,93,183,19,140,71,47,195,145,222,42,174,237,201,174,21,16,297,197,27,181,8,56,67,53,92,77,331,67,202,315,240,202,32,196,277,6,36,232,6,42,74,8,12,179,90,121,288,146,15,94,133,195,130,268,97,82,357,120,191,18,97,43,67,104,306,248,33,66,257,140,87,44,210,58,8,13,46,22,132,62,34,57,253,75,104,192,96,43,143,74,54,161,30,95,209,134,353,340,80,4,23,185,139,72,26,158,17,144,10,204]
tiempo_ultimo_agente_goal 357
tiempo_en_acabar 357
tiempo_promedio 116.445000
agentes_en_goal 200
bad_good_total_rate_pred [122151,73418,195569,0.4]
push_out_count 70351
RUN 33
valores_ideales [30,35,12,19,30,38,39,5,16,40,23,25,33,36,25,17,28,34,33,23,38,13,27,7,11,32,13,3,38,32,15,38,17,12,29,19,21,23,15,45,21,21,28,26,13,39,36,20,11,3,38,37,31,8,29,37,18,19,15,35,20,48,38,13,28,11,19,15,41,10,9,8,37,32,15,35,24,41,21,33,38,22,17,45,21,41,27,41,37,26,18,40,17,40,49,24,36,19,37,26,40,33,26,44,21,14,28,23,24,12,7,18,15,19,45,16,30,21,29,39,32,35,28,47,35,4,11,17,6,35,30,8,10,16,36,35,49,35,7,19,32,32,14,24,37,34,36,19,35,8,41,9,40,39,31,25,18,22,36,38,31,19,41,26,8,11,11,14,50,22,30,31,29,33,13,26,10,24,48,22,26,39,22,30,43,23,26,22,37,4,15,31,39,30,24,44,6,30,9,32]
costo_por_agente [120,81,20,59,88,78,67,17,24,126,63,141,253,134,33,39,34,86,79,77,60,53,77,9,15,52,17,3,82,90,45,44,25,12,35,21,125,61,23,215,59,27,208,136,17,81,64,42,15,7,124,41,93,48,183,41,38,31,23,119,62,128,50,23,108,37,19,21,67,22,11,8,85,108,103,81,218,47,23,89,98,86,17,57,57,59,157,145,63,32,26,138,21,62,93,38,106,111,51,26,54,97,128,56,21,14,90,43,30,12,11,56,117,41,151,38,196,45,99,47,190,107,30,67,199,6,11,125,6,47,130,8,12,108,110,43,171,97,17,31,78,104,116,52,55,50,202,53,139,14,87,27,58,57,81,129,22,42,198,70,31,25,65,196,8,13,27,46,178,88,34,121,119,53,137,110,62,56,50,24,48,73,22,46,81,47,190,142,75,4,25,161,53,32,40,168,14,62,11,90]
completion_time_por_agente [214,114,29,97,150,129,104,20,38,195,105,244,370,242,38,59,41,110,136,131,94,73,131,9,22,95,18,9,132,169,67,51,28,12,40,30,226,94,23,353,90,30,366,255,21,125,90,58,19,10,200,49,149,77,277,45,61,33,31,222,88,222,66,32,173,75,19,28,95,45,16,8,130,162,199,121,322,59,24,150,184,138,17,75,105,77,264,217,81,43,36,247,25,94,154,52,178,206,73,30,81,156,186,76,22,14,133,60,35,12,14,83,185,57,242,65,335,74,183,59,299,154,35,107,350,6,14,216,6,63,187,8,15,166,167,55,316,175,23,48,101,160,183,80,92,78,346,76,241,19,154,40,84,98,151,239,23,75,328,109,33,35,103,277,8,14,43,70,278,151,38,222,196,91,257,173,112,93,66,29,82,114,22,58,146,78,282,243,106,4,33,248,73,40,67,307,24,98,11,146]
tiempo_ultimo_agente_goal 370
tiempo_en_acabar 370
tiempo_promedio 112.050003
agentes_en_goal 200
bad_good_total_rate_pred [121647,72544,194191,0.4]
push_out_count 72280
RUN 34
valores_ideales [30,35,12,19,30,38,39,5,16,40,23,25,33,36,25,17,28,34,33,23,38,13,27,7,11,32,13,3,38,32,15,38,17,12,29,19,21,23,15,45,21,21,28,26,13,39,36,20,11,3,38,37,31,8,29,37,18,19,15,35,20,48,38,13,28,11,19,15,41,10,9,8,37,32,15,35,24,41,21,33,38,22,17,45,21,41,27,41,37,26,18,40,17,40,49,24,36,19,37,26,40,33,26,44,21,14,28,23,24,12,7,18,15,19,45,16,30,21,29,39,32,35,28,47,35,4,11,17,6,35,30,8,10,16,36,35,49,35,7,19,32,32,14,24,37,34,36,19,35,8,41,9,40,39,31,25,18,22,36,38,31,19,41,26,8,11,11,14,50,22,30,31,29,33,13,26,10,24,48,22,26,39,22,30,43,23,26,22,37,4,15,31,39,30,24,44,6,30,9,32]
costo_por_agente [78,89,38,59,66,52,177,67,16,66,39,85,97,160,33,27,44,84,71,143,50,33,165,13,11,154,13,21,140,176,25,44,79,12,59,59,153,29,63,121,21,41,108,50,21,73,70,36,17,7,120,59,171,14,115,41,40,41,25,61,202,148,96,13,76,11,19,23,45,30,9,10,121,134,31,127,182,49,47,157,156,76,35,53,51,87,53,121,117,26,46,76,17,56,51,38,100,157,85,26,58,73,146,86,21,18,112,35,46,12,9,20,45,41,61,50,170,41,101,57,108,163,30,129,75,6,49,107,6,37,88,8,10,110,150,53,107,115,21,59,100,108,200,150,77,58,136,67,173,12,85,9,74,161,155,125,18,56,96,82,31,33,53,30,8,11,65,22,158,110,32,47,119,161,137,66,52,56,94,44,40,53,22,130,85,35,182,166,57,4,25,113,143,34,44,104,6,62,11,84]
completion_time_por_agente [123,146,55,97,94,68,327,114,20,115,46,144,169,243,37,40,61,138,121,253,75,54,276,19,11,261,15,36,233,258,45,50,128,12,110,107,262,33,82,168,23,52,162,66,27,129,110,50,26,9,215,86,305,16,181,49,61,58,43,116,341,275,136,15,127,15,20,37,63,42,11,11,189,256,53,219,294,57,71,233,271,104,57,65,82,144,71,193,188,28,71,124,19,86,58,53,145,282,134,33,78,103,235,122,24,22,184,49,67,12,12,22,75,64,78,79,312,56,158,84,183,236,34,231,110,7,77,201,6,50,158,8,12,189,247,72,185,198,31,107,181,161,311,254,133,81,232,113,277,13,128,10,125,237,284,256,19,91,135,128,32,49,77,36,8,12,129,26,269,193,35,71,201,302,246,107,86,85,141,70,48,73,22,255,135,54,322,308,90,4,38,209,243,40,68,174,11,102,13,140]
tiempo_ultimo_agente_goal 341
tiempo_en_acabar 341
tiempo_promedio 114.870003
agentes_en_goal 200
bad_good_total_rate_pred [113713,76551,190264,0.4]
push_out_count 74368
RUN 35
valores_ideales [30,35,12,19,30,38,39,5,16,40,23,25,33,36,25,17,28,34,33,23,38,13,27,7,11,32,13,3,38,32,15,38,17,12,29,19,21,23,15,45,21,21,28,26,13,39,36,20,11,3,38,37,31,8,29,37,18,19,15,35,20,48,38,13,28,11,19,15,41,10,9,8,37,32,15,35,24,41,21,33,38,22,17,45,21,41,27,41,37,26,18,40,17,40,49,24,36,19,37,26,40,33,26,44,21,14,28,23,24,12,7,18,15,19,45,16,30,21,29,39,32,35,28,47,35,4,11,17,6,35,30,8,10,16,36,35,49,35,7,19,32,32,14,24,37,34,36,19,35,8,41,9,40,39,31,25,18,22,36,38,31,19,41,26,8,11,11,14,50,22,30,31,29,33,13,26,10,24,48,22,26,39,22,30,43,23,26,22,37,4,15,31,39,30,24,44,6,30,9,32]
costo_por_agente [132,55,34,57,122,58,57,9,40,56,43,101,189,70,33,23,30,50,43,111,48,43,109,11,13,96,13,9,56,128,57,48,21,12,39,19,131,55,17,135,27,189,154,150,15,117,68,26,15,45,92,57,115,18,201,39,42,43,19,121,74,52,88,19,132,59,21,23,47,34,9,16,171,136,39,51,158,51,39,93,78,126,39,51,55,55,71,75,73,32,30,174,17,52,51,28,106,103,59,34,50,63,132,56,21,20,144,33,24,12,9,32,47,55,215,56,202,51,81,111,134,111,30,61,139,4,83,137,6,43,176,8,14,92,100,55,55,97,21,45,144,108,78,142,47,62,154,59,87,20,53,29,56,57,113,99,20,32,228,102,61,37,123,38,8,15,33,64,80,58,32,41,115,45,131,116,46,38,108,28,40,71,36,74,125,59,172,190,61,4,27,137,109,46,34,202,18,78,9,142]
completion_time_por_agente [214,81,69,99,199,86,65,9,56,82,57,157,276,101,44,34,34,67,65,184,62,60,193,13,18,124,15,15,82,218,95,57,32,13,56,20,219,74,20,197,43,280,253,237,18,160,99,31,16,69,147,78,194,24,349,40,63,59,22,185,106,62,109,23,218,117,21,35,64,56,11,28,264,188,62,65,253,70,54,151,122,207,47,59,87,73,106,123,120,42,37,300,18,72,63,29,182,167,89,50,64,90,240,71,22,28,219,47,28,13,11,38,72,85,345,86,301,77,139,207,248,196,38,86,240,4,149,217,6,50,316,8,15,128,157,81,64,156,28,74,246,174,123,226,63,84,287,84,135,21,67,47,78,90,185,196,24,35,370,169,85,47,169,47,8,16,55,114,111,90,43,56,191,67,220,191,66,56,179,36,61,116,50,128,198,101,240,302,96,4,44,207,211,52,42,332,20,129,9,211]
tiempo_ultimo_agente_goal 370
tiempo_en_acabar 370
tiempo_promedio 107.135002
agentes_en_goal 200
bad_good_total_rate_pred [118479,67394,185873,0.4]
push_out_count 76052
RUN 36
valores_ideales [30,35,12,19,30,38,39,5,16,40,23,25,33,36,25,17,28,34,33,23,38,13,27,7,11,32,13,3,38,32,15,38,17,12,29,19,21,23,15,45,21,21,28,26,13,39,36,20,11,3,38,37,31,8,29,37,18,19,15,35,20,48,38,13,28,11,19,15,41,10,9,8,37,32,15,35,24,41,21,33,38,22,17,45,21,41,27,41,37,26,18,40,17,40,49,24,36,19,37,26,40,33,26,44,21,14,28,23,24,12,7,18,15,19,45,16,30,21,29,39,32,35,28,47,35,4,11,17,6,35,30,8,10,16,36,35,49,35,7,19,32,32,14,24,37,34,36,19,35,8,41,9,40,39,31,25,18,22,36,38,31,19,41,26,8,11,11,14,50,22,30,31,29,33,13,26,10,24,48,22,26,39,22,30,43,23,26,22,37,4,15,31,39,30,24,44,6,30,9,32]
costo_por_agente [138,135,36,29,100,66,79,5,46,158,55,165,173,168,33,19,36,68,107,127,104,43,73,13,15,92,15,9,140,114,21,44,63,12,55,23,61,65,25,239,39,31,110,120,17,87,74,48,17,9,166,95,101,10,113,39,44,25,53,127,74,52,80,17,174,15,27,27,71,16,15,8,107,134,25,133,212,53,27,171,136,156,19,55,49,65,187,131,85,40,54,246,19,66,65,72,138,27,149,38,100,83,178,56,21,24,142,25,30,12,13,38,175,41,181,46,250,43,117,185,110,151,48,123,125,4,13,171,6,41,166,8,10,144,66,55,125,103,17,33,118,136,138,102,79,76,192,31,187,12,95,9,58,109,81,59,18,62,244,130,33,39,131,32,8,17,75,58,92,54,46,79,147,173,107,102,58,62,64,64,48,73,26,84,151,63,212,234,67,4,33,159,57,82,36,238,16,162,11,132]
completion_time_por_agente [236,243,55,44,147,97,117,5,89,254,98,274,291,280,41,21,53,104,178,208,189,80,113,14,22,130,19,20,229,193,29,50,116,12,76,29,116,102,30,345,68,49,206,218,20,157,105,73,19,9,296,151,154,12,211,44,82,43,83,225,107,66,151,18,307,17,31,44,106,25,19,8,183,259,35,178,404,63,31,307,201,231,21,72,74,86,339,227,150,53,83,385,21,109,92,99,223,32,275,51,152,126,261,71,24,29,251,37,32,18,16,55,240,62,303,80,417,60,176,319,198,233,60,176,215,4,19,284,6,53,275,8,12,251,107,76,179,186,24,54,174,246,261,168,122,114,281,43,339,15,147,10,90,179,143,94,18,105,388,192,35,70,170,35,8,21,127,107,115,84,68,138,251,329,174,171,103,100,95,83,66,120,29,139,260,94,319,340,105,4,57,250,96,146,46,416,24,285,11,234]
tiempo_ultimo_agente_goal 417
tiempo_en_acabar 417
tiempo_promedio 128.800003
agentes_en_goal 200
bad_good_total_rate_pred [135738,86296,222034,0.4]
push_out_count 78504
RUN 37
valores_ideales [30,35,12,19,30,38,39,5,16,40,23,25,33,36,25,17,28,34,33,23,38,13,27,7,11,32,13,3,38,32,15,38,17,12,29,19,21,23,15,45,21,21,28,26,13,39,36,20,11,3,38,37,31,8,29,37,18,19,15,35,20,48,38,13,28,11,19,15,41,10,9,8,37,32,15,35,24,41,21,33,38,22,17,45,21,41,27,41,37,26,18,40,17,40,49,24,36,19,37,26,40,33,26,44,21,14,28,23,24,12,7,18,15,19,45,16,30,21,29,39,32,35,28,47,35,4,11,17,6,35,30,8,10,16,36,35,49,35,7,19,32,32,14,24,37,34,36,19,35,8,41,9,40,39,31,25,18,22,36,38,31,19,41,26,8,11,11,14,50,22,30,31,29,33,13,26,10,24,48,22,26,39,22,30,43,23,26,22,37,4,15,31,39,30,24,44,6,30,9,32]
costo_por_agente [32,67,24,51,128,100,89,7,24,102,29,113,187,82,29,37,36,104,55,79,64,23,163,9,13,64,13,3,48,158,59,68,21,12,53,27,125,65,25,157,125,117,212,108,23,133,78,38,13,7,116,63,99,12,135,37,38,29,49,117,68,72,104,35,82,13,19,17,63,42,17,8,75,90,41,115,194,43,25,93,96,82,43,47,31,49,119,113,165,40,24,46,17,72,53,24,122,161,101,38,62,75,140,78,21,20,92,45,32,12,51,30,41,35,57,96,154,47,103,103,110,87,40,65,119,4,11,43,6,37,174,8,18,30,144,73,205,139,23,51,86,76,88,116,59,84,80,115,65,12,55,29,52,85,113,105,22,64,98,68,41,35,53,202,8,13,63,34,198,60,42,63,123,79,81,44,66,44,54,44,68,69,22,86,139,55,134,48,95,4,33,111,95,34,62,82,24,84,9,40]
completion_time_por_agente [36,113,40,79,228,164,135,8,30,173,35,182,339,140,35,52,47,168,89,106,85,28,267,9,17,113,14,7,75,250,119,90,26,12,74,46,206,112,32,281,249,198,329,175,30,195,115,60,22,10,198,111,131,12,219,38,59,40,72,200,121,109,172,48,154,16,21,24,89,69,23,15,119,144,81,185,342,44,25,136,160,132,63,58,42,55,184,189,259,59,42,50,19,106,63,28,205,275,161,45,100,121,230,108,22,24,151,65,43,12,95,45,58,60,71,161,256,59,152,195,198,130,56,94,198,4,13,62,6,42,290,8,18,42,230,131,335,230,27,77,140,103,143,187,101,130,130,222,99,17,79,43,73,138,177,189,24,93,140,94,50,58,84,328,8,13,98,46,306,99,62,92,208,133,118,64,131,73,71,48,108,93,22,124,225,94,233,80,156,4,59,199,161,46,92,133,28,157,11,53]
tiempo_ultimo_agente_goal 342
tiempo_en_acabar 342
tiempo_promedio 106.830002
agentes_en_goal 200
bad_good_total_rate_pred [104270,69977,174247,0.4]
push_out_count 80341
RUN 38
valores_ideales [30,35,12,19,30,38,39,5,16,40,23,25,33,36,25,17,28,34,33,23,38,13,27,7,11,32,13,3,38,32,15,38,17,12,29,19,21,23,15,45,21,21,28,26,13,39,36,20,11,3,38,37,31,8,29,37,18,19,15,35,20,48,38,13,28,11,19,15,41,10,9,8,37,32,15,35,24,41,21,33,38,22,17,45,21,41,27,41,37,26,18,40,17,40,49,24,36,19,37,26,40,33,26,44,21,14,28,23,24,12,7,18,15,19,45,16,30,21,29,39,32,35,28,47,35,4,11,17,6,35,30,8,10,16,36,35,49,35,7,19,32,32,14,24,37,34,36,19,35,8,41,9,40,39,31,25,18,22,36,38,31,19,41,26,8,11,11,14,50,22,30,31,29,33,13,26,10,24,48,22,26,39,22,30,43,23,26,22,37,4,15,31,39,30,24,44,6,30,9,32]
costo_por_agente [66,99,98,69,92,58,73,95,26,64,27,135,123,116,41,17,40,96,59,73,96,41,79,9,13,84,15,3,110,158,75,44,19,14,53,35,101,39,19,115,71,267,96,66,17,91,54,28,17,13,60,87,113,12,151,37,50,33,25,77,150,122,54,19,58,21,21,17,53,44,9,12,65,74,27,57,92,41,21,87,68,94,19,57,39,57,131,151,55,30,36,150,21,106,67,24,84,101,71,32,78,69,146,124,21,24,96,51,32,14,19,28,57,55,219,46,194,35,59,175,104,103,32,67,73,6,49,91,6,37,124,10,14,132,60,53,229,87,9,51,60,80,66,86,61,104,160,31,155,12,55,31,72,81,117,91,20,56,180,64,33,33,75,170,8,11,57,34,90,40,32,45,83,117,113,68,14,50,84,40,40,81,22,86,91,69,116,168,69,4,19,99,73,50,58,162,16,92,11,74]
completion_time_por_agente [106,156,183,128,159,76,95,162,36,114,32,215,191,198,51,20,54,161,77,102,164,63,150,14,19,116,19,6,162,253,124,53,19,14,79,53,135,55,21,178,110,373,145,110,21,168,77,38,23,24,90,143,189,15,229,39,79,45,36,113,274,188,69,26,84,37,23,21,66,93,11,19,105,121,45,83,126,44,23,149,90,146,20,88,54,95,235,231,73,40,46,263,23,178,96,24,125,168,100,42,121,99,190,198,23,41,145,66,49,18,38,39,92,97,355,77,318,58,94,292,189,148,44,106,123,7,106,156,6,50,207,13,16,225,98,68,348,141,17,84,91,148,103,139,95,194,233,46,226,15,85,45,112,123,205,171,22,87,271,117,35,49,122,254,8,11,98,51,119,66,32,54,139,195,197,103,17,82,116,54,54,117,22,139,156,121,204,261,102,4,22,169,119,58,100,285,28,151,13,118]
tiempo_ultimo_agente_goal 373
tiempo_en_acabar 373
tiempo_promedio 104.794998
agentes_en_goal 200
bad_good_total_rate_pred [112543,69202,181745,0.4]
push_out_count 82039
RUN 39
valores_ideales [30,35,12,19,30,38,39,5,16,40,23,25,33,36,25,17,28,34,33,23,38,13,27,7,11,32,13,3,38,32,15,38,17,12,29,19,21,23,15,45,21,21,28,26,13,39,36,20,11,3,38,37,31,8,29,37,18,19,15,35,20,48,38,13,28,11,19,15,41,10,9,8,37,32,15,35,24,41,21,33,38,22,17,45,21,41,27,41,37,26,18,40,17,40,49,24,36,19,37,26,40,33,26,44,21,14,28,23,24,12,7,18,15,19,45,16,30,21,29,39,32,35,28,47,35,4,11,17,6,35,30,8,10,16,36,35,49,35,7,19,32,32,14,24,37,34,36,19,35,8,41,9,40,39,31,25,18,22,36,38,31,19,41,26,8,11,11,14,50,22,30,31,29,33,13,26,10,24,48,22,26,39,22,30,43,23,26,22,37,4,15,31,39,30,24,44,6,30,9,32]
costo_por_agente [68,145,50,49,104,62,129,15,42,82,51,167,159,138,39,21,34,104,59,181,66,21,87,9,11,64,17,9,132,180,47,42,27,14,61,41,159,79,15,119,21,59,236,142,35,169,48,40,11,7,82,103,163,38,57,37,56,51,19,67,162,140,56,19,156,45,21,19,77,30,15,10,159,64,47,57,162,47,47,91,72,48,17,49,43,65,159,101,123,30,60,168,21,48,51,26,60,139,103,50,106,115,110,48,21,14,102,43,28,14,33,24,91,35,83,26,84,53,95,177,144,65,40,145,107,4,19,153,6,71,184,8,10,32,134,45,65,99,17,63,108,54,132,160,53,98,144,43,133,12,55,29,52,107,147,131,20,74,82,86,33,39,81,30,8,11,15,38,98,70,36,59,87,41,135,76,24,46,52,32,36,115,22,44,121,107,134,184,121,4,17,121,65,48,68,68,12,162,11,66]
completion_time_por_agente [97,247,101,71,151,104,185,17,74,116,87,258,281,220,48,27,43,169,94,287,108,26,137,12,12,93,18,20,210,310,89,49,46,14,110,56,273,143,17,175,23,75,351,231,56,277,55,52,14,11,120,191,272,67,83,37,91,72,25,99,251,268,95,23,251,89,23,25,123,53,20,12,270,95,77,84,280,58,85,130,117,81,20,54,71,92,297,167,220,41,104,268,22,65,68,27,86,227,164,78,175,182,172,55,21,18,185,74,31,19,71,31,171,46,125,31,140,88,162,302,243,86,53,223,166,4,31,248,6,115,301,8,12,36,224,55,95,174,23,91,173,65,218,265,84,130,258,67,237,15,69,54,76,164,253,237,28,125,119,133,34,68,115,39,9,13,24,71,145,120,51,83,146,62,229,113,29,76,63,43,59,186,22,70,195,195,233,331,205,4,21,189,88,71,108,91,17,272,11,95]
tiempo_ultimo_agente_goal 351
tiempo_en_acabar 351
tiempo_promedio 112.184998
agentes_en_goal 200
bad_good_total_rate_pred [110669,71693,182362,0.4]
push_out_count 84089
