RUN 0
valores_ideales [24,23,10,40,34,14,36,30,18,21,8,25,3,36,40,32,23,18,18,19,48,40,7,4,32,15,20,19,19,29,34,46,11,37,6,23,39,22,21,41,21,9,40,28,36,18,31,40,16,16,28,30,47,16,13,23,11,31,40,17,28,1,27,43,10,13,19,17,20,7,34,14,39,10,40,20,35,24,28,17,31,11,25,6,3,37,30,26,32,25,44,10,11,13,7,19,36,11,5,35,37,14,11,9,35,22,36,5,6,15,18,24,11,30,32,21,14,30,25,27,41,49,9,23,5,27,33,3,26,41,13,41,26,28,15,6,23,21,25,24,39,2,8,7,6,13,23,40,6,25,12,17,38,21,7,10,24,43,22,30]
costo_por_agente [28,87,30,92,38,16,36,40,46,21,8,31,3,42,58,56,33,84,50,33,116,62,7,4,42,23,84,21,37,115,52,68,15,87,6,25,41,24,29,53,21,11,52,36,42,74,73,54,30,22,42,30,69,16,13,123,13,39,56,17,30,1,53,53,12,13,55,21,70,21,52,14,41,14,46,22,37,104,28,17,31,21,59,8,3,79,36,28,78,101,54,18,21,17,7,45,36,13,7,37,63,22,15,11,49,98,90,5,6,19,18,30,11,116,58,95,30,48,37,41,49,73,11,33,5,29,55,3,116,125,15,53,26,60,29,6,35,21,67,26,43,6,16,9,6,17,23,92,6,31,34,25,42,101,75,10,54,47,34,44]
completion_time_por_agente [30,163,49,148,51,18,39,48,72,21,8,42,3,51,87,94,37,117,81,45,177,97,8,4,57,25,142,21,66,200,70,107,20,139,8,33,50,27,41,83,22,12,69,36,63,120,137,73,47,29,55,30,97,16,16,206,13,45,72,17,34,1,82,71,13,17,81,22,128,41,79,17,49,16,65,23,48,184,29,17,34,24,95,10,3,133,44,32,145,201,72,22,27,20,7,65,36,14,7,44,94,24,17,13,60,137,123,7,6,21,20,38,11,214,86,179,30,68,49,64,63,112,14,49,5,30,90,4,214,194,15,69,31,92,41,6,43,22,114,30,61,13,18,9,6,19,23,154,6,32,59,37,48,182,127,14,98,61,53,63]
tiempo_ultimo_agente_goal 214
tiempo_en_acabar 214
tiempo_promedio 58.674999
agentes_en_goal 160
bad_good_total_rate_pred [40392,29862,70254,0.4]
push_out_count 599
RUN 1
valores_ideales [24,23,10,40,34,14,36,30,18,21,8,25,3,36,40,32,23,18,18,19,48,40,7,4,32,15,20,19,19,29,34,46,11,37,6,23,39,22,21,41,21,9,40,28,36,18,31,40,16,16,28,30,47,16,13,23,11,31,40,17,28,1,27,43,10,13,19,17,20,7,34,14,39,10,40,20,35,24,28,17,31,11,25,6,3,37,30,26,32,25,44,10,11,13,7,19,36,11,5,35,37,14,11,9,35,22,36,5,6,15,18,24,11,30,32,21,14,30,25,27,41,49,9,23,5,27,33,3,26,41,13,41,26,28,15,6,23,21,25,24,39,2,8,7,6,13,23,40,6,25,12,17,38,21,7,10,24,43,22,30]
costo_por_agente [24,43,72,94,52,20,36,38,72,21,8,29,3,70,72,52,33,40,36,27,82,100,11,4,42,21,74,59,25,91,64,70,17,95,6,29,49,24,25,61,35,9,92,36,60,62,35,56,34,34,36,32,65,16,77,77,13,37,72,19,42,1,53,51,10,13,75,21,84,13,40,14,53,38,68,22,45,84,28,17,31,11,67,10,3,63,58,40,44,33,58,24,13,15,7,55,36,11,5,49,45,14,31,13,75,66,84,5,16,19,20,34,11,40,44,77,18,66,53,33,51,71,9,33,7,39,51,5,92,85,17,71,26,60,21,6,23,51,53,68,65,4,34,9,6,13,23,46,6,55,20,29,50,81,37,12,52,67,30,34]
completion_time_por_agente [24,54,135,142,84,22,43,53,140,26,8,29,3,110,101,76,39,60,70,38,114,140,14,4,54,22,116,102,48,159,111,100,28,147,6,34,73,28,25,91,52,9,145,43,94,108,39,69,39,41,55,33,83,16,117,145,16,49,96,22,60,1,62,71,11,14,137,21,146,21,69,14,72,62,104,24,77,145,31,18,32,12,118,10,3,91,82,61,60,36,90,33,14,16,7,97,39,11,5,54,59,14,71,15,118,108,129,7,30,24,21,43,11,52,62,146,23,109,67,43,71,94,9,45,10,51,69,7,153,136,21,114,26,78,21,6,23,99,91,122,113,9,52,9,7,16,24,52,6,97,29,37,78,131,67,14,86,105,39,43]
tiempo_ultimo_agente_goal 159
tiempo_en_acabar 159
tiempo_promedio 58.668751
agentes_en_goal 160
bad_good_total_rate_pred [37852,29544,67396,0.4]
push_out_count 1208
RUN 2
valores_ideales [24,23,10,40,34,14,36,30,18,21,8,25,3,36,40,32,23,18,18,19,48,40,7,4,32,15,20,19,19,29,34,46,11,37,6,23,39,22,21,41,21,9,40,28,36,18,31,40,16,16,28,30,47,16,13,23,11,31,40,17,28,1,27,43,10,13,19,17,20,7,34,14,39,10,40,20,35,24,28,17,31,11,25,6,3,37,30,26,32,25,44,10,11,13,7,19,36,11,5,35,37,14,11,9,35,22,36,5,6,15,18,24,11,30,32,21,14,30,25,27,41,49,9,23,5,27,33,3,26,41,13,41,26,28,15,6,23,21,25,24,39,2,8,7,6,13,23,40,6,25,12,17,38,21,7,10,24,43,22,30]
costo_por_agente [24,75,48,52,44,16,44,50,62,29,8,25,3,46,48,98,39,76,36,49,82,76,7,4,38,15,32,45,99,61,40,48,23,91,6,25,45,26,69,41,33,9,62,32,82,44,37,64,18,22,80,44,67,18,13,83,11,31,44,17,54,1,85,49,14,13,27,17,38,13,52,14,43,44,68,22,67,84,28,17,31,13,89,8,3,55,50,28,56,53,56,24,29,13,7,59,36,11,5,43,59,14,13,13,45,56,92,5,8,29,20,30,11,38,56,87,26,62,39,53,53,59,9,29,5,29,49,3,58,91,25,67,28,34,51,6,29,63,79,38,71,4,22,17,6,13,23,46,6,71,16,45,52,63,9,18,44,73,38,38]
completion_time_por_agente [26,126,86,78,65,18,56,79,134,34,8,25,3,60,58,165,45,117,56,76,128,115,7,4,51,19,39,65,167,100,54,57,31,141,7,31,56,29,102,43,46,11,83,34,138,59,47,102,22,25,136,73,94,19,13,132,11,36,52,17,76,1,151,64,16,13,37,19,59,19,74,14,58,76,105,23,103,159,29,20,32,16,159,8,3,83,69,28,76,85,74,36,40,13,7,100,37,11,5,48,80,15,18,19,53,78,156,7,10,36,21,30,11,41,80,145,34,91,49,83,75,74,11,30,7,30,66,3,103,138,30,93,29,40,76,6,37,105,135,57,104,4,34,19,6,18,24,55,6,117,26,67,74,93,12,27,79,102,46,54]
tiempo_ultimo_agente_goal 167
tiempo_en_acabar 167
tiempo_promedio 55.787498
agentes_en_goal 160
bad_good_total_rate_pred [34569,27753,62322,0.4]
push_out_count 1767
RUN 3
valores_ideales [24,23,10,40,34,14,36,30,18,21,8,25,3,36,40,32,23,18,18,19,48,40,7,4,32,15,20,19,19,29,34,46,11,37,6,23,39,22,21,41,21,9,40,28,36,18,31,40,16,16,28,30,47,16,13,23,11,31,40,17,28,1,27,43,10,13,19,17,20,7,34,14,39,10,40,20,35,24,28,17,31,11,25,6,3,37,30,26,32,25,44,10,11,13,7,19,36,11,5,35,37,14,11,9,35,22,36,5,6,15,18,24,11,30,32,21,14,30,25,27,41,49,9,23,5,27,33,3,26,41,13,41,26,28,15,6,23,21,25,24,39,2,8,7,6,13,23,40,6,25,12,17,38,21,7,10,24,43,22,30]
costo_por_agente [24,129,40,90,52,14,40,44,56,23,8,29,3,66,54,38,25,142,128,35,82,126,7,4,34,15,144,33,37,145,50,118,31,139,6,23,89,26,21,41,23,9,104,52,44,114,83,54,30,34,66,38,123,16,13,151,13,37,46,17,40,1,71,49,14,15,61,19,88,19,68,16,53,12,76,22,67,130,28,19,31,33,133,14,3,69,34,34,50,127,50,18,11,13,7,63,36,11,7,37,133,16,11,13,81,84,148,5,6,17,18,50,11,98,60,123,16,94,33,55,47,65,9,29,7,29,111,3,88,101,15,89,28,106,29,6,39,47,107,36,45,36,26,11,6,15,25,70,6,61,28,45,42,117,61,12,84,79,32,42]
completion_time_por_agente [25,262,74,136,77,15,47,59,101,25,8,43,3,105,75,48,30,254,203,53,122,244,10,4,40,16,251,52,46,268,74,211,43,259,6,30,132,26,21,45,29,11,164,77,52,203,127,74,43,45,119,46,189,18,13,247,13,46,50,20,50,1,119,68,19,15,123,19,151,32,114,19,63,12,115,23,120,214,29,22,31,50,215,16,3,103,48,40,81,203,65,21,13,16,7,118,36,11,7,39,220,18,17,18,140,152,234,7,6,18,18,67,11,170,100,228,20,165,41,87,60,85,11,35,7,31,183,3,178,152,15,137,30,193,31,6,51,69,175,46,53,78,36,13,6,20,26,87,6,110,33,56,52,222,104,18,134,144,39,51]
tiempo_ultimo_agente_goal 268
tiempo_en_acabar 268
tiempo_promedio 75.643753
agentes_en_goal 160
bad_good_total_rate_pred [52688,40105,92793,0.4]
push_out_count 2727
RUN 4
valores_ideales [24,23,10,40,34,14,36,30,18,21,8,25,3,36,40,32,23,18,18,19,48,40,7,4,32,15,20,19,19,29,34,46,11,37,6,23,39,22,21,41,21,9,40,28,36,18,31,40,16,16,28,30,47,16,13,23,11,31,40,17,28,1,27,43,10,13,19,17,20,7,34,14,39,10,40,20,35,24,28,17,31,11,25,6,3,37,30,26,32,25,44,10,11,13,7,19,36,11,5,35,37,14,11,9,35,22,36,5,6,15,18,24,11,30,32,21,14,30,25,27,41,49,9,23,5,27,33,3,26,41,13,41,26,28,15,6,23,21,25,24,39,2,8,7,6,13,23,40,6,25,12,17,38,21,7,10,24,43,22,30]
costo_por_agente [24,151,38,90,46,16,38,36,28,23,8,29,3,60,64,70,27,180,50,41,138,154,7,4,34,15,80,49,37,89,42,118,19,141,6,23,67,24,21,45,23,9,162,30,68,78,37,58,32,24,48,60,111,16,13,145,13,35,50,17,52,1,63,73,10,13,35,19,28,13,56,16,45,16,78,22,37,174,28,29,35,19,177,8,3,83,40,36,108,89,46,28,35,15,7,71,36,11,5,141,63,14,27,15,55,60,82,7,6,29,20,46,11,130,80,145,18,186,47,65,57,77,15,41,5,27,77,3,72,87,27,63,26,42,23,6,27,73,49,44,45,6,8,9,12,15,23,46,6,87,28,55,38,87,45,14,144,129,28,42]
completion_time_por_agente [24,269,57,143,67,18,39,51,32,27,8,40,3,93,97,113,29,284,97,60,237,275,8,4,36,17,135,76,47,161,52,180,33,201,6,25,107,26,21,53,28,9,246,30,101,165,46,83,53,27,65,87,177,17,16,244,14,43,63,18,69,1,109,101,13,13,51,19,38,24,101,16,50,18,124,23,49,336,29,33,41,27,308,10,3,158,58,46,185,140,49,37,45,17,7,112,37,11,7,265,102,14,41,16,83,105,122,10,6,41,23,60,11,218,137,243,18,326,79,110,86,107,18,66,5,32,127,3,111,131,42,91,28,46,27,6,33,129,89,57,68,13,9,10,17,18,26,62,6,153,47,92,46,172,72,26,254,233,38,54]
tiempo_ultimo_agente_goal 336
tiempo_en_acabar 336
tiempo_promedio 74.862503
agentes_en_goal 160
bad_good_total_rate_pred [50495,38903,89398,0.4]
push_out_count 3727
RUN 5
valores_ideales [24,23,10,40,34,14,36,30,18,21,8,25,3,36,40,32,23,18,18,19,48,40,7,4,32,15,20,19,19,29,34,46,11,37,6,23,39,22,21,41,21,9,40,28,36,18,31,40,16,16,28,30,47,16,13,23,11,31,40,17,28,1,27,43,10,13,19,17,20,7,34,14,39,10,40,20,35,24,28,17,31,11,25,6,3,37,30,26,32,25,44,10,11,13,7,19,36,11,5,35,37,14,11,9,35,22,36,5,6,15,18,24,11,30,32,21,14,30,25,27,41,49,9,23,5,27,33,3,26,41,13,41,26,28,15,6,23,21,25,24,39,2,8,7,6,13,23,40,6,25,12,17,38,21,7,10,24,43,22,30]
costo_por_agente [24,65,32,84,42,18,36,38,62,35,8,39,3,48,64,74,41,94,38,47,136,128,9,4,34,21,68,65,77,113,40,56,25,125,6,25,43,26,53,59,29,11,172,42,44,90,85,80,22,24,90,48,57,16,19,151,13,33,42,19,44,1,87,65,16,13,53,17,68,7,56,14,57,22,90,20,41,132,28,27,31,15,135,8,3,155,30,38,46,49,54,32,11,13,7,61,38,11,5,93,71,18,15,17,69,56,84,7,6,23,18,30,11,60,40,87,14,100,37,35,63,93,9,33,5,29,107,5,132,139,23,95,26,32,33,6,33,31,75,38,63,24,28,9,6,15,23,42,6,33,32,51,42,121,19,10,58,53,30,44]
completion_time_por_agente [25,121,55,133,61,20,38,45,113,39,8,63,3,64,100,119,60,146,77,64,239,220,10,4,35,21,97,125,135,201,50,73,32,202,6,28,55,26,80,75,43,12,280,59,66,132,164,133,24,26,166,65,74,16,21,244,13,38,48,21,69,1,148,112,21,14,77,17,117,7,92,14,64,36,154,22,64,231,29,30,31,23,231,10,3,264,43,54,61,89,84,47,13,15,7,114,43,11,5,129,106,23,23,21,115,105,140,8,6,35,20,38,11,81,60,147,15,184,56,42,98,139,12,39,5,32,195,6,212,244,25,157,27,36,52,6,39,38,104,56,87,53,38,9,6,19,23,52,6,42,56,79,51,199,27,14,88,67,39,59]
tiempo_ultimo_agente_goal 280
tiempo_en_acabar 280
tiempo_promedio 69.256248
agentes_en_goal 160
bad_good_total_rate_pred [45980,34446,80426,0.4]
push_out_count 4570
RUN 6
valores_ideales [24,23,10,40,34,14,36,30,18,21,8,25,3,36,40,32,23,18,18,19,48,40,7,4,32,15,20,19,19,29,34,46,11,37,6,23,39,22,21,41,21,9,40,28,36,18,31,40,16,16,28,30,47,16,13,23,11,31,40,17,28,1,27,43,10,13,19,17,20,7,34,14,39,10,40,20,35,24,28,17,31,11,25,6,3,37,30,26,32,25,44,10,11,13,7,19,36,11,5,35,37,14,11,9,35,22,36,5,6,15,18,24,11,30,32,21,14,30,25,27,41,49,9,23,5,27,33,3,26,41,13,41,26,28,15,6,23,21,25,24,39,2,8,7,6,13,23,40,6,25,12,17,38,21,7,10,24,43,22,30]
costo_por_agente [24,97,20,82,76,14,38,32,106,23,8,27,3,46,98,110,61,118,60,45,144,100,9,4,52,19,88,47,61,109,42,112,25,91,6,23,53,28,53,51,25,11,84,28,56,150,47,86,24,26,56,42,155,18,13,159,11,37,72,21,54,1,63,57,12,13,29,17,162,15,72,14,55,22,84,22,41,90,28,25,31,21,105,14,3,57,44,34,72,65,70,32,11,13,9,67,36,11,5,95,59,20,19,19,89,76,150,5,6,15,20,36,11,136,128,103,14,112,33,45,53,117,9,39,7,29,77,3,130,137,69,55,32,130,23,6,27,21,67,46,45,2,20,9,6,15,23,50,6,105,30,23,40,141,139,12,136,85,34,42]
completion_time_por_agente [24,148,27,144,123,15,41,38,182,27,8,35,3,69,156,172,95,178,101,69,211,180,10,4,75,23,155,73,107,184,56,189,35,156,6,26,71,28,71,83,33,15,120,32,78,288,66,145,30,27,101,62,272,18,13,251,11,50,110,24,83,1,107,91,19,13,33,17,294,24,123,14,67,30,143,22,52,153,29,27,31,23,181,23,3,89,65,41,100,81,111,42,13,16,9,105,36,11,5,161,90,22,31,26,130,129,244,7,6,17,23,46,11,222,210,207,15,190,42,59,63,198,11,46,10,31,148,3,227,237,125,83,39,221,24,6,31,21,98,66,64,4,34,10,6,19,23,72,6,198,51,32,60,253,240,17,227,144,45,49]
tiempo_ultimo_agente_goal 294
tiempo_en_acabar 294
tiempo_promedio 78.756248
agentes_en_goal 160
bad_good_total_rate_pred [54083,41478,95561,0.4]
push_out_count 5632
RUN 7
valores_ideales [24,23,10,40,34,14,36,30,18,21,8,25,3,36,40,32,23,18,18,19,48,40,7,4,32,15,20,19,19,29,34,46,11,37,6,23,39,22,21,41,21,9,40,28,36,18,31,40,16,16,28,30,47,16,13,23,11,31,40,17,28,1,27,43,10,13,19,17,20,7,34,14,39,10,40,20,35,24,28,17,31,11,25,6,3,37,30,26,32,25,44,10,11,13,7,19,36,11,5,35,37,14,11,9,35,22,36,5,6,15,18,24,11,30,32,21,14,30,25,27,41,49,9,23,5,27,33,3,26,41,13,41,26,28,15,6,23,21,25,24,39,2,8,7,6,13,23,40,6,25,12,17,38,21,7,10,24,43,22,30]
costo_por_agente [24,105,86,128,42,14,42,44,74,25,8,27,3,56,64,76,71,78,18,39,90,62,9,4,44,17,104,61,67,139,46,142,11,151,8,25,47,28,31,41,27,9,136,42,70,66,35,88,28,40,62,34,91,18,13,91,13,37,114,17,42,1,81,51,12,13,43,19,70,9,64,16,71,18,52,22,39,148,28,45,31,17,137,6,3,109,40,28,42,113,52,20,17,13,9,75,36,15,7,39,41,16,17,13,93,72,102,5,14,31,18,30,11,70,64,131,16,110,43,49,73,81,11,29,11,29,77,3,92,149,49,65,28,40,33,6,43,43,51,68,63,2,8,9,6,13,23,42,6,39,40,29,62,119,101,14,38,51,40,40]
completion_time_por_agente [26,182,137,213,67,18,47,51,133,25,9,28,3,78,98,133,109,143,20,73,140,107,10,4,66,22,198,119,113,256,68,225,11,248,9,32,70,29,31,43,33,10,224,54,110,125,43,133,37,61,104,45,138,19,17,156,13,50,185,17,54,1,152,67,18,13,82,20,122,9,107,17,97,27,79,24,48,260,29,75,31,25,237,6,4,165,45,31,56,193,67,26,21,13,12,135,36,18,7,44,52,19,25,16,158,112,143,7,15,43,18,35,11,103,111,239,20,187,63,70,108,107,17,37,18,31,113,3,170,260,82,107,32,46,48,6,57,67,75,122,101,4,9,11,8,17,26,49,6,66,75,49,86,206,186,19,46,61,59,49]
tiempo_ultimo_agente_goal 260
tiempo_en_acabar 260
tiempo_promedio 72.043747
agentes_en_goal 160
bad_good_total_rate_pred [44955,36328,81283,0.4]
push_out_count 6608
RUN 8
valores_ideales [24,23,10,40,34,14,36,30,18,21,8,25,3,36,40,32,23,18,18,19,48,40,7,4,32,15,20,19,19,29,34,46,11,37,6,23,39,22,21,41,21,9,40,28,36,18,31,40,16,16,28,30,47,16,13,23,11,31,40,17,28,1,27,43,10,13,19,17,20,7,34,14,39,10,40,20,35,24,28,17,31,11,25,6,3,37,30,26,32,25,44,10,11,13,7,19,36,11,5,35,37,14,11,9,35,22,36,5,6,15,18,24,11,30,32,21,14,30,25,27,41,49,9,23,5,27,33,3,26,41,13,41,26,28,15,6,23,21,25,24,39,2,8,7,6,13,23,40,6,25,12,17,38,21,7,10,24,43,22,30]
costo_por_agente [24,83,28,84,90,20,40,40,62,29,10,43,3,44,50,60,23,50,50,39,108,94,9,4,34,25,60,67,67,133,48,50,11,177,6,27,47,24,51,41,23,19,106,28,64,60,73,62,18,24,62,40,99,16,13,113,11,33,42,19,38,1,63,45,12,13,75,17,130,35,60,14,111,24,70,24,47,130,28,45,31,17,143,12,3,107,32,34,48,97,48,18,11,13,7,43,36,17,7,37,83,16,15,15,73,128,122,5,10,17,18,28,11,42,42,129,22,144,37,45,65,63,11,39,5,29,91,3,102,119,21,63,26,38,23,6,27,29,111,56,65,8,8,9,8,13,27,44,32,33,56,35,46,139,19,14,84,63,36,38]
completion_time_por_agente [26,132,50,141,148,21,42,53,118,37,10,59,3,60,61,98,23,74,89,68,153,124,11,4,35,30,98,117,102,220,58,60,15,260,7,30,51,24,61,50,28,21,180,32,103,112,126,88,19,30,93,46,175,17,13,195,12,42,50,25,42,1,109,53,12,16,116,17,210,67,95,15,175,39,100,25,71,214,32,64,32,18,233,13,3,161,34,39,63,150,71,27,13,17,7,58,37,17,7,38,133,17,22,18,122,244,197,5,15,22,18,34,12,58,69,225,28,262,52,57,100,78,11,60,5,32,164,3,184,183,29,101,28,43,26,6,28,39,193,97,106,16,9,10,9,18,28,53,58,43,98,57,68,248,38,19,158,93,53,56]
tiempo_ultimo_agente_goal 262
tiempo_en_acabar 262
tiempo_promedio 68.743752
agentes_en_goal 160
bad_good_total_rate_pred [46418,35384,81802,0.4]
push_out_count 7446
RUN 9
valores_ideales [24,23,10,40,34,14,36,30,18,21,8,25,3,36,40,32,23,18,18,19,48,40,7,4,32,15,20,19,19,29,34,46,11,37,6,23,39,22,21,41,21,9,40,28,36,18,31,40,16,16,28,30,47,16,13,23,11,31,40,17,28,1,27,43,10,13,19,17,20,7,34,14,39,10,40,20,35,24,28,17,31,11,25,6,3,37,30,26,32,25,44,10,11,13,7,19,36,11,5,35,37,14,11,9,35,22,36,5,6,15,18,24,11,30,32,21,14,30,25,27,41,49,9,23,5,27,33,3,26,41,13,41,26,28,15,6,23,21,25,24,39,2,8,7,6,13,23,40,6,25,12,17,38,21,7,10,24,43,22,30]
costo_por_agente [24,71,48,66,58,18,36,40,38,25,10,35,3,54,112,78,37,50,96,45,138,116,7,4,36,15,86,81,21,165,48,62,11,111,6,25,53,24,63,47,23,9,74,30,68,44,135,72,24,16,56,42,91,16,13,205,13,31,64,19,36,1,53,67,12,13,29,17,72,11,38,18,145,10,76,22,59,172,28,19,31,13,147,10,3,63,54,34,82,125,68,22,11,13,7,83,36,11,7,47,103,16,13,15,91,98,144,5,8,17,18,48,11,34,50,121,16,162,39,47,49,131,11,33,5,29,71,5,156,177,17,83,28,172,49,6,29,57,155,80,59,2,10,21,6,13,23,42,6,81,16,39,56,77,39,18,72,99,28,36]
completion_time_por_agente [26,124,88,88,87,20,37,50,61,26,11,40,3,86,192,133,46,63,170,71,195,176,8,4,41,16,159,146,25,298,82,84,12,187,7,32,70,25,120,64,30,9,111,32,112,75,231,90,39,16,96,51,129,17,13,310,13,33,108,21,44,1,73,107,13,14,36,17,118,16,41,23,268,11,115,25,95,312,31,23,32,14,259,14,3,86,78,41,122,236,104,27,12,15,7,154,36,11,8,58,136,19,18,15,127,174,250,7,11,24,18,67,12,41,82,239,18,288,54,63,72,224,15,47,5,31,123,5,288,269,20,126,32,321,75,6,32,73,273,134,89,2,10,38,7,19,24,51,6,136,24,62,90,110,62,26,128,147,34,39]
tiempo_ultimo_agente_goal 321
tiempo_en_acabar 321
tiempo_promedio 77.168747
agentes_en_goal 160
bad_good_total_rate_pred [52669,39103,91772,0.4]
push_out_count 8504
RUN 10
valores_ideales [24,23,10,40,34,14,36,30,18,21,8,25,3,36,40,32,23,18,18,19,48,40,7,4,32,15,20,19,19,29,34,46,11,37,6,23,39,22,21,41,21,9,40,28,36,18,31,40,16,16,28,30,47,16,13,23,11,31,40,17,28,1,27,43,10,13,19,17,20,7,34,14,39,10,40,20,35,24,28,17,31,11,25,6,3,37,30,26,32,25,44,10,11,13,7,19,36,11,5,35,37,14,11,9,35,22,36,5,6,15,18,24,11,30,32,21,14,30,25,27,41,49,9,23,5,27,33,3,26,41,13,41,26,28,15,6,23,21,25,24,39,2,8,7,6,13,23,40,6,25,12,17,38,21,7,10,24,43,22,30]
costo_por_agente [32,179,82,62,42,16,50,46,92,25,8,55,3,48,52,66,27,110,38,31,140,56,7,4,38,19,42,75,59,119,46,76,23,141,6,23,43,26,87,75,21,11,164,36,96,154,37,68,28,40,72,62,121,18,45,61,13,33,74,17,52,1,83,49,14,27,43,17,76,29,72,14,57,18,48,22,99,104,28,47,33,11,171,8,3,91,36,34,52,107,78,18,11,13,7,39,36,11,5,57,93,16,35,13,55,120,112,5,10,21,18,56,11,158,194,103,16,88,41,35,85,185,11,45,5,27,77,3,80,135,17,97,26,228,55,6,45,61,151,72,61,2,8,25,8,13,27,108,6,31,74,53,54,183,21,28,54,45,26,48]
completion_time_por_agente [38,254,154,87,57,18,71,56,167,27,8,92,3,67,67,110,28,185,71,53,227,74,7,4,42,24,50,145,94,188,67,131,35,245,6,27,57,29,154,120,25,15,261,40,158,257,44,108,35,64,111,75,179,19,80,86,14,38,117,17,81,1,140,69,15,31,66,17,96,50,117,15,73,28,65,26,174,168,29,77,33,13,312,12,3,144,50,36,78,186,138,21,13,16,7,64,36,11,6,69,150,22,85,15,77,211,180,7,10,26,18,82,11,269,283,198,18,152,60,46,125,281,15,67,7,30,108,3,139,233,17,156,27,341,78,6,57,95,247,143,93,4,11,35,11,16,30,190,6,46,136,89,81,297,27,50,90,53,34,54]
tiempo_ultimo_agente_goal 341
tiempo_en_acabar 341
tiempo_promedio 81.974998
agentes_en_goal 160
bad_good_total_rate_pred [59692,41716,101408,0.4]
push_out_count 9602
RUN 11
valores_ideales [24,23,10,40,34,14,36,30,18,21,8,25,3,36,40,32,23,18,18,19,48,40,7,4,32,15,20,19,19,29,34,46,11,37,6,23,39,22,21,41,21,9,40,28,36,18,31,40,16,16,28,30,47,16,13,23,11,31,40,17,28,1,27,43,10,13,19,17,20,7,34,14,39,10,40,20,35,24,28,17,31,11,25,6,3,37,30,26,32,25,44,10,11,13,7,19,36,11,5,35,37,14,11,9,35,22,36,5,6,15,18,24,11,30,32,21,14,30,25,27,41,49,9,23,5,27,33,3,26,41,13,41,26,28,15,6,23,21,25,24,39,2,8,7,6,13,23,40,6,25,12,17,38,21,7,10,24,43,22,30]
costo_por_agente [26,85,40,104,36,16,40,34,50,37,8,29,3,56,80,74,49,38,98,51,112,130,9,4,38,17,94,69,55,75,46,48,15,115,8,23,57,32,59,43,23,9,78,34,68,34,35,48,26,16,100,30,89,32,13,69,11,37,54,19,46,1,79,63,14,23,65,19,38,9,40,14,51,14,68,38,61,112,28,21,31,15,129,8,3,89,58,36,74,93,80,24,11,13,7,61,36,11,5,37,53,14,13,15,77,46,84,7,6,17,20,50,11,50,92,109,14,80,45,41,75,71,11,29,5,27,79,3,128,67,35,87,32,36,23,6,37,21,75,44,77,2,8,15,24,13,23,58,6,31,26,49,60,79,87,10,98,141,32,40]
completion_time_por_agente [31,141,75,175,42,20,43,40,94,43,8,31,4,76,127,115,88,58,172,82,201,205,16,4,46,22,150,108,100,115,59,55,24,188,8,25,80,34,103,55,30,11,122,41,106,50,48,56,37,16,141,34,136,44,13,96,12,51,75,20,60,1,127,91,20,27,110,22,53,15,55,18,69,23,110,56,92,199,29,26,31,17,211,8,3,135,83,41,108,155,130,39,13,16,7,115,40,12,7,44,78,15,15,22,119,90,136,9,7,18,21,70,11,57,148,204,17,107,62,47,121,91,14,37,5,31,130,3,215,89,55,129,33,43,27,6,40,21,113,68,131,2,9,24,30,16,27,81,6,39,44,74,95,125,125,11,170,226,41,63]
tiempo_ultimo_agente_goal 226
tiempo_en_acabar 226
tiempo_promedio 65.518753
agentes_en_goal 160
bad_good_total_rate_pred [44065,32685,76750,0.4]
push_out_count 10378
RUN 12
valores_ideales [24,23,10,40,34,14,36,30,18,21,8,25,3,36,40,32,23,18,18,19,48,40,7,4,32,15,20,19,19,29,34,46,11,37,6,23,39,22,21,41,21,9,40,28,36,18,31,40,16,16,28,30,47,16,13,23,11,31,40,17,28,1,27,43,10,13,19,17,20,7,34,14,39,10,40,20,35,24,28,17,31,11,25,6,3,37,30,26,32,25,44,10,11,13,7,19,36,11,5,35,37,14,11,9,35,22,36,5,6,15,18,24,11,30,32,21,14,30,25,27,41,49,9,23,5,27,33,3,26,41,13,41,26,28,15,6,23,21,25,24,39,2,8,7,6,13,23,40,6,25,12,17,38,21,7,10,24,43,22,30]
costo_por_agente [24,71,30,52,42,16,38,38,78,23,8,27,3,54,74,58,73,124,42,51,90,80,7,4,38,15,54,85,73,99,46,54,11,103,6,31,55,30,23,49,27,9,102,30,74,44,41,86,30,36,80,38,61,20,41,121,11,33,42,19,84,1,75,55,12,13,57,19,56,9,56,16,47,24,64,22,41,116,30,19,31,23,97,14,3,55,40,30,56,63,52,24,19,17,9,49,36,11,5,39,87,20,23,13,81,94,62,5,8,23,18,52,15,38,92,107,16,102,47,31,73,91,13,41,5,31,61,7,96,97,47,71,32,36,49,6,35,21,45,60,51,4,8,9,6,13,23,44,6,37,18,55,66,123,39,36,70,47,42,34]
completion_time_por_agente [24,134,35,60,56,18,41,52,128,23,8,31,3,74,117,95,114,209,65,75,134,125,7,4,40,20,81,127,132,193,68,72,11,189,7,42,75,37,23,68,39,9,144,31,120,66,55,128,40,50,122,51,76,21,70,200,11,34,44,23,151,1,118,70,13,13,91,19,89,11,84,25,62,32,98,22,61,221,32,24,32,28,156,20,3,78,54,31,90,94,63,36,22,17,10,85,36,11,7,51,140,23,44,13,133,181,91,7,10,32,18,94,15,47,156,161,20,154,65,36,109,145,20,54,5,33,87,9,143,129,77,110,41,42,79,6,44,21,63,90,79,6,9,11,8,17,27,50,6,49,27,71,107,188,65,56,112,60,54,40]
tiempo_ultimo_agente_goal 221
tiempo_en_acabar 221
tiempo_promedio 63.131248
agentes_en_goal 160
bad_good_total_rate_pred [41467,31255,72722,0.4]
push_out_count 11085
RUN 13
valores_ideales [24,23,10,40,34,14,36,30,18,21,8,25,3,36,40,32,23,18,18,19,48,40,7,4,32,15,20,19,19,29,34,46,11,37,6,23,39,22,21,41,21,9,40,28,36,18,31,40,16,16,28,30,47,16,13,23,11,31,40,17,28,1,27,43,10,13,19,17,20,7,34,14,39,10,40,20,35,24,28,17,31,11,25,6,3,37,30,26,32,25,44,10,11,13,7,19,36,11,5,35,37,14,11,9,35,22,36,5,6,15,18,24,11,30,32,21,14,30,25,27,41,49,9,23,5,27,33,3,26,41,13,41,26,28,15,6,23,21,25,24,39,2,8,7,6,13,23,40,6,25,12,17,38,21,7,10,24,43,22,30]
costo_por_agente [40,117,28,102,44,134,44,40,72,37,8,67,3,64,58,64,67,96,60,41,110,50,7,4,56,29,32,83,65,141,56,54,15,147,6,29,55,28,61,43,25,9,86,62,80,48,51,52,54,54,66,34,77,16,13,127,13,51,102,19,52,1,81,57,12,17,51,21,54,11,50,14,77,24,58,22,61,160,28,75,49,15,141,10,3,63,38,50,40,57,70,28,47,13,7,79,52,11,5,105,105,14,19,13,91,120,120,5,6,37,24,44,13,148,52,141,20,140,45,55,55,91,9,27,5,29,57,3,116,157,15,57,26,120,31,6,35,71,47,38,55,2,8,9,8,13,27,58,6,57,20,47,52,91,27,22,62,67,30,44]
completion_time_por_agente [63,219,41,139,58,263,54,53,114,61,8,112,3,93,83,103,110,169,105,65,157,62,7,4,85,37,53,128,121,276,83,58,22,276,8,32,82,35,111,46,35,9,116,88,125,72,75,81,73,72,111,40,98,17,17,241,13,68,167,19,82,1,144,85,13,19,88,22,95,18,70,14,119,37,85,25,88,288,31,133,77,15,250,14,3,95,49,75,56,81,102,41,79,15,7,132,77,11,5,158,178,15,29,13,134,233,182,7,6,55,24,59,16,253,62,260,20,230,77,80,78,140,9,35,5,31,84,3,192,266,17,78,30,203,38,6,50,124,63,54,74,4,8,10,12,18,31,80,6,95,29,68,80,163,56,39,103,94,35,62]
tiempo_ultimo_agente_goal 288
tiempo_en_acabar 288
tiempo_promedio 77.756248
agentes_en_goal 160
bad_good_total_rate_pred [48841,40556,89397,0.5]
push_out_count 12195
RUN 14
valores_ideales [24,23,10,40,34,14,36,30,18,21,8,25,3,36,40,32,23,18,18,19,48,40,7,4,32,15,20,19,19,29,34,46,11,37,6,23,39,22,21,41,21,9,40,28,36,18,31,40,16,16,28,30,47,16,13,23,11,31,40,17,28,1,27,43,10,13,19,17,20,7,34,14,39,10,40,20,35,24,28,17,31,11,25,6,3,37,30,26,32,25,44,10,11,13,7,19,36,11,5,35,37,14,11,9,35,22,36,5,6,15,18,24,11,30,32,21,14,30,25,27,41,49,9,23,5,27,33,3,26,41,13,41,26,28,15,6,23,21,25,24,39,2,8,7,6,13,23,40,6,25,12,17,38,21,7,10,24,43,22,30]
costo_por_agente [24,127,40,66,66,18,36,32,82,27,8,33,3,62,60,98,91,80,32,35,92,62,7,4,34,23,56,79,41,79,42,54,17,135,6,23,89,22,41,45,35,9,144,44,72,98,47,88,32,38,106,40,105,16,13,117,11,31,56,17,30,1,89,57,10,15,65,23,50,27,86,14,45,18,98,22,45,116,30,19,31,13,87,8,3,99,44,36,48,105,72,34,51,13,7,85,36,11,7,35,73,14,25,15,91,106,126,7,6,23,18,32,11,92,130,63,18,76,45,45,115,89,11,43,5,29,35,3,84,77,49,85,26,84,27,6,23,105,31,70,71,2,28,15,6,13,27,44,6,41,64,59,74,43,23,14,44,71,34,34]
completion_time_por_agente [27,201,55,89,98,19,42,40,150,42,8,45,3,88,108,167,149,125,40,46,142,90,7,4,39,32,91,114,52,120,57,74,27,220,8,27,148,23,61,56,44,9,223,62,95,171,69,153,42,50,172,54,177,16,13,201,11,35,75,20,34,1,169,90,11,16,124,29,62,39,151,15,59,28,154,25,50,190,30,23,33,18,133,10,3,164,59,42,58,181,103,55,81,16,7,127,36,11,8,37,97,14,38,19,141,180,222,8,6,34,21,38,11,134,217,118,20,136,65,59,216,141,14,56,5,31,41,3,125,107,61,144,26,118,43,6,23,172,41,111,129,3,49,24,6,17,33,59,6,57,127,111,127,60,29,18,74,109,48,42]
tiempo_ultimo_agente_goal 223
tiempo_en_acabar 223
tiempo_promedio 70.612503
agentes_en_goal 160
bad_good_total_rate_pred [45657,37570,83227,0.5]
push_out_count 13109
RUN 15
valores_ideales [24,23,10,40,34,14,36,30,18,21,8,25,3,36,40,32,23,18,18,19,48,40,7,4,32,15,20,19,19,29,34,46,11,37,6,23,39,22,21,41,21,9,40,28,36,18,31,40,16,16,28,30,47,16,13,23,11,31,40,17,28,1,27,43,10,13,19,17,20,7,34,14,39,10,40,20,35,24,28,17,31,11,25,6,3,37,30,26,32,25,44,10,11,13,7,19,36,11,5,35,37,14,11,9,35,22,36,5,6,15,18,24,11,30,32,21,14,30,25,27,41,49,9,23,5,27,33,3,26,41,13,41,26,28,15,6,23,21,25,24,39,2,8,7,6,13,23,40,6,25,12,17,38,21,7,10,24,43,22,30]
costo_por_agente [30,113,78,76,46,16,38,32,84,45,8,37,3,44,58,100,25,70,64,37,152,194,11,4,40,35,74,99,53,161,48,134,25,167,8,27,117,26,39,45,41,11,194,36,76,114,95,76,24,28,94,70,197,16,13,195,11,33,112,17,44,1,101,135,14,19,61,25,62,17,76,14,87,18,104,22,67,182,30,21,31,25,181,6,3,177,34,34,112,105,74,26,11,13,7,107,36,13,5,129,169,16,45,15,79,132,126,5,12,25,20,46,11,48,88,177,14,170,43,43,49,99,11,35,5,29,73,3,122,199,23,101,26,166,31,6,29,23,55,48,49,2,10,13,26,13,23,46,6,43,110,35,88,157,95,18,70,161,32,42]
completion_time_por_agente [34,193,129,115,78,18,42,40,162,60,9,46,3,66,87,174,33,120,104,51,247,368,12,4,52,53,121,185,82,257,72,222,35,264,8,29,187,29,51,49,62,11,342,41,128,183,146,133,34,44,171,116,324,16,13,333,12,39,178,17,62,1,188,230,18,22,115,28,98,27,137,17,125,24,179,24,117,320,30,24,31,41,317,6,3,298,39,45,183,168,104,40,12,15,7,200,36,13,5,210,301,18,77,20,121,253,218,7,16,37,20,74,11,64,159,336,15,273,69,63,75,168,13,41,5,30,90,5,206,313,28,179,27,322,37,6,31,34,98,72,73,4,10,19,45,17,26,59,6,64,201,44,159,253,177,31,110,306,44,57]
tiempo_ultimo_agente_goal 368
tiempo_en_acabar 368
tiempo_promedio 96.437500
agentes_en_goal 160
bad_good_total_rate_pred [68102,52445,120547,0.4]
push_out_count 14532
RUN 16
valores_ideales [24,23,10,40,34,14,36,30,18,21,8,25,3,36,40,32,23,18,18,19,48,40,7,4,32,15,20,19,19,29,34,46,11,37,6,23,39,22,21,41,21,9,40,28,36,18,31,40,16,16,28,30,47,16,13,23,11,31,40,17,28,1,27,43,10,13,19,17,20,7,34,14,39,10,40,20,35,24,28,17,31,11,25,6,3,37,30,26,32,25,44,10,11,13,7,19,36,11,5,35,37,14,11,9,35,22,36,5,6,15,18,24,11,30,32,21,14,30,25,27,41,49,9,23,5,27,33,3,26,41,13,41,26,28,15,6,23,21,25,24,39,2,8,7,6,13,23,40,6,25,12,17,38,21,7,10,24,43,22,30]
costo_por_agente [30,123,74,90,42,18,36,52,48,27,8,27,3,54,56,72,31,66,98,43,102,124,9,4,36,31,106,47,29,107,42,48,15,109,8,47,55,30,29,51,23,9,82,42,66,132,85,70,42,48,68,36,129,18,97,61,11,37,94,19,50,1,41,63,14,35,97,23,46,7,42,16,135,22,70,22,93,76,32,19,31,11,129,8,3,109,34,36,114,29,54,24,11,15,7,77,36,13,5,121,91,16,25,11,55,122,82,5,6,21,40,34,11,34,114,63,20,154,35,41,61,59,11,37,5,47,109,37,102,141,77,77,26,56,45,6,31,21,113,76,81,2,8,9,10,13,23,68,6,61,88,63,40,73,141,22,86,95,36,44]
completion_time_por_agente [42,211,146,151,54,24,40,78,80,27,8,29,3,83,81,110,33,85,173,60,183,205,9,4,41,53,197,73,38,192,52,58,21,193,10,68,74,36,33,71,25,11,138,47,95,214,151,117,69,69,98,44,202,18,169,112,11,44,178,20,77,1,57,107,14,50,179,36,74,12,58,19,236,29,113,23,158,121,36,23,32,16,216,8,3,182,40,45,192,43,79,39,12,16,7,150,36,14,5,224,156,16,52,11,70,210,130,7,6,32,62,39,11,45,217,109,20,228,47,54,91,85,14,50,5,62,160,72,186,232,143,110,29,97,72,6,36,23,173,131,124,2,8,9,15,19,23,97,6,99,157,95,45,101,229,43,166,136,52,62]
tiempo_ultimo_agente_goal 236
tiempo_en_acabar 236
tiempo_promedio 78.312500
agentes_en_goal 160
bad_good_total_rate_pred [57276,40706,97982,0.4]
push_out_count 15589
RUN 17
valores_ideales [24,23,10,40,34,14,36,30,18,21,8,25,3,36,40,32,23,18,18,19,48,40,7,4,32,15,20,19,19,29,34,46,11,37,6,23,39,22,21,41,21,9,40,28,36,18,31,40,16,16,28,30,47,16,13,23,11,31,40,17,28,1,27,43,10,13,19,17,20,7,34,14,39,10,40,20,35,24,28,17,31,11,25,6,3,37,30,26,32,25,44,10,11,13,7,19,36,11,5,35,37,14,11,9,35,22,36,5,6,15,18,24,11,30,32,21,14,30,25,27,41,49,9,23,5,27,33,3,26,41,13,41,26,28,15,6,23,21,25,24,39,2,8,7,6,13,23,40,6,25,12,17,38,21,7,10,24,43,22,30]
costo_por_agente [24,51,74,58,58,14,38,38,82,25,8,25,3,44,56,56,37,182,68,23,100,162,9,4,34,17,42,47,67,87,42,52,11,143,6,31,95,30,25,45,25,11,128,28,56,58,61,102,26,24,94,36,65,16,13,123,11,31,62,17,64,1,101,59,14,13,99,17,102,15,62,14,75,18,88,28,97,182,32,19,31,13,127,12,3,73,42,28,82,101,54,42,11,13,9,39,36,11,5,119,51,26,35,11,71,98,120,7,6,21,18,28,11,142,42,129,16,108,33,33,43,61,11,37,5,29,65,5,52,97,15,89,30,154,21,6,29,63,101,82,51,2,8,7,6,13,23,44,6,61,76,39,86,93,59,10,56,53,38,34]
completion_time_por_agente [26,77,133,82,97,15,42,46,155,29,8,27,3,58,88,79,44,250,132,26,156,265,12,4,37,18,63,84,102,128,58,61,12,206,6,41,143,34,32,54,36,12,197,32,90,79,88,163,33,26,146,45,90,18,13,223,12,32,78,18,110,1,162,87,16,13,148,17,163,26,102,15,131,27,155,43,162,305,39,21,37,16,247,12,3,107,64,32,136,189,73,84,12,16,9,77,36,11,5,203,81,33,72,11,107,153,216,8,6,36,18,29,12,222,48,188,19,187,46,44,51,83,13,47,5,34,97,6,83,157,17,141,33,293,25,6,35,122,181,144,73,2,8,7,7,14,25,55,6,114,146,50,128,129,96,14,82,80,54,45]
tiempo_ultimo_agente_goal 305
tiempo_en_acabar 305
tiempo_promedio 73.250000
agentes_en_goal 160
bad_good_total_rate_pred [49051,36243,85294,0.4]
push_out_count 16546
RUN 18
valores_ideales [24,23,10,40,34,14,36,30,18,21,8,25,3,36,40,32,23,18,18,19,48,40,7,4,32,15,20,19,19,29,34,46,11,37,6,23,39,22,21,41,21,9,40,28,36,18,31,40,16,16,28,30,47,16,13,23,11,31,40,17,28,1,27,43,10,13,19,17,20,7,34,14,39,10,40,20,35,24,28,17,31,11,25,6,3,37,30,26,32,25,44,10,11,13,7,19,36,11,5,35,37,14,11,9,35,22,36,5,6,15,18,24,11,30,32,21,14,30,25,27,41,49,9,23,5,27,33,3,26,41,13,41,26,28,15,6,23,21,25,24,39,2,8,7,6,13,23,40,6,25,12,17,38,21,7,10,24,43,22,30]
costo_por_agente [26,89,54,84,48,14,36,44,94,27,8,27,3,70,88,104,25,122,74,45,96,62,11,4,64,15,108,99,43,133,50,70,23,119,14,37,51,24,33,43,23,11,98,36,88,74,61,98,24,36,88,48,115,18,13,119,13,31,56,17,36,1,77,95,14,13,33,19,88,15,106,14,109,22,64,22,63,126,30,17,31,13,127,12,3,113,34,38,46,101,68,24,31,17,7,47,36,11,5,41,97,18,21,13,49,64,104,5,6,23,18,30,11,46,74,87,18,62,49,39,71,79,9,43,5,27,93,3,48,119,13,75,28,84,39,6,43,95,125,42,49,2,36,15,6,19,23,68,6,35,14,25,90,115,59,10,90,75,40,40]
completion_time_por_agente [29,151,90,141,56,16,39,73,187,30,8,32,3,108,153,182,26,233,158,72,152,99,13,4,89,15,158,190,66,224,69,99,31,180,20,58,69,26,43,48,33,11,158,43,159,127,95,158,35,47,158,73,180,20,13,218,13,31,75,19,49,1,131,163,17,15,44,19,167,18,189,16,191,39,108,22,110,232,32,17,35,15,230,14,3,204,49,51,62,147,104,39,42,17,7,82,36,11,6,61,156,29,36,15,66,102,178,7,9,28,20,36,11,61,117,150,23,89,72,43,116,120,9,60,5,30,135,3,77,200,13,129,29,124,50,6,59,180,182,54,77,2,63,19,6,33,23,109,6,53,22,35,147,213,119,11,156,125,54,49]
tiempo_ultimo_agente_goal 233
tiempo_en_acabar 233
tiempo_promedio 75.324997
agentes_en_goal 160
bad_good_total_rate_pred [51464,39879,91343,0.4]
push_out_count 17629
RUN 19
valores_ideales [24,23,10,40,34,14,36,30,18,21,8,25,3,36,40,32,23,18,18,19,48,40,7,4,32,15,20,19,19,29,34,46,11,37,6,23,39,22,21,41,21,9,40,28,36,18,31,40,16,16,28,30,47,16,13,23,11,31,40,17,28,1,27,43,10,13,19,17,20,7,34,14,39,10,40,20,35,24,28,17,31,11,25,6,3,37,30,26,32,25,44,10,11,13,7,19,36,11,5,35,37,14,11,9,35,22,36,5,6,15,18,24,11,30,32,21,14,30,25,27,41,49,9,23,5,27,33,3,26,41,13,41,26,28,15,6,23,21,25,24,39,2,8,7,6,13,23,40,6,25,12,17,38,21,7,10,24,43,22,30]
costo_por_agente [24,43,60,96,60,14,46,42,50,33,8,51,3,60,98,50,49,26,70,45,142,68,9,4,52,15,88,63,107,125,52,94,21,103,6,25,57,22,31,41,33,9,138,46,60,84,35,72,34,18,78,30,83,16,85,51,11,33,46,17,36,1,85,71,16,17,47,17,74,13,42,16,61,36,92,26,99,132,28,33,35,13,115,14,3,101,34,34,38,71,46,14,11,13,7,75,36,11,5,43,59,14,35,15,75,26,120,5,6,19,22,32,11,42,106,113,14,74,33,43,51,85,11,39,5,31,57,5,62,73,17,83,28,30,37,6,23,21,49,110,87,2,8,21,6,15,27,48,6,37,12,35,56,53,21,14,66,55,34,32]
completion_time_por_agente [26,63,100,157,97,15,59,51,84,44,8,66,3,93,157,94,73,33,132,71,199,93,9,4,68,17,131,117,179,192,76,156,33,160,6,31,95,25,36,46,47,10,216,72,99,140,49,95,55,21,126,30,118,19,174,63,11,41,58,18,45,1,109,125,25,21,68,17,99,20,54,18,101,64,138,28,179,218,31,39,40,19,196,16,3,164,37,41,45,128,60,16,12,14,7,119,36,11,5,43,89,16,71,21,106,33,206,7,6,22,27,34,11,52,178,204,16,113,46,65,78,122,16,56,5,33,81,5,86,102,17,124,31,34,51,6,26,25,69,191,125,4,8,28,7,18,36,57,6,48,18,54,79,74,28,23,109,75,37,32]
tiempo_ultimo_agente_goal 218
tiempo_en_acabar 218
tiempo_promedio 64.500000
agentes_en_goal 160
bad_good_total_rate_pred [41931,30618,72549,0.4]
push_out_count 18359
RUN 20
valores_ideales [24,23,10,40,34,14,36,30,18,21,8,25,3,36,40,32,23,18,18,19,48,40,7,4,32,15,20,19,19,29,34,46,11,37,6,23,39,22,21,41,21,9,40,28,36,18,31,40,16,16,28,30,47,16,13,23,11,31,40,17,28,1,27,43,10,13,19,17,20,7,34,14,39,10,40,20,35,24,28,17,31,11,25,6,3,37,30,26,32,25,44,10,11,13,7,19,36,11,5,35,37,14,11,9,35,22,36,5,6,15,18,24,11,30,32,21,14,30,25,27,41,49,9,23,5,27,33,3,26,41,13,41,26,28,15,6,23,21,25,24,39,2,8,7,6,13,23,40,6,25,12,17,38,21,7,10,24,43,22,30]
costo_por_agente [24,69,14,62,42,18,46,46,114,29,8,41,3,48,70,80,29,38,22,31,76,70,9,4,34,25,82,91,101,83,42,92,25,109,6,25,85,22,31,59,23,9,74,46,98,76,79,104,24,20,70,68,99,16,13,85,11,35,46,19,32,1,75,69,16,15,25,19,64,9,42,16,57,20,58,20,43,88,30,21,31,27,71,12,3,75,44,36,86,41,126,16,11,13,7,93,36,13,7,43,41,18,25,11,73,96,72,7,8,21,22,66,11,68,92,89,16,76,33,35,91,79,11,35,5,29,105,3,98,87,15,123,26,40,19,6,31,45,79,28,45,4,18,11,6,15,29,44,6,49,46,31,44,35,55,62,44,57,28,34]
completion_time_por_agente [24,111,20,92,62,20,52,63,196,35,8,65,3,64,106,142,36,47,29,44,107,93,12,4,41,37,123,171,197,142,54,161,37,159,7,30,137,23,48,89,31,9,112,62,178,133,119,166,28,27,121,107,153,17,15,154,11,47,63,23,35,1,116,101,16,16,36,19,91,14,58,17,76,31,79,22,55,146,36,22,32,49,118,14,3,118,60,47,133,55,220,17,14,13,7,184,36,13,7,46,59,19,41,13,97,161,124,7,8,24,23,111,11,112,134,164,18,99,36,48,140,125,15,50,5,31,179,3,157,123,15,209,26,47,22,6,40,73,131,43,65,6,22,15,6,22,40,53,6,89,71,39,55,53,86,102,67,79,40,37]
tiempo_ultimo_agente_goal 220
tiempo_en_acabar 220
tiempo_promedio 64.637497
agentes_en_goal 160
bad_good_total_rate_pred [42255,33732,75987,0.4]
push_out_count 19158
RUN 21
valores_ideales [24,23,10,40,34,14,36,30,18,21,8,25,3,36,40,32,23,18,18,19,48,40,7,4,32,15,20,19,19,29,34,46,11,37,6,23,39,22,21,41,21,9,40,28,36,18,31,40,16,16,28,30,47,16,13,23,11,31,40,17,28,1,27,43,10,13,19,17,20,7,34,14,39,10,40,20,35,24,28,17,31,11,25,6,3,37,30,26,32,25,44,10,11,13,7,19,36,11,5,35,37,14,11,9,35,22,36,5,6,15,18,24,11,30,32,21,14,30,25,27,41,49,9,23,5,27,33,3,26,41,13,41,26,28,15,6,23,21,25,24,39,2,8,7,6,13,23,40,6,25,12,17,38,21,7,10,24,43,22,30]
costo_por_agente [28,81,66,78,36,18,36,40,82,23,10,25,3,80,92,72,29,188,40,69,76,138,7,4,44,15,70,45,49,149,50,130,11,171,6,29,81,24,25,65,37,9,104,44,74,32,71,76,28,20,90,70,67,16,13,169,11,35,42,17,36,1,83,59,16,13,21,17,56,13,48,14,87,26,76,22,43,124,28,17,31,25,153,8,3,97,38,30,50,107,62,32,11,13,7,53,36,17,5,63,83,16,15,11,85,102,80,5,8,25,34,36,11,142,68,97,18,180,37,37,69,97,9,45,5,37,75,3,94,91,15,81,32,116,45,6,33,29,81,58,61,2,22,15,6,19,23,60,6,41,16,53,44,171,85,12,126,63,36,32]
completion_time_por_agente [34,131,133,121,51,20,38,51,147,24,10,27,3,123,133,125,35,310,65,98,106,239,8,4,54,15,127,83,81,242,77,210,14,318,6,35,133,25,30,99,56,11,171,56,121,46,117,132,41,27,152,100,95,17,14,276,11,38,54,20,46,1,139,80,21,15,33,17,84,23,79,17,148,39,116,22,66,215,30,18,31,33,294,10,3,163,55,36,82,172,86,47,13,15,7,73,38,17,5,77,131,20,25,12,140,178,132,7,8,41,53,45,11,264,126,191,21,304,48,45,101,146,11,54,7,41,106,3,175,139,15,131,35,216,64,6,48,38,147,105,90,6,32,21,6,33,23,80,6,70,22,90,60,315,142,20,185,92,49,41]
tiempo_ultimo_agente_goal 318
tiempo_en_acabar 318
tiempo_promedio 77.368752
agentes_en_goal 160
bad_good_total_rate_pred [55538,39912,95450,0.4]
push_out_count 20199
RUN 22
valores_ideales [24,23,10,40,34,14,36,30,18,21,8,25,3,36,40,32,23,18,18,19,48,40,7,4,32,15,20,19,19,29,34,46,11,37,6,23,39,22,21,41,21,9,40,28,36,18,31,40,16,16,28,30,47,16,13,23,11,31,40,17,28,1,27,43,10,13,19,17,20,7,34,14,39,10,40,20,35,24,28,17,31,11,25,6,3,37,30,26,32,25,44,10,11,13,7,19,36,11,5,35,37,14,11,9,35,22,36,5,6,15,18,24,11,30,32,21,14,30,25,27,41,49,9,23,5,27,33,3,26,41,13,41,26,28,15,6,23,21,25,24,39,2,8,7,6,13,23,40,6,25,12,17,38,21,7,10,24,43,22,30]
costo_por_agente [24,65,28,64,52,22,40,44,80,33,8,49,3,50,56,60,35,98,20,23,134,80,9,4,44,15,136,61,49,97,58,52,21,129,6,33,53,26,85,41,25,9,126,34,88,60,35,44,46,16,48,40,109,18,13,95,11,37,62,17,36,1,85,51,12,13,45,17,90,25,44,14,71,18,66,22,45,116,28,17,31,29,99,8,3,105,36,32,46,95,44,26,11,13,7,53,36,11,5,37,69,22,13,11,75,120,118,9,6,19,20,34,11,60,82,89,18,58,45,49,45,121,11,45,5,37,59,3,46,93,17,83,32,98,37,6,27,23,69,54,61,18,32,7,6,13,23,46,6,47,88,33,60,53,117,18,62,55,34,56]
completion_time_por_agente [25,97,39,89,65,24,50,65,138,50,8,65,3,76,86,93,41,157,30,29,214,119,10,4,60,15,223,102,74,149,82,59,35,206,6,49,80,27,149,42,30,10,209,40,142,95,46,53,74,16,63,53,200,21,13,168,11,40,83,17,38,1,143,82,20,13,80,17,153,47,52,15,128,20,111,23,66,194,30,21,32,44,178,8,3,175,47,40,62,135,51,34,12,18,7,89,36,11,5,39,88,27,17,11,116,211,200,13,7,30,24,45,11,91,154,160,19,95,59,77,59,187,12,69,5,42,96,3,72,135,17,131,42,153,44,6,27,24,109,83,84,37,36,7,6,19,23,56,6,68,145,49,93,79,200,35,102,79,46,80]
tiempo_ultimo_agente_goal 223
tiempo_en_acabar 223
tiempo_promedio 66.375000
agentes_en_goal 160
bad_good_total_rate_pred [42088,32560,74648,0.4]
push_out_count 20958
RUN 23
valores_ideales [24,23,10,40,34,14,36,30,18,21,8,25,3,36,40,32,23,18,18,19,48,40,7,4,32,15,20,19,19,29,34,46,11,37,6,23,39,22,21,41,21,9,40,28,36,18,31,40,16,16,28,30,47,16,13,23,11,31,40,17,28,1,27,43,10,13,19,17,20,7,34,14,39,10,40,20,35,24,28,17,31,11,25,6,3,37,30,26,32,25,44,10,11,13,7,19,36,11,5,35,37,14,11,9,35,22,36,5,6,15,18,24,11,30,32,21,14,30,25,27,41,49,9,23,5,27,33,3,26,41,13,41,26,28,15,6,23,21,25,24,39,2,8,7,6,13,23,40,6,25,12,17,38,21,7,10,24,43,22,30]
costo_por_agente [24,127,36,74,48,16,38,32,50,23,8,67,3,74,44,46,35,124,64,35,110,76,9,4,38,23,140,65,77,115,46,104,31,103,6,25,39,26,25,43,21,9,80,32,58,144,35,64,20,44,72,44,93,16,81,99,11,39,60,17,44,1,79,59,14,15,53,23,68,11,36,14,55,16,88,22,53,122,28,17,31,25,95,8,3,127,32,44,46,73,48,16,11,13,7,63,36,11,5,47,111,20,21,11,73,68,110,5,8,25,18,28,11,120,40,135,14,84,49,35,55,121,9,23,5,31,95,5,132,101,15,83,28,42,31,6,25,29,59,86,61,2,8,9,8,13,23,56,6,37,64,55,50,97,45,32,132,87,30,40]
completion_time_por_agente [25,246,64,130,65,18,42,41,97,29,8,116,3,121,50,65,45,235,122,53,165,97,12,4,44,24,229,121,125,194,65,156,41,168,6,32,46,28,26,46,24,11,128,37,87,249,43,91,24,74,122,59,159,16,136,181,11,49,102,17,60,1,142,102,20,16,88,25,115,17,40,14,75,23,142,24,82,246,29,18,31,43,179,8,3,214,40,60,57,106,59,22,12,13,7,107,36,11,6,48,202,21,35,11,110,103,169,7,8,37,21,39,12,228,47,234,15,126,84,56,81,210,12,27,5,38,117,7,223,154,18,126,29,44,34,6,25,42,89,138,91,2,9,9,9,17,24,87,6,54,111,88,69,156,82,59,245,156,37,59]
tiempo_ultimo_agente_goal 249
tiempo_en_acabar 249
tiempo_promedio 72.031250
agentes_en_goal 160
bad_good_total_rate_pred [47141,37148,84289,0.4]
push_out_count 21921
RUN 24
valores_ideales [24,23,10,40,34,14,36,30,18,21,8,25,3,36,40,32,23,18,18,19,48,40,7,4,32,15,20,19,19,29,34,46,11,37,6,23,39,22,21,41,21,9,40,28,36,18,31,40,16,16,28,30,47,16,13,23,11,31,40,17,28,1,27,43,10,13,19,17,20,7,34,14,39,10,40,20,35,24,28,17,31,11,25,6,3,37,30,26,32,25,44,10,11,13,7,19,36,11,5,35,37,14,11,9,35,22,36,5,6,15,18,24,11,30,32,21,14,30,25,27,41,49,9,23,5,27,33,3,26,41,13,41,26,28,15,6,23,21,25,24,39,2,8,7,6,13,23,40,6,25,12,17,38,21,7,10,24,43,22,30]
costo_por_agente [24,107,56,94,66,18,36,50,74,59,8,49,3,46,50,32,27,22,24,49,130,80,7,4,106,31,86,45,33,77,44,90,25,103,6,25,59,26,29,41,31,9,102,32,54,76,35,48,34,32,40,34,127,20,67,109,11,31,40,17,32,1,39,67,14,13,45,23,38,33,44,14,85,36,58,22,43,94,28,27,31,31,79,6,3,135,34,38,116,53,54,28,15,13,9,39,36,11,5,93,65,14,19,11,87,42,64,5,6,17,18,46,11,46,158,69,20,88,35,47,53,127,11,29,5,33,99,3,72,143,19,57,28,112,19,6,51,21,95,26,67,26,32,13,6,13,25,74,6,35,18,57,76,89,63,68,116,47,30,36]
completion_time_por_agente [26,173,93,146,106,23,41,67,128,104,8,87,4,56,76,33,31,24,34,77,207,128,8,4,178,46,141,75,60,127,58,148,35,184,7,31,94,32,47,43,48,10,144,35,88,118,45,67,52,39,56,40,183,22,106,155,11,32,44,18,36,1,64,118,17,13,87,32,69,71,54,16,119,63,93,24,51,182,29,35,31,43,144,6,3,224,40,50,193,88,71,47,18,15,9,55,36,11,5,147,95,15,24,13,117,65,100,7,6,25,18,66,11,64,251,112,21,144,46,64,64,197,14,33,5,41,167,3,104,260,23,64,28,152,21,6,81,21,160,32,97,53,39,19,6,17,27,104,6,46,31,103,123,146,95,99,180,51,40,43]
tiempo_ultimo_agente_goal 260
tiempo_en_acabar 260
tiempo_promedio 67.362503
agentes_en_goal 160
bad_good_total_rate_pred [45415,32991,78406,0.4]
push_out_count 22754
RUN 25
valores_ideales [24,23,10,40,34,14,36,30,18,21,8,25,3,36,40,32,23,18,18,19,48,40,7,4,32,15,20,19,19,29,34,46,11,37,6,23,39,22,21,41,21,9,40,28,36,18,31,40,16,16,28,30,47,16,13,23,11,31,40,17,28,1,27,43,10,13,19,17,20,7,34,14,39,10,40,20,35,24,28,17,31,11,25,6,3,37,30,26,32,25,44,10,11,13,7,19,36,11,5,35,37,14,11,9,35,22,36,5,6,15,18,24,11,30,32,21,14,30,25,27,41,49,9,23,5,27,33,3,26,41,13,41,26,28,15,6,23,21,25,24,39,2,8,7,6,13,23,40,6,25,12,17,38,21,7,10,24,43,22,30]
costo_por_agente [28,119,54,114,42,14,38,40,34,25,8,29,3,74,44,46,37,32,126,23,156,110,9,4,56,43,120,43,57,129,48,116,31,145,6,25,57,28,31,43,23,9,130,32,54,128,51,54,26,52,48,44,141,16,13,159,13,35,44,17,50,1,53,67,14,13,31,21,142,25,50,14,63,22,62,22,45,156,28,19,31,11,137,10,3,63,34,30,50,75,48,24,11,13,11,45,36,11,5,39,137,16,13,19,57,142,112,5,8,35,24,80,13,142,54,91,16,118,31,37,49,73,9,29,5,33,63,3,68,89,15,53,36,142,55,6,41,21,83,42,45,14,30,7,14,13,23,52,6,41,40,59,42,105,45,20,66,101,26,44]
completion_time_por_agente [31,215,94,179,60,18,41,51,55,31,8,29,4,116,53,73,46,45,225,29,274,195,11,4,76,65,204,72,91,228,67,170,44,268,10,32,87,32,45,46,28,9,193,38,67,217,69,79,37,76,70,57,193,17,13,258,13,40,51,19,65,1,81,110,20,14,44,25,255,37,74,15,89,37,89,22,56,261,33,21,31,12,244,11,3,89,36,32,75,126,55,37,12,16,11,64,37,11,7,39,234,18,22,20,67,235,198,7,9,62,33,130,13,249,88,167,18,203,38,48,67,109,9,39,5,40,80,3,104,123,19,73,49,235,75,6,56,23,126,63,56,30,40,7,23,13,24,62,6,60,65,89,53,142,82,30,86,163,37,64]
tiempo_ultimo_agente_goal 274
tiempo_en_acabar 274
tiempo_promedio 72.250000
agentes_en_goal 160
bad_good_total_rate_pred [45018,35394,80412,0.4]
push_out_count 23692
RUN 26
valores_ideales [24,23,10,40,34,14,36,30,18,21,8,25,3,36,40,32,23,18,18,19,48,40,7,4,32,15,20,19,19,29,34,46,11,37,6,23,39,22,21,41,21,9,40,28,36,18,31,40,16,16,28,30,47,16,13,23,11,31,40,17,28,1,27,43,10,13,19,17,20,7,34,14,39,10,40,20,35,24,28,17,31,11,25,6,3,37,30,26,32,25,44,10,11,13,7,19,36,11,5,35,37,14,11,9,35,22,36,5,6,15,18,24,11,30,32,21,14,30,25,27,41,49,9,23,5,27,33,3,26,41,13,41,26,28,15,6,23,21,25,24,39,2,8,7,6,13,23,40,6,25,12,17,38,21,7,10,24,43,22,30]
costo_por_agente [24,103,26,112,36,14,42,34,60,21,8,37,3,112,104,70,73,70,74,35,116,110,7,4,50,21,74,55,49,149,50,126,19,137,14,25,61,22,27,55,31,9,138,32,76,82,121,78,18,16,70,30,111,18,13,125,27,31,102,17,46,1,65,49,12,13,59,19,122,9,48,14,119,26,72,22,47,100,28,17,31,11,133,18,3,99,36,28,66,29,48,18,19,13,9,63,36,17,5,47,121,22,29,13,77,124,124,5,8,19,18,44,11,64,76,133,14,142,43,37,73,97,9,31,7,29,87,3,116,119,15,61,28,30,21,6,23,47,115,32,59,6,10,11,6,13,23,74,6,49,46,37,62,137,37,12,88,85,24,34]
completion_time_por_agente [26,177,37,177,40,17,48,39,112,21,8,41,3,195,156,113,111,98,148,59,173,194,7,4,74,24,105,92,63,263,68,212,25,257,14,29,96,25,32,82,38,10,241,35,111,146,208,119,19,16,116,30,187,18,15,237,42,31,170,17,73,1,121,71,19,13,92,19,203,13,63,15,179,42,101,22,60,182,28,18,32,12,249,20,3,177,43,30,121,46,60,20,28,19,10,119,36,17,5,66,202,26,57,14,127,171,160,7,8,24,18,74,11,70,134,262,18,218,65,50,116,134,10,47,10,31,130,3,178,172,17,85,32,33,22,6,23,85,199,43,89,15,10,13,7,14,24,113,6,70,89,49,92,254,61,22,157,141,25,36]
tiempo_ultimo_agente_goal 263
tiempo_en_acabar 263
tiempo_promedio 75.612503
agentes_en_goal 160
bad_good_total_rate_pred [51955,41577,93532,0.4]
push_out_count 24689
RUN 27
valores_ideales [24,23,10,40,34,14,36,30,18,21,8,25,3,36,40,32,23,18,18,19,48,40,7,4,32,15,20,19,19,29,34,46,11,37,6,23,39,22,21,41,21,9,40,28,36,18,31,40,16,16,28,30,47,16,13,23,11,31,40,17,28,1,27,43,10,13,19,17,20,7,34,14,39,10,40,20,35,24,28,17,31,11,25,6,3,37,30,26,32,25,44,10,11,13,7,19,36,11,5,35,37,14,11,9,35,22,36,5,6,15,18,24,11,30,32,21,14,30,25,27,41,49,9,23,5,27,33,3,26,41,13,41,26,28,15,6,23,21,25,24,39,2,8,7,6,13,23,40,6,25,12,17,38,21,7,10,24,43,22,30]
costo_por_agente [24,63,74,48,42,16,38,34,80,41,8,29,3,52,72,60,29,156,68,37,100,122,11,4,52,17,138,39,43,113,44,46,15,121,8,29,47,28,63,53,25,9,128,28,66,62,39,88,26,18,96,30,97,16,13,169,11,33,44,17,52,1,99,83,12,15,19,17,118,9,50,14,85,18,88,22,83,124,30,25,31,11,127,12,3,91,32,28,98,77,44,20,25,13,7,41,36,11,5,143,91,18,11,13,83,102,90,5,12,23,18,40,11,142,46,95,18,174,41,39,109,139,9,31,5,29,137,5,70,93,15,99,32,40,19,6,25,55,61,92,61,4,14,9,6,13,25,46,6,37,60,35,48,95,121,14,54,117,32,52]
completion_time_por_agente [24,91,150,69,61,19,46,37,165,62,8,36,3,60,98,99,32,254,102,49,143,223,16,4,71,20,220,70,78,177,58,49,21,186,8,39,56,37,90,72,32,14,200,31,115,113,51,132,27,21,143,32,163,16,13,273,11,33,53,17,81,1,155,136,18,15,23,17,193,13,62,15,131,25,138,22,142,219,34,34,31,13,236,12,3,134,34,30,161,144,58,32,26,16,7,76,36,11,5,261,131,18,14,13,141,179,138,7,16,30,19,58,11,234,63,191,20,289,67,54,176,212,14,39,7,34,241,5,89,133,17,159,33,43,22,6,25,78,89,169,97,9,23,11,6,14,27,63,6,50,112,49,64,170,242,23,68,203,35,84]
tiempo_ultimo_agente_goal 289
tiempo_en_acabar 289
tiempo_promedio 75.206253
agentes_en_goal 160
bad_good_total_rate_pred [51051,38977,90028,0.4]
push_out_count 25715
RUN 28
valores_ideales [24,23,10,40,34,14,36,30,18,21,8,25,3,36,40,32,23,18,18,19,48,40,7,4,32,15,20,19,19,29,34,46,11,37,6,23,39,22,21,41,21,9,40,28,36,18,31,40,16,16,28,30,47,16,13,23,11,31,40,17,28,1,27,43,10,13,19,17,20,7,34,14,39,10,40,20,35,24,28,17,31,11,25,6,3,37,30,26,32,25,44,10,11,13,7,19,36,11,5,35,37,14,11,9,35,22,36,5,6,15,18,24,11,30,32,21,14,30,25,27,41,49,9,23,5,27,33,3,26,41,13,41,26,28,15,6,23,21,25,24,39,2,8,7,6,13,23,40,6,25,12,17,38,21,7,10,24,43,22,30]
costo_por_agente [24,53,72,116,42,18,38,32,64,33,8,33,3,66,90,64,43,44,80,27,118,52,7,4,52,15,46,57,55,119,44,104,25,113,8,35,53,28,49,41,23,9,82,28,62,78,43,66,20,32,54,36,95,16,69,137,11,35,54,17,50,1,87,103,14,17,27,19,106,25,66,16,41,20,62,20,83,78,28,21,31,13,135,12,3,39,44,40,64,109,52,18,11,15,7,65,36,11,5,69,123,20,11,17,55,140,84,5,6,27,20,34,11,52,116,103,18,120,31,47,61,75,15,35,7,27,117,9,66,93,19,81,26,60,37,6,23,55,79,30,41,2,14,9,12,13,23,42,6,75,36,49,40,111,53,10,66,101,30,32]
completion_time_por_agente [24,71,123,208,55,19,42,38,123,42,8,35,3,96,147,108,53,56,136,29,199,63,7,4,75,15,80,106,92,214,56,178,35,169,9,42,78,37,63,44,24,10,110,28,96,123,55,89,22,50,85,41,152,17,121,244,11,39,71,17,75,1,141,166,19,21,35,21,154,42,110,16,56,37,100,22,126,147,29,22,32,16,229,17,3,50,61,40,104,182,69,21,14,15,7,117,36,11,5,83,211,20,12,19,80,241,132,7,7,39,22,48,11,60,212,201,23,192,37,67,92,113,18,53,7,30,192,11,116,139,20,127,26,85,55,6,23,93,155,51,64,4,20,11,23,15,23,47,6,149,54,80,60,205,95,11,107,142,38,35]
tiempo_ultimo_agente_goal 244
tiempo_en_acabar 244
tiempo_promedio 69.256248
agentes_en_goal 160
bad_good_total_rate_pred [44861,35668,80529,0.4]
push_out_count 26606
RUN 29
valores_ideales [24,23,10,40,34,14,36,30,18,21,8,25,3,36,40,32,23,18,18,19,48,40,7,4,32,15,20,19,19,29,34,46,11,37,6,23,39,22,21,41,21,9,40,28,36,18,31,40,16,16,28,30,47,16,13,23,11,31,40,17,28,1,27,43,10,13,19,17,20,7,34,14,39,10,40,20,35,24,28,17,31,11,25,6,3,37,30,26,32,25,44,10,11,13,7,19,36,11,5,35,37,14,11,9,35,22,36,5,6,15,18,24,11,30,32,21,14,30,25,27,41,49,9,23,5,27,33,3,26,41,13,41,26,28,15,6,23,21,25,24,39,2,8,7,6,13,23,40,6,25,12,17,38,21,7,10,24,43,22,30]
costo_por_agente [28,69,28,62,40,18,48,50,28,27,8,25,3,56,46,68,39,50,40,37,90,54,11,4,50,15,74,73,61,97,44,110,37,95,6,25,63,30,21,43,21,17,90,34,74,46,71,76,28,26,84,30,83,18,41,103,13,37,66,17,50,1,67,55,12,25,31,19,66,13,48,14,43,36,76,28,37,122,30,17,31,17,69,18,3,79,38,30,34,61,72,24,33,15,7,37,36,11,5,39,69,20,15,29,83,58,102,5,8,15,18,26,13,52,54,79,18,42,31,33,45,77,11,53,5,31,69,3,44,77,13,67,28,38,17,6,29,77,67,40,47,2,22,15,6,13,23,40,6,55,38,57,46,141,55,14,68,53,26,46]
completion_time_por_agente [35,110,40,87,58,21,61,66,32,28,8,30,3,79,58,125,73,74,59,54,140,71,12,4,69,16,113,125,118,161,54,163,59,147,7,29,108,37,25,51,22,22,138,40,129,73,112,122,33,37,144,33,132,20,70,186,14,45,104,18,75,1,116,73,12,27,55,20,87,20,74,16,54,60,120,34,45,209,36,17,31,19,109,24,3,118,44,38,43,80,110,35,44,18,7,61,36,11,5,43,99,20,19,37,126,93,172,7,8,19,18,28,17,77,94,137,19,56,39,39,58,113,12,71,5,33,107,3,69,119,14,106,29,47,17,6,32,144,124,62,61,4,37,16,6,16,24,44,6,101,76,100,60,214,89,22,98,65,29,58]
tiempo_ultimo_agente_goal 214
tiempo_en_acabar 214
tiempo_promedio 59.718750
agentes_en_goal 160
bad_good_total_rate_pred [36909,31115,68024,0.5]
push_out_count 27287
RUN 30
valores_ideales [24,23,10,40,34,14,36,30,18,21,8,25,3,36,40,32,23,18,18,19,48,40,7,4,32,15,20,19,19,29,34,46,11,37,6,23,39,22,21,41,21,9,40,28,36,18,31,40,16,16,28,30,47,16,13,23,11,31,40,17,28,1,27,43,10,13,19,17,20,7,34,14,39,10,40,20,35,24,28,17,31,11,25,6,3,37,30,26,32,25,44,10,11,13,7,19,36,11,5,35,37,14,11,9,35,22,36,5,6,15,18,24,11,30,32,21,14,30,25,27,41,49,9,23,5,27,33,3,26,41,13,41,26,28,15,6,23,21,25,24,39,2,8,7,6,13,23,40,6,25,12,17,38,21,7,10,24,43,22,30]
costo_por_agente [24,45,14,52,40,18,38,40,50,31,8,27,3,44,84,64,33,98,110,25,98,102,11,4,38,19,48,79,77,113,46,54,13,137,6,27,79,26,51,45,21,9,86,44,62,56,31,78,24,34,82,50,105,16,15,117,11,35,44,17,44,1,93,61,12,13,43,21,86,39,72,14,69,20,76,22,39,138,34,21,31,27,139,14,3,91,42,28,54,27,46,18,11,15,9,77,36,11,5,83,63,16,15,13,79,52,84,7,6,15,20,46,11,122,112,109,18,130,37,41,55,85,9,31,7,33,53,3,78,111,17,81,26,32,53,6,25,81,61,62,53,32,42,9,6,15,23,42,6,57,72,33,54,139,31,10,40,57,36,32]
completion_time_por_agente [25,75,24,66,52,20,52,52,80,39,8,28,3,70,149,100,45,169,186,28,147,168,16,4,45,22,80,143,132,205,60,64,15,223,6,31,123,27,96,57,23,11,134,62,93,83,33,106,26,57,155,69,171,17,15,212,11,45,47,17,72,1,159,90,16,13,82,22,155,72,109,15,113,29,134,22,57,233,36,24,31,42,232,17,3,170,51,29,84,34,70,18,13,16,9,135,37,11,5,123,100,20,21,14,117,85,133,8,6,22,22,57,11,223,211,200,24,216,52,76,69,130,13,38,8,47,78,3,131,178,20,118,27,35,101,6,39,138,102,110,83,62,60,11,6,17,23,49,6,109,143,48,83,225,48,14,58,72,49,32]
tiempo_ultimo_agente_goal 233
tiempo_en_acabar 233
tiempo_promedio 69.456253
agentes_en_goal 160
bad_good_total_rate_pred [45761,37109,82870,0.4]
push_out_count 28184
RUN 31
valores_ideales [24,23,10,40,34,14,36,30,18,21,8,25,3,36,40,32,23,18,18,19,48,40,7,4,32,15,20,19,19,29,34,46,11,37,6,23,39,22,21,41,21,9,40,28,36,18,31,40,16,16,28,30,47,16,13,23,11,31,40,17,28,1,27,43,10,13,19,17,20,7,34,14,39,10,40,20,35,24,28,17,31,11,25,6,3,37,30,26,32,25,44,10,11,13,7,19,36,11,5,35,37,14,11,9,35,22,36,5,6,15,18,24,11,30,32,21,14,30,25,27,41,49,9,23,5,27,33,3,26,41,13,41,26,28,15,6,23,21,25,24,39,2,8,7,6,13,23,40,6,25,12,17,38,21,7,10,24,43,22,30]
costo_por_agente [24,153,34,48,48,18,50,48,108,21,8,31,3,70,50,94,27,182,36,37,112,124,9,4,38,15,52,29,91,131,50,56,13,161,6,25,107,22,31,45,21,11,64,40,104,112,37,114,30,26,56,36,159,18,13,121,11,43,62,17,46,1,111,59,16,13,45,35,146,13,60,14,45,28,104,22,101,154,38,25,31,31,117,8,3,59,42,28,174,101,84,22,23,15,9,53,36,11,5,47,99,18,11,13,119,62,146,5,6,21,18,30,11,48,100,139,20,136,39,49,41,155,9,41,11,31,69,5,104,157,95,113,34,32,33,6,35,23,55,34,113,2,18,9,6,13,23,114,6,79,26,31,96,141,11,20,112,83,28,38]
completion_time_por_agente [26,249,49,68,70,20,70,76,207,21,8,32,3,113,68,171,32,280,44,50,146,233,10,4,46,20,87,39,190,222,74,72,13,285,6,35,186,26,42,58,23,11,84,59,176,192,42,202,34,38,91,46,250,21,13,227,11,57,96,17,71,1,193,81,19,13,77,53,274,20,94,16,56,46,172,22,185,278,57,32,32,48,194,10,3,99,50,41,280,183,142,24,25,15,10,73,36,11,5,55,148,22,13,18,197,112,259,7,6,24,19,38,11,54,144,285,21,234,56,80,51,255,11,51,16,39,113,8,180,288,184,198,35,44,45,6,48,25,64,41,207,4,30,10,6,17,25,213,6,152,38,36,174,226,21,38,206,126,36,44]
tiempo_ultimo_agente_goal 288
tiempo_en_acabar 288
tiempo_promedio 83.137497
agentes_en_goal 160
bad_good_total_rate_pred [53364,46807,100171,0.5]
push_out_count 29475
RUN 32
valores_ideales [24,23,10,40,34,14,36,30,18,21,8,25,3,36,40,32,23,18,18,19,48,40,7,4,32,15,20,19,19,29,34,46,11,37,6,23,39,22,21,41,21,9,40,28,36,18,31,40,16,16,28,30,47,16,13,23,11,31,40,17,28,1,27,43,10,13,19,17,20,7,34,14,39,10,40,20,35,24,28,17,31,11,25,6,3,37,30,26,32,25,44,10,11,13,7,19,36,11,5,35,37,14,11,9,35,22,36,5,6,15,18,24,11,30,32,21,14,30,25,27,41,49,9,23,5,27,33,3,26,41,13,41,26,28,15,6,23,21,25,24,39,2,8,7,6,13,23,40,6,25,12,17,38,21,7,10,24,43,22,30]
costo_por_agente [28,123,20,126,76,14,58,38,76,23,8,25,3,52,56,44,35,90,90,25,136,54,7,4,42,27,118,31,47,97,58,70,39,109,6,29,77,26,29,89,23,11,146,28,62,60,39,52,22,26,100,34,139,16,27,97,11,37,124,17,40,1,65,69,18,13,71,33,86,11,34,14,47,26,84,24,39,58,38,17,31,25,105,10,3,171,44,28,48,49,70,26,15,13,7,73,36,11,5,39,87,20,19,15,47,122,110,7,6,19,18,50,11,42,40,71,14,88,33,63,163,69,9,25,9,37,59,7,128,147,23,55,30,50,37,6,47,101,113,30,67,4,24,19,6,15,33,50,8,27,32,21,50,67,41,14,68,57,38,34]
completion_time_por_agente [30,206,30,219,132,15,85,52,130,25,8,36,3,73,74,59,43,140,185,31,205,72,7,4,55,37,187,55,70,157,97,95,57,176,6,36,108,27,44,141,28,12,258,28,91,92,43,69,23,35,164,52,243,16,45,147,11,52,214,17,55,1,105,108,30,13,134,47,159,15,47,15,68,36,133,30,55,98,52,20,31,47,162,13,3,245,57,32,61,76,102,41,18,18,7,125,36,11,5,47,144,27,31,18,67,222,183,8,6,27,18,70,11,58,52,104,15,142,45,101,275,108,9,30,11,51,90,12,211,241,23,74,36,58,57,6,69,178,181,39,109,6,42,21,6,18,46,64,8,31,50,24,71,102,75,19,117,71,52,43]
tiempo_ultimo_agente_goal 275
tiempo_en_acabar 275
tiempo_promedio 70.581253
agentes_en_goal 160
bad_good_total_rate_pred [47891,36819,84710,0.4]
push_out_count 30374
RUN 33
valores_ideales [24,23,10,40,34,14,36,30,18,21,8,25,3,36,40,32,23,18,18,19,48,40,7,4,32,15,20,19,19,29,34,46,11,37,6,23,39,22,21,41,21,9,40,28,36,18,31,40,16,16,28,30,47,16,13,23,11,31,40,17,28,1,27,43,10,13,19,17,20,7,34,14,39,10,40,20,35,24,28,17,31,11,25,6,3,37,30,26,32,25,44,10,11,13,7,19,36,11,5,35,37,14,11,9,35,22,36,5,6,15,18,24,11,30,32,21,14,30,25,27,41,49,9,23,5,27,33,3,26,41,13,41,26,28,15,6,23,21,25,24,39,2,8,7,6,13,23,40,6,25,12,17,38,21,7,10,24,43,22,30]
costo_por_agente [32,127,42,102,46,18,38,42,82,23,12,25,3,56,58,50,57,22,48,33,94,50,9,4,40,17,38,49,31,91,40,48,23,105,6,25,47,26,45,41,21,9,148,52,74,82,35,88,26,42,46,30,75,16,19,77,13,33,50,19,38,1,69,57,12,13,23,17,112,15,42,14,53,18,84,20,45,68,44,23,31,11,85,6,3,117,42,34,60,31,60,22,17,15,7,63,36,11,5,77,119,18,21,13,77,48,78,7,6,21,18,38,11,34,50,95,16,62,45,35,43,137,11,51,5,35,111,3,90,127,17,79,26,32,51,6,23,47,99,44,47,36,14,9,6,15,23,52,6,43,26,19,58,93,15,16,52,75,38,40]
completion_time_por_agente [47,228,69,151,49,24,40,60,142,32,18,28,3,79,70,76,93,26,69,40,128,64,12,4,50,23,53,99,47,160,61,57,39,184,7,32,60,30,77,47,21,11,222,66,130,137,42,138,44,76,66,30,102,18,28,133,13,34,64,24,51,1,113,75,13,14,34,17,203,20,52,14,75,29,134,24,69,121,63,29,36,14,151,6,3,181,64,40,83,36,81,33,20,18,7,107,36,12,5,101,211,21,32,13,129,62,131,8,6,33,20,57,11,46,66,169,19,102,58,43,49,217,15,75,5,39,175,3,167,215,17,121,27,37,82,6,23,76,129,73,68,71,20,9,6,24,23,62,6,62,44,27,88,128,15,24,82,109,46,57]
tiempo_ultimo_agente_goal 228
tiempo_en_acabar 228
tiempo_promedio 62.006248
agentes_en_goal 160
bad_good_total_rate_pred [38929,29315,68244,0.4]
push_out_count 31109
RUN 34
valores_ideales [24,23,10,40,34,14,36,30,18,21,8,25,3,36,40,32,23,18,18,19,48,40,7,4,32,15,20,19,19,29,34,46,11,37,6,23,39,22,21,41,21,9,40,28,36,18,31,40,16,16,28,30,47,16,13,23,11,31,40,17,28,1,27,43,10,13,19,17,20,7,34,14,39,10,40,20,35,24,28,17,31,11,25,6,3,37,30,26,32,25,44,10,11,13,7,19,36,11,5,35,37,14,11,9,35,22,36,5,6,15,18,24,11,30,32,21,14,30,25,27,41,49,9,23,5,27,33,3,26,41,13,41,26,28,15,6,23,21,25,24,39,2,8,7,6,13,23,40,6,25,12,17,38,21,7,10,24,43,22,30]
costo_por_agente [26,77,36,140,40,16,38,44,92,35,8,43,3,58,110,94,25,32,52,25,106,122,11,4,38,31,90,163,189,139,78,52,21,101,6,25,123,30,33,57,23,9,126,54,64,122,43,168,22,18,102,36,119,18,13,137,11,43,42,17,36,1,165,57,14,13,191,23,94,17,88,14,77,34,172,22,209,148,32,23,31,35,133,8,3,121,42,34,116,129,178,30,11,19,7,47,36,11,5,47,97,16,47,19,147,84,80,5,6,15,18,54,11,44,68,145,24,86,35,41,63,141,13,29,5,37,103,5,74,95,19,153,36,58,21,6,37,151,37,40,201,2,32,7,6,13,23,96,6,83,84,31,70,79,91,38,62,87,42,34]
completion_time_por_agente [27,135,60,225,47,20,45,67,144,47,9,51,4,91,206,168,27,51,91,38,176,197,12,4,41,46,155,297,332,244,126,64,28,175,7,30,218,44,45,88,25,10,217,72,100,196,64,271,27,20,191,45,173,24,13,237,11,56,52,19,48,1,305,83,17,16,297,25,186,28,160,17,130,62,273,25,374,228,36,30,32,60,208,10,3,220,46,44,198,239,305,55,12,25,7,74,37,13,5,54,161,17,92,20,252,110,133,7,7,18,18,66,11,66,107,241,31,142,48,49,94,232,18,35,5,56,178,5,124,138,20,272,51,75,23,6,53,250,60,56,353,6,58,7,6,17,26,181,6,134,147,44,103,141,180,76,80,147,51,40]
tiempo_ultimo_agente_goal 374
tiempo_en_acabar 374
tiempo_promedio 92.768753
agentes_en_goal 160
bad_good_total_rate_pred [61916,49959,111875,0.4]
push_out_count 32524
RUN 35
valores_ideales [24,23,10,40,34,14,36,30,18,21,8,25,3,36,40,32,23,18,18,19,48,40,7,4,32,15,20,19,19,29,34,46,11,37,6,23,39,22,21,41,21,9,40,28,36,18,31,40,16,16,28,30,47,16,13,23,11,31,40,17,28,1,27,43,10,13,19,17,20,7,34,14,39,10,40,20,35,24,28,17,31,11,25,6,3,37,30,26,32,25,44,10,11,13,7,19,36,11,5,35,37,14,11,9,35,22,36,5,6,15,18,24,11,30,32,21,14,30,25,27,41,49,9,23,5,27,33,3,26,41,13,41,26,28,15,6,23,21,25,24,39,2,8,7,6,13,23,40,6,25,12,17,38,21,7,10,24,43,22,30]
costo_por_agente [24,95,24,84,56,18,38,38,42,37,8,43,3,68,110,60,27,68,112,41,110,184,7,4,60,17,166,75,33,133,48,48,21,221,6,25,49,30,51,49,21,9,172,30,56,92,101,92,18,24,68,34,185,16,51,183,13,31,82,17,32,1,59,51,18,15,51,17,54,11,86,14,111,22,72,24,47,192,28,29,31,15,113,12,3,193,34,28,42,67,58,18,11,15,7,43,36,11,5,85,241,18,19,15,83,104,120,5,6,21,18,38,11,102,52,157,18,178,41,89,47,223,17,45,9,31,71,11,148,117,37,73,40,38,39,6,33,95,135,44,45,12,26,13,6,17,23,160,6,31,16,35,60,185,171,10,106,157,38,30]
completion_time_por_agente [25,185,39,150,86,19,45,48,77,45,8,71,3,110,178,91,27,99,230,64,173,326,9,4,91,22,302,139,45,212,68,67,33,378,6,30,60,42,95,72,25,13,306,30,80,148,182,161,23,34,116,40,307,17,101,341,13,35,146,21,38,1,100,77,26,16,95,21,90,17,147,15,172,35,107,29,64,351,29,33,31,26,212,17,3,368,40,35,58,100,84,22,12,16,7,64,36,11,5,105,397,22,29,22,146,189,205,7,6,24,20,50,11,164,88,284,22,321,66,158,64,384,18,55,14,37,103,14,267,203,61,103,45,43,51,6,47,164,206,64,64,25,33,13,6,25,26,321,6,39,21,37,100,328,250,14,179,231,59,30]
tiempo_ultimo_agente_goal 397
tiempo_en_acabar 397
tiempo_promedio 91.343750
agentes_en_goal 160
bad_good_total_rate_pred [62296,50187,112483,0.4]
push_out_count 33924
RUN 36
valores_ideales [24,23,10,40,34,14,36,30,18,21,8,25,3,36,40,32,23,18,18,19,48,40,7,4,32,15,20,19,19,29,34,46,11,37,6,23,39,22,21,41,21,9,40,28,36,18,31,40,16,16,28,30,47,16,13,23,11,31,40,17,28,1,27,43,10,13,19,17,20,7,34,14,39,10,40,20,35,24,28,17,31,11,25,6,3,37,30,26,32,25,44,10,11,13,7,19,36,11,5,35,37,14,11,9,35,22,36,5,6,15,18,24,11,30,32,21,14,30,25,27,41,49,9,23,5,27,33,3,26,41,13,41,26,28,15,6,23,21,25,24,39,2,8,7,6,13,23,40,6,25,12,17,38,21,7,10,24,43,22,30]
costo_por_agente [24,147,54,66,36,16,42,44,44,21,8,43,3,64,66,58,29,180,84,33,116,170,7,4,34,15,128,37,67,171,38,46,11,135,6,25,75,26,23,41,21,13,88,28,52,116,67,66,30,24,48,46,105,16,67,183,13,43,50,17,34,1,57,79,14,15,39,19,102,7,50,14,81,26,60,26,45,184,34,33,31,33,171,10,5,117,44,34,104,83,44,26,11,15,7,35,36,11,7,71,123,16,41,15,69,188,126,5,12,17,20,26,11,172,130,111,20,160,39,45,51,75,13,33,9,35,69,3,78,151,57,59,34,30,35,6,31,21,83,36,43,2,8,7,44,15,25,52,6,33,56,43,56,107,41,22,218,55,26,38]
completion_time_por_agente [25,261,86,100,44,18,44,54,75,24,8,66,3,94,101,84,38,313,144,59,171,287,9,4,37,15,238,64,103,274,47,51,15,236,7,30,120,33,25,46,23,16,143,28,82,231,110,110,33,27,81,67,178,16,112,327,13,58,62,18,48,1,94,128,19,18,65,20,184,13,75,15,127,44,87,35,68,314,40,46,34,43,299,15,5,160,68,40,185,143,52,34,12,16,7,50,36,11,8,97,214,19,74,19,106,321,207,7,19,24,20,26,11,331,225,230,22,307,60,64,73,121,16,43,13,38,120,3,119,224,99,77,48,41,54,6,47,25,114,53,55,4,13,7,77,20,29,76,6,37,83,64,87,178,58,36,346,67,40,42]
tiempo_ultimo_agente_goal 346
tiempo_en_acabar 346
tiempo_promedio 80.681252
agentes_en_goal 160
bad_good_total_rate_pred [57143,40511,97654,0.4]
push_out_count 35030
RUN 37
valores_ideales [24,23,10,40,34,14,36,30,18,21,8,25,3,36,40,32,23,18,18,19,48,40,7,4,32,15,20,19,19,29,34,46,11,37,6,23,39,22,21,41,21,9,40,28,36,18,31,40,16,16,28,30,47,16,13,23,11,31,40,17,28,1,27,43,10,13,19,17,20,7,34,14,39,10,40,20,35,24,28,17,31,11,25,6,3,37,30,26,32,25,44,10,11,13,7,19,36,11,5,35,37,14,11,9,35,22,36,5,6,15,18,24,11,30,32,21,14,30,25,27,41,49,9,23,5,27,33,3,26,41,13,41,26,28,15,6,23,21,25,24,39,2,8,7,6,13,23,40,6,25,12,17,38,21,7,10,24,43,22,30]
costo_por_agente [34,77,42,64,54,14,42,38,32,21,8,25,3,56,52,34,43,22,24,27,120,74,13,4,66,15,146,53,59,115,60,80,29,133,6,25,63,24,47,51,29,9,118,54,74,98,71,76,24,50,62,32,129,18,15,131,11,33,44,17,32,1,59,103,12,13,23,17,134,13,44,14,47,48,62,20,41,122,28,19,31,13,85,6,3,73,36,36,128,53,46,26,11,15,7,63,36,11,5,53,111,22,11,17,71,48,148,5,6,21,20,24,11,40,122,77,16,86,31,57,51,75,17,37,5,27,77,3,126,109,15,79,50,48,43,6,53,61,81,48,57,2,8,17,8,13,23,44,6,49,30,23,44,93,45,12,92,93,56,40]
completion_time_por_agente [50,117,82,97,83,15,51,46,59,22,8,29,3,78,66,37,60,23,33,35,206,125,14,4,108,15,245,91,106,203,92,109,40,243,7,30,85,25,87,71,43,14,223,80,117,151,102,115,29,87,94,39,213,21,16,156,11,34,57,18,37,1,106,185,14,13,27,18,230,17,55,17,65,87,90,20,51,212,29,19,31,20,154,6,3,106,46,42,226,73,53,37,13,15,7,110,37,12,5,87,191,29,13,18,111,74,232,7,6,25,22,25,11,61,221,141,18,140,36,86,70,114,25,44,6,30,123,3,217,192,18,121,65,67,72,6,93,106,133,70,89,4,8,26,9,14,23,56,6,88,43,24,53,147,66,18,169,132,86,54]
tiempo_ultimo_agente_goal 245
tiempo_en_acabar 245
tiempo_promedio 69.081253
agentes_en_goal 160
bad_good_total_rate_pred [47358,34537,81895,0.4]
push_out_count 35921
RUN 38
valores_ideales [24,23,10,40,34,14,36,30,18,21,8,25,3,36,40,32,23,18,18,19,48,40,7,4,32,15,20,19,19,29,34,46,11,37,6,23,39,22,21,41,21,9,40,28,36,18,31,40,16,16,28,30,47,16,13,23,11,31,40,17,28,1,27,43,10,13,19,17,20,7,34,14,39,10,40,20,35,24,28,17,31,11,25,6,3,37,30,26,32,25,44,10,11,13,7,19,36,11,5,35,37,14,11,9,35,22,36,5,6,15,18,24,11,30,32,21,14,30,25,27,41,49,9,23,5,27,33,3,26,41,13,41,26,28,15,6,23,21,25,24,39,2,8,7,6,13,23,40,6,25,12,17,38,21,7,10,24,43,22,30]
costo_por_agente [24,143,50,126,46,14,40,44,44,27,8,27,3,62,132,76,27,68,50,37,78,140,11,4,86,17,168,101,27,121,60,56,17,155,6,27,99,24,35,49,27,9,124,32,98,126,77,72,26,22,96,36,83,16,13,87,11,31,102,17,58,1,87,109,16,13,81,17,54,13,46,14,117,14,80,24,73,134,32,17,31,13,145,8,3,161,40,30,60,179,58,20,23,15,7,107,36,11,5,47,145,14,31,13,105,66,120,5,6,17,18,26,11,46,70,135,36,132,35,45,139,75,11,39,5,31,51,3,94,113,49,95,28,130,39,6,25,69,57,38,45,2,38,9,6,15,23,116,6,79,30,19,50,137,33,10,122,51,32,46]
completion_time_por_agente [24,247,77,226,69,16,41,58,65,31,8,27,4,90,179,143,28,78,88,54,108,226,13,4,136,18,293,199,34,183,76,68,22,236,7,30,171,26,52,61,38,11,211,35,174,193,100,89,30,34,193,45,126,17,16,144,11,32,170,17,97,1,162,200,24,15,166,17,77,17,69,15,191,19,121,31,123,250,38,18,32,13,246,8,3,275,50,37,85,308,78,30,25,16,7,186,36,11,6,58,214,14,55,15,184,91,195,7,7,20,18,29,11,84,95,259,46,222,52,61,229,97,12,46,5,33,75,3,141,184,92,149,35,188,62,6,27,131,77,60,62,2,70,9,6,20,24,176,6,144,58,24,84,248,57,14,211,75,43,66]
tiempo_ultimo_agente_goal 308
tiempo_en_acabar 308
tiempo_promedio 81.831253
agentes_en_goal 160
bad_good_total_rate_pred [55633,44823,100456,0.4]
push_out_count 37078
RUN 39
valores_ideales [24,23,10,40,34,14,36,30,18,21,8,25,3,36,40,32,23,18,18,19,48,40,7,4,32,15,20,19,19,29,34,46,11,37,6,23,39,22,21,41,21,9,40,28,36,18,31,40,16,16,28,30,47,16,13,23,11,31,40,17,28,1,27,43,10,13,19,17,20,7,34,14,39,10,40,20,35,24,28,17,31,11,25,6,3,37,30,26,32,25,44,10,11,13,7,19,36,11,5,35,37,14,11,9,35,22,36,5,6,15,18,24,11,30,32,21,14,30,25,27,41,49,9,23,5,27,33,3,26,41,13,41,26,28,15,6,23,21,25,24,39,2,8,7,6,13,23,40,6,25,12,17,38,21,7,10,24,43,22,30]
costo_por_agente [24,165,28,116,44,20,40,34,74,27,8,25,9,62,62,66,45,162,70,41,106,62,7,4,48,15,132,53,63,179,46,60,29,89,6,23,55,24,47,41,23,15,110,44,68,74,67,76,24,30,58,30,105,18,13,151,13,33,44,17,60,1,65,47,14,13,55,19,114,15,62,16,75,20,76,22,39,168,30,17,31,21,161,8,3,41,46,28,60,119,44,30,11,15,7,53,36,11,5,63,91,14,19,11,71,34,56,5,10,19,26,24,11,78,100,37,14,92,37,47,47,75,11,43,13,37,73,3,134,135,51,81,26,32,21,6,33,23,159,36,69,52,8,9,6,13,23,42,6,37,34,55,52,143,131,20,126,111,34,48]
completion_time_por_agente [26,265,47,196,64,24,45,40,135,32,8,28,11,95,100,112,71,309,128,69,167,96,7,4,72,15,219,103,111,285,61,78,47,134,10,27,74,31,74,45,23,21,185,67,122,113,103,119,28,37,90,33,173,21,13,275,13,39,55,20,89,1,109,59,21,16,95,22,206,25,101,18,122,29,125,22,46,281,34,18,32,29,299,9,3,57,71,32,75,203,49,45,12,17,7,87,36,11,5,83,147,14,35,11,111,42,84,7,14,24,34,28,11,100,129,56,15,162,47,54,57,117,17,63,20,49,125,3,212,219,101,126,27,34,26,6,45,26,249,57,112,89,8,11,8,18,23,51,6,55,67,92,75,284,244,33,203,159,45,72]
tiempo_ultimo_agente_goal 309
tiempo_en_acabar 309
tiempo_promedio 74.843750
agentes_en_goal 160
bad_good_total_rate_pred [47312,37141,84453,0.4]
push_out_count 38076
