RUN 0
valores_ideales [38,53,6,5,26,3,11,27,3,7,15,38,40,18,31,41,4,17,23,10,8,9,22,15,28,12,34,38,8,24,20,12,24,26,12,36,20,24,23,5,15,31,17,40,32,22,36,26,27,46,34,37,37,34,14,14,19,16,33,14,32,40,20,38,30,40,38,25,20,34,45,56,8,17,33,48,39,27,10,47]
costo_por_agente [44,233,6,5,26,3,11,15,3,9,15,23,61,18,36,23,4,17,23,12,8,9,24,19,72,12,34,35,12,88,20,12,48,26,12,21,20,24,22,5,15,26,19,23,58,939,26,74,24,48,113,27,22,24,14,16,19,16,31,14,19,27,20,39,31,23,29,25,20,85,40,56,8,17,28,54,57,329,10,22]
completion_time_por_agente [62,0,6,5,59,3,14,0,3,12,16,0,0,18,0,0,4,17,24,15,8,10,27,21,0,12,0,0,14,0,20,17,56,26,12,0,20,25,0,6,15,0,20,0,0,0,0,0,0,49,0,0,0,0,14,16,19,17,0,14,0,0,0,0,0,0,0,26,0,0,0,96,9,22,0,88,0,0,13,0]
tiempo_ultimo_agente_goal 96
tiempo_en_acabar 1000
tiempo_promedio 11.875000
agentes_en_goal 42
bad_good_total_rate_pred [111419,350462,461881,0.8]
push_out_count 0
RUN 1
valores_ideales [38,53,6,5,26,3,11,27,3,7,15,38,40,18,31,41,4,17,23,10,8,9,22,15,28,12,34,38,8,24,20,12,24,26,12,36,20,24,23,5,15,31,17,40,32,22,36,26,27,46,34,37,37,34,14,14,19,16,33,14,32,40,20,38,30,40,38,25,20,34,45,56,8,17,33,48,39,27,10,47]
costo_por_agente [16,25,6,5,28,3,11,54,3,11,15,36,38,18,43,34,4,17,23,10,8,9,29,15,23,12,21,16,8,39,20,14,14,27,12,38,20,24,21,5,15,29,17,28,21,101,51,107,26,50,19,21,26,23,14,14,19,18,26,14,20,48,17,31,16,28,34,27,19,22,56,25,8,21,22,23,30,20,10,26]
completion_time_por_agente [62,0,6,5,33,3,11,0,3,12,18,0,0,18,121,0,4,17,24,10,8,10,27,17,0,12,0,0,9,0,20,14,56,26,12,51,20,24,0,6,15,0,17,0,0,0,0,0,0,86,0,0,0,0,14,15,19,19,0,16,0,81,0,0,0,0,0,34,0,0,0,96,9,23,0,88,0,0,11,0]
tiempo_ultimo_agente_goal 121
tiempo_en_acabar 1000
tiempo_promedio 15.025000
agentes_en_goal 39
bad_good_total_rate_pred [143650,331727,475377,0.7]
push_out_count 0
RUN 2
valores_ideales [38,53,6,5,26,3,11,27,3,7,15,38,40,18,31,41,4,17,23,10,8,9,22,15,28,12,34,38,8,24,20,12,24,26,12,36,20,24,23,5,15,31,17,40,32,22,36,26,27,46,34,37,37,34,14,14,19,16,33,14,32,40,20,38,30,40,38,25,20,34,45,56,8,17,33,48,39,27,10,47]
costo_por_agente [44,67,8,5,22,3,11,254,3,7,17,34,33,18,67,21,6,17,23,10,10,9,24,17,52,12,23,42,8,27,20,12,34,173,12,206,20,24,14,5,15,11,17,73,56,85,31,126,13,39,69,26,21,22,14,14,19,18,297,14,14,28,25,34,16,22,17,25,29,42,24,31,8,19,24,50,358,57,10,44]
completion_time_por_agente [452,0,8,5,33,3,11,0,3,8,18,0,0,18,123,0,7,17,23,15,13,10,26,18,0,12,0,184,10,0,20,12,35,26,12,381,20,25,0,6,15,0,17,0,0,0,0,0,0,86,0,0,0,0,14,15,19,20,0,15,0,81,0,0,0,0,0,26,0,0,0,96,8,21,0,71,0,460,10,0]
tiempo_ultimo_agente_goal 460
tiempo_en_acabar 1000
tiempo_promedio 31.600000
agentes_en_goal 42
bad_good_total_rate_pred [118197,280012,398209,0.7]
push_out_count 0
RUN 3
valores_ideales [38,53,6,5,26,3,11,27,3,7,15,38,40,18,31,41,4,17,23,10,8,9,22,15,28,12,34,38,8,24,20,12,24,26,12,36,20,24,23,5,15,31,17,40,32,22,36,26,27,46,34,37,37,34,14,14,19,16,33,14,32,40,20,38,30,40,38,25,20,34,45,56,8,17,33,48,39,27,10,47]
costo_por_agente [24,28,6,5,26,3,11,20,3,9,15,22,20,18,31,30,6,17,23,12,14,9,22,19,30,12,21,45,10,21,20,14,49,31,12,13,20,24,31,5,15,11,19,23,29,23,25,23,19,46,23,13,22,20,14,14,19,16,25,19,30,21,15,29,13,24,22,25,21,21,21,25,8,17,20,25,26,21,10,37]
completion_time_por_agente [452,0,6,5,27,3,11,0,3,11,15,0,0,18,33,0,6,17,24,13,17,10,25,24,0,12,0,184,14,0,20,17,35,26,12,381,20,25,0,5,15,0,19,0,0,0,0,0,0,61,0,0,0,0,14,14,19,16,0,15,0,81,0,0,0,0,0,26,0,0,0,96,9,20,0,71,0,460,10,0]
tiempo_ultimo_agente_goal 61
tiempo_en_acabar 1000
tiempo_promedio 30.212500
agentes_en_goal 37
bad_good_total_rate_pred [194045,300872,494917,0.6]
push_out_count 0
RUN 4
valores_ideales [38,53,6,5,26,3,11,27,3,7,15,38,40,18,31,41,4,17,23,10,8,9,22,15,28,12,34,38,8,24,20,12,24,26,12,36,20,24,23,5,15,31,17,40,32,22,36,26,27,46,34,37,37,34,14,14,19,16,33,14,32,40,20,38,30,40,38,25,20,34,45,56,8,17,33,48,39,27,10,47]
costo_por_agente [38,31,6,5,26,3,11,49,3,9,15,30,64,18,62,27,6,17,23,10,8,9,26,15,32,12,31,25,7,40,20,12,10,20,12,23,20,24,20,7,15,16,17,27,56,22,30,19,21,46,60,39,26,12,14,14,19,16,21,18,44,21,18,35,19,24,44,25,43,25,47,58,8,6,20,18,19,35,10,49]
completion_time_por_agente [47,0,6,5,26,3,12,0,3,11,15,0,0,18,33,0,7,17,23,13,8,10,26,17,0,12,0,184,14,60,20,12,35,26,12,381,20,25,0,7,15,0,18,0,102,0,0,0,0,50,0,0,0,0,14,15,20,17,0,22,0,81,0,0,0,0,0,26,0,0,66,109,8,20,0,71,0,460,10,0]
tiempo_ultimo_agente_goal 109
tiempo_en_acabar 1000
tiempo_promedio 27.900000
agentes_en_goal 40
bad_good_total_rate_pred [97162,332477,429639,0.8]
push_out_count 0
RUN 5
valores_ideales [38,53,6,5,26,3,11,27,3,7,15,38,40,18,31,41,4,17,23,10,8,9,22,15,28,12,34,38,8,24,20,12,24,26,12,36,20,24,23,5,15,31,17,40,32,22,36,26,27,46,34,37,37,34,14,14,19,16,33,14,32,40,20,38,30,40,38,25,20,34,45,56,8,17,33,48,39,27,10,47]
costo_por_agente [20,25,6,5,26,3,15,25,3,9,17,26,29,18,47,37,4,17,23,14,8,9,24,15,33,12,31,40,10,22,20,12,54,51,12,44,20,24,304,5,15,30,19,28,51,43,34,14,14,60,25,19,17,42,14,14,19,16,17,14,23,50,19,22,26,19,301,25,36,28,33,31,8,21,57,22,21,24,10,24]
completion_time_por_agente [47,0,7,5,31,3,17,0,3,12,18,0,0,18,95,0,4,17,24,15,10,10,25,17,0,12,0,184,11,60,20,12,73,26,13,88,20,25,0,6,15,0,19,0,102,0,0,0,0,88,0,0,0,0,14,15,19,16,0,91,0,90,0,0,0,0,0,26,0,0,66,109,9,69,102,71,0,460,10,0]
tiempo_ultimo_agente_goal 102
tiempo_en_acabar 1000
tiempo_promedio 28.987499
agentes_en_goal 42
bad_good_total_rate_pred [142055,213520,355575,0.6]
push_out_count 0
RUN 6
valores_ideales [38,53,6,5,26,3,11,27,3,7,15,38,40,18,31,41,4,17,23,10,8,9,22,15,28,12,34,38,8,24,20,12,24,26,12,36,20,24,23,5,15,31,17,40,32,22,36,26,27,46,34,37,37,34,14,14,19,16,33,14,32,40,20,38,30,40,38,25,20,34,45,56,8,17,33,48,39,27,10,47]
costo_por_agente [46,63,6,5,22,3,11,14,3,9,17,23,25,18,67,123,4,17,23,10,8,9,24,15,110,12,46,40,14,67,20,12,16,122,12,40,20,24,19,5,15,26,17,33,166,123,27,56,25,37,24,27,40,22,14,14,19,16,28,14,19,37,19,23,21,120,22,25,22,40,24,31,8,17,51,20,25,28,10,27]
completion_time_por_agente [47,245,7,5,31,3,11,0,3,13,19,0,0,18,241,0,4,17,23,10,8,10,25,18,0,12,0,75,14,60,20,13,73,26,12,78,20,25,0,6,15,0,19,0,102,0,0,0,0,88,0,0,0,0,14,14,19,17,0,14,0,90,0,0,0,0,0,26,0,106,66,109,8,22,102,71,0,460,15,0]
tiempo_ultimo_agente_goal 245
tiempo_en_acabar 1000
tiempo_promedio 32.112499
agentes_en_goal 40
bad_good_total_rate_pred [142552,281452,424004,0.7]
push_out_count 0
RUN 7
valores_ideales [38,53,6,5,26,3,11,27,3,7,15,38,40,18,31,41,4,17,23,10,8,9,22,15,28,12,34,38,8,24,20,12,24,26,12,36,20,24,23,5,15,31,17,40,32,22,36,26,27,46,34,37,37,34,14,14,19,16,33,14,32,40,20,38,30,40,38,25,20,34,45,56,8,17,33,48,39,27,10,47]
costo_por_agente [72,42,6,5,30,3,11,70,3,9,15,40,27,18,88,26,4,17,23,12,10,9,24,15,135,12,23,12,10,156,20,12,31,134,14,63,20,24,160,7,15,20,17,83,40,126,22,22,13,32,106,14,50,16,14,14,19,18,32,14,323,25,29,33,19,64,21,25,25,71,29,817,8,19,24,41,24,21,10,53]
completion_time_por_agente [155,245,6,5,35,3,14,0,3,10,16,0,0,18,241,0,4,17,23,13,12,10,27,17,0,12,0,75,11,60,20,16,73,209,14,78,20,25,0,7,15,0,19,0,102,0,0,0,0,88,0,0,0,0,14,15,19,18,0,14,0,90,0,0,0,155,0,26,0,106,66,109,8,20,102,71,0,460,10,193]
tiempo_ultimo_agente_goal 209
tiempo_en_acabar 1000
tiempo_promedio 40.174999
agentes_en_goal 40
bad_good_total_rate_pred [151035,265825,416860,0.6]
push_out_count 0
RUN 8
valores_ideales [38,53,6,5,26,3,11,27,3,7,15,38,40,18,31,41,4,17,23,10,8,9,22,15,28,12,34,38,8,24,20,12,24,26,12,36,20,24,23,5,15,31,17,40,32,22,36,26,27,46,34,37,37,34,14,14,19,16,33,14,32,40,20,38,30,40,38,25,20,34,45,56,8,17,33,48,39,27,10,47]
costo_por_agente [38,59,6,5,26,3,11,34,3,7,15,26,49,18,37,19,4,17,23,14,10,9,24,15,20,12,17,56,10,105,20,12,45,60,12,42,20,24,75,7,15,334,19,33,92,25,16,40,262,81,29,41,31,20,14,14,19,24,24,14,47,90,18,25,490,52,19,25,34,34,28,25,8,17,28,48,43,52,12,59]
completion_time_por_agente [41,115,6,5,27,3,13,0,3,8,15,0,0,18,241,0,4,17,24,15,14,10,26,17,0,12,0,121,12,60,20,15,73,209,12,52,20,25,0,8,15,0,19,0,331,0,0,0,0,88,0,0,0,0,14,15,19,40,0,16,0,90,0,0,0,155,0,26,0,37,66,109,9,24,102,53,0,460,13,193]
tiempo_ultimo_agente_goal 331
tiempo_en_acabar 1000
tiempo_promedio 39.437500
agentes_en_goal 43
bad_good_total_rate_pred [134328,231456,365784,0.6]
push_out_count 0
RUN 9
valores_ideales [38,53,6,5,26,3,11,27,3,7,15,38,40,18,31,41,4,17,23,10,8,9,22,15,28,12,34,38,8,24,20,12,24,26,12,36,20,24,23,5,15,31,17,40,32,22,36,26,27,46,34,37,37,34,14,14,19,16,33,14,32,40,20,38,30,40,38,25,20,34,45,56,8,17,33,48,39,27,10,47]
costo_por_agente [46,31,6,5,22,3,11,12,3,9,15,23,833,18,65,25,6,17,23,12,8,9,34,17,19,12,16,46,10,42,20,14,10,32,12,31,20,24,17,7,15,16,17,31,14,41,28,17,20,50,39,949,31,16,14,14,19,16,17,14,18,28,10,22,12,32,18,25,22,43,31,44,8,21,24,48,40,26,10,31]
completion_time_por_agente [41,115,6,5,27,3,13,0,3,11,16,0,0,18,95,0,7,17,24,13,8,10,55,17,0,12,0,52,11,60,20,17,73,209,12,52,20,25,0,8,15,0,17,0,331,0,0,0,0,72,0,0,0,0,14,14,19,16,0,14,0,90,0,0,0,155,0,26,0,37,66,109,9,85,102,53,0,460,10,193]
tiempo_ultimo_agente_goal 95
tiempo_en_acabar 1000
tiempo_promedio 37.275002
agentes_en_goal 39
bad_good_total_rate_pred [128413,307255,435668,0.7]
push_out_count 0
RUN 10
valores_ideales [38,53,6,5,26,3,11,27,3,7,15,38,40,18,31,41,4,17,23,10,8,9,22,15,28,12,34,38,8,24,20,12,24,26,12,36,20,24,23,5,15,31,17,40,32,22,36,26,27,46,34,37,37,34,14,14,19,16,33,14,32,40,20,38,30,40,38,25,20,34,45,56,8,17,33,48,39,27,10,47]
costo_por_agente [38,29,8,5,26,3,11,144,3,9,15,37,20,18,14,21,4,17,23,12,12,9,25,15,14,12,17,44,10,11,20,12,19,26,12,15,20,24,11,5,15,16,21,22,22,29,25,327,15,24,20,16,23,17,14,14,19,16,33,14,21,23,113,24,27,16,18,25,18,45,18,24,8,13,27,20,16,50,10,29]
completion_time_por_agente [38,115,9,5,27,3,11,0,3,10,15,0,0,18,95,0,4,17,24,15,18,10,55,17,0,12,0,82,11,60,20,13,73,26,12,52,20,25,0,5,15,0,22,0,331,0,0,0,0,72,0,0,0,0,14,15,19,16,0,14,0,90,0,0,0,155,0,26,0,37,66,109,9,85,102,53,0,460,10,193]
tiempo_ultimo_agente_goal 82
tiempo_en_acabar 1000
tiempo_promedio 35.412498
agentes_en_goal 36
bad_good_total_rate_pred [174621,280961,455582,0.6]
push_out_count 0
RUN 11
valores_ideales [38,53,6,5,26,3,11,27,3,7,15,38,40,18,31,41,4,17,23,10,8,9,22,15,28,12,34,38,8,24,20,12,24,26,12,36,20,24,23,5,15,31,17,40,32,22,36,26,27,46,34,37,37,34,14,14,19,16,33,14,32,40,20,38,30,40,38,25,20,34,45,56,8,17,33,48,39,27,10,47]
costo_por_agente [40,27,10,5,26,3,11,999,3,13,15,22,984,18,41,21,4,17,23,6,9,9,8,15,14,12,18,18,10,22,20,12,21,38,12,15,20,24,12,5,15,11,17,25,22,24,18,18,13,23,16,19,22,17,14,14,19,16,16,14,25,19,19,32,13,18,18,25,29,15,23,29,8,14,18,23,17,330,10,20]
completion_time_por_agente [45,115,10,5,30,3,11,0,3,15,15,0,0,18,55,0,4,17,23,15,18,10,55,17,0,12,0,82,11,60,20,12,73,50,12,52,20,25,0,5,15,0,18,0,331,0,0,0,0,72,0,0,0,0,14,14,19,16,0,16,0,90,0,0,0,155,0,26,0,37,66,109,8,85,102,53,0,460,10,193]
tiempo_ultimo_agente_goal 55
tiempo_en_acabar 1000
tiempo_promedio 35.337502
agentes_en_goal 35
bad_good_total_rate_pred [130862,284482,415344,0.7]
push_out_count 0
RUN 12
valores_ideales [38,53,6,5,26,3,11,27,3,7,15,38,40,18,31,41,4,17,23,10,8,9,22,15,28,12,34,38,8,24,20,12,24,26,12,36,20,24,23,5,15,31,17,40,32,22,36,26,27,46,34,37,37,34,14,14,19,16,33,14,32,40,20,38,30,40,38,25,20,34,45,56,8,17,33,48,39,27,10,47]
costo_por_agente [15,55,6,5,30,3,11,24,3,11,17,28,42,18,31,439,4,17,23,12,10,9,24,15,25,12,79,50,8,92,20,12,62,60,12,21,20,24,31,7,15,40,17,24,35,78,21,62,25,19,19,46,30,23,14,14,19,18,63,14,18,47,17,24,40,29,28,25,17,36,37,34,8,17,75,48,26,20,10,35]
completion_time_por_agente [45,89,7,5,167,3,11,0,3,12,21,0,0,18,33,0,4,17,23,15,10,10,27,17,0,12,0,54,9,60,20,16,73,50,12,52,20,25,0,8,15,0,17,0,331,0,0,122,0,72,0,0,0,0,14,14,19,20,174,16,0,90,0,0,141,155,0,26,0,177,66,109,8,20,190,65,0,460,10,193]
tiempo_ultimo_agente_goal 190
tiempo_en_acabar 1000
tiempo_promedio 43.400002
agentes_en_goal 45
bad_good_total_rate_pred [165384,202977,368361,0.6]
push_out_count 0
RUN 13
valores_ideales [38,53,6,5,26,3,11,27,3,7,15,38,40,18,31,41,4,17,23,10,8,9,22,15,28,12,34,38,8,24,20,12,24,26,12,36,20,24,23,5,15,31,17,40,32,22,36,26,27,46,34,37,37,34,14,14,19,16,33,14,32,40,20,38,30,40,38,25,20,34,45,56,8,17,33,48,39,27,10,47]
costo_por_agente [12,27,6,5,28,3,11,19,3,9,15,23,20,18,29,32,4,17,23,12,8,9,21,15,72,12,48,22,10,14,20,14,15,28,12,23,20,24,18,7,15,15,17,25,342,29,16,22,20,25,14,26,20,32,14,14,19,16,19,14,18,22,15,29,26,35,25,25,23,20,25,60,8,19,14,25,22,280,10,46]
completion_time_por_agente [45,89,6,5,167,3,11,0,3,11,16,0,0,18,33,0,4,17,24,15,8,10,27,17,108,12,0,54,11,60,20,14,73,50,12,52,20,25,0,7,15,0,17,0,331,0,0,122,0,72,0,0,0,0,14,14,19,17,174,14,0,90,0,0,141,155,0,26,0,177,66,75,9,21,190,65,0,460,10,193]
tiempo_ultimo_agente_goal 108
tiempo_en_acabar 1000
tiempo_promedio 44.174999
agentes_en_goal 36
bad_good_total_rate_pred [142423,388154,530577,0.7]
push_out_count 0
RUN 14
valores_ideales [38,53,6,5,26,3,11,27,3,7,15,38,40,18,31,41,4,17,23,10,8,9,22,15,28,12,34,38,8,24,20,12,24,26,12,36,20,24,23,5,15,31,17,40,32,22,36,26,27,46,34,37,37,34,14,14,19,16,33,14,32,40,20,38,30,40,38,25,20,34,45,56,8,17,33,48,39,27,10,47]
costo_por_agente [20,57,6,5,26,3,11,106,3,9,19,24,35,18,105,64,6,17,23,10,8,9,24,15,832,12,49,19,10,43,20,14,15,28,12,21,20,24,21,5,15,14,17,24,51,142,50,15,39,50,23,18,18,24,14,14,19,10,32,14,21,24,15,23,11,291,26,25,14,37,22,36,8,14,12,19,23,20,10,23]
completion_time_por_agente [45,78,6,5,30,3,11,0,3,11,23,0,0,18,288,0,7,17,23,15,10,10,27,18,108,12,0,54,11,60,20,16,73,30,12,52,20,25,0,5,15,0,17,0,331,0,75,122,0,64,0,0,0,0,14,17,19,17,174,14,0,90,0,0,141,155,0,26,0,177,66,75,8,21,190,65,0,460,10,193]
tiempo_ultimo_agente_goal 288
tiempo_en_acabar 1000
tiempo_promedio 46.275002
agentes_en_goal 39
bad_good_total_rate_pred [134498,294180,428678,0.7]
push_out_count 0
RUN 15
valores_ideales [38,53,6,5,26,3,11,27,3,7,15,38,40,18,31,41,4,17,23,10,8,9,22,15,28,12,34,38,8,24,20,12,24,26,12,36,20,24,23,5,15,31,17,40,32,22,36,26,27,46,34,37,37,34,14,14,19,16,33,14,32,40,20,38,30,40,38,25,20,34,45,56,8,17,33,48,39,27,10,47]
costo_por_agente [19,25,6,5,26,3,11,901,3,7,15,42,34,18,40,22,4,17,23,11,10,9,24,15,16,12,18,28,10,15,20,14,39,53,12,18,20,24,79,7,15,14,17,26,14,944,30,284,18,27,13,16,26,16,14,14,19,16,161,16,37,22,24,28,16,13,22,25,28,38,24,30,8,19,62,21,22,35,10,965]
completion_time_por_agente [45,78,6,5,27,3,11,0,3,9,15,0,0,18,288,0,4,17,23,15,11,10,27,17,108,12,0,54,11,60,20,16,73,30,12,52,20,25,0,7,15,0,18,0,331,0,75,122,0,64,0,0,0,0,14,15,20,17,174,22,0,90,0,0,141,155,0,26,0,53,66,75,8,22,190,65,0,460,10,193]
tiempo_ultimo_agente_goal 53
tiempo_en_acabar 1000
tiempo_promedio 44.662498
agentes_en_goal 36
bad_good_total_rate_pred [219904,340636,560540,0.6]
push_out_count 0
RUN 16
valores_ideales [38,53,6,5,26,3,11,27,3,7,15,38,40,18,31,41,4,17,23,10,8,9,22,15,28,12,34,38,8,24,20,12,24,26,12,36,20,24,23,5,15,31,17,40,32,22,36,26,27,46,34,37,37,34,14,14,19,16,33,14,32,40,20,38,30,40,38,25,20,34,45,56,8,17,33,48,39,27,10,47]
costo_por_agente [14,28,6,5,28,3,11,31,3,9,15,29,28,18,29,21,4,17,23,10,10,9,30,15,27,12,18,28,10,24,20,12,21,28,12,25,20,24,20,5,15,14,19,39,36,29,36,73,14,27,40,45,19,29,14,14,19,18,58,14,109,26,16,19,22,18,29,25,24,18,24,32,8,21,31,23,25,27,10,43]
completion_time_por_agente [45,78,6,5,50,3,12,0,3,12,16,0,0,18,288,0,4,17,24,13,10,10,40,17,108,12,0,54,11,60,20,12,73,30,12,52,20,25,0,6,15,0,23,0,59,0,75,122,0,64,69,0,0,0,14,15,20,18,174,16,0,90,0,0,141,155,0,26,0,53,66,75,9,23,190,65,0,460,10,193]
tiempo_ultimo_agente_goal 69
tiempo_en_acabar 1000
tiempo_promedio 42.575001
agentes_en_goal 38
bad_good_total_rate_pred [134572,337385,471957,0.7]
push_out_count 0
RUN 17
valores_ideales [38,53,6,5,26,3,11,27,3,7,15,38,40,18,31,41,4,17,23,10,8,9,22,15,28,12,34,38,8,24,20,12,24,26,12,36,20,24,23,5,15,31,17,40,32,22,36,26,27,46,34,37,37,34,14,14,19,16,33,14,32,40,20,38,30,40,38,25,20,34,45,56,8,17,33,48,39,27,10,47]
costo_por_agente [56,61,6,5,26,3,11,55,3,9,15,27,72,18,77,27,4,17,23,10,8,9,24,15,12,12,23,29,12,70,20,12,58,358,12,38,20,24,24,5,15,32,17,25,28,56,22,58,24,52,230,70,20,40,14,14,19,16,49,14,62,85,43,43,19,21,11,25,26,25,19,42,8,25,21,54,30,28,10,26]
completion_time_por_agente [309,235,6,5,27,3,11,0,3,12,15,0,0,18,246,0,4,17,24,13,10,10,24,17,108,12,0,54,15,60,20,12,302,30,12,45,20,25,0,6,15,0,17,0,59,0,75,290,0,348,69,0,0,71,14,15,19,16,174,14,323,90,0,0,141,155,0,26,0,53,66,75,9,25,190,332,0,460,10,193]
tiempo_ultimo_agente_goal 348
tiempo_en_acabar 1000
tiempo_promedio 63.424999
agentes_en_goal 46
bad_good_total_rate_pred [113577,217102,330679,0.7]
push_out_count 0
RUN 18
valores_ideales [38,53,6,5,26,3,11,27,3,7,15,38,40,18,31,41,4,17,23,10,8,9,22,15,28,12,34,38,8,24,20,12,24,26,12,36,20,24,23,5,15,31,17,40,32,22,36,26,27,46,34,37,37,34,14,14,19,16,33,14,32,40,20,38,30,40,38,25,20,34,45,56,8,17,33,48,39,27,10,47]
costo_por_agente [44,94,6,5,26,3,11,61,3,7,15,102,170,18,51,58,4,17,23,12,10,9,24,15,22,12,30,30,10,17,20,14,7,26,12,48,20,24,22,5,15,198,17,29,396,70,17,11,18,21,31,28,21,229,14,14,19,18,73,14,20,23,28,256,15,74,19,25,18,159,39,33,8,17,18,20,135,20,10,28]
completion_time_por_agente [309,235,6,5,27,3,12,0,3,8,15,0,0,18,58,0,4,17,23,15,12,10,27,17,108,12,0,54,12,60,20,16,302,26,12,725,20,25,0,5,15,0,18,0,59,0,75,290,0,348,69,0,0,71,14,15,19,19,891,16,323,90,0,0,141,155,0,26,0,53,66,75,8,21,190,332,0,460,10,193]
tiempo_ultimo_agente_goal 891
tiempo_en_acabar 1000
tiempo_promedio 78.537498
agentes_en_goal 40
bad_good_total_rate_pred [161378,359024,520402,0.7]
push_out_count 0
RUN 19
valores_ideales [38,53,6,5,26,3,11,27,3,7,15,38,40,18,31,41,4,17,23,10,8,9,22,15,28,12,34,38,8,24,20,12,24,26,12,36,20,24,23,5,15,31,17,40,32,22,36,26,27,46,34,37,37,34,14,14,19,16,33,14,32,40,20,38,30,40,38,25,20,34,45,56,8,17,33,48,39,27,10,47]
costo_por_agente [38,22,6,5,26,3,11,39,3,11,15,23,78,18,30,24,4,17,23,12,10,9,36,17,20,12,37,25,14,22,20,22,6,30,12,172,20,24,56,5,15,10,17,24,845,34,28,21,12,46,22,20,16,13,14,14,19,9,12,14,17,17,22,17,20,20,16,25,24,13,35,32,8,12,22,48,23,47,10,30]
completion_time_por_agente [39,235,6,5,27,3,11,71,3,13,15,0,0,18,58,0,4,17,24,15,11,10,27,25,108,13,0,54,17,60,20,25,302,30,12,725,20,25,0,5,15,0,18,0,59,0,75,290,0,53,69,0,0,71,14,15,19,19,891,14,323,90,0,0,141,155,0,26,0,53,66,75,9,21,190,49,0,82,10,193]
tiempo_ultimo_agente_goal 82
tiempo_en_acabar 1000
tiempo_promedio 64.474998
agentes_en_goal 39
bad_good_total_rate_pred [149143,257801,406944,0.6]
push_out_count 0
RUN 20
valores_ideales [38,53,6,5,26,3,11,27,3,7,15,38,40,18,31,41,4,17,23,10,8,9,22,15,28,12,34,38,8,24,20,12,24,26,12,36,20,24,23,5,15,31,17,40,32,22,36,26,27,46,34,37,37,34,14,14,19,16,33,14,32,40,20,38,30,40,38,25,20,34,45,56,8,17,33,48,39,27,10,47]
costo_por_agente [6,57,6,5,26,3,11,30,3,9,17,79,29,18,43,36,4,17,23,10,8,9,26,23,75,12,28,18,10,23,20,14,15,121,12,42,20,24,28,7,15,10,21,31,29,63,83,26,12,46,18,43,24,16,14,14,19,18,35,14,19,25,29,43,17,66,26,25,62,10,53,31,8,17,69,48,41,16,10,29]
completion_time_por_agente [39,275,6,5,27,3,11,71,3,12,19,0,0,18,55,0,4,17,23,10,8,10,259,59,108,12,0,54,12,60,20,16,302,30,12,53,20,26,0,7,15,0,21,0,59,0,75,290,0,54,69,0,0,71,14,14,19,18,891,15,323,90,0,0,141,265,0,27,259,53,206,75,8,18,190,53,0,82,10,193]
tiempo_ultimo_agente_goal 275
tiempo_en_acabar 1000
tiempo_promedio 66.050003
agentes_en_goal 44
bad_good_total_rate_pred [132010,213085,345095,0.6]
push_out_count 0
RUN 21
valores_ideales [38,53,6,5,26,3,11,27,3,7,15,38,40,18,31,41,4,17,23,10,8,9,22,15,28,12,34,38,8,24,20,12,24,26,12,36,20,24,23,5,15,31,17,40,32,22,36,26,27,46,34,37,37,34,14,14,19,16,33,14,32,40,20,38,30,40,38,25,20,34,45,56,8,17,33,48,39,27,10,47]
costo_por_agente [18,30,6,5,22,3,11,35,3,7,15,27,21,18,37,24,4,17,23,12,18,9,26,17,23,12,18,20,12,42,20,12,8,28,12,30,20,24,16,7,15,18,17,22,946,83,20,494,14,39,15,22,46,24,14,14,19,20,32,14,26,85,20,21,15,35,23,5,15,31,33,34,8,17,388,16,20,23,10,20]
completion_time_por_agente [39,275,7,5,27,3,11,71,3,8,15,0,0,18,39,0,4,17,24,15,18,10,32,20,108,12,0,54,31,60,20,12,302,30,12,53,21,24,0,7,15,0,20,0,59,0,75,290,0,54,69,0,0,71,14,15,19,20,891,14,323,90,0,0,141,265,0,27,259,53,206,75,9,20,190,53,0,82,10,193]
tiempo_ultimo_agente_goal 39
tiempo_en_acabar 1000
tiempo_promedio 62.862499
agentes_en_goal 36
bad_good_total_rate_pred [197163,288707,485870,0.6]
push_out_count 0
RUN 22
valores_ideales [38,53,6,5,26,3,11,27,3,7,15,38,40,18,31,41,4,17,23,10,8,9,22,15,28,12,34,38,8,24,20,12,24,26,12,36,20,24,23,5,15,31,17,40,32,22,36,26,27,46,34,37,37,34,14,14,19,16,33,14,32,40,20,38,30,40,38,25,20,34,45,56,8,17,33,48,39,27,10,47]
costo_por_agente [10,28,6,5,26,3,11,14,3,9,15,28,18,18,25,21,4,17,23,12,8,9,19,19,10,12,16,15,12,17,20,14,6,38,12,14,20,24,985,5,15,14,17,85,14,26,21,15,15,21,13,19,58,14,14,16,19,16,13,16,11,20,108,107,37,17,387,25,20,12,19,25,8,17,23,21,18,36,10,26]
completion_time_por_agente [39,275,6,5,28,3,11,71,3,11,15,0,0,18,39,0,4,18,24,15,8,10,32,23,108,12,0,54,12,60,20,15,302,41,12,53,20,25,0,5,15,0,19,0,59,26,75,290,0,54,69,0,0,71,14,16,19,17,891,18,323,90,0,0,141,265,0,26,259,53,206,75,9,19,190,53,0,82,10,193]
tiempo_ultimo_agente_goal 41
tiempo_en_acabar 1000
tiempo_promedio 63.049999
agentes_en_goal 37
bad_good_total_rate_pred [199405,292969,492374,0.6]
push_out_count 0
RUN 23
valores_ideales [38,53,6,5,26,3,11,27,3,7,15,38,40,18,31,41,4,17,23,10,8,9,22,15,28,12,34,38,8,24,20,12,24,26,12,36,20,24,23,5,15,31,17,40,32,22,36,26,27,46,34,37,37,34,14,14,19,16,33,14,32,40,20,38,30,40,38,25,20,34,45,56,8,17,33,48,39,27,10,47]
costo_por_agente [44,21,6,5,26,3,11,133,3,7,19,24,31,18,53,81,4,17,23,10,10,9,26,15,80,12,31,81,12,119,20,14,10,86,12,54,20,24,53,5,15,32,17,23,66,137,17,38,111,29,25,32,44,19,14,16,19,20,17,16,21,52,129,16,27,34,14,25,27,14,34,35,8,17,18,66,38,44,10,35]
completion_time_por_agente [39,275,6,5,27,3,14,71,3,10,19,0,0,18,344,0,4,17,24,13,11,10,26,17,108,12,0,54,12,60,20,17,302,41,12,197,20,25,0,5,15,0,18,0,59,26,75,290,0,54,69,0,0,71,14,16,19,20,891,17,323,90,0,0,141,265,0,26,259,53,206,75,8,19,190,309,0,82,10,193]
tiempo_ultimo_agente_goal 344
tiempo_en_acabar 1000
tiempo_promedio 71.800003
agentes_en_goal 39
bad_good_total_rate_pred [147587,290849,438436,0.7]
push_out_count 0
RUN 24
valores_ideales [38,53,6,5,26,3,11,27,3,7,15,38,40,18,31,41,4,17,23,10,8,9,22,15,28,12,34,38,8,24,20,12,24,26,12,36,20,24,23,5,15,31,17,40,32,22,36,26,27,46,34,37,37,34,14,14,19,16,33,14,32,40,20,38,30,40,38,25,20,34,45,56,8,17,33,48,39,27,10,47]
costo_por_agente [20,23,6,5,26,3,11,14,3,9,15,26,34,18,80,27,6,17,23,10,8,9,104,17,13,12,19,42,10,27,20,12,27,30,12,43,20,24,118,5,15,19,19,25,49,28,29,877,13,48,13,16,22,13,14,14,19,16,38,14,19,33,26,20,10,21,22,25,17,33,20,27,8,19,18,23,20,65,10,22]
completion_time_por_agente [39,275,6,5,27,3,11,71,3,12,15,0,0,18,344,0,6,17,24,12,9,10,26,18,108,12,0,76,11,60,20,12,302,32,12,197,20,25,0,5,15,0,19,0,59,26,75,290,0,145,69,0,0,71,14,17,19,16,891,16,323,90,0,0,141,265,0,26,259,53,206,75,9,21,190,309,0,82,10,193]
tiempo_ultimo_agente_goal 145
tiempo_en_acabar 1000
tiempo_promedio 72.962502
agentes_en_goal 38
bad_good_total_rate_pred [177359,290464,467823,0.6]
push_out_count 0
RUN 25
valores_ideales [38,53,6,5,26,3,11,27,3,7,15,38,40,18,31,41,4,17,23,10,8,9,22,15,28,12,34,38,8,24,20,12,24,26,12,36,20,24,23,5,15,31,17,40,32,22,36,26,27,46,34,37,37,34,14,14,19,16,33,14,32,40,20,38,30,40,38,25,20,34,45,56,8,17,33,48,39,27,10,47]
costo_por_agente [42,30,6,5,26,3,11,15,3,7,21,34,112,18,51,21,4,17,23,10,10,9,28,17,20,12,143,14,12,184,20,12,24,30,12,16,20,24,196,5,15,13,19,40,12,20,28,26,14,40,55,28,27,23,14,14,19,20,18,14,18,21,26,24,32,25,9,25,22,16,49,29,8,17,23,23,20,37,10,23]
completion_time_por_agente [58,275,6,5,28,3,11,71,3,9,26,0,0,18,664,0,4,17,23,13,11,10,82,18,108,12,0,76,12,60,20,12,302,30,12,197,20,25,0,6,15,0,19,0,59,26,75,290,0,145,69,0,0,71,14,16,19,653,891,14,323,90,0,0,141,265,0,26,259,53,72,75,8,20,190,309,0,82,13,193]
tiempo_ultimo_agente_goal 664
tiempo_en_acabar 1000
tiempo_promedio 84.275002
agentes_en_goal 40
bad_good_total_rate_pred [194894,259009,453903,0.6]
push_out_count 0
RUN 26
valores_ideales [38,53,6,5,26,3,11,27,3,7,15,38,40,18,31,41,4,17,23,10,8,9,22,15,28,12,34,38,8,24,20,12,24,26,12,36,20,24,23,5,15,31,17,40,32,22,36,26,27,46,34,37,37,34,14,14,19,16,33,14,32,40,20,38,30,40,38,25,20,34,45,56,8,17,33,48,39,27,10,47]
costo_por_agente [38,20,6,5,26,3,11,24,3,7,15,28,50,18,85,21,4,17,23,12,8,9,24,19,12,12,23,28,12,43,20,12,400,34,12,42,20,24,80,9,15,17,19,28,73,36,32,46,14,44,13,21,704,16,14,16,19,12,69,16,26,26,415,15,19,30,13,25,21,25,41,56,8,17,29,48,32,20,10,73]
completion_time_por_agente [42,275,7,5,28,3,11,71,3,8,15,0,0,18,664,0,4,17,23,15,10,10,25,19,108,12,0,76,17,60,20,16,302,52,12,197,20,25,0,9,15,0,23,0,59,37,75,290,0,145,69,0,0,71,14,16,19,653,891,21,323,90,0,0,141,265,0,26,259,53,72,60,8,20,190,51,0,82,10,193]
tiempo_ultimo_agente_goal 60
tiempo_en_acabar 1000
tiempo_promedio 80.500000
agentes_en_goal 40
bad_good_total_rate_pred [128922,277257,406179,0.7]
push_out_count 0
RUN 27
valores_ideales [38,53,6,5,26,3,11,27,3,7,15,38,40,18,31,41,4,17,23,10,8,9,22,15,28,12,34,38,8,24,20,12,24,26,12,36,20,24,23,5,15,31,17,40,32,22,36,26,27,46,34,37,37,34,14,14,19,16,33,14,32,40,20,38,30,40,38,25,20,34,45,56,8,17,33,48,39,27,10,47]
costo_por_agente [22,53,8,5,26,3,11,30,3,9,17,24,40,18,67,48,4,17,23,10,10,9,24,15,963,12,22,41,12,47,20,12,9,39,12,19,20,24,25,7,15,17,19,25,24,82,33,23,31,46,20,29,30,40,14,14,19,20,68,14,11,47,20,27,12,34,16,25,17,111,60,82,8,19,16,48,28,18,10,50]
completion_time_por_agente [42,58,9,5,27,3,11,71,3,11,17,0,0,18,101,0,4,17,24,13,11,10,27,17,108,12,0,76,15,60,20,12,302,52,12,197,20,25,0,7,15,0,19,0,59,37,75,290,0,71,69,0,0,71,14,14,20,20,891,14,323,90,0,0,141,265,0,26,259,53,72,60,9,25,190,56,0,82,10,193]
tiempo_ultimo_agente_goal 101
tiempo_en_acabar 1000
tiempo_promedio 61.875000
agentes_en_goal 40
bad_good_total_rate_pred [163047,250517,413564,0.6]
push_out_count 0
RUN 28
valores_ideales [38,53,6,5,26,3,11,27,3,7,15,38,40,18,31,41,4,17,23,10,8,9,22,15,28,12,34,38,8,24,20,12,24,26,12,36,20,24,23,5,15,31,17,40,32,22,36,26,27,46,34,37,37,34,14,14,19,16,33,14,32,40,20,38,30,40,38,25,20,34,45,56,8,17,33,48,39,27,10,47]
costo_por_agente [38,23,6,5,30,3,11,35,3,7,15,29,16,18,21,22,4,17,23,12,8,9,40,19,38,12,16,18,10,21,20,12,7,25,12,36,20,24,13,5,15,16,17,27,21,18,18,888,16,22,18,17,45,16,14,14,19,16,450,16,31,20,23,18,21,14,15,25,30,40,27,24,8,21,20,50,18,28,10,29]
completion_time_por_agente [42,58,6,5,48,3,12,66,3,9,16,0,0,18,101,0,4,17,23,15,10,10,27,23,50,12,0,76,11,60,20,12,302,52,12,38,20,25,0,6,15,0,18,0,59,37,75,290,0,71,69,0,0,71,14,15,19,17,891,20,323,90,0,0,141,265,0,26,259,49,72,60,8,23,190,79,0,82,10,193]
tiempo_ultimo_agente_goal 79
tiempo_en_acabar 1000
tiempo_promedio 59.537498
agentes_en_goal 40
bad_good_total_rate_pred [140413,279336,419749,0.7]
push_out_count 0
RUN 29
valores_ideales [38,53,6,5,26,3,11,27,3,7,15,38,40,18,31,41,4,17,23,10,8,9,22,15,28,12,34,38,8,24,20,12,24,26,12,36,20,24,23,5,15,31,17,40,32,22,36,26,27,46,34,37,37,34,14,14,19,16,33,14,32,40,20,38,30,40,38,25,20,34,45,56,8,17,33,48,39,27,10,47]
costo_por_agente [17,28,6,5,26,3,11,18,3,7,15,24,53,18,45,79,6,17,23,10,14,9,22,17,18,12,34,24,11,45,20,12,28,34,12,18,20,24,29,5,15,22,19,27,94,28,36,32,16,25,20,17,19,23,14,14,19,16,22,14,29,31,28,30,263,22,29,25,18,9,28,29,8,19,29,48,24,21,10,25]
completion_time_por_agente [42,58,6,5,27,3,11,66,3,10,15,0,0,18,55,0,7,17,24,14,20,10,23,20,50,12,0,76,11,60,20,12,302,52,12,38,20,25,0,6,15,0,24,0,59,37,75,290,0,71,69,0,0,71,14,16,19,18,891,14,323,90,0,0,141,265,0,26,259,49,72,60,9,43,190,52,0,82,10,193]
tiempo_ultimo_agente_goal 55
tiempo_en_acabar 1000
tiempo_promedio 58.712502
agentes_en_goal 37
bad_good_total_rate_pred [120720,452503,573223,0.8]
push_out_count 0
RUN 30
valores_ideales [38,53,6,5,26,3,11,27,3,7,15,38,40,18,31,41,4,17,23,10,8,9,22,15,28,12,34,38,8,24,20,12,24,26,12,36,20,24,23,5,15,31,17,40,32,22,36,26,27,46,34,37,37,34,14,14,19,16,33,14,32,40,20,38,30,40,38,25,20,34,45,56,8,17,33,48,39,27,10,47]
costo_por_agente [39,23,8,5,22,3,11,12,3,9,15,21,20,18,8,21,4,17,23,7,8,9,22,17,10,12,23,48,12,9,20,14,10,26,12,12,20,24,14,7,15,19,17,21,92,8,18,10,15,18,12,137,20,16,14,14,19,18,11,14,17,16,15,18,12,14,16,25,21,13,25,28,8,16,12,19,31,20,10,23]
completion_time_por_agente [42,58,8,5,27,3,11,66,3,10,17,0,0,18,55,0,4,17,24,14,20,10,24,18,50,12,0,76,12,60,20,15,302,27,12,38,20,26,0,7,15,0,18,0,59,37,75,290,0,71,69,0,0,71,14,15,19,25,891,14,323,90,0,0,141,265,0,27,259,49,72,60,9,43,190,52,0,82,11,193]
tiempo_ultimo_agente_goal 27
tiempo_en_acabar 1000
tiempo_promedio 58.500000
agentes_en_goal 33
bad_good_total_rate_pred [247080,288281,535361,0.5]
push_out_count 0
RUN 31
valores_ideales [38,53,6,5,26,3,11,27,3,7,15,38,40,18,31,41,4,17,23,10,8,9,22,15,28,12,34,38,8,24,20,12,24,26,12,36,20,24,23,5,15,31,17,40,32,22,36,26,27,46,34,37,37,34,14,14,19,16,33,14,32,40,20,38,30,40,38,25,20,34,45,56,8,17,33,48,39,27,10,47]
costo_por_agente [21,17,6,5,26,3,11,24,3,9,15,24,23,18,51,170,4,17,23,10,10,9,24,17,792,12,26,31,10,27,20,12,120,33,12,53,20,24,24,5,15,22,17,24,22,42,22,121,14,74,28,21,85,31,14,14,19,16,126,14,10,19,14,12,14,23,10,25,21,30,43,50,8,19,28,60,24,16,10,28]
completion_time_por_agente [42,58,6,5,33,3,11,66,3,10,16,0,0,18,55,0,4,17,24,13,11,10,28,19,50,12,0,76,11,60,20,12,198,27,12,38,20,25,0,5,15,0,18,0,59,37,75,290,0,251,69,0,0,71,14,14,19,16,891,14,323,90,0,0,141,265,0,26,259,49,72,60,9,26,190,214,0,82,10,193]
tiempo_ultimo_agente_goal 251
tiempo_en_acabar 1000
tiempo_promedio 61.000000
agentes_en_goal 39
bad_good_total_rate_pred [172045,272492,444537,0.6]
push_out_count 0
RUN 32
valores_ideales [38,53,6,5,26,3,11,27,3,7,15,38,40,18,31,41,4,17,23,10,8,9,22,15,28,12,34,38,8,24,20,12,24,26,12,36,20,24,23,5,15,31,17,40,32,22,36,26,27,46,34,37,37,34,14,14,19,16,33,14,32,40,20,38,30,40,38,25,20,34,45,56,8,17,33,48,39,27,10,47]
costo_por_agente [42,53,6,5,22,3,13,35,3,9,23,31,31,18,51,35,4,17,23,10,14,9,24,17,32,12,27,36,10,20,20,14,13,26,12,20,20,24,16,5,15,58,17,35,28,165,272,22,18,22,25,26,34,20,14,14,19,16,49,14,524,40,274,22,19,15,24,25,39,312,51,56,8,17,18,26,27,321,10,31]
completion_time_por_agente [49,55,6,5,33,3,13,131,3,11,26,0,0,18,301,0,4,17,23,13,15,10,29,18,50,12,0,76,12,60,20,16,198,27,12,38,20,25,0,6,15,0,17,0,59,37,75,290,0,251,69,0,0,71,14,14,19,16,891,15,323,58,0,0,141,265,0,26,259,49,70,74,8,21,190,214,0,82,10,193]
tiempo_ultimo_agente_goal 301
tiempo_en_acabar 1000
tiempo_promedio 64.887497
agentes_en_goal 43
bad_good_total_rate_pred [84291,312350,396641,0.8]
push_out_count 0
RUN 33
valores_ideales [38,53,6,5,26,3,11,27,3,7,15,38,40,18,31,41,4,17,23,10,8,9,22,15,28,12,34,38,8,24,20,12,24,26,12,36,20,24,23,5,15,31,17,40,32,22,36,26,27,46,34,37,37,34,14,14,19,16,33,14,32,40,20,38,30,40,38,25,20,34,45,56,8,17,33,48,39,27,10,47]
costo_por_agente [38,31,6,5,26,3,11,19,3,9,15,110,22,18,35,23,6,17,23,10,8,9,26,15,33,12,18,26,10,28,20,12,222,46,12,22,20,24,16,5,15,16,17,146,42,34,24,48,16,21,16,38,24,18,14,14,19,18,42,14,27,38,232,25,24,17,24,25,157,23,22,34,8,19,22,24,48,22,10,24]
completion_time_por_agente [42,55,6,5,27,3,14,131,3,10,15,0,0,18,36,0,6,17,24,15,8,10,28,17,50,12,0,76,13,60,20,12,198,66,12,38,20,25,0,6,15,0,17,0,60,37,75,290,0,251,69,0,0,71,14,15,19,21,891,14,323,58,0,0,141,265,0,26,259,49,70,74,9,19,190,214,0,82,10,193]
tiempo_ultimo_agente_goal 66
tiempo_en_acabar 1000
tiempo_promedio 61.737499
agentes_en_goal 40
bad_good_total_rate_pred [152916,297372,450288,0.7]
push_out_count 0
RUN 34
valores_ideales [38,53,6,5,26,3,11,27,3,7,15,38,40,18,31,41,4,17,23,10,8,9,22,15,28,12,34,38,8,24,20,12,24,26,12,36,20,24,23,5,15,31,17,40,32,22,36,26,27,46,34,37,37,34,14,14,19,16,33,14,32,40,20,38,30,40,38,25,20,34,45,56,8,17,33,48,39,27,10,47]
costo_por_agente [18,19,6,5,28,3,11,19,3,7,15,28,510,18,8,24,6,17,23,12,10,9,26,15,14,12,21,14,10,11,20,14,26,19,12,12,20,24,14,5,15,10,17,25,13,10,19,14,12,22,17,24,12,15,14,14,19,18,12,14,14,17,21,17,19,16,12,4,14,9,45,28,8,17,17,19,20,16,10,23]
completion_time_por_agente [42,55,6,5,40,3,13,131,3,8,16,0,0,18,36,0,6,17,23,15,10,10,41,17,50,12,0,76,11,60,20,16,198,66,12,38,20,24,0,6,15,0,17,0,60,37,75,290,0,251,69,0,0,71,14,15,19,18,891,16,323,58,0,0,141,265,0,26,259,49,52,74,8,20,190,214,0,82,10,193]
tiempo_ultimo_agente_goal 52
tiempo_en_acabar 1000
tiempo_promedio 61.825001
agentes_en_goal 36
bad_good_total_rate_pred [174932,289434,464366,0.6]
push_out_count 0
RUN 35
valores_ideales [38,53,6,5,26,3,11,27,3,7,15,38,40,18,31,41,4,17,23,10,8,9,22,15,28,12,34,38,8,24,20,12,24,26,12,36,20,24,23,5,15,31,17,40,32,22,36,26,27,46,34,37,37,34,14,14,19,16,33,14,32,40,20,38,30,40,38,25,20,34,45,56,8,17,33,48,39,27,10,47]
costo_por_agente [21,19,8,5,22,3,11,103,3,5,15,23,24,18,31,25,4,17,23,6,4,9,24,15,63,12,21,22,12,20,20,12,14,42,12,132,20,24,14,5,15,13,17,24,32,70,31,19,14,23,54,45,126,22,14,16,19,16,958,14,13,20,13,14,14,21,15,25,12,15,23,32,8,21,17,50,20,21,10,55]
completion_time_por_agente [42,55,8,5,40,3,13,131,3,8,15,0,0,18,31,0,4,17,24,15,10,10,27,17,50,13,0,76,13,60,20,12,198,66,12,38,20,25,0,6,15,0,17,0,60,37,75,290,0,251,69,0,0,71,14,16,19,17,891,14,323,58,0,0,141,265,0,26,259,49,52,74,9,21,190,56,0,82,10,138]
tiempo_ultimo_agente_goal 138
tiempo_en_acabar 1000
tiempo_promedio 58.924999
agentes_en_goal 35
bad_good_total_rate_pred [153393,313277,466670,0.7]
push_out_count 0
RUN 36
valores_ideales [38,53,6,5,26,3,11,27,3,7,15,38,40,18,31,41,4,17,23,10,8,9,22,15,28,12,34,38,8,24,20,12,24,26,12,36,20,24,23,5,15,31,17,40,32,22,36,26,27,46,34,37,37,34,14,14,19,16,33,14,32,40,20,38,30,40,38,25,20,34,45,56,8,17,33,48,39,27,10,47]
costo_por_agente [52,23,12,5,28,3,11,325,3,9,15,40,25,18,27,31,6,17,23,12,8,9,34,15,178,12,277,48,12,16,20,12,78,48,12,30,20,24,185,5,15,11,17,27,70,74,30,22,13,36,351,19,16,17,14,14,19,16,28,14,73,42,153,55,69,14,24,25,211,13,49,32,8,9,92,48,23,78,10,154]
completion_time_por_agente [369,55,12,5,114,3,12,131,3,11,15,0,0,18,31,0,6,17,24,13,8,10,273,17,50,12,0,271,14,60,20,12,198,66,12,38,20,25,0,5,15,0,17,0,60,400,75,290,0,251,69,0,0,71,14,14,19,17,891,14,323,58,0,0,141,265,0,26,259,49,233,74,9,21,190,48,0,82,10,138]
tiempo_ultimo_agente_goal 400
tiempo_en_acabar 1000
tiempo_promedio 76.162498
agentes_en_goal 40
bad_good_total_rate_pred [124218,280412,404630,0.7]
push_out_count 0
RUN 37
valores_ideales [38,53,6,5,26,3,11,27,3,7,15,38,40,18,31,41,4,17,23,10,8,9,22,15,28,12,34,38,8,24,20,12,24,26,12,36,20,24,23,5,15,31,17,40,32,22,36,26,27,46,34,37,37,34,14,14,19,16,33,14,32,40,20,38,30,40,38,25,20,34,45,56,8,17,33,48,39,27,10,47]
costo_por_agente [58,53,6,5,26,3,11,25,3,7,15,33,22,18,49,21,4,17,23,10,10,9,26,15,19,12,44,31,14,102,20,14,805,48,12,18,20,24,21,5,15,14,17,33,12,34,30,86,15,24,22,41,20,20,14,14,19,18,22,14,26,38,16,38,42,27,16,25,38,52,23,66,8,19,15,25,25,30,10,29]
completion_time_por_agente [369,61,7,5,27,3,11,131,3,10,15,0,0,18,31,0,4,17,23,15,12,10,29,16,50,12,0,271,18,60,20,16,198,76,12,38,20,25,0,5,15,0,18,0,60,400,75,290,0,251,69,0,0,71,14,14,19,18,891,16,323,58,0,0,141,265,0,26,259,241,233,261,8,22,190,48,0,82,15,138]
tiempo_ultimo_agente_goal 261
tiempo_en_acabar 1000
tiempo_promedio 77.112503
agentes_en_goal 40
bad_good_total_rate_pred [129916,308472,438388,0.7]
push_out_count 0
RUN 38
valores_ideales [38,53,6,5,26,3,11,27,3,7,15,38,40,18,31,41,4,17,23,10,8,9,22,15,28,12,34,38,8,24,20,12,24,26,12,36,20,24,23,5,15,31,17,40,32,22,36,26,27,46,34,37,37,34,14,14,19,16,33,14,32,40,20,38,30,40,38,25,20,34,45,56,8,17,33,48,39,27,10,47]
costo_por_agente [17,27,6,5,22,3,11,17,3,9,15,30,20,18,853,22,4,17,23,10,8,9,17,15,13,12,134,15,10,24,20,14,39,26,12,17,20,24,15,5,15,15,17,136,21,13,16,111,15,21,14,17,20,16,14,14,19,12,12,14,23,241,19,21,11,18,19,25,16,11,20,26,8,10,12,19,22,17,10,22]
completion_time_por_agente [369,61,6,5,27,3,11,131,3,10,16,0,0,18,31,0,4,17,24,13,8,10,29,17,50,12,0,271,14,60,20,17,198,27,12,38,20,25,0,8,15,0,18,0,60,400,75,290,0,251,69,0,0,71,14,14,19,18,891,14,323,58,0,0,141,265,0,26,259,241,233,261,9,22,190,48,0,82,10,138]
tiempo_ultimo_agente_goal 27
tiempo_en_acabar 1000
tiempo_promedio 76.375000
agentes_en_goal 33
bad_good_total_rate_pred [266273,290023,556296,0.5]
push_out_count 0
RUN 39
valores_ideales [38,53,6,5,26,3,11,27,3,7,15,38,40,18,31,41,4,17,23,10,8,9,22,15,28,12,34,38,8,24,20,12,24,26,12,36,20,24,23,5,15,31,17,40,32,22,36,26,27,46,34,37,37,34,14,14,19,16,33,14,32,40,20,38,30,40,38,25,20,34,45,56,8,17,33,48,39,27,10,47]
costo_por_agente [17,23,6,5,22,3,11,27,3,11,10,23,32,18,41,22,6,17,23,12,14,9,14,17,28,12,42,79,10,31,20,12,10,58,12,36,20,26,35,5,15,51,21,23,29,30,20,16,52,50,36,23,14,46,14,14,19,20,20,14,12,18,23,19,16,23,16,25,20,56,45,38,8,19,16,50,20,9,10,34]
completion_time_por_agente [369,61,6,5,27,3,14,131,3,13,16,0,0,18,80,0,7,17,24,17,21,10,29,17,50,12,0,271,11,60,20,12,198,27,12,56,20,26,0,5,15,0,21,0,60,400,75,290,0,225,69,0,0,71,14,15,19,20,891,16,323,58,0,0,141,265,0,26,259,65,54,261,9,23,190,183,0,82,10,138]
tiempo_ultimo_agente_goal 225
tiempo_en_acabar 1000
tiempo_promedio 74.449997
agentes_en_goal 39
bad_good_total_rate_pred [91297,293768,385065,0.8]
push_out_count 0
