RUN 0
valores_ideales [0,0,0,0,0,0,0,0,0,0,0,0,0,0,0,0,0,0,0,0,0,0,0,0,0,0,0,0,0,0,0,0,0,0,0,0,0,0,0,0,0,0,0,0,0,0,0,0,0,0,0,0,0,0,0,0,0,0,0,0,0,0,0,0,0,0,0,0,0,0,0,0,0,0,0,0,0,0,0,0,0,0,0,0,0,0,0,0,0,0,0,0,0,0,0,0,0,0,0,0,0,0,0,0,0,0,0,0,0,0,0,0,0,0,0,0,0,0,0,0,0,0,0,0,0,0,0,0,0,0,0,0,0,0,0,0,0,0,0,0,0,0,0,0,0,0,0,0,0,0,0,0,0,0,0,0,0,0,0,0,0,0,0,0,0,0,0,0,0,0,0,0,0,0,0,0,0,0,0,0,0,0,0,0,0,0,0,0,0,0,0,0,0,0,0,0,0,0,0,0]
costo_por_agente [36,4,30,41,4,391,79,16,23,25,405,18,3,9,7,40,42,219,9,130,10,15,61,14,17,24,18,145,522,178,428,156,8,11,183,145,36,191,29,13,20,66,102,137,37,278,385,245,24,14,39,10,18,347,19,596,15,31,2,3,319,18,55,62,12,382,80,119,103,29,370,14,354,23,21,15,93,36,206,30,24,41,37,501,10,14,15,216,9,15,117,392,241,19,13,10,25,3,23,23,31,20,138,18,118,7,15,5,7,70,33,25,485,41,121,7,26,27,11,202,531,91,50,563,22,10,7,15,251,15,11,119,37,15,18,23,440,8,111,163,325,420,23,10,27,178,35,13,344,11,20,16,172,321,25,19,227,95,17,239,561,9,17,31,259,98,162,17,23,5,6,12,11,18,19,26,152,32,114,128,14,29,97,478,344,139,7,54,10,68,51,328,17,67,79,140,26,100,22,2]
completion_time_por_agente [54,5,31,42,5,393,90,17,24,26,416,20,4,10,8,44,43,224,11,136,11,16,66,16,19,25,21,153,530,181,432,158,9,12,187,156,54,195,32,15,21,87,121,142,38,280,388,259,25,17,41,11,19,348,21,601,16,32,3,6,321,19,107,63,13,388,97,145,118,54,372,15,364,25,22,16,108,43,207,31,25,77,38,510,12,15,16,218,10,16,131,397,243,20,14,11,26,4,24,24,35,22,146,19,123,8,16,6,8,83,34,26,486,55,138,8,27,29,12,204,536,103,54,567,23,11,8,16,256,16,12,126,38,16,20,25,441,10,126,167,328,425,24,11,28,184,36,14,346,12,21,17,174,326,26,21,230,118,19,243,565,10,19,32,260,111,166,18,24,6,8,13,12,19,20,28,154,33,145,138,15,30,100,479,346,172,8,57,11,80,60,332,18,79,98,145,28,160,23,3]
tiempo_ultimo_agente_goal 601
tiempo_en_acabar 601
tiempo_promedio 107.050003
agentes_en_goal 200
push_out_count 0
RUN 1
valores_ideales [0,0,0,0,0,0,0,0,0,0,0,0,0,0,0,0,0,0,0,0,0,0,0,0,0,0,0,0,0,0,0,0,0,0,0,0,0,0,0,0,0,0,0,0,0,0,0,0,0,0,0,0,0,0,0,0,0,0,0,0,0,0,0,0,0,0,0,0,0,0,0,0,0,0,0,0,0,0,0,0,0,0,0,0,0,0,0,0,0,0,0,0,0,0,0,0,0,0,0,0,0,0,0,0,0,0,0,0,0,0,0,0,0,0,0,0,0,0,0,0,0,0,0,0,0,0,0,0,0,0,0,0,0,0,0,0,0,0,0,0,0,0,0,0,0,0,0,0,0,0,0,0,0,0,0,0,0,0,0,0,0,0,0,0,0,0,0,0,0,0,0,0,0,0,0,0,0,0,0,0,0,0,0,0,0,0,0,0,0,0,0,0,0,0,0,0,0,0,0,0]
costo_por_agente [34,4,34,47,4,155,159,12,19,25,473,22,3,11,7,30,36,149,9,96,10,15,63,14,17,24,24,223,452,74,268,26,8,11,177,119,58,185,25,31,22,20,76,169,31,210,431,105,24,14,63,16,20,279,29,76,17,37,2,5,213,14,115,36,18,262,64,27,41,95,354,16,348,25,23,15,27,34,170,28,24,95,51,67,40,22,15,128,13,15,137,362,317,27,17,10,27,3,23,19,43,20,86,20,198,9,15,1,7,40,29,27,531,97,87,9,20,31,11,64,489,79,46,619,32,12,11,9,241,17,11,69,27,9,24,25,410,10,87,161,53,246,23,6,19,174,27,13,222,11,22,14,112,45,25,23,143,35,17,315,663,15,15,29,227,114,194,15,29,5,6,14,11,18,13,18,162,32,34,106,16,29,63,440,310,119,23,46,10,42,51,148,21,89,41,90,14,104,26,2]
completion_time_por_agente [43,5,36,48,5,157,164,13,20,27,478,25,4,12,8,32,38,154,10,114,11,16,68,16,19,25,25,228,455,86,274,28,9,12,182,124,68,197,26,32,23,25,89,171,32,215,434,120,26,16,67,17,21,281,31,91,18,38,3,6,214,15,117,37,20,264,87,37,43,105,357,17,359,26,24,17,34,39,171,29,25,103,54,75,42,23,17,129,14,17,143,363,320,28,18,11,28,4,24,20,48,23,94,21,202,10,16,2,8,46,30,28,532,117,102,10,22,33,12,65,493,88,52,621,33,13,12,10,247,18,13,75,29,10,26,26,411,11,108,164,60,248,24,7,20,178,33,14,223,12,23,15,114,55,27,24,146,49,19,317,665,16,16,30,230,119,198,16,30,6,7,15,12,19,14,19,164,33,43,118,17,30,69,442,311,126,25,47,11,49,55,149,22,105,46,97,15,114,27,3]
tiempo_ultimo_agente_goal 665
tiempo_en_acabar 665
tiempo_promedio 87.535004
agentes_en_goal 200
push_out_count 0
RUN 2
valores_ideales [0,0,0,0,0,0,0,0,0,0,0,0,0,0,0,0,0,0,0,0,0,0,0,0,0,0,0,0,0,0,0,0,0,0,0,0,0,0,0,0,0,0,0,0,0,0,0,0,0,0,0,0,0,0,0,0,0,0,0,0,0,0,0,0,0,0,0,0,0,0,0,0,0,0,0,0,0,0,0,0,0,0,0,0,0,0,0,0,0,0,0,0,0,0,0,0,0,0,0,0,0,0,0,0,0,0,0,0,0,0,0,0,0,0,0,0,0,0,0,0,0,0,0,0,0,0,0,0,0,0,0,0,0,0,0,0,0,0,0,0,0,0,0,0,0,0,0,0,0,0,0,0,0,0,0,0,0,0,0,0,0,0,0,0,0,0,0,0,0,0,0,0,0,0,0,0,0,0,0,0,0,0,0,0,0,0,0,0,0,0,0,0,0,0,0,0,0,0,0,0]
costo_por_agente [368,4,34,43,6,299,45,14,19,27,45,42,5,9,7,34,36,203,9,68,14,15,61,16,17,12,54,227,338,148,302,36,6,11,69,77,88,323,189,17,18,16,42,149,41,300,485,429,34,16,61,10,20,315,21,222,15,31,2,3,335,14,93,62,12,390,92,125,91,27,216,14,368,19,27,23,69,32,294,30,26,435,51,665,18,14,13,130,9,17,109,556,317,29,35,10,31,3,23,15,37,24,132,20,164,7,15,1,7,44,33,23,363,87,51,5,20,43,17,246,489,119,46,577,34,12,7,9,549,25,15,81,57,13,10,31,342,8,97,49,355,512,23,16,19,160,29,13,202,11,32,18,74,297,25,17,101,55,21,231,361,9,17,29,187,112,146,15,21,13,8,14,11,18,9,18,170,32,66,58,14,29,55,346,282,153,7,60,8,90,101,230,19,55,61,178,14,114,26,2]
completion_time_por_agente [373,5,35,44,7,300,60,15,20,32,59,48,6,10,8,35,37,205,10,79,17,16,64,17,19,13,58,228,340,150,305,53,8,12,80,94,99,328,195,18,19,24,53,152,42,302,489,432,35,17,65,11,21,318,24,228,16,32,3,6,340,17,101,63,14,395,105,129,103,37,218,16,373,21,28,29,78,44,299,31,27,446,52,670,19,15,14,132,10,18,121,558,318,31,38,11,33,4,24,16,41,25,135,22,166,8,16,2,8,54,35,24,367,91,56,6,21,44,18,249,492,121,59,579,36,13,8,10,570,28,16,90,58,14,12,32,344,9,109,58,369,516,24,17,20,169,31,14,214,12,33,20,75,304,26,19,104,73,24,233,366,10,20,30,191,122,159,16,22,14,9,15,12,19,10,19,173,35,91,74,15,31,60,350,283,157,8,62,9,99,108,233,20,61,81,182,15,122,27,3]
tiempo_ultimo_agente_goal 670
tiempo_en_acabar 670
tiempo_promedio 102.324997
agentes_en_goal 200
push_out_count 0
RUN 3
valores_ideales [0,0,0,0,0,0,0,0,0,0,0,0,0,0,0,0,0,0,0,0,0,0,0,0,0,0,0,0,0,0,0,0,0,0,0,0,0,0,0,0,0,0,0,0,0,0,0,0,0,0,0,0,0,0,0,0,0,0,0,0,0,0,0,0,0,0,0,0,0,0,0,0,0,0,0,0,0,0,0,0,0,0,0,0,0,0,0,0,0,0,0,0,0,0,0,0,0,0,0,0,0,0,0,0,0,0,0,0,0,0,0,0,0,0,0,0,0,0,0,0,0,0,0,0,0,0,0,0,0,0,0,0,0,0,0,0,0,0,0,0,0,0,0,0,0,0,0,0,0,0,0,0,0,0,0,0,0,0,0,0,0,0,0,0,0,0,0,0,0,0,0,0,0,0,0,0,0,0,0,0,0,0,0,0,0,0,0,0,0,0,0,0,0,0,0,0,0,0,0,0]
costo_por_agente [236,4,32,39,8,141,51,14,21,25,49,60,5,11,15,28,36,195,9,66,8,15,41,16,19,22,18,307,568,226,230,136,10,11,161,81,10,47,71,11,16,18,46,183,29,48,493,43,24,14,37,14,18,119,327,290,15,31,2,5,85,14,133,48,14,230,46,83,55,27,286,22,282,19,23,15,25,34,154,28,30,379,45,621,18,20,11,176,13,21,69,702,187,23,21,10,33,3,17,21,29,26,96,18,138,7,15,3,7,42,31,21,249,49,43,5,20,37,11,68,509,57,38,567,26,10,9,9,441,15,11,71,31,13,16,23,348,12,59,257,355,674,23,6,23,96,37,13,436,11,18,18,104,413,25,19,65,37,19,389,501,11,13,39,371,44,98,23,23,5,10,12,13,18,15,18,196,40,82,96,14,33,61,534,318,95,7,54,10,78,41,274,17,83,69,90,14,40,18,2]
completion_time_por_agente [238,5,34,40,9,146,63,15,22,27,58,65,6,12,17,31,37,196,10,76,9,16,45,17,21,24,20,310,570,229,233,139,14,12,162,83,12,54,76,12,17,19,53,184,30,54,496,50,26,16,38,15,19,120,332,298,16,32,3,6,91,15,138,51,15,232,57,86,60,29,287,25,288,20,26,17,33,38,157,29,31,383,46,627,19,22,12,177,16,23,74,705,188,24,23,11,34,4,18,22,31,29,99,19,141,8,16,4,8,48,34,22,250,53,55,6,21,38,12,75,513,59,43,568,27,11,10,10,446,16,12,74,32,14,17,24,350,13,62,262,360,676,24,7,24,100,38,14,438,12,19,20,106,416,26,21,68,47,22,391,504,12,14,41,372,51,101,24,25,6,11,13,14,19,16,19,199,42,84,103,15,34,66,537,319,100,8,57,12,84,46,276,18,85,76,92,15,54,19,3]
tiempo_ultimo_agente_goal 705
tiempo_en_acabar 705
tiempo_promedio 95.445000
agentes_en_goal 200
push_out_count 0
RUN 4
valores_ideales [0,0,0,0,0,0,0,0,0,0,0,0,0,0,0,0,0,0,0,0,0,0,0,0,0,0,0,0,0,0,0,0,0,0,0,0,0,0,0,0,0,0,0,0,0,0,0,0,0,0,0,0,0,0,0,0,0,0,0,0,0,0,0,0,0,0,0,0,0,0,0,0,0,0,0,0,0,0,0,0,0,0,0,0,0,0,0,0,0,0,0,0,0,0,0,0,0,0,0,0,0,0,0,0,0,0,0,0,0,0,0,0,0,0,0,0,0,0,0,0,0,0,0,0,0,0,0,0,0,0,0,0,0,0,0,0,0,0,0,0,0,0,0,0,0,0,0,0,0,0,0,0,0,0,0,0,0,0,0,0,0,0,0,0,0,0,0,0,0,0,0,0,0,0,0,0,0,0,0,0,0,0,0,0,0,0,0,0,0,0,0,0,0,0,0,0,0,0,0,0]
costo_por_agente [38,4,32,45,6,267,69,10,21,41,483,16,7,9,7,30,36,193,13,90,8,15,91,12,19,26,10,37,372,138,290,140,18,11,193,69,12,383,269,23,20,78,96,207,33,250,167,33,24,14,39,12,20,265,21,328,15,29,2,5,49,14,123,40,12,248,42,27,47,25,286,16,402,19,29,15,33,42,130,28,24,317,47,49,38,24,19,86,11,17,123,504,349,17,15,10,29,3,17,23,43,20,148,20,126,9,15,1,7,48,37,23,527,89,65,5,20,31,11,212,569,109,40,465,30,10,7,9,97,19,11,149,55,17,12,25,518,8,91,41,457,272,23,10,21,176,25,15,340,11,24,22,142,317,25,17,149,81,13,211,549,11,11,33,437,100,44,15,21,11,10,18,15,18,13,18,238,32,30,124,14,29,113,452,318,197,11,36,20,46,79,114,17,77,143,144,14,40,24,2]
completion_time_por_agente [43,5,34,46,7,269,80,11,22,43,503,17,8,10,8,31,37,195,15,114,9,16,108,13,21,27,12,47,374,142,292,148,21,12,194,81,13,389,277,24,21,94,124,209,34,251,169,38,25,15,43,13,21,266,24,331,16,30,3,8,73,15,125,42,13,250,74,33,54,28,288,17,405,21,30,17,45,45,134,29,25,322,49,58,39,25,20,108,12,19,142,510,350,18,16,11,30,4,18,24,52,22,152,21,128,11,16,2,8,61,38,24,528,113,94,6,21,33,12,215,571,113,44,471,31,11,8,10,131,22,12,154,56,18,14,26,520,9,108,54,459,275,24,11,22,180,27,16,342,12,26,23,144,319,26,18,152,102,15,213,552,12,14,34,440,115,58,16,22,12,11,19,16,19,14,19,239,33,39,129,15,30,115,456,321,200,12,37,21,58,111,120,18,99,159,146,15,52,25,3]
tiempo_ultimo_agente_goal 571
tiempo_en_acabar 571
tiempo_promedio 95.815002
agentes_en_goal 200
push_out_count 0
RUN 5
valores_ideales [0,0,0,0,0,0,0,0,0,0,0,0,0,0,0,0,0,0,0,0,0,0,0,0,0,0,0,0,0,0,0,0,0,0,0,0,0,0,0,0,0,0,0,0,0,0,0,0,0,0,0,0,0,0,0,0,0,0,0,0,0,0,0,0,0,0,0,0,0,0,0,0,0,0,0,0,0,0,0,0,0,0,0,0,0,0,0,0,0,0,0,0,0,0,0,0,0,0,0,0,0,0,0,0,0,0,0,0,0,0,0,0,0,0,0,0,0,0,0,0,0,0,0,0,0,0,0,0,0,0,0,0,0,0,0,0,0,0,0,0,0,0,0,0,0,0,0,0,0,0,0,0,0,0,0,0,0,0,0,0,0,0,0,0,0,0,0,0,0,0,0,0,0,0,0,0,0,0,0,0,0,0,0,0,0,0,0,0,0,0,0,0,0,0,0,0,0,0,0,0]
costo_por_agente [298,4,30,41,4,441,29,12,19,35,47,46,3,9,9,28,38,151,9,86,12,15,43,18,17,16,12,213,70,244,320,156,6,11,199,105,14,297,101,17,16,22,54,123,33,46,389,401,24,16,23,10,18,399,19,586,15,31,2,3,139,16,89,60,14,220,70,67,55,23,212,20,276,21,19,23,77,46,314,38,26,439,39,413,18,12,19,144,19,15,59,578,233,41,19,10,37,3,21,19,23,22,68,20,138,7,13,5,7,50,33,23,573,87,37,5,20,27,15,230,505,81,48,503,22,10,7,11,481,41,13,75,51,19,8,25,192,8,61,259,521,524,21,10,25,122,23,13,124,11,18,18,182,329,29,23,97,67,15,245,545,13,9,33,235,84,160,15,21,11,8,14,15,24,13,18,212,32,86,60,14,29,31,502,536,99,7,72,8,82,47,112,17,31,45,168,16,72,20,2]
completion_time_por_agente [308,5,32,42,5,443,40,13,20,37,67,53,4,10,10,29,39,153,10,95,13,16,49,19,19,17,13,218,76,245,321,160,10,12,200,110,17,301,103,19,17,33,71,126,34,54,392,407,25,17,24,12,19,400,22,600,16,32,3,4,141,17,94,64,16,232,85,75,65,31,213,23,282,23,21,29,81,58,315,39,27,463,41,417,20,13,20,146,22,16,62,580,234,43,20,11,39,4,22,20,24,25,79,21,141,8,14,6,8,65,37,24,574,95,53,6,21,28,16,236,508,83,50,505,23,11,8,12,487,46,14,78,52,20,10,26,195,9,76,261,533,528,22,11,26,123,24,14,127,12,19,20,183,332,31,25,99,76,17,248,546,14,10,34,237,86,165,16,22,12,9,15,16,25,14,19,215,34,90,77,15,31,46,504,538,105,8,78,9,84,53,113,18,45,55,170,17,85,21,3]
tiempo_ultimo_agente_goal 600
tiempo_en_acabar 600
tiempo_promedio 99.320000
agentes_en_goal 200
push_out_count 0
RUN 6
valores_ideales [0,0,0,0,0,0,0,0,0,0,0,0,0,0,0,0,0,0,0,0,0,0,0,0,0,0,0,0,0,0,0,0,0,0,0,0,0,0,0,0,0,0,0,0,0,0,0,0,0,0,0,0,0,0,0,0,0,0,0,0,0,0,0,0,0,0,0,0,0,0,0,0,0,0,0,0,0,0,0,0,0,0,0,0,0,0,0,0,0,0,0,0,0,0,0,0,0,0,0,0,0,0,0,0,0,0,0,0,0,0,0,0,0,0,0,0,0,0,0,0,0,0,0,0,0,0,0,0,0,0,0,0,0,0,0,0,0,0,0,0,0,0,0,0,0,0,0,0,0,0,0,0,0,0,0,0,0,0,0,0,0,0,0,0,0,0,0,0,0,0,0,0,0,0,0,0,0,0,0,0,0,0,0,0,0,0,0,0,0,0,0,0,0,0,0,0,0,0,0,0]
costo_por_agente [282,4,36,35,6,477,141,16,19,43,77,22,3,9,7,30,40,261,11,104,8,15,101,12,17,12,10,411,492,364,326,170,22,13,129,119,64,489,167,11,18,22,90,197,37,230,491,41,24,14,37,12,18,273,21,56,15,29,2,7,441,14,119,38,16,422,94,85,89,27,334,16,498,17,21,17,81,38,194,32,24,215,39,269,24,12,13,130,15,17,43,464,447,19,15,10,35,9,33,17,33,20,72,24,174,7,23,1,7,380,35,27,195,97,95,11,24,25,11,282,449,131,32,435,28,10,7,13,567,29,11,93,35,13,16,23,306,8,101,403,421,252,21,6,31,256,27,13,190,11,24,16,152,355,25,19,249,77,17,41,457,11,9,31,491,100,162,17,23,9,6,12,11,18,9,18,190,34,122,114,24,31,109,572,424,171,9,44,18,118,95,340,15,131,51,128,18,44,24,2]
completion_time_por_agente [283,5,37,36,7,478,143,17,20,47,84,30,4,10,8,31,41,265,12,138,9,16,124,14,19,14,12,414,518,368,330,175,34,14,133,133,80,501,173,12,19,39,109,198,38,232,494,58,25,15,38,13,19,275,22,83,16,30,3,9,448,15,124,41,17,429,113,99,102,60,338,17,501,18,22,21,91,42,199,33,25,225,40,284,25,13,14,132,16,19,67,469,449,20,16,11,38,10,38,18,35,22,100,25,177,8,24,2,8,384,36,28,196,104,122,12,28,27,12,285,452,132,40,437,30,11,8,14,571,33,12,96,36,15,18,24,310,9,115,407,435,255,23,7,34,262,28,14,192,12,25,17,154,360,26,21,250,110,19,71,458,12,10,32,492,115,176,18,24,10,7,13,12,19,10,19,192,35,126,134,31,32,139,575,428,193,10,46,19,127,110,341,18,135,62,130,19,112,25,3]
tiempo_ultimo_agente_goal 575
tiempo_en_acabar 575
tiempo_promedio 111.860001
agentes_en_goal 200
push_out_count 0
RUN 7
valores_ideales [0,0,0,0,0,0,0,0,0,0,0,0,0,0,0,0,0,0,0,0,0,0,0,0,0,0,0,0,0,0,0,0,0,0,0,0,0,0,0,0,0,0,0,0,0,0,0,0,0,0,0,0,0,0,0,0,0,0,0,0,0,0,0,0,0,0,0,0,0,0,0,0,0,0,0,0,0,0,0,0,0,0,0,0,0,0,0,0,0,0,0,0,0,0,0,0,0,0,0,0,0,0,0,0,0,0,0,0,0,0,0,0,0,0,0,0,0,0,0,0,0,0,0,0,0,0,0,0,0,0,0,0,0,0,0,0,0,0,0,0,0,0,0,0,0,0,0,0,0,0,0,0,0,0,0,0,0,0,0,0,0,0,0,0,0,0,0,0,0,0,0,0,0,0,0,0,0,0,0,0,0,0,0,0,0,0,0,0,0,0,0,0,0,0,0,0,0,0,0,0]
costo_por_agente [26,4,34,39,4,931,837,14,19,47,33,14,5,9,7,32,36,892,9,674,12,15,774,14,17,14,48,787,966,747,905,899,10,11,778,749,814,943,843,11,20,19,723,876,31,938,909,16,24,16,53,16,18,905,29,857,15,29,2,5,920,16,788,42,12,910,862,744,824,847,900,24,930,19,21,15,20,54,935,34,32,37,39,949,20,20,13,854,13,17,865,941,930,15,21,10,27,3,19,17,45,22,770,20,919,7,17,3,7,891,37,23,914,785,74,13,16,29,13,863,955,839,34,978,24,10,11,11,914,23,13,840,35,13,10,25,900,8,826,916,21,985,25,6,25,884,23,13,879,11,14,16,849,875,25,21,847,831,15,918,969,11,9,31,913,826,32,15,21,11,8,12,15,20,9,18,871,32,871,26,14,31,70,967,935,897,9,74,10,827,795,847,17,854,804,848,16,21,20,2]
completion_time_por_agente [28,5,35,40,5,1000,999,16,21,48,43,15,6,10,8,33,37,999,10,999,13,16,999,15,19,15,52,999,999,999,999,999,12,12,999,999,999,999,999,12,21,999,999,999,32,999,999,999,26,17,58,17,19,999,31,999,16,30,3,8,999,17,999,43,14,999,999,999,999,999,999,27,999,20,22,16,999,58,999,35,33,39,40,999,21,22,14,999,14,19,999,999,999,17,27,11,29,4,20,19,47,25,999,21,999,8,18,4,8,999,38,25,999,999,999,14,17,32,15,999,999,999,35,999,25,11,12,12,999,24,14,999,38,14,11,26,999,9,999,999,999,999,26,7,26,999,25,14,999,12,15,17,999,999,26,23,999,999,17,999,999,12,10,32,999,999,37,16,22,12,9,13,16,21,10,19,999,33,999,999,15,33,999,999,999,999,10,81,11,999,999,999,18,999,999,999,17,999,21,3]
tiempo_ultimo_agente_goal 81
tiempo_en_acabar 1000
tiempo_promedio 412.440002
agentes_en_goal 120
push_out_count 0
RUN 8
valores_ideales [0,0,0,0,0,0,0,0,0,0,0,0,0,0,0,0,0,0,0,0,0,0,0,0,0,0,0,0,0,0,0,0,0,0,0,0,0,0,0,0,0,0,0,0,0,0,0,0,0,0,0,0,0,0,0,0,0,0,0,0,0,0,0,0,0,0,0,0,0,0,0,0,0,0,0,0,0,0,0,0,0,0,0,0,0,0,0,0,0,0,0,0,0,0,0,0,0,0,0,0,0,0,0,0,0,0,0,0,0,0,0,0,0,0,0,0,0,0,0,0,0,0,0,0,0,0,0,0,0,0,0,0,0,0,0,0,0,0,0,0,0,0,0,0,0,0,0,0,0,0,0,0,0,0,0,0,0,0,0,0,0,0,0,0,0,0,0,0,0,0,0,0,0,0,0,0,0,0,0,0,0,0,0,0,0,0,0,0,0,0,0,0,0,0,0,0,0,0,0,0]
costo_por_agente [34,4,38,41,6,265,153,12,21,33,329,14,5,9,5,32,36,141,9,66,10,15,77,16,17,14,14,305,560,400,302,190,28,11,179,91,12,413,169,11,16,78,60,145,31,330,619,293,24,14,29,14,18,191,19,60,15,29,2,3,419,16,59,38,12,286,94,93,119,119,218,14,352,19,27,17,27,34,158,34,24,521,43,589,12,20,19,80,9,17,161,424,301,21,15,10,31,3,19,21,37,22,96,18,188,7,15,5,7,40,33,21,391,75,103,7,18,35,11,182,657,119,42,463,22,10,7,15,261,31,11,31,41,17,16,33,336,12,97,239,443,382,25,8,29,270,23,13,288,11,20,14,158,305,25,17,191,31,19,39,467,13,13,29,339,122,32,17,27,5,6,12,15,18,9,18,188,32,28,116,18,29,67,326,346,137,9,36,8,100,65,168,19,111,79,110,12,34,20,2]
completion_time_por_agente [38,5,39,42,7,266,156,13,23,34,336,17,6,10,6,33,37,143,10,102,11,16,116,17,19,15,15,310,564,404,305,197,32,12,181,104,15,415,172,12,17,112,107,147,32,332,623,302,26,16,30,15,19,192,24,87,16,30,3,5,420,17,108,41,13,289,115,135,125,123,219,15,361,20,28,19,35,37,160,35,25,523,45,614,14,21,20,99,10,19,185,427,302,22,17,11,33,4,20,23,40,24,111,19,191,8,16,6,8,43,34,22,394,114,115,8,19,36,12,183,658,147,48,465,24,11,8,16,266,33,12,62,43,18,17,34,339,13,113,244,447,383,26,9,30,274,25,14,289,12,21,15,162,310,26,19,193,35,20,41,469,14,14,30,343,125,35,18,28,6,7,13,16,19,10,19,195,33,29,136,19,31,123,327,347,138,10,38,9,111,102,172,21,118,102,114,13,45,21,3]
tiempo_ultimo_agente_goal 658
tiempo_en_acabar 658
tiempo_promedio 104.434998
agentes_en_goal 200
push_out_count 0
RUN 9
valores_ideales [0,0,0,0,0,0,0,0,0,0,0,0,0,0,0,0,0,0,0,0,0,0,0,0,0,0,0,0,0,0,0,0,0,0,0,0,0,0,0,0,0,0,0,0,0,0,0,0,0,0,0,0,0,0,0,0,0,0,0,0,0,0,0,0,0,0,0,0,0,0,0,0,0,0,0,0,0,0,0,0,0,0,0,0,0,0,0,0,0,0,0,0,0,0,0,0,0,0,0,0,0,0,0,0,0,0,0,0,0,0,0,0,0,0,0,0,0,0,0,0,0,0,0,0,0,0,0,0,0,0,0,0,0,0,0,0,0,0,0,0,0,0,0,0,0,0,0,0,0,0,0,0,0,0,0,0,0,0,0,0,0,0,0,0,0,0,0,0,0,0,0,0,0,0,0,0,0,0,0,0,0,0,0,0,0,0,0,0,0,0,0,0,0,0,0,0,0,0,0,0]
costo_por_agente [32,4,38,39,6,267,73,12,19,35,51,28,5,17,7,26,48,183,11,78,16,15,47,14,17,14,26,199,528,266,332,110,8,11,277,69,12,65,193,13,16,22,54,129,33,50,353,113,26,14,45,12,20,341,23,490,15,29,2,3,193,14,55,30,12,220,42,65,63,153,244,16,334,17,27,23,67,56,216,28,26,175,37,555,18,14,11,88,19,19,63,600,201,39,13,10,35,3,19,19,43,24,102,20,154,7,13,5,7,42,33,31,183,55,41,5,22,21,11,178,489,61,48,449,28,10,9,15,65,29,11,89,33,15,12,23,302,14,81,135,511,532,21,10,19,268,27,13,128,11,30,24,152,327,25,19,81,45,19,349,619,13,9,29,279,124,92,15,27,15,6,16,11,18,13,20,146,34,76,72,14,29,43,516,118,39,11,34,10,62,41,376,19,89,65,104,18,30,26,2]
completion_time_por_agente [43,5,39,40,7,270,77,13,20,36,70,38,6,18,8,28,49,184,12,86,17,16,54,15,19,15,30,211,533,272,334,111,9,12,279,73,15,70,196,15,17,35,69,130,34,57,356,123,27,16,46,13,21,342,25,512,16,30,3,6,197,15,62,34,13,221,63,67,74,160,249,17,338,18,28,27,71,63,217,29,28,191,38,560,19,15,12,89,21,20,74,607,203,40,14,11,37,4,20,21,45,25,104,21,157,8,14,6,8,54,36,32,185,61,55,6,23,25,12,182,491,64,54,453,29,11,10,16,75,40,12,94,34,17,13,24,303,15,90,139,525,535,22,11,20,273,28,14,132,12,31,26,155,331,26,20,85,60,21,352,620,14,11,30,282,129,96,16,28,17,7,17,12,19,14,21,147,35,84,78,15,31,53,519,120,47,12,36,11,67,48,377,21,92,72,106,19,51,27,3]
tiempo_ultimo_agente_goal 620
tiempo_en_acabar 620
tiempo_promedio 91.680000
agentes_en_goal 200
push_out_count 0
RUN 10
valores_ideales [0,0,0,0,0,0,0,0,0,0,0,0,0,0,0,0,0,0,0,0,0,0,0,0,0,0,0,0,0,0,0,0,0,0,0,0,0,0,0,0,0,0,0,0,0,0,0,0,0,0,0,0,0,0,0,0,0,0,0,0,0,0,0,0,0,0,0,0,0,0,0,0,0,0,0,0,0,0,0,0,0,0,0,0,0,0,0,0,0,0,0,0,0,0,0,0,0,0,0,0,0,0,0,0,0,0,0,0,0,0,0,0,0,0,0,0,0,0,0,0,0,0,0,0,0,0,0,0,0,0,0,0,0,0,0,0,0,0,0,0,0,0,0,0,0,0,0,0,0,0,0,0,0,0,0,0,0,0,0,0,0,0,0,0,0,0,0,0,0,0,0,0,0,0,0,0,0,0,0,0,0,0,0,0,0,0,0,0,0,0,0,0,0,0,0,0,0,0,0,0]
costo_por_agente [40,4,34,37,6,822,826,12,21,23,49,12,5,9,7,30,36,823,9,689,20,15,530,16,17,14,28,804,764,858,637,515,10,11,694,833,42,913,790,11,16,227,206,275,31,739,932,818,24,16,35,14,18,826,29,917,15,31,2,3,830,16,470,42,14,848,257,47,782,15,34,16,758,17,19,21,805,44,390,30,30,942,43,816,14,16,13,843,15,15,541,678,919,57,15,10,41,3,23,29,31,24,747,20,270,7,31,3,7,780,31,27,903,379,231,5,18,27,23,856,767,593,40,665,28,14,7,21,27,33,11,825,27,23,18,25,932,8,289,878,25,933,25,10,29,405,29,13,915,11,34,16,746,898,31,17,867,710,19,875,798,9,9,29,877,415,813,17,21,9,8,16,17,18,19,18,872,34,890,28,16,29,734,686,916,33,9,44,10,818,354,825,17,617,828,867,14,434,18,2]
completion_time_por_agente [67,5,36,38,7,1000,1000,13,23,25,60,13,6,10,8,31,37,999,10,999,22,16,999,17,19,15,31,999,999,999,999,999,13,12,999,999,59,999,999,13,17,999,999,999,32,999,999,999,25,17,38,15,19,999,31,999,16,32,3,4,999,17,999,43,15,999,999,66,999,999,47,17,999,18,20,31,999,51,999,31,31,999,45,999,16,17,14,999,17,16,999,999,999,60,19,11,42,4,24,30,34,25,999,22,999,8,34,4,8,999,32,28,999,999,999,6,20,30,24,999,999,999,45,999,29,15,8,22,999,38,12,999,29,26,19,26,999,9,999,999,999,999,26,11,30,999,31,14,999,12,35,18,999,999,33,18,999,999,20,999,999,10,10,30,999,999,999,18,22,10,9,17,18,19,20,19,999,35,999,999,17,30,999,999,999,48,10,45,11,999,999,999,18,999,999,999,16,999,19,3]
tiempo_ultimo_agente_goal 67
tiempo_en_acabar 1000
tiempo_promedio 403.679993
agentes_en_goal 122
push_out_count 0
RUN 11
valores_ideales [0,0,0,0,0,0,0,0,0,0,0,0,0,0,0,0,0,0,0,0,0,0,0,0,0,0,0,0,0,0,0,0,0,0,0,0,0,0,0,0,0,0,0,0,0,0,0,0,0,0,0,0,0,0,0,0,0,0,0,0,0,0,0,0,0,0,0,0,0,0,0,0,0,0,0,0,0,0,0,0,0,0,0,0,0,0,0,0,0,0,0,0,0,0,0,0,0,0,0,0,0,0,0,0,0,0,0,0,0,0,0,0,0,0,0,0,0,0,0,0,0,0,0,0,0,0,0,0,0,0,0,0,0,0,0,0,0,0,0,0,0,0,0,0,0,0,0,0,0,0,0,0,0,0,0,0,0,0,0,0,0,0,0,0,0,0,0,0,0,0,0,0,0,0,0,0,0,0,0,0,0,0,0,0,0,0,0,0,0,0,0,0,0,0,0,0,0,0,0,0]
costo_por_agente [34,4,32,49,6,273,97,12,19,41,45,30,3,9,7,42,46,187,11,76,10,15,45,14,17,16,28,245,620,124,208,34,12,11,71,61,46,457,223,23,18,22,54,191,31,290,523,31,24,14,37,16,18,241,25,90,15,25,2,17,75,14,113,56,12,336,62,87,77,143,208,16,414,17,21,17,57,32,162,28,26,399,39,627,22,12,13,148,9,17,65,538,311,21,13,10,27,7,21,21,47,22,96,18,178,7,13,5,7,294,37,29,363,77,57,5,18,23,11,114,593,83,32,533,36,10,7,9,63,27,13,79,41,15,14,25,182,8,71,497,371,374,23,12,19,316,29,13,490,11,18,20,206,253,25,17,131,57,13,203,443,11,17,31,281,34,110,15,27,15,8,14,15,18,13,18,144,32,94,78,14,37,49,326,310,139,7,44,8,88,51,166,17,75,61,104,16,46,22,2]
completion_time_por_agente [38,5,33,50,7,275,100,13,20,44,46,35,4,10,8,43,47,188,12,83,11,16,54,16,19,17,30,247,632,126,210,50,17,12,77,82,53,469,231,24,19,45,71,194,32,293,525,56,25,15,40,17,19,242,26,96,16,27,3,19,79,15,118,57,13,338,75,91,78,146,212,19,423,18,22,21,62,39,164,29,27,419,40,633,23,13,14,149,10,18,82,540,312,23,14,11,29,8,22,22,50,23,98,19,182,8,14,6,8,297,38,30,365,89,65,6,19,24,12,115,595,86,38,535,38,11,8,10,68,28,14,81,42,16,16,26,184,10,83,498,378,376,24,13,20,321,30,14,493,12,19,21,209,255,26,19,134,72,15,207,447,12,18,32,284,56,114,16,28,16,9,16,16,19,14,19,147,35,107,84,15,38,60,327,311,143,8,46,9,93,52,170,18,80,64,106,17,66,23,3]
tiempo_ultimo_agente_goal 633
tiempo_en_acabar 633
tiempo_promedio 96.565002
agentes_en_goal 200
push_out_count 0
RUN 12
valores_ideales [0,0,0,0,0,0,0,0,0,0,0,0,0,0,0,0,0,0,0,0,0,0,0,0,0,0,0,0,0,0,0,0,0,0,0,0,0,0,0,0,0,0,0,0,0,0,0,0,0,0,0,0,0,0,0,0,0,0,0,0,0,0,0,0,0,0,0,0,0,0,0,0,0,0,0,0,0,0,0,0,0,0,0,0,0,0,0,0,0,0,0,0,0,0,0,0,0,0,0,0,0,0,0,0,0,0,0,0,0,0,0,0,0,0,0,0,0,0,0,0,0,0,0,0,0,0,0,0,0,0,0,0,0,0,0,0,0,0,0,0,0,0,0,0,0,0,0,0,0,0,0,0,0,0,0,0,0,0,0,0,0,0,0,0,0,0,0,0,0,0,0,0,0,0,0,0,0,0,0,0,0,0,0,0,0,0,0,0,0,0,0,0,0,0,0,0,0,0,0,0]
costo_por_agente [837,4,30,43,4,884,854,12,19,45,27,32,3,9,7,32,40,918,23,695,16,15,832,14,17,20,30,15,965,777,903,840,16,11,785,656,816,915,908,23,18,12,27,859,31,943,880,15,24,14,29,12,20,913,29,31,17,27,2,3,940,18,854,34,12,913,735,748,770,893,883,14,972,25,19,17,37,52,809,32,24,904,53,963,18,20,21,846,13,21,882,932,926,15,19,10,33,3,29,19,29,20,749,18,856,7,17,1,7,889,29,21,932,805,826,7,22,35,11,895,960,838,42,939,26,10,11,9,956,29,11,832,53,17,18,23,933,16,806,861,914,900,25,6,29,837,27,13,915,11,20,18,849,850,29,21,815,810,19,829,946,13,11,29,905,884,817,15,21,5,12,12,11,18,11,18,784,34,14,780,14,29,832,985,917,854,7,56,10,762,830,842,17,785,822,845,12,10,18,2]
completion_time_por_agente [1000,5,32,44,5,999,999,13,21,46,43,41,4,10,8,34,41,999,24,999,17,16,999,15,19,21,36,999,999,999,999,999,18,12,999,999,999,999,999,24,19,999,999,999,32,999,999,999,26,16,32,13,22,999,32,999,18,28,3,6,999,19,999,36,13,999,999,999,999,999,999,16,999,26,20,19,999,61,999,33,25,999,56,999,20,21,22,999,14,22,999,999,999,17,20,11,34,4,30,21,31,23,999,19,999,8,18,2,8,999,31,23,999,999,999,8,23,36,12,999,999,999,48,999,27,11,12,10,999,36,12,999,56,19,19,25,999,17,999,999,999,999,26,7,30,999,30,14,999,12,21,19,999,999,30,23,999,999,20,999,999,14,12,30,999,999,999,16,22,6,13,13,12,19,12,19,999,35,999,999,15,30,999,999,999,999,8,58,11,999,999,999,18,999,999,999,13,999,19,3]
tiempo_ultimo_agente_goal 61
tiempo_en_acabar 1000
tiempo_promedio 427.190002
agentes_en_goal 117
push_out_count 0
RUN 13
valores_ideales [0,0,0,0,0,0,0,0,0,0,0,0,0,0,0,0,0,0,0,0,0,0,0,0,0,0,0,0,0,0,0,0,0,0,0,0,0,0,0,0,0,0,0,0,0,0,0,0,0,0,0,0,0,0,0,0,0,0,0,0,0,0,0,0,0,0,0,0,0,0,0,0,0,0,0,0,0,0,0,0,0,0,0,0,0,0,0,0,0,0,0,0,0,0,0,0,0,0,0,0,0,0,0,0,0,0,0,0,0,0,0,0,0,0,0,0,0,0,0,0,0,0,0,0,0,0,0,0,0,0,0,0,0,0,0,0,0,0,0,0,0,0,0,0,0,0,0,0,0,0,0,0,0,0,0,0,0,0,0,0,0,0,0,0,0,0,0,0,0,0,0,0,0,0,0,0,0,0,0,0,0,0,0,0,0,0,0,0,0,0,0,0,0,0,0,0,0,0,0,0]
costo_por_agente [234,4,32,39,6,315,39,16,21,29,73,38,3,9,11,32,36,183,13,84,12,15,79,14,17,16,20,183,598,290,370,86,8,11,113,91,24,143,101,13,18,20,58,191,33,288,381,45,24,14,29,12,18,297,27,438,15,31,2,3,45,14,129,54,14,472,40,91,95,23,270,14,678,19,19,31,87,40,176,28,26,171,39,49,22,12,19,114,11,19,55,526,299,51,17,10,23,7,23,29,39,20,96,18,134,7,13,1,7,46,33,23,209,55,77,9,20,27,11,122,555,55,38,619,24,10,9,11,321,37,13,89,33,11,10,27,422,8,101,427,557,308,23,8,23,282,27,17,140,11,22,30,82,439,25,19,151,79,15,329,723,9,9,29,265,68,116,17,29,9,6,12,17,18,13,20,154,32,122,104,14,27,51,500,442,205,7,38,12,84,47,98,25,71,71,96,20,46,20,2]
completion_time_por_agente [239,5,34,40,7,316,45,17,22,30,93,42,4,10,12,33,37,184,14,91,13,16,90,15,19,17,23,187,600,292,373,87,9,12,116,97,29,149,108,14,19,27,71,193,34,291,382,51,25,15,30,14,19,298,29,450,16,32,3,5,55,15,131,55,15,473,54,102,104,33,276,15,686,20,21,50,94,51,177,30,27,175,40,57,23,13,20,116,12,20,63,532,301,52,19,11,25,8,24,30,41,22,104,19,135,8,14,2,8,59,34,24,211,63,80,10,21,29,12,124,558,59,46,622,26,11,10,12,327,44,14,91,35,12,12,28,427,10,112,430,564,310,24,10,24,287,28,18,144,12,23,32,83,449,26,21,152,92,16,333,727,10,12,30,268,73,135,18,30,10,7,13,18,19,14,21,155,33,127,116,15,28,58,505,443,207,8,45,13,89,53,103,26,74,80,99,22,59,21,3]
tiempo_ultimo_agente_goal 727
tiempo_en_acabar 727
tiempo_promedio 99.555000
agentes_en_goal 200
push_out_count 0
RUN 14
valores_ideales [0,0,0,0,0,0,0,0,0,0,0,0,0,0,0,0,0,0,0,0,0,0,0,0,0,0,0,0,0,0,0,0,0,0,0,0,0,0,0,0,0,0,0,0,0,0,0,0,0,0,0,0,0,0,0,0,0,0,0,0,0,0,0,0,0,0,0,0,0,0,0,0,0,0,0,0,0,0,0,0,0,0,0,0,0,0,0,0,0,0,0,0,0,0,0,0,0,0,0,0,0,0,0,0,0,0,0,0,0,0,0,0,0,0,0,0,0,0,0,0,0,0,0,0,0,0,0,0,0,0,0,0,0,0,0,0,0,0,0,0,0,0,0,0,0,0,0,0,0,0,0,0,0,0,0,0,0,0,0,0,0,0,0,0,0,0,0,0,0,0,0,0,0,0,0,0,0,0,0,0,0,0,0,0,0,0,0,0,0,0,0,0,0,0,0,0,0,0,0,0]
costo_por_agente [236,4,38,41,6,241,101,16,27,33,53,52,11,9,7,30,36,111,13,102,8,15,45,14,17,16,26,279,56,328,234,302,10,11,105,105,12,61,157,17,16,32,40,171,35,466,435,357,28,14,45,18,18,271,21,350,15,33,2,7,297,20,133,46,14,190,52,83,67,31,228,14,36,21,27,17,63,48,98,30,26,229,43,63,16,20,11,172,17,15,37,456,269,19,13,10,35,3,19,17,45,22,86,24,232,9,17,5,7,402,29,25,435,53,53,5,18,21,11,250,369,43,46,603,24,10,7,13,455,23,13,75,49,15,10,25,600,12,73,51,327,556,29,10,33,196,25,15,144,11,24,20,106,223,25,19,111,69,19,343,559,15,13,37,321,64,110,17,21,9,6,12,19,18,9,18,150,32,82,96,14,35,45,492,344,111,7,54,18,114,55,356,15,61,81,236,16,28,18,2]
completion_time_por_agente [261,5,39,42,7,244,103,17,28,35,77,60,12,10,8,31,37,114,14,106,9,16,60,15,19,17,28,282,75,329,237,307,11,12,110,106,15,65,165,19,17,47,64,173,36,470,439,363,30,16,47,19,19,272,24,363,16,34,3,8,299,22,136,51,15,192,64,91,71,53,233,16,49,22,29,19,74,57,99,32,27,232,44,80,17,22,12,175,18,16,60,460,271,21,16,11,36,4,21,18,46,23,91,27,234,10,19,6,8,403,31,26,439,57,66,6,19,23,12,256,371,55,56,606,26,11,8,14,461,25,14,78,52,17,11,27,603,13,78,64,332,560,30,11,35,200,26,16,147,12,25,23,107,233,26,21,116,78,21,347,560,16,16,38,324,71,116,18,22,10,7,13,20,19,10,19,155,33,84,104,15,38,53,494,346,112,8,58,19,118,58,360,16,64,88,238,17,35,20,3]
tiempo_ultimo_agente_goal 606
tiempo_en_acabar 606
tiempo_promedio 96.824997
agentes_en_goal 200
push_out_count 0
RUN 15
valores_ideales [0,0,0,0,0,0,0,0,0,0,0,0,0,0,0,0,0,0,0,0,0,0,0,0,0,0,0,0,0,0,0,0,0,0,0,0,0,0,0,0,0,0,0,0,0,0,0,0,0,0,0,0,0,0,0,0,0,0,0,0,0,0,0,0,0,0,0,0,0,0,0,0,0,0,0,0,0,0,0,0,0,0,0,0,0,0,0,0,0,0,0,0,0,0,0,0,0,0,0,0,0,0,0,0,0,0,0,0,0,0,0,0,0,0,0,0,0,0,0,0,0,0,0,0,0,0,0,0,0,0,0,0,0,0,0,0,0,0,0,0,0,0,0,0,0,0,0,0,0,0,0,0,0,0,0,0,0,0,0,0,0,0,0,0,0,0,0,0,0,0,0,0,0,0,0,0,0,0,0,0,0,0,0,0,0,0,0,0,0,0,0,0,0,0,0,0,0,0,0,0]
costo_por_agente [38,4,36,39,4,251,81,14,21,31,387,98,5,9,9,40,36,95,15,58,8,15,61,14,17,18,16,161,388,122,324,92,24,13,121,107,32,89,145,11,16,20,34,189,31,250,423,31,24,18,35,12,24,295,37,44,15,35,2,5,287,16,97,52,18,240,54,71,57,81,196,14,394,17,31,17,95,44,250,34,26,253,45,691,16,18,15,132,9,17,41,500,237,13,27,10,31,3,31,31,47,22,102,18,130,7,15,5,7,96,35,29,175,47,59,11,16,35,15,238,509,77,36,671,38,10,7,9,199,17,15,79,47,11,28,25,444,26,53,331,505,486,21,8,39,324,37,13,432,11,24,16,160,49,25,19,127,67,13,189,493,11,9,33,251,34,150,17,25,15,8,18,17,18,9,18,168,34,34,84,14,33,45,668,186,211,7,50,10,50,77,218,17,93,67,148,20,30,24,2]
completion_time_por_agente [46,5,37,40,5,253,93,15,22,32,399,102,6,10,10,41,37,99,16,67,9,16,72,15,19,19,19,165,389,124,326,98,26,14,123,109,37,105,147,12,17,23,44,191,32,262,424,38,25,19,40,14,25,296,39,50,16,36,3,8,293,17,102,53,20,241,58,89,62,94,201,15,401,18,32,19,101,51,254,35,28,258,46,700,18,19,16,134,10,18,52,504,238,15,39,11,32,4,33,32,52,23,107,19,135,8,16,6,8,103,37,30,177,54,65,12,17,38,16,243,511,81,43,675,39,11,8,10,203,19,16,83,51,12,29,26,447,27,60,336,514,488,23,9,40,329,38,14,435,12,25,17,163,54,26,21,129,80,15,190,496,12,10,34,252,44,151,18,26,16,9,19,18,19,10,19,169,35,44,94,15,34,49,670,187,213,8,53,11,55,86,220,18,96,78,149,21,36,25,3]
tiempo_ultimo_agente_goal 700
tiempo_en_acabar 700
tiempo_promedio 95.705002
agentes_en_goal 200
push_out_count 0
RUN 16
valores_ideales [0,0,0,0,0,0,0,0,0,0,0,0,0,0,0,0,0,0,0,0,0,0,0,0,0,0,0,0,0,0,0,0,0,0,0,0,0,0,0,0,0,0,0,0,0,0,0,0,0,0,0,0,0,0,0,0,0,0,0,0,0,0,0,0,0,0,0,0,0,0,0,0,0,0,0,0,0,0,0,0,0,0,0,0,0,0,0,0,0,0,0,0,0,0,0,0,0,0,0,0,0,0,0,0,0,0,0,0,0,0,0,0,0,0,0,0,0,0,0,0,0,0,0,0,0,0,0,0,0,0,0,0,0,0,0,0,0,0,0,0,0,0,0,0,0,0,0,0,0,0,0,0,0,0,0,0,0,0,0,0,0,0,0,0,0,0,0,0,0,0,0,0,0,0,0,0,0,0,0,0,0,0,0,0,0,0,0,0,0,0,0,0,0,0,0,0,0,0,0,0]
costo_por_agente [268,4,38,39,6,373,77,16,19,45,37,14,9,11,5,28,38,173,11,94,8,15,63,14,17,12,14,131,46,408,290,46,24,11,129,69,16,271,129,23,18,26,64,231,29,450,689,41,24,16,31,18,20,113,27,170,15,29,2,3,163,14,27,50,12,242,56,55,57,39,202,16,256,21,37,25,69,46,390,28,32,379,39,59,26,16,19,142,13,19,41,452,329,31,21,10,25,3,19,23,41,22,98,20,196,7,19,5,7,254,27,23,325,51,41,9,28,33,13,196,457,113,38,235,26,10,9,9,325,25,11,87,51,13,16,27,518,14,67,407,339,554,21,6,23,136,35,13,494,11,22,16,134,301,29,19,117,59,21,245,581,9,9,29,181,92,224,17,27,13,6,22,11,20,13,18,226,36,84,88,14,35,47,650,338,101,7,62,8,82,81,212,17,67,65,90,20,32,24,2]
completion_time_por_agente [282,5,39,40,7,374,79,17,20,50,52,15,10,13,6,29,39,176,12,104,9,16,65,16,19,13,15,135,67,411,291,58,26,12,133,73,18,279,133,24,19,42,80,234,30,456,691,48,25,17,33,19,21,115,29,185,16,30,3,5,167,15,44,55,14,245,63,66,65,56,205,17,259,23,39,32,79,55,393,30,33,384,40,73,27,17,21,145,14,21,56,458,331,34,23,11,26,4,20,25,45,25,101,22,199,8,20,6,8,258,28,24,327,58,52,10,29,34,14,202,458,115,49,237,27,11,10,10,330,29,12,91,52,15,18,28,520,15,78,411,342,555,22,7,24,141,36,14,496,12,23,17,136,311,30,21,118,77,23,250,582,10,10,30,183,93,228,18,28,15,7,23,12,21,14,19,232,37,90,93,15,36,53,653,339,102,8,65,9,85,90,216,20,73,68,91,21,47,25,3]
tiempo_ultimo_agente_goal 691
tiempo_en_acabar 691
tiempo_promedio 96.849998
agentes_en_goal 200
push_out_count 0
RUN 17
valores_ideales [0,0,0,0,0,0,0,0,0,0,0,0,0,0,0,0,0,0,0,0,0,0,0,0,0,0,0,0,0,0,0,0,0,0,0,0,0,0,0,0,0,0,0,0,0,0,0,0,0,0,0,0,0,0,0,0,0,0,0,0,0,0,0,0,0,0,0,0,0,0,0,0,0,0,0,0,0,0,0,0,0,0,0,0,0,0,0,0,0,0,0,0,0,0,0,0,0,0,0,0,0,0,0,0,0,0,0,0,0,0,0,0,0,0,0,0,0,0,0,0,0,0,0,0,0,0,0,0,0,0,0,0,0,0,0,0,0,0,0,0,0,0,0,0,0,0,0,0,0,0,0,0,0,0,0,0,0,0,0,0,0,0,0,0,0,0,0,0,0,0,0,0,0,0,0,0,0,0,0,0,0,0,0,0,0,0,0,0,0,0,0,0,0,0,0,0,0,0,0,0]
costo_por_agente [262,4,32,41,4,207,107,16,23,35,291,18,5,11,7,28,36,83,25,132,8,15,79,22,17,12,30,235,464,186,406,214,8,11,183,117,54,477,253,19,18,30,62,125,29,316,439,231,24,14,51,14,18,281,21,82,15,29,2,3,365,24,119,54,14,292,44,61,87,73,316,16,40,21,21,19,57,32,230,30,26,35,61,529,22,16,13,160,11,17,129,508,269,15,13,10,27,3,29,15,53,22,124,26,200,7,15,5,7,64,31,23,175,97,79,9,18,25,11,150,435,97,42,583,34,10,7,13,365,15,15,119,65,13,14,25,554,14,77,145,387,376,25,8,31,206,27,13,312,11,16,20,266,319,25,19,113,95,21,379,523,25,21,33,311,108,116,17,21,5,10,20,11,18,13,18,136,32,116,104,14,31,55,394,458,277,11,60,16,46,87,292,17,103,97,152,16,54,26,2]
completion_time_por_agente [269,5,34,42,5,210,115,17,24,37,296,23,6,13,8,29,37,96,26,135,9,16,86,23,19,13,37,238,485,187,410,216,9,12,188,130,77,482,257,20,19,58,75,128,31,321,443,236,26,16,54,16,19,284,25,91,16,30,3,4,369,25,123,56,15,297,79,97,101,91,330,17,73,23,22,26,92,35,233,31,27,42,64,541,25,17,14,167,12,19,142,513,271,17,14,11,29,4,32,16,61,23,129,27,206,8,16,6,8,98,33,24,178,107,98,10,19,27,12,155,438,104,47,588,36,11,8,14,371,16,16,120,67,14,15,26,558,15,89,153,391,378,26,9,32,212,28,14,313,12,17,21,269,327,26,21,116,106,23,382,528,26,23,34,313,118,118,18,22,6,12,21,12,19,14,19,137,34,130,112,15,32,72,396,460,282,12,62,17,77,94,295,18,109,105,154,17,72,27,3]
tiempo_ultimo_agente_goal 588
tiempo_en_acabar 588
tiempo_promedio 105.285004
agentes_en_goal 200
push_out_count 0
RUN 18
valores_ideales [0,0,0,0,0,0,0,0,0,0,0,0,0,0,0,0,0,0,0,0,0,0,0,0,0,0,0,0,0,0,0,0,0,0,0,0,0,0,0,0,0,0,0,0,0,0,0,0,0,0,0,0,0,0,0,0,0,0,0,0,0,0,0,0,0,0,0,0,0,0,0,0,0,0,0,0,0,0,0,0,0,0,0,0,0,0,0,0,0,0,0,0,0,0,0,0,0,0,0,0,0,0,0,0,0,0,0,0,0,0,0,0,0,0,0,0,0,0,0,0,0,0,0,0,0,0,0,0,0,0,0,0,0,0,0,0,0,0,0,0,0,0,0,0,0,0,0,0,0,0,0,0,0,0,0,0,0,0,0,0,0,0,0,0,0,0,0,0,0,0,0,0,0,0,0,0,0,0,0,0,0,0,0,0,0,0,0,0,0,0,0,0,0,0,0,0,0,0,0,0]
costo_por_agente [202,4,30,43,6,515,93,14,19,33,43,12,5,9,5,28,42,129,9,86,10,15,63,14,17,12,38,193,414,400,238,24,6,11,163,117,34,353,191,13,18,64,48,113,31,434,311,65,24,18,29,10,18,423,337,328,15,29,2,5,159,14,81,42,12,334,44,77,75,33,214,14,198,19,21,17,93,44,78,30,24,165,51,505,12,18,15,164,11,15,159,548,385,13,13,10,25,9,25,25,39,20,88,18,202,7,11,1,7,42,29,25,229,89,63,7,16,25,13,206,555,49,38,587,24,10,7,9,445,47,13,111,41,13,8,25,264,8,91,467,379,286,23,6,21,134,37,13,542,11,16,18,116,377,25,17,113,63,13,245,453,11,13,31,273,124,88,15,21,11,8,16,17,18,15,18,224,32,108,104,14,29,75,708,326,231,7,36,14,88,63,244,19,75,53,98,12,34,20,2]
completion_time_por_agente [239,5,33,44,7,517,107,15,21,34,81,13,6,12,6,30,43,130,10,91,11,16,73,16,19,13,40,202,418,402,243,25,7,12,165,126,41,356,195,14,19,78,66,119,32,437,314,83,25,19,31,11,19,424,346,336,16,30,3,6,160,15,85,43,13,339,67,81,84,69,218,15,206,20,22,24,101,47,81,31,25,168,52,516,15,19,16,166,13,17,168,557,387,14,15,11,28,10,27,27,43,22,94,19,204,8,12,2,8,73,31,26,231,97,68,8,17,27,14,207,558,72,48,590,25,11,8,10,453,50,14,116,43,14,9,26,267,9,99,473,384,290,24,7,22,139,38,14,547,12,17,19,119,387,26,19,116,78,15,247,456,12,14,32,274,129,91,16,23,12,9,17,18,19,16,19,227,33,113,115,15,30,78,717,327,235,8,37,15,96,67,246,20,79,78,101,13,66,21,3]
tiempo_ultimo_agente_goal 717
tiempo_en_acabar 717
tiempo_promedio 103.735001
agentes_en_goal 200
push_out_count 0
RUN 19
valores_ideales [0,0,0,0,0,0,0,0,0,0,0,0,0,0,0,0,0,0,0,0,0,0,0,0,0,0,0,0,0,0,0,0,0,0,0,0,0,0,0,0,0,0,0,0,0,0,0,0,0,0,0,0,0,0,0,0,0,0,0,0,0,0,0,0,0,0,0,0,0,0,0,0,0,0,0,0,0,0,0,0,0,0,0,0,0,0,0,0,0,0,0,0,0,0,0,0,0,0,0,0,0,0,0,0,0,0,0,0,0,0,0,0,0,0,0,0,0,0,0,0,0,0,0,0,0,0,0,0,0,0,0,0,0,0,0,0,0,0,0,0,0,0,0,0,0,0,0,0,0,0,0,0,0,0,0,0,0,0,0,0,0,0,0,0,0,0,0,0,0,0,0,0,0,0,0,0,0,0,0,0,0,0,0,0,0,0,0,0,0,0,0,0,0,0,0,0,0,0,0,0]
costo_por_agente [222,4,36,43,4,169,181,10,21,45,375,12,5,9,5,46,40,165,15,46,10,15,57,14,17,16,12,39,572,148,254,36,16,13,95,77,24,297,285,23,16,22,36,125,39,336,431,55,24,14,39,18,18,289,23,408,15,27,2,7,163,14,49,36,14,256,34,59,55,35,502,18,402,27,25,17,67,56,310,32,26,427,47,53,26,20,13,130,9,15,77,570,225,19,13,10,33,3,21,15,29,20,76,20,184,7,15,5,7,334,29,21,487,91,83,9,22,19,11,146,623,105,32,607,34,10,7,9,55,19,13,87,37,17,8,25,456,8,87,421,321,144,23,8,25,26,29,13,382,11,30,28,228,251,25,17,83,57,23,267,519,11,17,41,193,104,80,17,27,5,6,14,13,24,13,18,94,36,54,82,18,29,45,414,378,139,9,58,10,58,55,224,15,83,53,182,14,36,22,2]
completion_time_por_agente [226,5,37,44,5,170,185,12,22,48,379,14,6,10,6,47,41,166,16,54,11,16,68,16,19,17,15,47,582,149,256,39,18,14,97,82,25,300,289,24,17,27,40,127,41,338,437,75,26,16,40,19,19,291,25,414,16,28,3,8,166,15,56,38,15,257,38,64,62,39,503,21,404,28,27,19,74,60,312,33,27,431,49,58,29,21,15,131,10,16,83,575,227,20,16,11,35,4,22,16,30,23,82,21,185,8,16,6,8,336,30,22,491,92,89,10,23,21,12,147,624,108,41,608,35,11,8,10,59,20,14,88,40,19,10,26,458,9,95,426,325,148,25,9,26,30,31,14,383,12,31,29,232,258,27,19,85,69,25,272,522,12,19,42,197,105,82,18,28,6,7,15,15,25,14,19,97,37,61,87,19,30,54,416,380,141,10,61,11,64,62,229,16,93,56,184,16,43,24,3]
tiempo_ultimo_agente_goal 624
tiempo_en_acabar 624
tiempo_promedio 96.709999
agentes_en_goal 200
push_out_count 0
RUN 20
valores_ideales [0,0,0,0,0,0,0,0,0,0,0,0,0,0,0,0,0,0,0,0,0,0,0,0,0,0,0,0,0,0,0,0,0,0,0,0,0,0,0,0,0,0,0,0,0,0,0,0,0,0,0,0,0,0,0,0,0,0,0,0,0,0,0,0,0,0,0,0,0,0,0,0,0,0,0,0,0,0,0,0,0,0,0,0,0,0,0,0,0,0,0,0,0,0,0,0,0,0,0,0,0,0,0,0,0,0,0,0,0,0,0,0,0,0,0,0,0,0,0,0,0,0,0,0,0,0,0,0,0,0,0,0,0,0,0,0,0,0,0,0,0,0,0,0,0,0,0,0,0,0,0,0,0,0,0,0,0,0,0,0,0,0,0,0,0,0,0,0,0,0,0,0,0,0,0,0,0,0,0,0,0,0,0,0,0,0,0,0,0,0,0,0,0,0,0,0,0,0,0,0]
costo_por_agente [194,4,32,41,4,333,47,10,21,27,39,26,13,9,13,26,36,271,17,110,12,15,57,18,17,18,14,353,438,174,436,156,10,11,93,81,10,405,61,15,16,30,68,139,39,50,305,39,24,18,31,10,18,301,21,544,15,29,2,3,77,14,203,42,14,266,42,85,81,63,220,18,42,19,21,25,69,50,252,28,24,351,43,63,30,14,17,108,11,17,101,470,307,19,23,10,43,3,21,19,37,20,82,18,238,7,13,5,7,386,27,25,513,87,67,5,18,25,11,268,525,87,40,521,26,10,7,11,379,67,11,79,31,9,14,27,448,12,53,73,357,246,21,8,33,208,27,13,412,11,20,16,112,249,25,21,149,89,15,37,433,15,11,31,421,64,102,17,27,9,6,14,15,20,15,18,162,32,34,80,14,29,55,492,292,139,7,60,20,94,49,164,19,61,75,126,12,52,28,2]
completion_time_por_agente [198,5,33,42,5,335,59,12,22,29,61,30,14,10,15,28,37,273,19,113,13,16,68,19,19,20,15,356,440,176,442,158,11,12,94,95,11,413,71,16,17,47,92,140,40,62,309,57,25,19,33,11,19,303,23,559,16,30,3,6,81,15,218,45,15,269,61,101,91,66,224,21,65,20,22,43,83,55,255,29,25,366,45,79,33,15,18,110,12,18,109,479,308,21,30,11,45,4,22,20,38,22,88,19,240,8,14,7,8,389,28,26,514,91,74,6,19,26,12,270,528,95,45,523,27,11,8,12,386,68,12,88,32,11,16,28,450,13,64,87,358,248,22,9,34,212,28,14,414,12,21,19,113,254,26,23,150,99,17,47,437,17,12,32,422,71,106,18,29,10,7,15,16,21,16,19,163,33,44,89,15,30,62,493,293,143,8,63,22,102,53,165,20,69,84,127,13,70,30,3]
tiempo_ultimo_agente_goal 559
tiempo_en_acabar 559
tiempo_promedio 95.650002
agentes_en_goal 200
push_out_count 0
RUN 21
valores_ideales [0,0,0,0,0,0,0,0,0,0,0,0,0,0,0,0,0,0,0,0,0,0,0,0,0,0,0,0,0,0,0,0,0,0,0,0,0,0,0,0,0,0,0,0,0,0,0,0,0,0,0,0,0,0,0,0,0,0,0,0,0,0,0,0,0,0,0,0,0,0,0,0,0,0,0,0,0,0,0,0,0,0,0,0,0,0,0,0,0,0,0,0,0,0,0,0,0,0,0,0,0,0,0,0,0,0,0,0,0,0,0,0,0,0,0,0,0,0,0,0,0,0,0,0,0,0,0,0,0,0,0,0,0,0,0,0,0,0,0,0,0,0,0,0,0,0,0,0,0,0,0,0,0,0,0,0,0,0,0,0,0,0,0,0,0,0,0,0,0,0,0,0,0,0,0,0,0,0,0,0,0,0,0,0,0,0,0,0,0,0,0,0,0,0,0,0,0,0,0,0]
costo_por_agente [214,4,34,41,4,421,33,12,19,49,531,20,3,9,7,28,38,141,13,66,10,15,49,14,19,20,12,399,410,164,398,62,8,13,111,63,36,419,139,11,16,16,68,151,33,176,365,139,24,18,33,12,18,545,27,420,15,27,2,3,369,18,109,52,16,318,46,35,61,95,40,16,428,17,25,29,73,26,128,28,28,563,37,59,14,12,11,158,9,19,45,438,331,21,15,10,23,3,25,17,41,24,88,22,134,7,15,1,7,464,41,23,585,69,89,9,22,33,11,254,367,101,40,513,20,10,7,19,453,43,13,111,31,19,10,23,610,8,61,117,431,500,25,8,31,180,35,13,206,11,18,22,142,257,25,19,155,75,25,359,415,11,13,35,311,114,122,17,21,5,6,12,19,18,13,18,146,34,88,88,18,31,61,404,312,157,9,42,8,96,53,144,17,73,63,98,16,32,28,2]
completion_time_por_agente [222,5,35,42,5,423,39,14,21,50,534,22,4,10,9,29,39,145,15,73,11,16,55,15,21,21,14,410,416,165,402,66,9,14,113,70,46,422,145,12,17,21,91,157,34,180,369,150,25,20,34,13,19,546,29,432,16,28,3,6,382,19,113,54,17,332,54,57,73,103,60,17,431,18,27,42,80,29,132,30,29,568,38,66,15,13,12,163,10,21,61,443,332,23,16,11,24,4,27,19,42,25,90,23,135,8,17,2,8,466,42,25,587,76,102,10,23,34,12,259,368,102,44,514,22,11,8,20,465,46,14,114,32,20,12,24,612,9,75,118,434,503,26,9,32,186,36,14,208,12,19,23,143,264,26,21,158,88,27,362,418,12,16,36,313,121,132,18,22,6,7,13,20,19,14,19,151,35,92,89,19,32,65,406,313,161,10,43,9,103,55,146,18,80,68,101,17,53,29,3]
tiempo_ultimo_agente_goal 612
tiempo_en_acabar 612
tiempo_promedio 104.125000
agentes_en_goal 200
push_out_count 0
RUN 22
valores_ideales [0,0,0,0,0,0,0,0,0,0,0,0,0,0,0,0,0,0,0,0,0,0,0,0,0,0,0,0,0,0,0,0,0,0,0,0,0,0,0,0,0,0,0,0,0,0,0,0,0,0,0,0,0,0,0,0,0,0,0,0,0,0,0,0,0,0,0,0,0,0,0,0,0,0,0,0,0,0,0,0,0,0,0,0,0,0,0,0,0,0,0,0,0,0,0,0,0,0,0,0,0,0,0,0,0,0,0,0,0,0,0,0,0,0,0,0,0,0,0,0,0,0,0,0,0,0,0,0,0,0,0,0,0,0,0,0,0,0,0,0,0,0,0,0,0,0,0,0,0,0,0,0,0,0,0,0,0,0,0,0,0,0,0,0,0,0,0,0,0,0,0,0,0,0,0,0,0,0,0,0,0,0,0,0,0,0,0,0,0,0,0,0,0,0,0,0,0,0,0,0]
costo_por_agente [222,4,32,43,4,263,95,16,21,57,87,28,5,9,9,28,40,199,15,68,8,15,31,14,19,14,10,239,642,358,374,32,10,11,107,91,24,53,27,23,22,24,30,171,31,378,425,43,24,14,31,14,18,291,21,412,15,33,2,3,69,14,39,36,18,228,34,71,69,33,226,16,40,17,29,15,81,46,288,32,28,241,37,45,22,20,11,86,13,15,117,536,345,15,19,10,37,3,27,19,35,22,134,20,168,7,21,7,7,74,39,23,233,55,43,5,22,23,11,278,539,97,60,387,36,10,11,19,57,41,13,71,37,21,14,37,222,8,91,41,215,458,25,8,21,306,25,13,324,11,18,24,188,201,31,19,117,65,13,303,403,19,11,33,151,34,134,17,21,5,10,12,17,18,9,18,220,32,84,86,16,31,53,658,518,117,7,52,10,98,37,200,21,65,67,108,14,28,20,2]
completion_time_por_agente [229,5,33,44,5,265,98,18,22,60,104,37,6,10,10,29,41,201,16,78,9,16,41,15,21,15,12,252,644,363,376,39,11,12,109,95,29,76,32,24,23,29,57,173,32,382,429,54,25,15,32,15,19,292,23,423,16,34,3,4,76,15,60,40,19,240,40,89,75,48,228,17,44,18,33,17,94,57,290,34,29,247,38,48,23,23,13,88,14,16,121,540,347,16,21,11,41,4,28,20,38,23,138,21,170,8,23,8,8,87,40,24,237,66,54,6,23,24,12,282,541,99,71,388,37,11,12,20,72,49,14,74,38,22,16,38,226,9,99,46,225,461,26,9,22,311,26,14,328,12,19,25,189,210,34,21,123,79,15,306,404,20,13,34,152,44,137,18,22,6,11,13,18,19,10,19,223,33,88,95,17,32,67,660,521,118,8,58,11,104,44,203,22,67,77,110,15,34,21,3]
tiempo_ultimo_agente_goal 660
tiempo_en_acabar 660
tiempo_promedio 90.019997
agentes_en_goal 200
push_out_count 0
RUN 23
valores_ideales [0,0,0,0,0,0,0,0,0,0,0,0,0,0,0,0,0,0,0,0,0,0,0,0,0,0,0,0,0,0,0,0,0,0,0,0,0,0,0,0,0,0,0,0,0,0,0,0,0,0,0,0,0,0,0,0,0,0,0,0,0,0,0,0,0,0,0,0,0,0,0,0,0,0,0,0,0,0,0,0,0,0,0,0,0,0,0,0,0,0,0,0,0,0,0,0,0,0,0,0,0,0,0,0,0,0,0,0,0,0,0,0,0,0,0,0,0,0,0,0,0,0,0,0,0,0,0,0,0,0,0,0,0,0,0,0,0,0,0,0,0,0,0,0,0,0,0,0,0,0,0,0,0,0,0,0,0,0,0,0,0,0,0,0,0,0,0,0,0,0,0,0,0,0,0,0,0,0,0,0,0,0,0,0,0,0,0,0,0,0,0,0,0,0,0,0,0,0,0,0]
costo_por_agente [28,4,30,45,6,347,109,12,19,25,525,34,3,9,7,30,36,231,11,84,10,15,65,14,17,16,22,41,536,240,164,28,10,11,119,75,76,323,151,23,18,22,72,205,53,468,179,361,24,14,31,10,18,101,21,436,17,23,2,3,233,14,149,50,12,282,64,91,43,23,296,14,210,19,23,17,67,40,122,40,24,427,55,603,18,18,11,130,9,17,147,526,179,17,15,10,31,3,19,19,63,22,74,18,180,7,13,3,7,362,37,25,561,89,89,7,26,37,15,52,197,105,42,655,28,10,7,13,325,33,11,101,39,9,16,23,470,12,99,249,273,280,21,8,23,196,31,13,72,11,20,18,250,261,25,17,153,33,15,265,343,11,23,33,147,78,38,17,21,13,14,16,11,18,13,18,224,32,80,84,14,29,95,580,524,35,11,44,8,54,95,264,15,97,53,178,18,74,22,2]
completion_time_por_agente [29,5,31,46,7,349,112,13,20,28,529,40,4,10,8,31,37,235,13,94,11,16,84,15,19,17,27,60,541,243,167,30,13,12,121,86,92,338,157,24,19,25,87,212,54,471,181,388,26,15,33,12,19,104,23,442,18,24,3,5,238,15,154,53,13,292,97,93,65,25,300,15,213,21,24,19,86,45,126,41,26,428,59,615,21,19,12,131,10,18,154,540,180,18,16,11,32,4,21,20,75,24,86,19,183,8,14,4,8,370,38,26,562,95,99,8,27,39,16,67,199,107,58,657,29,11,8,14,333,36,12,106,43,10,17,24,473,13,111,254,285,282,22,10,24,202,33,14,86,12,21,19,257,264,26,18,156,64,17,268,344,12,26,34,150,91,61,18,22,14,15,17,12,20,14,19,226,33,85,88,15,30,97,581,525,48,12,47,9,76,97,266,16,103,70,181,19,96,23,3]
tiempo_ultimo_agente_goal 657
tiempo_en_acabar 657
tiempo_promedio 100.614998
agentes_en_goal 200
push_out_count 0
RUN 24
valores_ideales [0,0,0,0,0,0,0,0,0,0,0,0,0,0,0,0,0,0,0,0,0,0,0,0,0,0,0,0,0,0,0,0,0,0,0,0,0,0,0,0,0,0,0,0,0,0,0,0,0,0,0,0,0,0,0,0,0,0,0,0,0,0,0,0,0,0,0,0,0,0,0,0,0,0,0,0,0,0,0,0,0,0,0,0,0,0,0,0,0,0,0,0,0,0,0,0,0,0,0,0,0,0,0,0,0,0,0,0,0,0,0,0,0,0,0,0,0,0,0,0,0,0,0,0,0,0,0,0,0,0,0,0,0,0,0,0,0,0,0,0,0,0,0,0,0,0,0,0,0,0,0,0,0,0,0,0,0,0,0,0,0,0,0,0,0,0,0,0,0,0,0,0,0,0,0,0,0,0,0,0,0,0,0,0,0,0,0,0,0,0,0,0,0,0,0,0,0,0,0,0]
costo_por_agente [876,4,30,45,6,921,844,10,23,37,13,20,5,9,7,26,38,889,17,655,24,15,821,14,17,16,22,829,969,795,903,902,10,11,786,705,805,946,876,13,16,840,754,887,33,896,926,10,24,18,25,22,18,939,27,13,15,23,2,3,938,16,858,30,14,856,84,687,727,12,908,16,939,21,23,17,801,42,881,32,26,873,39,978,20,12,21,833,9,17,848,977,911,23,15,10,29,3,17,17,29,22,696,18,895,11,15,5,7,917,35,23,889,800,796,7,28,35,11,830,956,66,54,962,26,10,9,11,932,31,15,803,37,17,14,23,815,12,862,926,888,891,21,6,27,931,23,13,865,11,16,18,897,928,33,27,824,777,13,932,959,9,9,31,865,861,13,15,21,5,16,12,11,18,13,18,794,34,771,761,16,29,811,968,884,809,7,56,14,803,796,850,15,891,693,877,24,13,24,2]
completion_time_por_agente [1000,5,31,46,7,999,999,12,24,38,999,23,6,10,8,28,39,999,18,999,25,16,999,15,19,17,26,999,999,999,999,999,13,12,999,999,999,999,999,14,17,999,999,999,34,999,999,999,25,19,27,23,19,999,29,999,16,24,3,4,999,17,999,32,15,999,999,999,999,999,999,17,999,23,26,18,999,44,999,33,27,999,40,999,21,13,22,999,10,18,999,999,999,24,18,11,31,4,18,18,33,23,999,19,999,12,16,6,8,999,36,24,999,999,999,8,29,36,12,999,999,999,62,999,27,11,10,12,999,35,16,999,38,19,15,24,999,13,999,999,999,999,22,7,29,999,24,14,999,12,17,20,999,999,34,29,999,999,15,999,999,10,10,33,999,999,999,16,22,6,19,13,12,19,14,19,999,36,999,999,17,31,999,999,999,999,8,63,15,999,999,999,16,999,999,999,25,999,25,3]
tiempo_ultimo_agente_goal 63
tiempo_en_acabar 1000
tiempo_promedio 431.540009
agentes_en_goal 116
push_out_count 0
RUN 25
valores_ideales [0,0,0,0,0,0,0,0,0,0,0,0,0,0,0,0,0,0,0,0,0,0,0,0,0,0,0,0,0,0,0,0,0,0,0,0,0,0,0,0,0,0,0,0,0,0,0,0,0,0,0,0,0,0,0,0,0,0,0,0,0,0,0,0,0,0,0,0,0,0,0,0,0,0,0,0,0,0,0,0,0,0,0,0,0,0,0,0,0,0,0,0,0,0,0,0,0,0,0,0,0,0,0,0,0,0,0,0,0,0,0,0,0,0,0,0,0,0,0,0,0,0,0,0,0,0,0,0,0,0,0,0,0,0,0,0,0,0,0,0,0,0,0,0,0,0,0,0,0,0,0,0,0,0,0,0,0,0,0,0,0,0,0,0,0,0,0,0,0,0,0,0,0,0,0,0,0,0,0,0,0,0,0,0,0,0,0,0,0,0,0,0,0,0,0,0,0,0,0,0]
costo_por_agente [236,4,30,39,6,127,81,12,19,49,341,20,9,9,7,36,40,99,11,56,10,15,53,20,17,18,16,111,472,120,288,24,10,15,69,97,16,443,25,23,30,50,28,93,31,436,381,427,24,14,29,12,18,185,199,58,15,27,2,3,329,14,89,36,14,260,60,23,51,59,180,16,322,19,27,19,63,34,148,28,26,349,57,699,18,18,13,112,13,19,75,64,195,29,13,10,33,9,29,25,41,20,62,18,284,9,15,1,7,258,37,25,383,41,67,9,16,33,17,162,261,85,36,541,26,10,7,9,603,17,15,95,37,27,26,27,384,8,81,351,45,574,21,6,19,130,27,13,396,11,44,28,210,261,27,17,129,41,13,167,427,9,13,29,165,80,124,15,21,9,8,16,15,18,13,18,126,32,32,44,14,27,71,584,422,131,9,64,8,80,69,146,15,101,73,90,12,26,22,2]
completion_time_por_agente [245,5,31,40,7,130,85,13,20,50,344,24,10,10,8,38,41,102,12,61,11,16,64,21,19,19,19,114,481,121,290,27,11,16,76,101,24,454,26,24,31,65,39,97,32,446,384,434,25,15,31,13,19,191,201,62,17,28,3,6,339,15,93,37,16,263,70,38,60,68,182,17,335,21,28,26,70,38,151,29,28,354,58,706,21,19,14,115,15,20,90,69,197,32,14,11,34,11,30,26,42,22,74,19,289,10,16,2,8,265,38,26,384,47,72,10,17,34,19,165,264,86,37,542,28,11,8,10,610,19,16,98,40,28,27,28,386,9,87,356,53,576,22,8,20,135,30,14,398,12,45,29,211,268,29,19,131,47,15,170,429,10,14,30,166,87,126,16,22,10,9,17,16,19,14,19,127,33,42,53,15,29,73,586,423,144,10,66,9,81,71,148,16,102,77,92,13,29,23,3]
tiempo_ultimo_agente_goal 706
tiempo_en_acabar 706
tiempo_promedio 94.294998
agentes_en_goal 200
push_out_count 0
RUN 26
valores_ideales [0,0,0,0,0,0,0,0,0,0,0,0,0,0,0,0,0,0,0,0,0,0,0,0,0,0,0,0,0,0,0,0,0,0,0,0,0,0,0,0,0,0,0,0,0,0,0,0,0,0,0,0,0,0,0,0,0,0,0,0,0,0,0,0,0,0,0,0,0,0,0,0,0,0,0,0,0,0,0,0,0,0,0,0,0,0,0,0,0,0,0,0,0,0,0,0,0,0,0,0,0,0,0,0,0,0,0,0,0,0,0,0,0,0,0,0,0,0,0,0,0,0,0,0,0,0,0,0,0,0,0,0,0,0,0,0,0,0,0,0,0,0,0,0,0,0,0,0,0,0,0,0,0,0,0,0,0,0,0,0,0,0,0,0,0,0,0,0,0,0,0,0,0,0,0,0,0,0,0,0,0,0,0,0,0,0,0,0,0,0,0,0,0,0,0,0,0,0,0,0]
costo_por_agente [34,4,30,39,6,297,79,18,19,41,527,28,9,9,7,36,40,161,9,90,16,15,59,16,19,22,14,487,564,284,544,136,16,15,155,105,48,251,163,13,16,34,68,267,33,330,471,255,24,16,29,16,24,401,21,464,15,29,2,3,239,16,111,38,12,184,34,83,79,29,386,16,420,23,25,19,77,42,148,34,24,279,41,645,10,20,19,130,13,21,147,558,311,27,41,10,25,3,31,15,37,22,122,18,160,9,17,3,7,66,47,25,135,95,99,9,16,25,15,238,675,111,40,391,42,10,9,9,69,19,13,91,41,19,16,23,604,12,71,329,497,282,21,10,21,194,23,13,272,11,24,16,90,193,33,17,143,83,13,335,717,11,9,29,311,74,168,15,23,9,10,12,15,18,9,20,182,32,66,78,16,31,71,582,364,167,11,48,8,104,69,176,23,121,65,142,14,68,18,2]
completion_time_por_agente [68,5,31,40,7,298,81,19,20,45,532,30,10,10,8,37,41,162,10,101,17,16,69,17,21,23,16,494,574,287,546,164,17,16,160,114,59,261,165,14,17,68,83,270,34,348,473,263,25,18,30,17,26,403,24,467,17,30,3,5,249,18,116,40,13,188,68,88,88,66,388,17,436,24,26,45,89,47,149,35,26,283,42,655,12,22,20,132,14,22,152,562,312,29,45,11,26,4,33,16,41,23,125,19,163,10,18,4,8,86,48,26,138,104,106,10,17,26,16,244,678,118,49,395,43,11,10,10,82,21,14,94,43,20,17,24,608,13,84,341,500,286,22,11,22,195,26,14,275,12,25,18,92,202,34,19,146,95,15,336,721,12,10,30,312,81,171,16,24,10,11,13,16,19,10,21,183,33,108,90,17,32,75,584,366,174,12,51,10,111,72,178,24,130,92,144,15,79,19,3]
tiempo_ultimo_agente_goal 721
tiempo_en_acabar 721
tiempo_promedio 110.824997
agentes_en_goal 200
push_out_count 0
RUN 27
valores_ideales [0,0,0,0,0,0,0,0,0,0,0,0,0,0,0,0,0,0,0,0,0,0,0,0,0,0,0,0,0,0,0,0,0,0,0,0,0,0,0,0,0,0,0,0,0,0,0,0,0,0,0,0,0,0,0,0,0,0,0,0,0,0,0,0,0,0,0,0,0,0,0,0,0,0,0,0,0,0,0,0,0,0,0,0,0,0,0,0,0,0,0,0,0,0,0,0,0,0,0,0,0,0,0,0,0,0,0,0,0,0,0,0,0,0,0,0,0,0,0,0,0,0,0,0,0,0,0,0,0,0,0,0,0,0,0,0,0,0,0,0,0,0,0,0,0,0,0,0,0,0,0,0,0,0,0,0,0,0,0,0,0,0,0,0,0,0,0,0,0,0,0,0,0,0,0,0,0,0,0,0,0,0,0,0,0,0,0,0,0,0,0,0,0,0,0,0,0,0,0,0]
costo_por_agente [186,4,32,43,4,267,75,12,19,25,509,20,15,9,9,28,38,85,17,92,12,15,49,20,17,18,24,305,48,338,506,24,8,11,125,87,14,319,27,15,18,18,40,139,33,46,135,39,24,16,39,8,18,219,29,80,17,31,2,5,47,16,89,48,12,276,30,63,41,129,308,16,36,17,19,27,55,46,342,40,24,289,37,45,10,12,17,106,11,19,31,526,475,13,13,10,31,3,37,19,45,20,80,24,152,7,13,1,7,384,33,21,485,49,85,5,22,23,13,326,483,95,68,493,30,10,11,9,63,21,13,99,33,11,20,27,286,20,75,371,243,626,21,12,23,158,27,13,500,11,24,14,106,267,39,17,71,59,21,141,439,11,35,35,179,136,116,17,23,11,8,16,11,24,15,18,168,32,70,60,14,31,39,320,488,129,7,52,8,68,71,188,17,89,43,166,12,38,20,2]
completion_time_por_agente [190,5,33,44,5,269,80,13,20,27,510,26,16,10,11,29,39,87,18,96,13,16,57,21,19,19,25,311,60,343,510,26,9,12,128,90,17,320,28,16,19,26,56,140,34,56,138,52,25,17,42,9,19,220,31,92,18,32,3,6,54,17,93,52,13,278,38,78,51,132,310,17,50,19,20,40,64,53,344,41,26,291,38,59,12,13,18,108,12,20,47,531,476,15,14,11,32,4,38,20,46,22,83,25,153,8,14,2,8,387,35,22,487,52,86,6,23,26,14,327,484,96,76,494,31,11,12,10,70,28,14,101,34,12,21,28,289,21,81,372,258,629,22,13,24,161,28,14,501,12,25,15,108,274,41,18,73,69,22,143,440,12,37,36,181,140,117,18,24,12,9,17,12,25,16,19,171,33,73,63,15,32,49,321,489,131,8,55,9,76,74,191,19,93,52,167,13,42,21,3]
tiempo_ultimo_agente_goal 629
tiempo_en_acabar 629
tiempo_promedio 90.139999
agentes_en_goal 200
push_out_count 0
RUN 28
valores_ideales [0,0,0,0,0,0,0,0,0,0,0,0,0,0,0,0,0,0,0,0,0,0,0,0,0,0,0,0,0,0,0,0,0,0,0,0,0,0,0,0,0,0,0,0,0,0,0,0,0,0,0,0,0,0,0,0,0,0,0,0,0,0,0,0,0,0,0,0,0,0,0,0,0,0,0,0,0,0,0,0,0,0,0,0,0,0,0,0,0,0,0,0,0,0,0,0,0,0,0,0,0,0,0,0,0,0,0,0,0,0,0,0,0,0,0,0,0,0,0,0,0,0,0,0,0,0,0,0,0,0,0,0,0,0,0,0,0,0,0,0,0,0,0,0,0,0,0,0,0,0,0,0,0,0,0,0,0,0,0,0,0,0,0,0,0,0,0,0,0,0,0,0,0,0,0,0,0,0,0,0,0,0,0,0,0,0,0,0,0,0,0,0,0,0,0,0,0,0,0,0]
costo_por_agente [90,4,36,39,6,331,73,20,19,49,43,30,7,9,13,30,36,179,9,90,10,15,57,14,17,30,24,189,690,212,236,28,8,11,137,93,14,81,89,23,18,18,36,221,35,432,485,345,32,16,51,20,18,169,35,306,17,31,2,3,451,14,71,36,12,364,44,79,37,69,336,16,280,21,21,17,49,30,306,30,28,291,41,691,10,18,11,130,9,19,197,566,227,37,13,10,39,11,25,17,29,32,96,18,84,7,17,1,7,166,37,21,289,81,67,5,16,39,11,196,477,75,42,593,20,10,7,11,511,21,13,125,31,19,8,25,418,12,53,91,513,498,27,12,27,264,25,13,204,15,22,22,114,285,25,17,141,33,13,119,631,13,15,29,287,48,32,15,29,5,8,12,11,22,9,18,226,32,32,36,14,29,75,586,392,115,7,38,8,100,65,190,15,77,67,174,16,48,18,2]
completion_time_por_agente [97,5,37,40,7,332,79,22,20,53,54,35,8,10,14,31,37,181,10,103,11,16,76,15,19,31,28,197,697,213,239,30,9,12,140,100,16,88,91,24,19,19,58,222,36,436,487,353,35,18,55,21,19,170,40,310,18,32,3,6,453,15,78,37,13,365,63,83,54,73,342,17,284,22,23,19,53,36,309,31,29,296,42,698,11,19,12,133,10,23,199,569,229,38,14,11,40,12,26,18,32,33,98,19,90,8,18,2,8,178,39,22,290,92,69,6,17,40,12,198,479,83,44,596,21,11,8,12,520,23,14,127,32,20,9,27,419,14,65,95,520,507,28,14,28,268,27,14,206,16,23,24,117,292,26,19,144,47,15,121,632,14,17,30,289,65,44,16,31,6,9,13,12,23,10,19,229,33,40,47,15,30,81,590,393,117,8,41,9,104,70,192,16,80,77,176,17,69,19,3]
tiempo_ultimo_agente_goal 698
tiempo_en_acabar 698
tiempo_promedio 102.074997
agentes_en_goal 200
push_out_count 0
RUN 29
valores_ideales [0,0,0,0,0,0,0,0,0,0,0,0,0,0,0,0,0,0,0,0,0,0,0,0,0,0,0,0,0,0,0,0,0,0,0,0,0,0,0,0,0,0,0,0,0,0,0,0,0,0,0,0,0,0,0,0,0,0,0,0,0,0,0,0,0,0,0,0,0,0,0,0,0,0,0,0,0,0,0,0,0,0,0,0,0,0,0,0,0,0,0,0,0,0,0,0,0,0,0,0,0,0,0,0,0,0,0,0,0,0,0,0,0,0,0,0,0,0,0,0,0,0,0,0,0,0,0,0,0,0,0,0,0,0,0,0,0,0,0,0,0,0,0,0,0,0,0,0,0,0,0,0,0,0,0,0,0,0,0,0,0,0,0,0,0,0,0,0,0,0,0,0,0,0,0,0,0,0,0,0,0,0,0,0,0,0,0,0,0,0,0,0,0,0,0,0,0,0,0,0]
costo_por_agente [30,4,32,51,6,173,135,14,19,27,33,24,3,9,7,28,40,85,15,94,10,15,51,12,19,26,22,523,382,326,198,138,8,11,181,73,66,93,219,11,18,18,64,189,35,354,559,33,24,14,39,10,26,429,21,52,15,31,2,7,193,18,113,42,22,332,50,111,49,107,210,18,432,17,23,41,35,38,174,34,24,549,53,55,10,26,21,110,11,17,177,486,437,13,15,10,45,3,31,21,51,22,82,20,168,9,13,5,7,178,45,27,497,67,43,5,22,29,11,250,729,131,32,381,24,10,7,9,537,19,11,109,37,9,22,23,226,8,59,519,443,436,27,10,31,142,25,13,320,11,20,16,94,335,35,21,119,31,15,37,633,9,13,35,413,44,32,15,23,5,8,22,15,20,19,18,166,36,102,102,14,29,73,488,218,163,9,42,16,66,75,250,19,77,99,128,28,58,22,2]
completion_time_por_agente [33,5,34,52,7,174,150,15,21,29,46,27,4,10,8,30,41,88,16,103,11,16,54,13,21,27,25,530,385,328,199,142,12,12,183,81,72,103,227,13,19,21,70,190,36,363,560,37,25,15,41,11,28,430,22,60,16,32,3,9,195,19,120,43,25,334,61,118,60,123,212,20,439,19,25,47,40,43,178,36,25,555,54,69,12,28,22,126,13,18,190,490,438,15,17,11,46,4,36,22,56,23,91,22,171,10,14,6,8,185,46,28,499,74,53,6,24,30,12,252,731,136,37,382,27,11,8,10,542,21,12,115,38,11,23,25,228,10,72,522,446,438,28,11,32,145,26,14,321,12,21,18,100,339,37,23,121,42,18,42,634,10,14,36,415,63,41,16,26,6,9,23,16,21,20,19,167,38,115,113,15,30,79,489,219,169,10,44,17,76,86,252,20,82,106,130,29,65,25,3]
tiempo_ultimo_agente_goal 731
tiempo_en_acabar 731
tiempo_promedio 101.180000
agentes_en_goal 200
push_out_count 0
RUN 30
valores_ideales [0,0,0,0,0,0,0,0,0,0,0,0,0,0,0,0,0,0,0,0,0,0,0,0,0,0,0,0,0,0,0,0,0,0,0,0,0,0,0,0,0,0,0,0,0,0,0,0,0,0,0,0,0,0,0,0,0,0,0,0,0,0,0,0,0,0,0,0,0,0,0,0,0,0,0,0,0,0,0,0,0,0,0,0,0,0,0,0,0,0,0,0,0,0,0,0,0,0,0,0,0,0,0,0,0,0,0,0,0,0,0,0,0,0,0,0,0,0,0,0,0,0,0,0,0,0,0,0,0,0,0,0,0,0,0,0,0,0,0,0,0,0,0,0,0,0,0,0,0,0,0,0,0,0,0,0,0,0,0,0,0,0,0,0,0,0,0,0,0,0,0,0,0,0,0,0,0,0,0,0,0,0,0,0,0,0,0,0,0,0,0,0,0,0,0,0,0,0,0,0]
costo_por_agente [294,4,32,39,4,165,163,16,19,43,31,28,3,9,7,30,36,39,9,76,14,15,33,14,19,20,20,429,320,84,334,28,6,11,157,67,94,257,177,13,16,18,34,167,35,186,461,39,24,16,27,20,28,389,385,90,15,25,2,5,203,18,85,50,14,310,76,109,49,25,310,18,42,19,25,15,57,38,310,28,24,471,39,457,24,14,13,96,13,15,145,308,463,31,21,10,33,3,53,23,25,20,102,20,150,7,13,1,7,304,37,21,649,107,101,9,18,23,37,264,517,79,50,761,30,10,9,9,349,31,13,97,31,11,16,23,512,12,101,43,477,480,23,10,25,262,25,13,84,11,24,26,162,299,27,17,137,41,13,227,431,9,17,33,591,120,124,17,23,5,6,12,11,20,15,18,256,32,98,52,14,29,45,412,400,117,7,46,12,54,97,306,17,73,51,112,14,34,26,2]
completion_time_por_agente [296,5,33,40,5,166,166,17,20,51,40,32,4,10,8,31,37,46,10,94,16,16,38,15,21,21,21,436,324,90,335,30,7,12,158,74,101,262,180,15,17,25,39,169,36,188,462,44,26,17,28,23,31,390,388,102,16,26,3,8,205,19,104,52,15,318,100,126,58,26,314,19,50,21,27,17,64,41,311,30,25,479,40,461,26,15,15,103,14,16,152,310,465,37,22,11,35,4,56,24,26,25,109,21,152,8,14,2,8,306,40,22,652,109,119,10,19,25,39,272,519,93,59,763,32,11,10,10,351,34,14,104,32,12,17,24,513,13,120,48,482,482,24,12,26,266,27,14,93,12,25,32,163,311,29,19,141,53,15,230,433,10,18,34,594,123,126,18,24,6,8,13,12,21,16,19,259,33,113,68,15,30,49,414,401,119,8,48,14,60,106,307,18,80,58,119,15,41,28,3]
tiempo_ultimo_agente_goal 763
tiempo_en_acabar 763
tiempo_promedio 103.209999
agentes_en_goal 200
push_out_count 0
RUN 31
valores_ideales [0,0,0,0,0,0,0,0,0,0,0,0,0,0,0,0,0,0,0,0,0,0,0,0,0,0,0,0,0,0,0,0,0,0,0,0,0,0,0,0,0,0,0,0,0,0,0,0,0,0,0,0,0,0,0,0,0,0,0,0,0,0,0,0,0,0,0,0,0,0,0,0,0,0,0,0,0,0,0,0,0,0,0,0,0,0,0,0,0,0,0,0,0,0,0,0,0,0,0,0,0,0,0,0,0,0,0,0,0,0,0,0,0,0,0,0,0,0,0,0,0,0,0,0,0,0,0,0,0,0,0,0,0,0,0,0,0,0,0,0,0,0,0,0,0,0,0,0,0,0,0,0,0,0,0,0,0,0,0,0,0,0,0,0,0,0,0,0,0,0,0,0,0,0,0,0,0,0,0,0,0,0,0,0,0,0,0,0,0,0,0,0,0,0,0,0,0,0,0,0]
costo_por_agente [868,4,32,39,4,663,747,14,21,37,533,12,3,9,11,34,36,703,9,744,8,15,656,14,17,18,22,839,800,751,504,777,12,11,767,774,12,742,738,19,16,14,200,377,29,755,916,16,24,14,27,20,20,748,27,962,15,29,2,5,733,14,248,44,14,949,187,789,774,667,599,16,291,19,23,17,817,40,384,30,32,878,55,781,18,16,15,882,17,15,751,625,898,21,15,10,29,9,17,25,37,22,761,20,400,7,15,3,7,863,35,27,949,241,269,7,16,33,11,858,705,779,34,757,28,14,7,11,680,19,11,854,53,13,10,23,857,10,351,752,916,925,23,10,25,375,23,13,876,11,22,18,570,873,29,19,866,17,13,915,526,13,9,31,901,395,13,17,21,5,6,12,11,24,13,18,822,36,13,795,18,27,482,799,880,771,7,48,12,855,304,848,21,511,794,885,14,15,18,2]
completion_time_por_agente [1000,5,33,40,5,999,999,15,22,38,999,15,4,10,12,35,37,999,10,999,9,16,999,15,19,19,26,999,999,999,999,999,13,12,999,999,14,999,999,21,17,999,999,999,30,999,999,999,25,15,29,21,21,999,29,999,16,30,3,6,999,16,999,45,15,999,999,999,999,999,999,17,999,20,24,21,999,44,999,31,33,999,56,999,20,18,16,999,18,17,999,999,999,22,17,11,31,10,18,26,39,23,999,21,999,8,16,4,8,999,36,28,999,999,999,8,17,34,12,999,999,999,36,999,29,15,8,12,999,20,12,999,56,14,12,24,999,11,999,999,999,999,24,11,26,999,24,14,999,12,23,19,999,999,31,21,999,999,15,999,999,14,11,32,999,999,999,18,22,6,7,13,13,25,14,19,999,38,999,999,19,28,999,999,999,999,8,51,13,999,999,999,22,999,999,999,15,999,19,3]
tiempo_ultimo_agente_goal 56
tiempo_en_acabar 1000
tiempo_promedio 426.420013
agentes_en_goal 117
push_out_count 0
RUN 32
valores_ideales [0,0,0,0,0,0,0,0,0,0,0,0,0,0,0,0,0,0,0,0,0,0,0,0,0,0,0,0,0,0,0,0,0,0,0,0,0,0,0,0,0,0,0,0,0,0,0,0,0,0,0,0,0,0,0,0,0,0,0,0,0,0,0,0,0,0,0,0,0,0,0,0,0,0,0,0,0,0,0,0,0,0,0,0,0,0,0,0,0,0,0,0,0,0,0,0,0,0,0,0,0,0,0,0,0,0,0,0,0,0,0,0,0,0,0,0,0,0,0,0,0,0,0,0,0,0,0,0,0,0,0,0,0,0,0,0,0,0,0,0,0,0,0,0,0,0,0,0,0,0,0,0,0,0,0,0,0,0,0,0,0,0,0,0,0,0,0,0,0,0,0,0,0,0,0,0,0,0,0,0,0,0,0,0,0,0,0,0,0,0,0,0,0,0,0,0,0,0,0,0]
costo_por_agente [28,4,34,41,4,203,99,10,21,33,511,36,5,13,7,30,36,111,11,44,10,23,71,18,19,10,10,175,750,194,252,108,8,11,153,79,40,155,185,17,16,22,42,193,29,412,523,47,24,14,31,10,18,161,27,580,15,25,2,5,239,16,117,42,16,350,64,57,73,27,320,14,276,19,29,21,65,66,168,30,24,31,39,601,10,12,15,146,11,17,175,288,359,15,19,10,23,3,17,23,29,26,114,20,192,7,13,1,7,226,33,27,447,67,75,7,24,21,11,302,543,83,32,507,24,10,9,9,49,29,13,93,29,21,10,23,376,8,77,201,489,274,23,8,33,188,23,13,354,13,22,22,166,263,27,17,119,59,21,251,559,9,11,29,547,68,132,15,21,5,8,12,17,18,19,18,36,38,96,104,14,29,85,540,324,129,7,46,8,56,39,220,23,73,41,182,18,86,18,2]
completion_time_por_agente [31,5,35,42,5,206,101,12,22,35,544,41,6,15,9,31,37,114,12,62,12,25,78,19,21,11,12,178,755,195,254,111,9,12,155,82,53,162,187,18,17,40,56,195,30,423,525,55,25,15,32,11,20,163,29,589,16,27,3,7,241,17,119,44,17,351,85,70,77,37,323,15,279,20,30,37,80,72,169,32,26,37,40,612,11,13,16,149,12,18,192,297,361,16,20,11,25,4,18,24,33,27,115,21,195,8,15,2,8,233,35,29,449,77,84,8,25,24,12,308,545,84,36,509,25,11,10,10,59,32,14,94,32,22,12,24,378,9,89,213,494,276,24,9,35,192,24,14,356,14,23,23,167,266,28,19,123,72,22,253,563,10,14,30,548,74,139,16,22,6,9,13,18,19,20,19,64,40,105,108,15,30,87,541,325,130,8,50,9,74,52,221,24,79,53,184,19,92,19,3]
tiempo_ultimo_agente_goal 755
tiempo_en_acabar 755
tiempo_promedio 101.055000
agentes_en_goal 200
push_out_count 0
RUN 33
valores_ideales [0,0,0,0,0,0,0,0,0,0,0,0,0,0,0,0,0,0,0,0,0,0,0,0,0,0,0,0,0,0,0,0,0,0,0,0,0,0,0,0,0,0,0,0,0,0,0,0,0,0,0,0,0,0,0,0,0,0,0,0,0,0,0,0,0,0,0,0,0,0,0,0,0,0,0,0,0,0,0,0,0,0,0,0,0,0,0,0,0,0,0,0,0,0,0,0,0,0,0,0,0,0,0,0,0,0,0,0,0,0,0,0,0,0,0,0,0,0,0,0,0,0,0,0,0,0,0,0,0,0,0,0,0,0,0,0,0,0,0,0,0,0,0,0,0,0,0,0,0,0,0,0,0,0,0,0,0,0,0,0,0,0,0,0,0,0,0,0,0,0,0,0,0,0,0,0,0,0,0,0,0,0,0,0,0,0,0,0,0,0,0,0,0,0,0,0,0,0,0,0]
costo_por_agente [34,4,40,39,6,375,65,10,21,29,37,18,5,11,7,26,38,111,9,88,10,15,63,16,17,20,10,251,48,190,278,30,8,11,175,81,44,563,211,15,16,50,54,139,29,370,359,39,24,22,45,8,18,303,27,52,15,27,2,5,343,14,79,44,16,358,84,93,47,51,224,14,290,19,25,29,73,46,154,30,24,339,37,497,10,16,19,142,9,19,63,738,327,37,13,10,39,3,21,19,37,20,98,18,206,9,13,5,7,228,27,25,397,79,67,5,18,33,11,186,495,121,60,549,28,10,7,13,275,23,11,85,29,13,14,35,472,8,57,353,555,546,25,8,35,184,27,13,296,11,24,18,150,315,33,19,115,69,19,337,649,13,9,33,379,46,120,17,23,7,8,18,15,22,9,18,186,38,100,80,16,27,87,532,286,149,11,46,14,78,67,450,17,127,89,166,18,82,26,2]
completion_time_por_agente [58,5,41,40,7,376,67,11,22,31,58,20,6,13,8,27,39,112,10,98,11,16,68,17,19,21,12,256,60,191,282,48,9,12,177,84,51,564,213,16,17,66,61,141,32,372,361,57,25,23,48,9,19,304,29,70,16,28,3,6,346,15,84,46,18,359,103,101,51,66,228,16,294,20,26,54,81,53,157,31,25,351,38,512,12,17,20,146,10,20,69,745,328,38,14,11,41,4,22,21,40,22,102,19,209,10,14,6,8,240,29,26,398,85,75,6,19,34,12,187,498,123,68,553,29,11,8,14,280,25,12,87,30,14,16,36,475,9,59,356,556,548,26,9,36,187,28,14,298,12,25,19,154,318,34,20,119,78,21,346,651,14,10,35,385,54,122,18,24,8,9,19,16,23,10,19,188,40,111,93,17,28,90,534,287,151,12,47,15,91,74,453,18,130,94,168,19,92,27,3]
tiempo_ultimo_agente_goal 745
tiempo_en_acabar 745
tiempo_promedio 103.735001
agentes_en_goal 200
push_out_count 0
RUN 34
valores_ideales [0,0,0,0,0,0,0,0,0,0,0,0,0,0,0,0,0,0,0,0,0,0,0,0,0,0,0,0,0,0,0,0,0,0,0,0,0,0,0,0,0,0,0,0,0,0,0,0,0,0,0,0,0,0,0,0,0,0,0,0,0,0,0,0,0,0,0,0,0,0,0,0,0,0,0,0,0,0,0,0,0,0,0,0,0,0,0,0,0,0,0,0,0,0,0,0,0,0,0,0,0,0,0,0,0,0,0,0,0,0,0,0,0,0,0,0,0,0,0,0,0,0,0,0,0,0,0,0,0,0,0,0,0,0,0,0,0,0,0,0,0,0,0,0,0,0,0,0,0,0,0,0,0,0,0,0,0,0,0,0,0,0,0,0,0,0,0,0,0,0,0,0,0,0,0,0,0,0,0,0,0,0,0,0,0,0,0,0,0,0,0,0,0,0,0,0,0,0,0,0]
costo_por_agente [34,4,32,47,6,201,109,16,29,39,37,24,3,9,7,34,38,171,9,70,8,17,61,16,21,18,24,477,616,154,294,40,26,13,155,87,14,455,235,13,16,22,26,97,35,300,407,41,24,18,39,14,18,129,35,58,15,25,2,3,147,18,63,42,12,352,40,41,43,25,188,16,490,19,27,15,93,26,214,30,26,179,39,427,14,12,13,96,11,15,155,552,329,35,31,10,37,5,17,17,43,22,102,20,132,11,13,1,7,40,27,23,167,63,29,9,20,33,11,282,495,87,40,595,22,10,9,9,555,27,17,91,29,21,10,29,402,12,69,299,481,526,23,18,25,152,23,15,322,11,30,18,186,295,25,19,111,91,19,397,531,11,13,29,407,84,34,17,23,19,6,12,11,20,13,18,122,38,84,106,14,29,51,428,362,65,11,50,20,60,49,314,15,65,81,136,14,28,22,2]
completion_time_por_agente [44,5,33,48,7,203,118,17,30,42,49,30,4,10,8,35,39,173,11,76,9,18,65,17,23,20,29,480,619,156,295,50,29,14,157,96,16,458,239,15,17,28,32,99,36,304,410,50,25,19,41,15,21,132,37,66,16,26,3,6,149,19,80,44,13,354,49,46,47,29,191,17,494,20,28,17,101,32,215,32,27,183,40,434,16,13,14,98,12,16,160,554,330,37,32,11,38,6,18,18,47,23,110,21,133,12,14,2,8,44,29,25,171,71,36,10,21,34,12,288,497,96,44,599,24,11,10,10,560,28,18,92,30,22,12,30,404,13,77,301,482,529,24,19,26,154,26,17,323,12,31,20,188,303,26,21,114,97,20,398,533,12,15,30,410,89,45,18,24,20,7,13,12,21,14,19,125,39,89,109,15,31,56,429,363,75,12,51,21,64,61,318,16,67,86,138,15,34,24,3]
tiempo_ultimo_agente_goal 619
tiempo_en_acabar 619
tiempo_promedio 97.730003
agentes_en_goal 200
push_out_count 0
RUN 35
valores_ideales [0,0,0,0,0,0,0,0,0,0,0,0,0,0,0,0,0,0,0,0,0,0,0,0,0,0,0,0,0,0,0,0,0,0,0,0,0,0,0,0,0,0,0,0,0,0,0,0,0,0,0,0,0,0,0,0,0,0,0,0,0,0,0,0,0,0,0,0,0,0,0,0,0,0,0,0,0,0,0,0,0,0,0,0,0,0,0,0,0,0,0,0,0,0,0,0,0,0,0,0,0,0,0,0,0,0,0,0,0,0,0,0,0,0,0,0,0,0,0,0,0,0,0,0,0,0,0,0,0,0,0,0,0,0,0,0,0,0,0,0,0,0,0,0,0,0,0,0,0,0,0,0,0,0,0,0,0,0,0,0,0,0,0,0,0,0,0,0,0,0,0,0,0,0,0,0,0,0,0,0,0,0,0,0,0,0,0,0,0,0,0,0,0,0,0,0,0,0,0,0]
costo_por_agente [138,4,32,41,6,223,55,18,21,25,491,18,11,9,7,32,38,111,13,74,8,15,49,18,17,14,20,179,448,66,112,144,8,11,93,75,70,355,253,11,16,16,68,103,31,258,385,153,24,14,27,14,18,127,23,282,15,41,2,17,281,14,103,42,12,274,90,59,49,113,404,16,474,19,29,45,55,40,346,28,24,35,53,619,8,12,13,126,13,15,97,500,255,23,27,10,31,3,27,17,41,20,56,20,216,7,13,5,7,414,33,25,397,73,71,7,22,39,11,240,605,93,40,383,24,10,7,11,603,41,11,139,49,11,8,23,588,12,95,217,501,610,25,8,23,300,29,13,204,11,22,16,130,185,25,19,75,51,15,31,475,15,9,29,255,86,142,17,27,9,6,12,19,18,15,18,196,32,28,68,16,33,81,528,328,137,7,52,14,62,47,194,21,93,57,138,18,78,22,2]
completion_time_por_agente [139,5,34,42,7,224,58,19,22,27,517,20,12,10,8,33,39,118,14,78,9,16,53,19,19,15,22,182,454,73,113,150,12,12,97,84,80,359,259,12,17,43,89,106,32,279,387,161,25,16,28,15,19,128,25,284,16,42,3,25,286,16,106,44,13,275,96,64,56,120,425,17,482,20,32,80,58,46,351,29,25,62,55,628,10,13,14,128,15,17,109,508,257,24,28,11,32,4,28,18,42,22,60,22,224,8,14,6,8,422,34,26,399,79,79,8,24,41,12,245,608,97,44,389,26,11,8,12,617,43,12,143,50,12,9,24,591,13,99,224,505,611,26,9,24,303,30,14,205,12,23,18,132,190,26,21,77,64,17,32,476,16,11,30,257,93,145,18,28,10,7,13,20,19,16,19,197,33,54,75,17,34,87,530,330,142,8,53,15,68,49,196,22,95,64,141,19,102,23,3]
tiempo_ultimo_agente_goal 628
tiempo_en_acabar 628
tiempo_promedio 102.445000
agentes_en_goal 200
push_out_count 0
RUN 36
valores_ideales [0,0,0,0,0,0,0,0,0,0,0,0,0,0,0,0,0,0,0,0,0,0,0,0,0,0,0,0,0,0,0,0,0,0,0,0,0,0,0,0,0,0,0,0,0,0,0,0,0,0,0,0,0,0,0,0,0,0,0,0,0,0,0,0,0,0,0,0,0,0,0,0,0,0,0,0,0,0,0,0,0,0,0,0,0,0,0,0,0,0,0,0,0,0,0,0,0,0,0,0,0,0,0,0,0,0,0,0,0,0,0,0,0,0,0,0,0,0,0,0,0,0,0,0,0,0,0,0,0,0,0,0,0,0,0,0,0,0,0,0,0,0,0,0,0,0,0,0,0,0,0,0,0,0,0,0,0,0,0,0,0,0,0,0,0,0,0,0,0,0,0,0,0,0,0,0,0,0,0,0,0,0,0,0,0,0,0,0,0,0,0,0,0,0,0,0,0,0,0,0]
costo_por_agente [34,4,34,53,4,227,131,16,19,27,39,32,9,9,7,34,36,137,11,76,8,15,95,16,17,24,20,173,656,190,432,124,8,11,129,87,62,247,243,13,18,26,60,137,29,354,357,381,24,16,35,18,22,267,21,292,17,29,2,3,79,18,83,48,14,268,88,85,53,99,120,16,366,17,25,27,35,32,280,28,36,433,45,567,26,14,23,96,13,19,149,360,335,19,15,10,25,3,19,19,37,24,126,18,204,7,13,13,7,250,39,21,115,81,59,5,26,31,11,70,419,113,38,505,24,10,7,13,295,31,13,67,31,25,8,25,238,10,61,189,313,496,23,6,21,270,23,13,178,11,18,14,226,35,25,19,71,61,17,361,725,11,17,29,237,106,128,17,25,5,8,12,15,18,13,18,236,36,28,80,14,31,49,344,434,149,7,40,8,52,85,280,21,135,61,152,16,34,22,2]
completion_time_por_agente [46,5,35,54,5,229,134,17,20,29,44,41,11,10,8,35,37,142,12,89,9,16,101,17,19,25,23,175,677,193,433,133,11,12,131,90,76,251,254,15,19,44,90,140,30,357,360,395,26,18,38,19,23,271,24,296,18,30,3,5,92,19,92,50,15,269,95,91,69,112,123,19,375,20,28,48,54,39,281,29,37,437,46,575,30,15,24,99,14,21,163,361,336,20,18,11,26,4,20,21,41,27,128,19,208,8,14,14,8,256,40,22,118,89,66,6,27,35,12,75,420,114,40,506,25,11,8,14,302,32,14,72,32,26,10,27,241,11,84,202,315,499,24,7,24,273,24,15,181,12,19,16,233,56,26,21,75,75,20,365,726,12,19,30,240,108,131,18,27,6,9,13,16,19,14,19,237,38,39,97,15,32,55,346,436,151,8,43,9,61,91,282,23,137,68,154,17,51,23,3]
tiempo_ultimo_agente_goal 726
tiempo_en_acabar 726
tiempo_promedio 97.875000
agentes_en_goal 200
push_out_count 0
RUN 37
valores_ideales [0,0,0,0,0,0,0,0,0,0,0,0,0,0,0,0,0,0,0,0,0,0,0,0,0,0,0,0,0,0,0,0,0,0,0,0,0,0,0,0,0,0,0,0,0,0,0,0,0,0,0,0,0,0,0,0,0,0,0,0,0,0,0,0,0,0,0,0,0,0,0,0,0,0,0,0,0,0,0,0,0,0,0,0,0,0,0,0,0,0,0,0,0,0,0,0,0,0,0,0,0,0,0,0,0,0,0,0,0,0,0,0,0,0,0,0,0,0,0,0,0,0,0,0,0,0,0,0,0,0,0,0,0,0,0,0,0,0,0,0,0,0,0,0,0,0,0,0,0,0,0,0,0,0,0,0,0,0,0,0,0,0,0,0,0,0,0,0,0,0,0,0,0,0,0,0,0,0,0,0,0,0,0,0,0,0,0,0,0,0,0,0,0,0,0,0,0,0,0,0]
costo_por_agente [36,4,34,37,4,359,119,12,19,31,509,12,7,9,9,36,38,165,13,66,12,15,51,12,27,28,10,165,512,260,400,36,14,11,135,83,16,47,147,13,18,48,44,141,35,46,341,49,24,14,25,16,18,241,19,586,17,29,2,5,51,16,111,62,12,228,38,53,57,27,236,30,38,17,33,25,55,44,130,28,30,387,41,321,14,20,11,124,13,17,27,724,343,29,15,10,33,3,17,23,37,22,94,18,182,7,15,1,7,296,33,33,427,83,37,7,24,31,11,254,483,109,50,465,42,10,7,11,597,19,17,125,49,21,28,25,384,8,89,365,445,470,21,6,25,300,29,13,392,11,20,22,164,367,33,17,115,75,17,137,543,11,19,31,489,48,142,15,27,13,6,14,17,20,9,18,170,32,102,48,16,31,95,596,174,165,7,40,16,98,59,120,25,75,49,100,12,30,26,2]
completion_time_por_agente [58,5,35,38,5,360,121,13,20,34,514,13,8,10,10,37,39,166,14,74,13,16,56,14,29,29,12,168,517,263,402,38,15,12,137,90,20,54,149,14,19,65,58,144,36,58,342,63,25,15,27,17,19,244,22,590,18,30,3,6,61,17,114,63,13,234,45,66,72,30,238,31,46,18,35,29,65,49,133,30,31,396,42,326,15,22,12,127,14,18,36,732,346,31,17,11,35,4,18,24,38,23,100,19,184,8,16,2,8,304,34,34,428,88,39,8,25,32,12,258,485,112,57,471,43,11,8,12,616,20,18,127,50,23,29,26,385,9,102,368,454,473,22,7,28,302,30,14,395,12,21,24,176,369,34,19,118,95,19,139,547,12,22,32,490,58,154,16,28,14,7,15,18,21,10,19,174,34,107,56,17,32,97,598,175,168,8,45,17,106,70,123,27,82,52,103,13,40,27,3]
tiempo_ultimo_agente_goal 732
tiempo_en_acabar 732
tiempo_promedio 100.445000
agentes_en_goal 200
push_out_count 0
RUN 38
valores_ideales [0,0,0,0,0,0,0,0,0,0,0,0,0,0,0,0,0,0,0,0,0,0,0,0,0,0,0,0,0,0,0,0,0,0,0,0,0,0,0,0,0,0,0,0,0,0,0,0,0,0,0,0,0,0,0,0,0,0,0,0,0,0,0,0,0,0,0,0,0,0,0,0,0,0,0,0,0,0,0,0,0,0,0,0,0,0,0,0,0,0,0,0,0,0,0,0,0,0,0,0,0,0,0,0,0,0,0,0,0,0,0,0,0,0,0,0,0,0,0,0,0,0,0,0,0,0,0,0,0,0,0,0,0,0,0,0,0,0,0,0,0,0,0,0,0,0,0,0,0,0,0,0,0,0,0,0,0,0,0,0,0,0,0,0,0,0,0,0,0,0,0,0,0,0,0,0,0,0,0,0,0,0,0,0,0,0,0,0,0,0,0,0,0,0,0,0,0,0,0,0]
costo_por_agente [28,4,34,45,6,345,39,16,19,23,573,12,3,9,7,40,36,141,27,118,8,15,41,12,17,12,10,381,390,158,192,216,22,11,151,71,40,63,197,17,16,24,74,119,29,46,161,29,24,16,37,10,22,433,21,224,15,29,2,5,45,16,147,28,12,226,50,61,81,27,224,14,400,17,21,15,87,42,202,34,26,401,41,383,14,14,13,72,11,15,173,368,437,23,13,10,37,3,27,23,39,22,104,18,122,13,17,5,7,340,27,25,455,61,85,5,18,37,11,196,763,107,42,449,24,10,7,9,459,15,15,117,37,15,10,27,458,14,67,205,289,336,23,6,21,158,29,19,278,11,22,20,88,285,27,19,67,61,15,295,455,11,15,31,303,98,122,17,21,5,8,12,11,32,19,20,138,44,86,94,14,29,53,656,400,115,13,38,28,80,71,168,15,81,87,156,22,36,22,2]
completion_time_por_agente [32,5,35,46,7,346,58,17,20,24,576,14,4,10,8,42,37,145,28,130,9,16,55,13,19,13,12,386,395,161,194,223,24,12,155,76,45,69,207,19,17,29,89,122,30,65,164,36,25,18,39,11,23,435,23,233,16,30,3,6,60,18,150,31,13,227,70,66,86,36,233,16,403,18,22,17,91,51,203,35,27,411,42,391,18,15,15,80,12,16,180,373,438,24,17,11,38,4,28,24,44,23,106,19,123,14,18,6,8,343,29,26,458,72,92,6,21,39,12,199,764,108,45,450,25,11,8,10,467,16,16,127,39,17,11,28,460,15,75,208,293,339,24,7,23,168,30,20,279,12,23,21,89,290,29,21,71,84,17,297,456,12,17,32,307,103,126,18,22,6,9,13,13,33,20,21,141,46,93,102,15,30,58,657,401,116,14,40,29,91,75,170,16,84,95,161,23,52,23,3]
tiempo_ultimo_agente_goal 764
tiempo_en_acabar 764
tiempo_promedio 97.745003
agentes_en_goal 200
push_out_count 0
RUN 39
valores_ideales [0,0,0,0,0,0,0,0,0,0,0,0,0,0,0,0,0,0,0,0,0,0,0,0,0,0,0,0,0,0,0,0,0,0,0,0,0,0,0,0,0,0,0,0,0,0,0,0,0,0,0,0,0,0,0,0,0,0,0,0,0,0,0,0,0,0,0,0,0,0,0,0,0,0,0,0,0,0,0,0,0,0,0,0,0,0,0,0,0,0,0,0,0,0,0,0,0,0,0,0,0,0,0,0,0,0,0,0,0,0,0,0,0,0,0,0,0,0,0,0,0,0,0,0,0,0,0,0,0,0,0,0,0,0,0,0,0,0,0,0,0,0,0,0,0,0,0,0,0,0,0,0,0,0,0,0,0,0,0,0,0,0,0,0,0,0,0,0,0,0,0,0,0,0,0,0,0,0,0,0,0,0,0,0,0,0,0,0,0,0,0,0,0,0,0,0,0,0,0,0]
costo_por_agente [28,4,32,53,6,361,99,16,21,57,37,18,11,9,7,36,38,261,9,84,10,15,45,18,17,16,10,121,376,240,330,32,8,13,145,91,14,121,77,15,16,18,56,237,29,48,271,37,24,16,43,18,18,311,21,150,15,33,2,3,185,20,53,54,18,200,42,91,77,119,210,16,312,17,19,29,71,38,212,34,24,389,41,73,28,26,11,120,9,17,171,436,357,25,21,10,25,3,17,21,33,22,86,20,106,7,15,5,7,408,35,23,259,85,49,7,24,27,11,264,535,97,58,511,22,10,7,15,373,15,15,89,35,21,8,23,308,20,65,107,479,446,23,6,23,172,35,13,426,15,20,20,192,233,25,21,101,45,15,283,635,13,15,37,229,38,152,15,21,11,6,14,13,18,19,20,126,34,68,88,18,31,53,562,360,151,7,48,10,96,49,240,15,31,33,118,14,70,22,2]
completion_time_por_agente [29,5,33,54,7,362,101,17,22,58,42,22,12,10,8,38,39,263,10,87,11,16,63,19,19,18,14,130,379,241,331,34,9,14,147,93,15,130,84,16,17,22,68,239,30,68,272,44,25,18,45,19,19,312,24,153,16,34,3,6,188,22,62,55,19,201,68,93,84,130,214,17,318,18,20,45,75,44,214,35,26,394,42,82,30,27,12,121,10,18,175,452,358,27,22,11,27,4,18,22,36,23,89,21,108,8,16,6,8,420,36,24,261,90,69,8,25,28,12,266,537,99,59,513,23,11,8,16,377,17,16,92,37,22,10,24,310,21,81,110,494,447,24,7,25,176,36,14,430,16,21,21,194,238,26,23,102,58,18,287,636,14,16,38,233,53,163,16,22,12,7,15,14,19,20,21,127,35,87,94,19,32,60,563,362,153,8,49,11,108,59,242,16,43,48,120,15,75,23,3]
tiempo_ultimo_agente_goal 636
tiempo_en_acabar 636
tiempo_promedio 92.404999
agentes_en_goal 200
push_out_count 0
