RUN 0
valores_ideales [0,0,0,0,0,0,0,0,0,0,0,0,0,0,0,0,0,0,0,0,0,0,0,0,0,0,0,0,0,0,0,0,0,0,0,0,0,0,0,0,0,0,0,0,0,0,0,0,0,0]
costo_por_agente [52,82,14,22,10,19,46,10,19,15,35,26,40,15,32,60,31,29,94,27,62,3,131,100,42,23,25,38,8,7,17,18,25,25,16,16,29,107,16,24,37,28,17,42,5,15,27,19,2,39]
completion_time_por_agente [53,83,15,23,11,20,48,11,20,16,37,27,41,16,34,61,32,34,95,28,63,4,132,101,43,24,26,40,9,8,18,19,26,26,17,17,30,108,17,25,38,29,18,47,6,16,30,20,3,41]
tiempo_ultimo_agente_goal 132
tiempo_en_acabar 132
tiempo_promedio 34.119999
agentes_en_goal 50
push_out_count 0
RUN 1
valores_ideales [0,0,0,0,0,0,0,0,0,0,0,0,0,0,0,0,0,0,0,0,0,0,0,0,0,0,0,0,0,0,0,0,0,0,0,0,0,0,0,0,0,0,0,0,0,0,0,0,0,0]
costo_por_agente [50,100,10,22,12,19,78,10,15,15,111,26,46,17,32,52,31,45,78,55,90,3,125,68,42,9,25,46,8,7,17,18,25,25,16,14,29,99,16,24,35,28,17,40,5,15,29,19,2,53]
completion_time_por_agente [52,101,11,23,13,20,79,11,16,16,112,27,47,18,34,53,32,46,79,60,91,4,126,69,45,10,26,48,9,8,18,19,26,26,17,15,30,100,17,25,38,29,18,45,6,16,33,20,3,54]
tiempo_ultimo_agente_goal 126
tiempo_en_acabar 126
tiempo_promedio 36.820000
agentes_en_goal 50
push_out_count 0
RUN 2
valores_ideales [0,0,0,0,0,0,0,0,0,0,0,0,0,0,0,0,0,0,0,0,0,0,0,0,0,0,0,0,0,0,0,0,0,0,0,0,0,0,0,0,0,0,0,0,0,0,0,0,0,0]
costo_por_agente [54,92,14,22,10,19,86,10,17,15,107,26,36,15,40,56,31,35,62,61,94,3,173,60,42,9,25,34,8,7,17,18,25,25,16,16,29,79,20,22,47,28,17,32,5,17,23,19,2,55]
completion_time_por_agente [55,93,15,23,11,20,87,11,18,16,108,27,37,16,44,57,32,37,63,62,95,4,174,61,44,10,26,38,9,8,18,19,26,26,17,17,30,80,21,23,48,29,18,35,6,18,24,20,3,56]
tiempo_ultimo_agente_goal 174
tiempo_en_acabar 174
tiempo_promedio 36.700001
agentes_en_goal 50
push_out_count 0
RUN 3
valores_ideales [0,0,0,0,0,0,0,0,0,0,0,0,0,0,0,0,0,0,0,0,0,0,0,0,0,0,0,0,0,0,0,0,0,0,0,0,0,0,0,0,0,0,0,0,0,0,0,0,0,0]
costo_por_agente [46,64,14,22,10,21,42,10,15,15,39,26,32,17,40,44,31,51,86,57,48,3,131,108,124,9,23,40,8,7,17,18,25,27,16,16,31,103,18,22,45,30,17,40,5,15,25,19,2,53]
completion_time_por_agente [49,65,15,23,11,22,44,11,16,16,41,27,34,18,41,46,32,52,87,58,49,4,133,109,125,10,24,42,9,8,18,19,26,28,17,17,32,104,19,23,49,31,18,43,6,16,26,20,3,54]
tiempo_ultimo_agente_goal 133
tiempo_en_acabar 133
tiempo_promedio 35.799999
agentes_en_goal 50
push_out_count 0
RUN 4
valores_ideales [0,0,0,0,0,0,0,0,0,0,0,0,0,0,0,0,0,0,0,0,0,0,0,0,0,0,0,0,0,0,0,0,0,0,0,0,0,0,0,0,0,0,0,0,0,0,0,0,0,0]
costo_por_agente [60,60,10,22,12,25,96,10,15,15,91,26,48,15,38,52,31,23,88,33,70,3,155,78,42,9,25,30,8,7,19,18,25,25,16,16,29,87,16,22,37,28,17,44,5,15,37,19,2,63]
completion_time_por_agente [61,61,12,23,13,26,97,11,16,16,92,27,49,16,42,53,32,25,89,35,71,4,156,79,43,10,26,32,9,8,20,19,26,26,17,17,30,88,17,23,39,29,18,45,6,16,41,20,3,64]
tiempo_ultimo_agente_goal 156
tiempo_en_acabar 156
tiempo_promedio 35.959999
agentes_en_goal 50
push_out_count 0
RUN 5
valores_ideales [0,0,0,0,0,0,0,0,0,0,0,0,0,0,0,0,0,0,0,0,0,0,0,0,0,0,0,0,0,0,0,0,0,0,0,0,0,0,0,0,0,0,0,0,0,0,0,0,0,0]
costo_por_agente [84,104,16,22,12,19,40,10,15,15,39,26,36,15,32,56,31,41,52,51,110,3,125,118,46,9,25,50,8,7,17,18,25,25,16,16,29,85,16,22,45,28,17,42,5,15,27,19,2,47]
completion_time_por_agente [85,105,17,23,13,20,41,11,17,16,41,27,37,16,34,57,32,42,53,52,112,4,126,119,47,10,26,53,9,8,18,19,26,26,17,17,30,86,17,23,47,29,18,44,6,16,30,20,3,48]
tiempo_ultimo_agente_goal 126
tiempo_en_acabar 126
tiempo_promedio 35.860001
agentes_en_goal 50
push_out_count 0
RUN 6
valores_ideales [0,0,0,0,0,0,0,0,0,0,0,0,0,0,0,0,0,0,0,0,0,0,0,0,0,0,0,0,0,0,0,0,0,0,0,0,0,0,0,0,0,0,0,0,0,0,0,0,0,0]
costo_por_agente [50,92,12,22,10,19,44,10,15,15,93,26,34,15,34,60,31,41,78,33,92,3,85,72,42,9,25,26,8,7,17,18,25,25,16,16,29,85,16,22,43,28,17,50,5,15,23,19,2,63]
completion_time_por_agente [51,93,13,23,11,20,45,11,16,16,94,27,35,16,35,61,32,42,79,34,93,4,86,73,43,10,26,27,9,8,18,19,26,26,17,17,30,86,17,23,44,29,18,51,6,16,24,20,3,64]
tiempo_ultimo_agente_goal 94
tiempo_en_acabar 94
tiempo_promedio 33.740002
agentes_en_goal 50
push_out_count 0
RUN 7
valores_ideales [0,0,0,0,0,0,0,0,0,0,0,0,0,0,0,0,0,0,0,0,0,0,0,0,0,0,0,0,0,0,0,0,0,0,0,0,0,0,0,0,0,0,0,0,0,0,0,0,0,0]
costo_por_agente [30,172,16,22,12,21,74,10,15,15,87,26,32,15,32,46,31,45,50,27,58,3,79,82,50,9,25,34,8,7,19,18,25,25,16,16,29,111,16,20,41,28,17,30,5,15,23,19,2,49]
completion_time_por_agente [31,173,18,23,13,22,75,11,16,16,88,27,33,16,33,47,32,47,51,28,59,4,81,83,52,10,26,37,9,8,20,19,26,26,17,17,30,112,17,21,42,29,18,31,6,16,24,20,3,50]
tiempo_ultimo_agente_goal 173
tiempo_en_acabar 173
tiempo_promedio 34.259998
agentes_en_goal 50
push_out_count 0
RUN 8
valores_ideales [0,0,0,0,0,0,0,0,0,0,0,0,0,0,0,0,0,0,0,0,0,0,0,0,0,0,0,0,0,0,0,0,0,0,0,0,0,0,0,0,0,0,0,0,0,0,0,0,0,0]
costo_por_agente [52,112,10,22,10,19,38,10,15,15,137,26,54,15,32,46,31,51,50,39,82,3,125,64,42,9,25,48,8,7,17,18,25,27,16,16,29,107,18,26,63,30,17,44,5,15,27,19,2,53]
completion_time_por_agente [53,113,11,23,11,20,45,11,16,16,141,27,56,16,33,48,32,54,51,42,83,4,126,65,48,10,26,53,9,8,18,19,26,28,17,17,30,108,19,27,65,31,18,48,6,16,29,20,3,54]
tiempo_ultimo_agente_goal 141
tiempo_en_acabar 141
tiempo_promedio 37.000000
agentes_en_goal 50
push_out_count 0
RUN 9
valores_ideales [0,0,0,0,0,0,0,0,0,0,0,0,0,0,0,0,0,0,0,0,0,0,0,0,0,0,0,0,0,0,0,0,0,0,0,0,0,0,0,0,0,0,0,0,0,0,0,0,0,0]
costo_por_agente [50,110,10,22,10,23,36,10,15,15,35,26,38,15,34,50,31,53,60,51,32,3,119,62,44,9,25,60,8,7,17,18,25,25,16,16,31,83,16,22,43,28,17,32,19,15,23,19,2,47]
completion_time_por_agente [51,111,12,23,11,24,37,11,16,16,37,27,39,16,35,51,32,55,62,52,34,4,120,63,45,10,26,62,9,8,18,19,26,26,17,17,32,84,17,23,45,29,18,33,21,16,24,20,3,48]
tiempo_ultimo_agente_goal 120
tiempo_en_acabar 120
tiempo_promedio 32.700001
agentes_en_goal 50
push_out_count 0
RUN 10
valores_ideales [0,0,0,0,0,0,0,0,0,0,0,0,0,0,0,0,0,0,0,0,0,0,0,0,0,0,0,0,0,0,0,0,0,0,0,0,0,0,0,0,0,0,0,0,0,0,0,0,0,0]
costo_por_agente [44,104,14,22,10,21,94,10,19,15,99,26,50,15,40,48,31,23,46,29,72,3,83,78,120,11,25,38,8,7,17,18,25,25,16,16,29,81,18,22,33,28,17,38,5,15,27,19,2,43]
completion_time_por_agente [45,105,15,23,11,22,95,11,20,16,100,27,52,16,47,49,32,25,47,31,74,4,84,79,121,12,26,44,9,8,18,19,26,26,17,17,30,82,19,23,35,29,18,40,6,16,31,20,3,45]
tiempo_ultimo_agente_goal 121
tiempo_en_acabar 121
tiempo_promedio 35.400002
agentes_en_goal 50
push_out_count 0
RUN 11
valores_ideales [0,0,0,0,0,0,0,0,0,0,0,0,0,0,0,0,0,0,0,0,0,0,0,0,0,0,0,0,0,0,0,0,0,0,0,0,0,0,0,0,0,0,0,0,0,0,0,0,0,0]
costo_por_agente [50,154,10,22,12,21,78,10,15,15,35,26,36,15,32,46,31,55,82,43,68,3,135,74,52,9,25,40,8,7,17,18,25,25,16,16,29,87,16,22,59,28,17,34,5,15,23,19,2,51]
completion_time_por_agente [51,155,12,23,13,22,79,11,16,16,36,27,39,16,33,49,32,56,83,50,69,4,136,75,54,10,26,44,9,8,18,19,26,26,17,17,30,88,17,23,60,29,18,37,6,16,24,20,3,52]
tiempo_ultimo_agente_goal 155
tiempo_en_acabar 155
tiempo_promedio 36.000000
agentes_en_goal 50
push_out_count 0
RUN 12
valores_ideales [0,0,0,0,0,0,0,0,0,0,0,0,0,0,0,0,0,0,0,0,0,0,0,0,0,0,0,0,0,0,0,0,0,0,0,0,0,0,0,0,0,0,0,0,0,0,0,0,0,0]
costo_por_agente [44,94,12,22,10,19,36,10,15,15,123,26,34,15,32,46,31,43,64,35,60,3,121,112,42,9,25,46,8,7,17,18,25,25,16,16,29,65,16,22,37,28,17,36,5,15,27,19,2,53]
completion_time_por_agente [46,95,13,23,11,20,37,11,16,16,124,27,35,16,33,47,32,47,65,36,61,4,122,113,43,10,26,48,9,8,18,19,26,26,17,17,30,66,17,23,38,29,18,37,6,16,30,20,3,54]
tiempo_ultimo_agente_goal 124
tiempo_en_acabar 124
tiempo_promedio 34.080002
agentes_en_goal 50
push_out_count 0
RUN 13
valores_ideales [0,0,0,0,0,0,0,0,0,0,0,0,0,0,0,0,0,0,0,0,0,0,0,0,0,0,0,0,0,0,0,0,0,0,0,0,0,0,0,0,0,0,0,0,0,0,0,0,0,0]
costo_por_agente [58,114,12,22,12,21,38,10,21,15,51,26,46,15,32,54,31,35,40,33,54,3,149,100,42,9,25,40,8,7,17,18,25,25,16,16,29,99,16,22,37,28,17,32,5,15,25,19,2,55]
completion_time_por_agente [59,115,13,23,13,22,43,11,22,16,53,27,47,16,33,55,32,40,41,35,55,4,150,101,44,10,26,41,9,8,18,19,26,26,17,17,30,100,17,23,39,29,18,33,6,16,27,20,3,56]
tiempo_ultimo_agente_goal 150
tiempo_en_acabar 150
tiempo_promedio 34.080002
agentes_en_goal 50
push_out_count 0
RUN 14
valores_ideales [0,0,0,0,0,0,0,0,0,0,0,0,0,0,0,0,0,0,0,0,0,0,0,0,0,0,0,0,0,0,0,0,0,0,0,0,0,0,0,0,0,0,0,0,0,0,0,0,0,0]
costo_por_agente [52,174,12,22,10,19,70,10,15,15,143,26,32,15,32,54,31,41,68,27,74,3,117,62,48,9,23,36,8,7,17,18,25,25,16,20,31,71,16,22,41,28,17,36,5,15,23,19,2,51]
completion_time_por_agente [54,175,13,23,11,20,71,11,16,16,144,27,34,16,33,55,32,42,69,28,76,4,118,63,52,10,24,38,9,8,18,19,26,26,17,21,32,72,17,23,44,29,18,39,6,16,24,20,3,53]
tiempo_ultimo_agente_goal 175
tiempo_en_acabar 175
tiempo_promedio 36.299999
agentes_en_goal 50
push_out_count 0
RUN 15
valores_ideales [0,0,0,0,0,0,0,0,0,0,0,0,0,0,0,0,0,0,0,0,0,0,0,0,0,0,0,0,0,0,0,0,0,0,0,0,0,0,0,0,0,0,0,0,0,0,0,0,0,0]
costo_por_agente [44,94,10,24,12,19,38,10,17,15,85,26,48,15,36,50,31,31,74,27,80,3,101,76,144,9,25,24,8,7,17,18,27,25,16,16,27,71,16,22,59,28,17,44,5,15,23,19,2,49]
completion_time_por_agente [46,95,11,25,13,20,42,11,19,16,86,27,51,16,43,51,32,33,75,30,82,4,102,77,146,10,26,27,9,8,18,19,28,26,17,17,28,72,17,23,60,29,18,45,6,16,24,20,3,50]
tiempo_ultimo_agente_goal 146
tiempo_en_acabar 146
tiempo_promedio 35.380001
agentes_en_goal 50
push_out_count 0
RUN 16
valores_ideales [0,0,0,0,0,0,0,0,0,0,0,0,0,0,0,0,0,0,0,0,0,0,0,0,0,0,0,0,0,0,0,0,0,0,0,0,0,0,0,0,0,0,0,0,0,0,0,0,0,0]
costo_por_agente [66,98,10,22,12,19,96,10,15,15,41,26,38,15,46,44,31,39,104,27,88,3,101,62,46,9,25,48,8,7,17,18,25,25,16,18,29,67,16,24,35,28,17,36,5,17,27,19,2,53]
completion_time_por_agente [67,99,12,23,13,20,97,11,16,16,46,27,39,16,47,45,32,40,105,31,89,4,103,63,49,10,26,49,9,8,18,19,26,26,17,19,30,68,17,25,36,29,18,40,6,18,33,20,3,54]
tiempo_ultimo_agente_goal 105
tiempo_en_acabar 105
tiempo_promedio 34.680000
agentes_en_goal 50
push_out_count 0
RUN 17
valores_ideales [0,0,0,0,0,0,0,0,0,0,0,0,0,0,0,0,0,0,0,0,0,0,0,0,0,0,0,0,0,0,0,0,0,0,0,0,0,0,0,0,0,0,0,0,0,0,0,0,0,0]
costo_por_agente [42,136,12,24,10,19,38,10,15,15,73,26,40,15,32,52,31,45,90,29,60,3,125,82,42,9,25,28,8,7,17,18,25,27,16,14,27,67,16,22,43,28,17,38,5,15,23,19,2,47]
completion_time_por_agente [43,137,14,25,11,20,40,11,16,16,74,27,42,16,33,53,32,47,91,30,61,4,126,83,43,10,26,29,9,8,18,19,26,28,17,15,28,68,17,23,45,29,18,40,6,16,25,20,3,48]
tiempo_ultimo_agente_goal 137
tiempo_en_acabar 137
tiempo_promedio 33.720001
agentes_en_goal 50
push_out_count 0
RUN 18
valores_ideales [0,0,0,0,0,0,0,0,0,0,0,0,0,0,0,0,0,0,0,0,0,0,0,0,0,0,0,0,0,0,0,0,0,0,0,0,0,0,0,0,0,0,0,0,0,0,0,0,0,0]
costo_por_agente [60,144,14,22,10,19,38,10,15,15,113,26,34,15,32,42,31,31,88,27,110,3,109,122,46,9,23,32,8,7,17,18,25,25,16,16,29,99,16,24,43,28,17,30,5,15,23,19,2,45]
completion_time_por_agente [61,145,15,23,11,20,43,11,16,16,114,27,36,16,33,45,32,33,89,29,111,4,111,123,49,10,24,34,9,8,18,19,26,26,17,17,30,100,17,25,44,29,18,31,6,16,24,20,3,47]
tiempo_ultimo_agente_goal 145
tiempo_en_acabar 145
tiempo_promedio 36.619999
agentes_en_goal 50
push_out_count 0
RUN 19
valores_ideales [0,0,0,0,0,0,0,0,0,0,0,0,0,0,0,0,0,0,0,0,0,0,0,0,0,0,0,0,0,0,0,0,0,0,0,0,0,0,0,0,0,0,0,0,0,0,0,0,0,0]
costo_por_agente [58,88,10,22,10,21,62,10,15,15,47,26,40,15,36,64,31,41,50,33,54,3,143,88,108,9,25,52,8,7,17,18,25,25,16,14,29,75,16,22,57,28,17,34,5,15,51,19,2,59]
completion_time_por_agente [60,89,11,23,11,22,70,11,16,16,56,27,46,16,49,66,32,45,52,43,55,4,144,89,110,10,26,56,9,8,18,19,26,26,17,15,30,78,17,23,58,29,18,43,6,16,63,20,3,61]
tiempo_ultimo_agente_goal 144
tiempo_en_acabar 144
tiempo_promedio 37.160000
agentes_en_goal 50
push_out_count 0
RUN 20
valores_ideales [0,0,0,0,0,0,0,0,0,0,0,0,0,0,0,0,0,0,0,0,0,0,0,0,0,0,0,0,0,0,0,0,0,0,0,0,0,0,0,0,0,0,0,0,0,0,0,0,0,0]
costo_por_agente [66,94,14,22,10,19,42,10,15,15,35,26,34,15,34,60,31,41,50,65,104,3,177,94,42,11,25,38,8,7,17,18,25,25,16,16,31,95,16,22,53,28,17,38,5,15,23,21,2,45]
completion_time_por_agente [67,95,15,23,11,20,43,11,16,16,37,27,35,16,35,61,32,42,51,66,105,4,178,95,43,12,26,39,9,8,18,19,26,26,17,17,32,96,17,23,55,29,18,39,6,16,24,22,3,46]
tiempo_ultimo_agente_goal 178
tiempo_en_acabar 178
tiempo_promedio 35.740002
agentes_en_goal 50
push_out_count 0
RUN 21
valores_ideales [0,0,0,0,0,0,0,0,0,0,0,0,0,0,0,0,0,0,0,0,0,0,0,0,0,0,0,0,0,0,0,0,0,0,0,0,0,0,0,0,0,0,0,0,0,0,0,0,0,0]
costo_por_agente [60,168,14,22,10,21,96,10,15,15,81,26,40,15,34,72,31,39,84,69,34,3,117,68,48,9,25,42,8,7,17,18,25,25,16,16,29,61,16,24,41,28,17,30,5,17,23,19,2,45]
completion_time_por_agente [61,169,15,23,11,23,97,11,16,16,82,27,42,16,36,73,32,40,85,72,37,4,118,69,50,10,26,43,9,8,18,19,26,26,17,17,30,62,17,25,42,29,18,33,6,18,24,20,3,46]
tiempo_ultimo_agente_goal 169
tiempo_en_acabar 169
tiempo_promedio 36.340000
agentes_en_goal 50
push_out_count 0
RUN 22
valores_ideales [0,0,0,0,0,0,0,0,0,0,0,0,0,0,0,0,0,0,0,0,0,0,0,0,0,0,0,0,0,0,0,0,0,0,0,0,0,0,0,0,0,0,0,0,0,0,0,0,0,0]
costo_por_agente [72,132,14,22,10,19,40,10,15,15,91,26,36,15,42,50,31,29,44,25,80,3,113,68,128,9,25,40,8,7,17,18,25,25,16,20,29,71,16,22,35,28,17,34,13,15,27,19,2,55]
completion_time_por_agente [73,133,15,23,11,20,41,11,16,16,92,27,37,16,44,51,32,31,45,26,82,4,114,69,129,10,26,41,9,8,18,19,26,26,17,21,30,72,17,23,36,29,18,35,14,16,29,20,3,56]
tiempo_ultimo_agente_goal 133
tiempo_en_acabar 133
tiempo_promedio 35.540001
agentes_en_goal 50
push_out_count 0
RUN 23
valores_ideales [0,0,0,0,0,0,0,0,0,0,0,0,0,0,0,0,0,0,0,0,0,0,0,0,0,0,0,0,0,0,0,0,0,0,0,0,0,0,0,0,0,0,0,0,0,0,0,0,0,0]
costo_por_agente [50,116,14,22,10,19,44,10,17,15,35,30,56,15,34,54,31,23,82,71,88,3,151,66,50,11,23,54,8,7,17,18,27,25,16,14,29,71,16,22,35,28,17,46,5,15,31,19,2,53]
completion_time_por_agente [53,117,15,23,11,20,45,11,18,16,37,31,63,16,36,56,32,29,83,80,90,4,152,67,55,12,24,56,9,8,18,19,28,26,17,15,30,72,17,23,41,29,18,49,6,16,38,20,3,57]
tiempo_ultimo_agente_goal 152
tiempo_en_acabar 152
tiempo_promedio 36.220001
agentes_en_goal 50
push_out_count 0
RUN 24
valores_ideales [0,0,0,0,0,0,0,0,0,0,0,0,0,0,0,0,0,0,0,0,0,0,0,0,0,0,0,0,0,0,0,0,0,0,0,0,0,0,0,0,0,0,0,0,0,0,0,0,0,0]
costo_por_agente [48,104,10,22,12,19,78,10,15,15,43,26,60,15,46,42,31,43,54,37,116,3,131,98,58,9,27,28,8,7,17,18,25,25,16,16,29,123,16,22,35,28,17,48,5,15,29,19,2,41]
completion_time_por_agente [50,105,12,23,13,20,83,11,16,16,49,27,62,16,48,46,32,44,55,42,118,4,132,99,60,10,28,35,9,8,18,19,26,26,17,17,30,124,17,23,42,29,18,49,6,16,34,20,3,44]
tiempo_ultimo_agente_goal 132
tiempo_en_acabar 132
tiempo_promedio 37.020000
agentes_en_goal 50
push_out_count 0
RUN 25
valores_ideales [0,0,0,0,0,0,0,0,0,0,0,0,0,0,0,0,0,0,0,0,0,0,0,0,0,0,0,0,0,0,0,0,0,0,0,0,0,0,0,0,0,0,0,0,0,0,0,0,0,0]
costo_por_agente [56,168,10,22,12,19,42,10,15,15,81,26,38,15,36,50,31,39,56,61,82,3,79,94,42,9,23,30,8,7,17,18,25,25,16,14,29,71,16,22,47,28,17,32,5,15,23,19,2,53]
completion_time_por_agente [57,169,11,23,13,20,43,11,16,16,82,27,39,16,39,51,32,41,57,62,83,4,80,95,44,10,24,33,9,8,18,19,26,26,17,15,30,72,17,23,48,29,18,34,6,16,24,20,3,55]
tiempo_ultimo_agente_goal 169
tiempo_en_acabar 169
tiempo_promedio 34.619999
agentes_en_goal 50
push_out_count 0
RUN 26
valores_ideales [0,0,0,0,0,0,0,0,0,0,0,0,0,0,0,0,0,0,0,0,0,0,0,0,0,0,0,0,0,0,0,0,0,0,0,0,0,0,0,0,0,0,0,0,0,0,0,0,0,0]
costo_por_agente [50,90,14,22,12,19,38,10,17,15,35,26,40,15,32,56,31,41,52,27,52,3,117,102,44,9,25,34,8,7,17,18,27,25,20,14,29,73,16,24,47,28,17,30,5,15,23,19,2,59]
completion_time_por_agente [52,91,15,23,13,20,40,11,18,16,37,27,41,16,34,57,32,42,53,28,54,4,118,103,45,10,26,36,9,8,18,19,28,26,21,15,30,74,17,25,48,29,18,31,6,16,24,20,3,60]
tiempo_ultimo_agente_goal 118
tiempo_en_acabar 118
tiempo_promedio 32.139999
agentes_en_goal 50
push_out_count 0
RUN 27
valores_ideales [0,0,0,0,0,0,0,0,0,0,0,0,0,0,0,0,0,0,0,0,0,0,0,0,0,0,0,0,0,0,0,0,0,0,0,0,0,0,0,0,0,0,0,0,0,0,0,0,0,0]
costo_por_agente [60,154,12,22,10,21,74,10,15,15,107,26,32,15,32,54,31,23,42,45,88,3,103,76,50,9,25,42,8,7,17,18,25,25,16,16,29,123,16,22,39,28,17,42,5,15,27,19,2,53]
completion_time_por_agente [61,155,13,23,11,22,75,11,16,16,108,27,35,16,36,55,32,25,44,46,90,4,104,77,55,10,26,44,9,8,18,19,26,26,17,17,30,124,17,23,41,29,18,47,6,16,30,20,3,55]
tiempo_ultimo_agente_goal 155
tiempo_en_acabar 155
tiempo_promedio 36.720001
agentes_en_goal 50
push_out_count 0
RUN 28
valores_ideales [0,0,0,0,0,0,0,0,0,0,0,0,0,0,0,0,0,0,0,0,0,0,0,0,0,0,0,0,0,0,0,0,0,0,0,0,0,0,0,0,0,0,0,0,0,0,0,0,0,0]
costo_por_agente [62,130,12,22,10,19,104,10,15,15,157,26,32,15,32,52,31,37,64,35,88,3,151,66,44,13,25,32,8,7,17,18,25,27,16,16,29,105,18,24,47,30,17,30,9,15,23,19,2,45]
completion_time_por_agente [63,131,13,23,11,20,105,11,16,16,158,27,33,16,33,53,32,38,65,36,89,4,153,67,45,14,26,34,9,8,18,19,26,28,17,17,30,106,19,25,48,31,18,31,10,16,24,20,3,46]
tiempo_ultimo_agente_goal 158
tiempo_en_acabar 158
tiempo_promedio 38.020000
agentes_en_goal 50
push_out_count 0
RUN 29
valores_ideales [0,0,0,0,0,0,0,0,0,0,0,0,0,0,0,0,0,0,0,0,0,0,0,0,0,0,0,0,0,0,0,0,0,0,0,0,0,0,0,0,0,0,0,0,0,0,0,0,0,0]
costo_por_agente [58,68,10,22,10,19,78,10,15,15,49,26,60,17,34,54,31,27,52,29,98,3,121,100,44,9,25,58,8,7,17,18,25,27,16,16,29,95,16,24,33,28,17,50,5,15,33,23,2,51]
completion_time_por_agente [59,69,11,23,11,20,79,11,16,16,55,27,62,18,36,55,32,28,54,34,99,4,122,101,49,10,26,60,9,8,18,19,26,28,17,17,30,96,17,25,34,29,18,52,6,16,39,24,3,53]
tiempo_ultimo_agente_goal 122
tiempo_en_acabar 122
tiempo_promedio 35.419998
agentes_en_goal 50
push_out_count 0
RUN 30
valores_ideales [0,0,0,0,0,0,0,0,0,0,0,0,0,0,0,0,0,0,0,0,0,0,0,0,0,0,0,0,0,0,0,0,0,0,0,0,0,0,0,0,0,0,0,0,0,0,0,0,0,0]
costo_por_agente [56,116,10,22,12,19,74,10,15,15,39,30,34,15,34,36,31,39,52,29,94,3,119,84,42,9,29,52,8,7,17,18,25,25,16,16,29,67,16,22,37,28,17,52,5,15,27,19,2,49]
completion_time_por_agente [57,117,12,23,13,20,75,11,16,16,43,31,36,16,36,39,32,40,53,30,95,4,120,85,43,10,30,53,9,8,18,19,26,26,17,17,30,68,17,23,38,29,18,53,6,16,33,20,3,50]
tiempo_ultimo_agente_goal 120
tiempo_en_acabar 120
tiempo_promedio 34.000000
agentes_en_goal 50
push_out_count 0
RUN 31
valores_ideales [0,0,0,0,0,0,0,0,0,0,0,0,0,0,0,0,0,0,0,0,0,0,0,0,0,0,0,0,0,0,0,0,0,0,0,0,0,0,0,0,0,0,0,0,0,0,0,0,0,0]
costo_por_agente [58,136,14,22,10,19,46,10,15,15,77,26,46,15,38,72,31,27,68,33,94,3,105,94,50,9,23,38,8,7,17,18,25,25,16,16,29,79,16,22,35,28,17,32,9,15,27,19,2,53]
completion_time_por_agente [59,137,15,23,11,20,48,11,16,16,78,27,47,16,41,73,32,29,69,35,96,4,106,95,51,10,24,39,9,8,18,19,26,26,17,17,30,80,17,23,36,29,18,34,10,16,28,20,3,54]
tiempo_ultimo_agente_goal 137
tiempo_en_acabar 137
tiempo_promedio 35.320000
agentes_en_goal 50
push_out_count 0
RUN 32
valores_ideales [0,0,0,0,0,0,0,0,0,0,0,0,0,0,0,0,0,0,0,0,0,0,0,0,0,0,0,0,0,0,0,0,0,0,0,0,0,0,0,0,0,0,0,0,0,0,0,0,0,0]
costo_por_agente [46,154,10,22,10,19,84,10,15,15,81,26,48,15,34,42,31,29,68,71,88,3,121,58,46,9,25,40,8,7,17,18,25,27,16,16,31,105,18,22,57,30,17,34,5,15,23,19,2,47]
completion_time_por_agente [47,155,11,23,11,20,85,11,16,16,82,27,51,16,36,43,32,32,69,72,90,4,122,59,48,10,26,41,9,8,18,19,26,28,17,17,32,106,19,23,58,31,18,39,6,16,24,20,3,48]
tiempo_ultimo_agente_goal 155
tiempo_en_acabar 155
tiempo_promedio 36.799999
agentes_en_goal 50
push_out_count 0
RUN 33
valores_ideales [0,0,0,0,0,0,0,0,0,0,0,0,0,0,0,0,0,0,0,0,0,0,0,0,0,0,0,0,0,0,0,0,0,0,0,0,0,0,0,0,0,0,0,0,0,0,0,0,0,0]
costo_por_agente [66,66,12,22,10,19,92,10,19,15,75,26,36,15,34,52,31,25,42,27,102,3,129,84,42,9,25,36,8,7,17,18,25,25,16,16,31,67,16,26,31,28,17,44,5,15,27,19,2,49]
completion_time_por_agente [67,67,13,23,11,20,93,11,21,16,76,27,38,16,40,53,32,27,43,29,103,4,130,85,44,10,26,37,9,8,18,19,26,26,17,17,32,68,17,27,34,29,18,45,6,16,33,20,3,50]
tiempo_ultimo_agente_goal 130
tiempo_en_acabar 130
tiempo_promedio 34.000000
agentes_en_goal 50
push_out_count 0
RUN 34
valores_ideales [0,0,0,0,0,0,0,0,0,0,0,0,0,0,0,0,0,0,0,0,0,0,0,0,0,0,0,0,0,0,0,0,0,0,0,0,0,0,0,0,0,0,0,0,0,0,0,0,0,0]
costo_por_agente [64,110,16,22,10,19,84,10,15,15,45,26,42,15,38,52,31,29,82,27,60,3,99,68,42,9,25,40,8,7,17,18,25,27,16,16,29,65,16,26,55,28,17,36,5,15,23,19,2,65]
completion_time_por_agente [65,111,17,23,11,20,85,11,16,16,51,27,43,16,44,53,32,35,83,33,61,4,100,69,43,10,26,43,9,8,18,19,26,28,17,17,30,66,17,27,56,29,18,42,6,16,25,20,3,66]
tiempo_ultimo_agente_goal 111
tiempo_en_acabar 111
tiempo_promedio 34.220001
agentes_en_goal 50
push_out_count 0
RUN 35
valores_ideales [0,0,0,0,0,0,0,0,0,0,0,0,0,0,0,0,0,0,0,0,0,0,0,0,0,0,0,0,0,0,0,0,0,0,0,0,0,0,0,0,0,0,0,0,0,0,0,0,0,0]
costo_por_agente [50,68,12,22,10,19,94,10,15,15,89,26,32,15,32,66,31,31,38,27,72,3,137,104,44,9,25,40,8,7,17,18,25,25,16,16,29,75,16,22,43,28,17,30,9,15,25,19,2,47]
completion_time_por_agente [51,69,13,23,11,20,95,11,16,16,90,27,33,16,33,67,32,33,39,28,74,4,138,105,45,10,26,41,9,8,18,19,26,26,17,17,30,76,17,23,44,29,18,32,10,16,26,20,3,48]
tiempo_ultimo_agente_goal 138
tiempo_en_acabar 138
tiempo_promedio 33.959999
agentes_en_goal 50
push_out_count 0
RUN 36
valores_ideales [0,0,0,0,0,0,0,0,0,0,0,0,0,0,0,0,0,0,0,0,0,0,0,0,0,0,0,0,0,0,0,0,0,0,0,0,0,0,0,0,0,0,0,0,0,0,0,0,0,0]
costo_por_agente [50,88,14,22,10,19,38,10,15,15,145,26,36,15,34,68,31,47,70,69,34,3,113,82,56,9,25,26,8,7,17,18,25,25,16,16,31,87,16,22,43,28,17,30,5,17,23,19,2,73]
completion_time_por_agente [51,89,15,23,11,20,39,11,16,16,146,27,37,16,36,69,32,48,71,70,36,4,114,83,57,10,26,27,9,8,18,19,26,26,17,17,32,88,17,23,44,29,18,31,6,18,24,20,3,74]
tiempo_ultimo_agente_goal 146
tiempo_en_acabar 146
tiempo_promedio 35.340000
agentes_en_goal 50
push_out_count 0
RUN 37
valores_ideales [0,0,0,0,0,0,0,0,0,0,0,0,0,0,0,0,0,0,0,0,0,0,0,0,0,0,0,0,0,0,0,0,0,0,0,0,0,0,0,0,0,0,0,0,0,0,0,0,0,0]
costo_por_agente [48,100,10,22,10,21,76,10,15,15,37,26,48,15,34,50,31,25,68,35,34,3,115,106,54,9,25,40,8,7,17,18,25,27,16,18,31,99,18,22,39,30,17,56,47,15,25,19,2,67]
completion_time_por_agente [49,101,11,23,11,22,77,11,16,16,38,27,50,16,35,53,32,28,70,37,38,4,116,107,55,10,26,45,9,8,18,19,26,28,17,19,32,100,19,23,40,31,18,57,49,16,27,20,3,68]
tiempo_ultimo_agente_goal 116
tiempo_en_acabar 116
tiempo_promedio 35.419998
agentes_en_goal 50
push_out_count 0
RUN 38
valores_ideales [0,0,0,0,0,0,0,0,0,0,0,0,0,0,0,0,0,0,0,0,0,0,0,0,0,0,0,0,0,0,0,0,0,0,0,0,0,0,0,0,0,0,0,0,0,0,0,0,0,0]
costo_por_agente [52,84,14,22,10,19,96,10,15,15,99,26,36,15,34,38,31,37,66,29,50,3,113,76,52,9,25,26,8,7,17,18,25,27,16,20,29,67,18,22,39,30,17,38,5,15,23,19,2,55]
completion_time_por_agente [54,85,15,23,11,20,98,11,16,16,100,27,38,16,36,39,32,38,67,30,52,4,114,77,53,10,26,27,9,8,18,19,26,28,17,21,30,68,19,23,41,31,18,40,6,16,24,20,3,56]
tiempo_ultimo_agente_goal 114
tiempo_en_acabar 114
tiempo_promedio 33.520000
agentes_en_goal 50
push_out_count 0
RUN 39
valores_ideales [0,0,0,0,0,0,0,0,0,0,0,0,0,0,0,0,0,0,0,0,0,0,0,0,0,0,0,0,0,0,0,0,0,0,0,0,0,0,0,0,0,0,0,0,0,0,0,0,0,0]
costo_por_agente [60,82,14,22,10,19,36,10,15,15,39,26,34,15,32,98,31,43,60,63,94,3,101,76,154,9,25,30,8,7,17,18,25,25,16,16,29,85,18,22,45,28,17,30,5,15,25,19,2,43]
completion_time_por_agente [61,83,15,23,11,20,37,11,17,16,40,27,36,16,33,99,32,44,61,64,97,4,102,77,155,10,26,31,9,8,18,19,26,26,17,17,30,86,19,23,46,29,18,31,6,16,26,20,3,44]
tiempo_ultimo_agente_goal 155
tiempo_en_acabar 155
tiempo_promedio 35.700001
agentes_en_goal 50
push_out_count 0
