RUN 0
valores_ideales [0,0,0,0,0,0,0,0,0,0,0,0,0,0,0,0,0,0,0,0,0,0,0,0,0,0,0,0,0,0,0,0,0,0,0,0,0,0,0,0,0,0,0,0,0,0,0,0,0,0,0,0,0,0,0,0,0,0,0,0,0,0,0,0,0,0,0,0,0,0,0,0,0,0,0,0,0,0,0,0,0,0,0,0,0,0,0,0,0,0,0,0,0,0,0,0,0,0,0,0,0,0,0,0,0,0,0,0,0,0,0,0,0,0,0,0,0,0,0,0,0,0,0,0,0,0,0,0,0,0]
costo_por_agente [312,291,213,41,42,27,8,14,59,14,254,91,292,17,8,15,45,14,30,5,140,13,591,192,355,434,312,6,30,36,19,205,15,114,20,24,49,266,20,23,6,424,104,51,12,11,17,105,99,2,39,390,27,12,23,84,107,70,344,244,89,236,14,21,129,264,68,114,511,28,28,79,12,307,12,335,53,6,40,82,138,482,30,65,148,36,20,13,196,18,16,18,21,356,77,229,8,305,123,20,455,140,14,83,10,28,1,11,35,18,58,40,59,93,10,6,6,510,330,1,272,347,23,17,44,59,81,1,29,24]
completion_time_por_agente [316,295,218,45,43,29,9,15,63,15,255,93,293,18,9,16,55,15,42,6,143,14,592,193,357,435,320,7,33,47,20,206,16,115,22,25,53,269,21,24,7,430,105,56,13,12,18,107,102,3,55,392,28,13,24,87,109,75,345,252,90,238,15,23,130,267,72,115,520,29,30,85,13,308,13,338,58,7,42,84,139,485,31,70,163,43,21,14,197,19,17,19,22,363,78,230,9,306,126,21,456,141,15,87,11,29,2,12,40,19,61,42,66,97,11,7,7,512,331,2,274,349,24,18,53,62,85,2,35,26]
tiempo_ultimo_agente_goal 592
tiempo_en_acabar 592
tiempo_promedio 113.238464
agentes_en_goal 130
push_out_count 0
RUN 1
valores_ideales [0,0,0,0,0,0,0,0,0,0,0,0,0,0,0,0,0,0,0,0,0,0,0,0,0,0,0,0,0,0,0,0,0,0,0,0,0,0,0,0,0,0,0,0,0,0,0,0,0,0,0,0,0,0,0,0,0,0,0,0,0,0,0,0,0,0,0,0,0,0,0,0,0,0,0,0,0,0,0,0,0,0,0,0,0,0,0,0,0,0,0,0,0,0,0,0,0,0,0,0,0,0,0,0,0,0,0,0,0,0,0,0,0,0,0,0,0,0,0,0,0,0,0,0,0,0,0,0,0,0]
costo_por_agente [466,197,115,47,40,189,12,14,67,12,232,41,356,31,8,15,53,14,36,5,148,11,509,216,317,386,506,6,30,38,19,173,15,74,20,24,63,376,20,25,4,88,148,73,16,17,17,99,49,2,411,136,31,12,27,100,165,88,380,252,93,292,12,19,241,194,54,172,331,30,22,57,22,497,12,357,53,6,60,26,172,376,34,77,30,38,20,17,138,18,16,18,25,202,67,447,2,451,99,24,351,308,18,43,2,26,1,11,29,18,46,32,73,125,10,6,8,448,398,1,110,331,15,17,198,219,73,1,25,10]
completion_time_por_agente [479,199,117,63,41,191,13,15,69,13,233,52,359,33,9,16,63,15,42,6,149,12,510,217,319,387,510,7,31,53,20,175,16,79,21,25,69,378,21,26,5,92,150,79,17,18,18,100,65,3,413,138,33,13,28,102,169,91,382,253,100,293,13,20,245,197,58,174,334,32,23,62,25,498,13,358,62,7,77,28,174,384,35,80,35,41,21,18,140,19,17,19,26,211,68,452,3,453,101,25,353,310,19,51,3,27,2,12,36,19,52,33,75,130,11,7,9,449,399,2,116,334,16,18,201,223,76,2,26,11]
tiempo_ultimo_agente_goal 510
tiempo_en_acabar 510
tiempo_promedio 116.807693
agentes_en_goal 130
push_out_count 0
RUN 2
valores_ideales [0,0,0,0,0,0,0,0,0,0,0,0,0,0,0,0,0,0,0,0,0,0,0,0,0,0,0,0,0,0,0,0,0,0,0,0,0,0,0,0,0,0,0,0,0,0,0,0,0,0,0,0,0,0,0,0,0,0,0,0,0,0,0,0,0,0,0,0,0,0,0,0,0,0,0,0,0,0,0,0,0,0,0,0,0,0,0,0,0,0,0,0,0,0,0,0,0,0,0,0,0,0,0,0,0,0,0,0,0,0,0,0,0,0,0,0,0,0,0,0,0,0,0,0,0,0,0,0,0,0]
costo_por_agente [64,433,37,165,40,31,8,14,49,20,346,31,320,31,8,15,65,16,82,5,416,15,593,304,239,402,410,6,36,38,19,423,15,98,16,24,55,410,24,29,4,140,132,73,18,27,25,165,51,2,423,356,29,14,23,56,195,96,330,176,59,262,14,21,139,250,56,236,511,32,22,65,22,443,12,339,27,6,62,70,208,362,32,57,22,16,20,13,232,18,20,18,21,214,77,435,2,565,115,20,497,278,16,71,4,24,1,11,35,18,52,44,95,43,10,6,8,356,226,1,448,235,15,17,216,27,141,1,27,8]
completion_time_por_agente [70,437,44,172,41,33,9,15,52,21,348,32,324,34,9,16,71,17,86,6,420,16,596,306,241,404,415,7,40,41,20,424,16,99,17,25,61,411,25,30,5,141,134,77,19,28,26,168,63,3,428,357,30,15,24,58,211,98,332,179,61,266,15,24,141,252,57,237,520,33,23,70,23,444,13,342,31,7,65,74,209,364,35,61,25,17,21,14,234,19,21,19,22,224,78,439,3,566,116,21,500,279,17,72,5,25,2,12,47,19,56,45,97,48,11,7,9,357,229,2,449,236,16,18,221,34,143,2,28,9]
tiempo_ultimo_agente_goal 596
tiempo_en_acabar 596
tiempo_promedio 123.446152
agentes_en_goal 130
push_out_count 0
RUN 3
valores_ideales [0,0,0,0,0,0,0,0,0,0,0,0,0,0,0,0,0,0,0,0,0,0,0,0,0,0,0,0,0,0,0,0,0,0,0,0,0,0,0,0,0,0,0,0,0,0,0,0,0,0,0,0,0,0,0,0,0,0,0,0,0,0,0,0,0,0,0,0,0,0,0,0,0,0,0,0,0,0,0,0,0,0,0,0,0,0,0,0,0,0,0,0,0,0,0,0,0,0,0,0,0,0,0,0,0,0,0,0,0,0,0,0,0,0,0,0,0,0,0,0,0,0,0,0,0,0,0,0,0,0]
costo_por_agente [374,431,211,77,38,31,6,14,33,14,338,49,354,29,8,15,61,14,84,5,324,17,295,158,73,272,64,6,32,38,19,509,15,96,16,24,49,422,24,35,4,60,88,97,16,17,27,71,43,2,35,196,33,12,23,60,239,94,338,226,83,360,12,65,187,256,52,126,375,34,20,37,14,469,12,381,55,6,56,72,90,406,32,63,36,16,20,19,380,20,20,18,23,292,101,203,2,533,117,20,407,158,14,79,6,28,1,11,63,18,38,30,49,63,10,6,6,574,408,1,266,373,19,17,110,65,123,1,27,8]
completion_time_por_agente [379,433,213,80,39,35,7,15,37,15,340,52,356,30,9,16,62,15,87,6,325,18,296,159,79,273,67,7,35,43,20,510,16,97,17,25,55,423,25,37,5,61,89,100,18,18,28,72,48,3,37,200,34,13,24,61,243,96,341,229,89,361,13,69,188,258,56,132,376,35,21,42,16,471,13,382,57,7,60,79,91,408,33,66,43,17,21,20,381,21,21,19,24,295,102,204,3,535,118,21,408,159,15,82,8,29,2,12,65,19,40,31,51,66,11,7,7,577,409,2,267,375,20,18,113,69,129,2,28,9]
tiempo_ultimo_agente_goal 577
tiempo_en_acabar 577
tiempo_promedio 112.853844
agentes_en_goal 130
push_out_count 0
RUN 4
valores_ideales [0,0,0,0,0,0,0,0,0,0,0,0,0,0,0,0,0,0,0,0,0,0,0,0,0,0,0,0,0,0,0,0,0,0,0,0,0,0,0,0,0,0,0,0,0,0,0,0,0,0,0,0,0,0,0,0,0,0,0,0,0,0,0,0,0,0,0,0,0,0,0,0,0,0,0,0,0,0,0,0,0,0,0,0,0,0,0,0,0,0,0,0,0,0,0,0,0,0,0,0,0,0,0,0,0,0,0,0,0,0,0,0,0,0,0,0,0,0,0,0,0,0,0,0,0,0,0,0,0,0]
costo_por_agente [58,301,133,99,44,343,6,14,71,16,78,33,382,25,8,17,37,14,34,5,256,13,179,148,191,156,58,6,274,40,21,599,13,66,20,24,49,272,20,23,14,148,128,25,14,13,21,127,167,2,179,226,35,12,21,82,133,74,360,36,109,518,20,17,115,308,54,250,441,32,22,55,16,461,12,359,89,6,32,48,82,382,26,101,22,14,22,13,226,18,16,18,21,56,85,589,6,531,89,20,473,236,16,93,2,24,1,11,55,18,60,38,91,81,10,6,8,126,430,1,52,461,15,17,52,169,107,1,25,8]
completion_time_por_agente [67,303,135,104,45,344,7,15,84,17,81,37,384,29,9,18,40,15,42,6,259,14,182,149,192,157,65,7,275,44,22,600,14,72,21,25,50,274,21,24,15,154,131,30,15,14,22,128,169,3,182,228,36,13,22,84,137,76,361,39,113,519,22,18,118,309,59,251,444,33,23,61,18,463,13,361,95,7,34,52,83,386,27,103,23,16,23,14,227,19,17,19,22,61,89,591,7,534,92,21,474,238,17,95,3,25,2,12,58,19,65,39,92,85,11,7,9,131,432,2,55,466,16,18,55,171,111,2,27,9]
tiempo_ultimo_agente_goal 600
tiempo_en_acabar 600
tiempo_promedio 109.546150
agentes_en_goal 130
push_out_count 0
RUN 5
valores_ideales [0,0,0,0,0,0,0,0,0,0,0,0,0,0,0,0,0,0,0,0,0,0,0,0,0,0,0,0,0,0,0,0,0,0,0,0,0,0,0,0,0,0,0,0,0,0,0,0,0,0,0,0,0,0,0,0,0,0,0,0,0,0,0,0,0,0,0,0,0,0,0,0,0,0,0,0,0,0,0,0,0,0,0,0,0,0,0,0,0,0,0,0,0,0,0,0,0,0,0,0,0,0,0,0,0,0,0,0,0,0,0,0,0,0,0,0,0,0,0,0,0,0,0,0,0,0,0,0,0,0]
costo_por_agente [74,353,33,91,42,291,10,14,59,12,196,39,266,35,10,15,55,14,166,5,272,11,135,228,231,168,444,6,30,44,21,451,15,92,22,24,345,620,22,29,14,58,96,81,18,13,17,211,91,2,375,414,27,22,25,86,185,72,272,40,111,358,16,41,167,194,54,30,279,30,22,55,12,403,16,383,41,6,66,28,84,68,30,85,26,16,20,13,204,18,16,18,25,282,105,55,6,597,127,22,495,232,12,39,10,26,1,17,29,18,42,38,61,127,10,6,6,548,252,1,98,261,19,17,70,81,95,1,25,8]
completion_time_por_agente [81,357,50,100,43,293,11,15,63,13,200,45,268,36,11,16,60,15,172,6,273,12,136,229,233,171,448,7,35,51,22,453,16,97,23,25,348,621,23,30,15,60,97,83,19,15,18,212,93,3,381,415,29,23,26,92,194,74,273,44,118,360,17,50,168,195,57,35,286,32,23,64,13,404,17,386,50,7,68,31,87,74,31,88,34,18,21,14,205,19,18,19,26,292,106,60,7,599,132,23,496,233,13,46,11,27,2,18,32,19,44,39,65,133,11,7,7,550,254,2,108,262,20,18,75,85,99,2,26,9]
tiempo_ultimo_agente_goal 621
tiempo_en_acabar 621
tiempo_promedio 109.546150
agentes_en_goal 130
push_out_count 0
RUN 6
valores_ideales [0,0,0,0,0,0,0,0,0,0,0,0,0,0,0,0,0,0,0,0,0,0,0,0,0,0,0,0,0,0,0,0,0,0,0,0,0,0,0,0,0,0,0,0,0,0,0,0,0,0,0,0,0,0,0,0,0,0,0,0,0,0,0,0,0,0,0,0,0,0,0,0,0,0,0,0,0,0,0,0,0,0,0,0,0,0,0,0,0,0,0,0,0,0,0,0,0,0,0,0,0,0,0,0,0,0,0,0,0,0,0,0,0,0,0,0,0,0,0,0,0,0,0,0,0,0,0,0,0,0]
costo_por_agente [586,409,29,77,42,31,14,14,55,12,84,33,190,19,8,15,69,14,118,5,272,11,365,218,249,476,58,8,182,90,19,315,15,84,16,24,347,300,22,27,4,62,66,35,14,13,17,141,75,2,399,178,33,16,21,66,273,94,268,36,49,468,14,19,89,378,42,184,551,30,22,35,12,481,14,501,29,6,54,34,172,250,44,31,28,16,20,13,276,18,16,18,25,280,113,617,6,91,81,22,451,202,16,89,8,26,1,11,67,18,50,30,89,107,10,6,4,584,192,1,320,411,17,17,136,35,71,1,31,12]
completion_time_por_agente [594,412,40,80,44,38,16,15,60,13,85,41,193,20,9,16,71,15,119,6,276,12,367,224,251,478,64,9,183,101,21,318,16,87,17,25,348,301,23,28,5,64,68,47,15,15,18,143,78,3,404,182,34,17,23,73,277,97,270,41,56,470,15,21,92,381,46,185,554,31,23,46,13,482,15,504,37,7,58,48,173,254,45,38,36,19,21,14,277,19,17,19,26,286,114,619,7,93,83,23,452,204,17,91,10,27,2,12,68,19,51,31,92,109,11,7,5,586,193,2,322,413,18,18,137,43,74,2,32,13]
tiempo_ultimo_agente_goal 619
tiempo_en_acabar 619
tiempo_promedio 117.215385
agentes_en_goal 130
push_out_count 0
RUN 7
valores_ideales [0,0,0,0,0,0,0,0,0,0,0,0,0,0,0,0,0,0,0,0,0,0,0,0,0,0,0,0,0,0,0,0,0,0,0,0,0,0,0,0,0,0,0,0,0,0,0,0,0,0,0,0,0,0,0,0,0,0,0,0,0,0,0,0,0,0,0,0,0,0,0,0,0,0,0,0,0,0,0,0,0,0,0,0,0,0,0,0,0,0,0,0,0,0,0,0,0,0,0,0,0,0,0,0,0,0,0,0,0,0,0,0,0,0,0,0,0,0,0,0,0,0,0,0,0,0,0,0,0,0]
costo_por_agente [56,339,47,87,40,29,10,14,49,12,48,29,342,17,16,15,65,14,26,5,64,11,145,216,187,332,476,6,32,38,19,265,13,80,16,24,47,210,26,21,6,70,200,59,16,11,31,181,99,2,279,118,31,14,29,78,153,108,304,290,89,174,14,47,127,306,54,126,53,26,22,41,22,325,12,317,63,6,58,82,162,304,42,63,22,18,20,13,222,18,16,18,21,478,75,53,2,483,123,20,335,204,12,119,14,26,1,11,83,18,60,26,87,59,10,6,8,428,242,1,186,459,15,17,46,65,133,1,27,10]
completion_time_por_agente [62,343,52,90,41,30,12,15,66,13,64,34,343,18,17,16,66,15,29,6,72,12,147,217,189,333,481,8,34,40,20,266,14,83,17,25,53,211,27,22,7,76,202,60,17,12,32,182,100,3,286,120,32,15,30,79,155,109,305,291,91,176,15,55,129,310,63,128,59,27,23,49,24,328,13,320,65,7,62,84,164,308,43,65,27,20,21,14,224,19,17,19,22,479,76,69,3,484,124,21,336,206,13,121,15,27,2,12,85,19,66,27,89,62,11,7,9,430,244,2,191,460,16,18,53,68,136,2,30,11]
tiempo_ultimo_agente_goal 484
tiempo_en_acabar 484
tiempo_promedio 97.930771
agentes_en_goal 130
push_out_count 0
RUN 8
valores_ideales [0,0,0,0,0,0,0,0,0,0,0,0,0,0,0,0,0,0,0,0,0,0,0,0,0,0,0,0,0,0,0,0,0,0,0,0,0,0,0,0,0,0,0,0,0,0,0,0,0,0,0,0,0,0,0,0,0,0,0,0,0,0,0,0,0,0,0,0,0,0,0,0,0,0,0,0,0,0,0,0,0,0,0,0,0,0,0,0,0,0,0,0,0,0,0,0,0,0,0,0,0,0,0,0,0,0,0,0,0,0,0,0,0,0,0,0,0,0,0,0,0,0,0,0,0,0,0,0,0,0]
costo_por_agente [80,185,153,97,40,379,6,14,31,16,166,35,260,19,8,15,59,14,66,5,402,11,657,182,229,168,52,12,36,40,19,261,15,76,16,24,355,252,20,27,6,402,84,53,16,13,21,213,91,2,527,296,25,22,29,96,155,54,482,44,59,378,16,19,119,186,62,116,397,30,22,47,12,311,12,409,43,6,34,76,108,304,38,43,20,14,20,13,310,18,16,18,21,48,77,49,6,527,103,20,533,300,18,61,2,24,1,11,31,18,48,26,93,77,10,6,6,608,358,1,186,181,15,17,48,167,81,1,29,8]
completion_time_por_agente [81,188,154,100,42,380,7,15,35,17,168,41,262,20,9,16,63,15,74,6,403,12,660,185,234,169,55,13,41,42,20,262,16,77,17,25,358,253,21,28,7,404,86,55,18,14,22,214,94,3,528,298,26,23,30,97,159,56,484,45,67,381,17,21,121,188,65,117,402,31,23,51,13,312,13,410,45,7,38,78,110,306,41,46,24,15,21,14,312,19,18,19,22,53,78,51,7,528,104,21,534,302,19,62,3,25,2,12,37,19,51,27,98,79,11,7,7,613,360,2,188,182,16,18,50,171,82,2,31,9]
tiempo_ultimo_agente_goal 660
tiempo_en_acabar 660
tiempo_promedio 111.346153
agentes_en_goal 130
push_out_count 0
RUN 9
valores_ideales [0,0,0,0,0,0,0,0,0,0,0,0,0,0,0,0,0,0,0,0,0,0,0,0,0,0,0,0,0,0,0,0,0,0,0,0,0,0,0,0,0,0,0,0,0,0,0,0,0,0,0,0,0,0,0,0,0,0,0,0,0,0,0,0,0,0,0,0,0,0,0,0,0,0,0,0,0,0,0,0,0,0,0,0,0,0,0,0,0,0,0,0,0,0,0,0,0,0,0,0,0,0,0,0,0,0,0,0,0,0,0,0,0,0,0,0,0,0,0,0,0,0,0,0,0,0,0,0,0,0]
costo_por_agente [180,321,197,47,40,399,6,14,27,14,232,35,242,25,10,15,83,14,36,5,256,17,461,346,131,490,56,10,30,34,23,397,13,42,16,24,359,316,24,29,14,288,158,27,12,13,23,77,59,2,261,208,33,12,23,92,273,78,352,204,41,448,16,27,77,434,54,246,317,28,22,87,12,461,12,299,39,6,62,92,98,246,32,71,30,18,24,17,246,18,16,18,25,50,177,485,4,563,145,22,549,138,12,93,10,26,1,11,45,18,62,30,85,131,10,8,4,652,98,1,62,37,13,21,234,77,71,1,17,10]
completion_time_por_agente [183,329,198,51,41,400,7,15,29,15,234,42,246,26,11,16,84,15,46,6,263,18,462,347,133,491,63,11,33,37,24,398,14,44,17,25,361,317,25,30,15,290,160,34,14,14,24,80,74,3,267,210,34,13,24,94,276,83,353,205,43,450,17,33,79,435,57,247,318,29,23,99,13,462,13,301,45,7,65,93,100,249,35,77,36,19,25,18,247,19,17,19,26,60,178,487,5,564,146,23,550,139,13,95,11,27,2,12,51,19,68,31,89,133,11,9,5,656,100,2,66,40,14,22,237,83,74,2,20,11]
tiempo_ultimo_agente_goal 656
tiempo_en_acabar 656
tiempo_promedio 116.500000
agentes_en_goal 130
push_out_count 0
RUN 10
valores_ideales [0,0,0,0,0,0,0,0,0,0,0,0,0,0,0,0,0,0,0,0,0,0,0,0,0,0,0,0,0,0,0,0,0,0,0,0,0,0,0,0,0,0,0,0,0,0,0,0,0,0,0,0,0,0,0,0,0,0,0,0,0,0,0,0,0,0,0,0,0,0,0,0,0,0,0,0,0,0,0,0,0,0,0,0,0,0,0,0,0,0,0,0,0,0,0,0,0,0,0,0,0,0,0,0,0,0,0,0,0,0,0,0,0,0,0,0,0,0,0,0,0,0,0,0,0,0,0,0,0,0]
costo_por_agente [88,389,209,85,38,43,6,14,43,12,258,33,320,19,8,15,57,14,118,5,52,11,305,98,363,266,56,6,30,42,19,365,13,98,18,24,303,266,26,35,4,402,148,71,12,11,19,111,205,2,277,158,27,14,25,64,313,112,468,314,81,522,16,21,143,238,64,80,461,28,24,63,12,325,24,367,37,6,42,30,98,438,32,87,100,16,20,13,292,18,18,18,31,356,67,377,4,677,87,30,321,228,12,55,2,26,1,11,29,18,44,30,101,65,10,6,12,522,386,1,58,513,17,17,56,35,79,1,25,14]
completion_time_por_agente [94,393,212,95,39,48,7,15,51,13,259,40,321,20,9,16,62,15,120,6,58,12,307,99,364,270,63,7,31,47,20,366,14,99,19,25,307,267,27,36,5,407,150,78,13,13,20,114,207,3,278,160,28,15,27,68,315,114,469,315,82,524,17,23,146,241,70,81,473,29,25,68,13,328,25,371,40,7,48,33,101,444,33,88,102,19,21,14,294,19,19,19,32,359,68,381,5,679,92,31,322,229,13,59,3,27,2,12,37,19,53,32,112,68,11,7,13,524,387,2,65,516,18,18,61,39,83,2,27,15]
tiempo_ultimo_agente_goal 679
tiempo_en_acabar 679
tiempo_promedio 117.784615
agentes_en_goal 130
push_out_count 0
RUN 11
valores_ideales [0,0,0,0,0,0,0,0,0,0,0,0,0,0,0,0,0,0,0,0,0,0,0,0,0,0,0,0,0,0,0,0,0,0,0,0,0,0,0,0,0,0,0,0,0,0,0,0,0,0,0,0,0,0,0,0,0,0,0,0,0,0,0,0,0,0,0,0,0,0,0,0,0,0,0,0,0,0,0,0,0,0,0,0,0,0,0,0,0,0,0,0,0,0,0,0,0,0,0,0,0,0,0,0,0,0,0,0,0,0,0,0,0,0,0,0,0,0,0,0,0,0,0,0,0,0,0,0,0,0]
costo_por_agente [46,501,119,41,38,333,8,14,51,16,146,45,180,33,8,15,73,16,134,5,62,11,497,98,215,332,70,6,30,34,19,285,15,98,16,24,439,390,26,31,4,68,82,63,18,15,23,97,151,2,39,424,43,12,25,68,297,74,150,40,75,566,14,25,169,292,48,234,515,28,28,85,12,489,12,347,37,6,50,96,146,456,26,47,196,18,20,13,234,22,18,18,21,482,77,517,10,469,131,24,715,176,18,83,2,24,1,11,71,18,48,30,57,75,10,6,6,284,128,1,264,355,13,19,188,41,61,1,29,8]
completion_time_por_agente [55,504,123,52,39,334,9,15,58,17,147,47,187,34,9,16,76,17,141,6,71,12,503,103,221,335,75,7,31,49,20,286,16,99,17,25,441,391,27,33,5,73,83,68,19,16,25,98,155,3,50,425,44,13,26,73,301,80,152,51,78,568,15,32,171,295,49,235,522,29,29,89,13,491,13,349,45,7,53,101,147,458,27,51,202,19,21,14,235,23,19,19,22,483,81,527,11,471,133,25,716,177,20,85,3,25,2,12,81,19,50,31,65,86,11,7,7,287,130,2,270,357,14,20,192,47,70,2,30,9]
tiempo_ultimo_agente_goal 716
tiempo_en_acabar 716
tiempo_promedio 118.515381
agentes_en_goal 130
push_out_count 0
RUN 12
valores_ideales [0,0,0,0,0,0,0,0,0,0,0,0,0,0,0,0,0,0,0,0,0,0,0,0,0,0,0,0,0,0,0,0,0,0,0,0,0,0,0,0,0,0,0,0,0,0,0,0,0,0,0,0,0,0,0,0,0,0,0,0,0,0,0,0,0,0,0,0,0,0,0,0,0,0,0,0,0,0,0,0,0,0,0,0,0,0,0,0,0,0,0,0,0,0,0,0,0,0,0,0,0,0,0,0,0,0,0,0,0,0,0,0,0,0,0,0,0,0,0,0,0,0,0,0,0,0,0,0,0,0]
costo_por_agente [458,355,191,93,38,385,6,14,35,12,158,33,318,21,8,19,73,14,136,5,338,13,433,306,331,114,450,6,40,40,19,299,13,100,18,24,379,250,22,31,6,94,80,23,18,27,21,125,79,2,279,376,27,14,21,50,33,78,282,116,41,194,22,61,71,272,58,84,443,26,28,69,12,557,12,257,47,6,40,64,204,46,32,79,22,38,20,15,262,20,16,18,27,58,89,301,2,313,169,24,639,266,12,81,6,26,1,15,47,18,64,26,69,91,10,6,8,304,124,1,42,539,15,19,160,149,125,1,33,10]
completion_time_por_agente [466,360,193,99,39,387,7,15,47,13,160,37,319,22,9,20,76,15,144,6,341,14,434,309,333,115,454,7,44,42,20,300,14,101,19,25,390,253,23,32,7,95,81,29,19,28,22,126,81,3,283,377,28,15,23,53,37,79,284,117,45,197,23,65,73,275,62,86,447,27,29,73,13,559,13,260,59,7,43,68,205,54,34,80,24,41,21,16,263,21,18,19,29,69,91,313,3,317,171,25,640,269,13,84,7,27,2,16,54,19,65,27,73,94,11,7,9,305,126,2,45,541,16,20,166,154,127,2,34,11]
tiempo_ultimo_agente_goal 640
tiempo_en_acabar 640
tiempo_promedio 113.038460
agentes_en_goal 130
push_out_count 0
RUN 13
valores_ideales [0,0,0,0,0,0,0,0,0,0,0,0,0,0,0,0,0,0,0,0,0,0,0,0,0,0,0,0,0,0,0,0,0,0,0,0,0,0,0,0,0,0,0,0,0,0,0,0,0,0,0,0,0,0,0,0,0,0,0,0,0,0,0,0,0,0,0,0,0,0,0,0,0,0,0,0,0,0,0,0,0,0,0,0,0,0,0,0,0,0,0,0,0,0,0,0,0,0,0,0,0,0,0,0,0,0,0,0,0,0,0,0,0,0,0,0,0,0,0,0,0,0,0,0,0,0,0,0,0,0]
costo_por_agente [292,403,119,97,38,319,6,14,79,18,110,29,128,21,8,15,73,14,28,5,364,11,393,172,365,380,66,6,36,36,19,331,13,62,16,24,465,388,18,37,6,332,84,53,12,21,21,89,93,2,441,100,33,14,23,90,261,144,292,260,71,256,14,27,107,432,60,236,393,26,22,55,12,273,12,523,37,6,70,26,154,424,32,75,20,16,20,13,214,18,18,18,21,296,107,47,26,427,79,20,397,210,12,71,2,24,1,11,41,18,64,32,47,53,10,6,8,204,430,1,214,41,13,17,136,111,121,1,31,12]
completion_time_por_agente [295,405,122,103,39,320,7,15,94,19,112,30,129,24,9,16,80,15,29,6,365,12,394,173,367,382,76,7,39,39,20,332,14,67,17,25,471,390,19,38,7,336,85,59,13,23,22,93,97,3,446,103,34,15,24,95,268,145,294,264,84,269,15,32,109,435,68,238,395,27,24,61,14,276,13,525,51,7,77,28,156,428,34,81,22,17,21,14,215,19,19,19,22,299,108,49,27,428,81,21,398,211,13,77,3,25,2,12,69,19,70,33,74,61,11,7,9,205,431,2,217,42,14,18,142,114,123,2,32,13]
tiempo_ultimo_agente_goal 525
tiempo_en_acabar 525
tiempo_promedio 113.992310
agentes_en_goal 130
push_out_count 0
RUN 14
valores_ideales [0,0,0,0,0,0,0,0,0,0,0,0,0,0,0,0,0,0,0,0,0,0,0,0,0,0,0,0,0,0,0,0,0,0,0,0,0,0,0,0,0,0,0,0,0,0,0,0,0,0,0,0,0,0,0,0,0,0,0,0,0,0,0,0,0,0,0,0,0,0,0,0,0,0,0,0,0,0,0,0,0,0,0,0,0,0,0,0,0,0,0,0,0,0,0,0,0,0,0,0,0,0,0,0,0,0,0,0,0,0,0,0,0,0,0,0,0,0,0,0,0,0,0,0,0,0,0,0,0,0]
costo_por_agente [78,409,51,45,46,31,6,14,43,14,126,47,520,25,8,15,49,14,36,5,212,13,285,222,241,292,52,6,30,40,19,313,15,64,16,24,547,208,20,23,6,46,120,51,14,15,17,137,73,2,467,436,29,12,23,80,245,130,306,170,81,486,16,19,119,184,50,124,451,40,28,45,12,485,12,523,37,6,42,84,138,364,26,77,22,28,20,15,198,18,16,18,23,316,59,437,2,557,107,22,607,100,16,131,6,28,1,11,67,18,52,36,49,71,10,6,6,260,316,1,288,365,15,19,252,31,91,1,25,12]
completion_time_por_agente [80,411,61,53,47,34,7,15,45,15,127,49,521,26,9,16,51,15,42,6,213,14,286,225,244,293,56,7,31,44,20,316,16,69,17,25,549,210,21,24,7,49,121,53,15,17,18,138,75,3,469,437,30,13,24,81,249,131,308,171,86,487,17,22,121,188,53,126,455,41,30,49,13,487,13,524,39,7,45,85,140,366,27,80,26,32,21,16,200,19,18,19,24,321,62,441,3,559,112,23,608,102,17,132,8,29,2,12,71,19,55,38,53,76,11,7,7,263,317,2,290,366,16,20,256,34,92,2,26,13]
tiempo_ultimo_agente_goal 608
tiempo_en_acabar 608
tiempo_promedio 115.846153
agentes_en_goal 130
push_out_count 0
RUN 15
valores_ideales [0,0,0,0,0,0,0,0,0,0,0,0,0,0,0,0,0,0,0,0,0,0,0,0,0,0,0,0,0,0,0,0,0,0,0,0,0,0,0,0,0,0,0,0,0,0,0,0,0,0,0,0,0,0,0,0,0,0,0,0,0,0,0,0,0,0,0,0,0,0,0,0,0,0,0,0,0,0,0,0,0,0,0,0,0,0,0,0,0,0,0,0,0,0,0,0,0,0,0,0,0,0,0,0,0,0,0,0,0,0,0,0,0,0,0,0,0,0,0,0,0,0,0,0,0,0,0,0,0,0]
costo_por_agente [450,371,37,49,38,163,18,14,49,12,222,35,392,17,8,15,53,14,32,5,240,11,301,214,321,306,320,8,30,34,25,351,15,78,20,24,347,364,22,25,6,66,114,25,18,13,21,109,127,2,349,276,27,12,35,94,37,90,242,236,73,346,12,17,103,318,74,314,55,32,28,31,24,461,14,291,53,6,52,98,202,42,38,75,20,14,20,13,198,18,16,18,21,290,71,59,4,239,119,20,501,228,12,67,4,26,1,11,35,18,50,28,45,39,10,6,6,86,534,1,222,515,15,19,160,65,113,1,35,8]
completion_time_por_agente [452,373,45,59,39,164,20,15,56,13,224,39,394,20,9,16,54,15,36,6,244,12,305,216,323,309,323,9,35,35,26,353,16,84,21,25,353,366,23,26,7,73,117,29,19,14,23,110,130,3,352,279,28,13,36,101,39,93,243,238,76,349,13,19,104,319,76,317,58,33,29,32,26,463,15,293,61,7,64,104,203,43,39,76,22,15,21,14,200,19,17,19,22,292,72,64,5,240,121,21,503,229,13,72,5,27,2,12,38,19,51,31,50,45,11,7,7,87,536,2,229,517,16,20,164,70,117,2,36,9]
tiempo_ultimo_agente_goal 536
tiempo_en_acabar 536
tiempo_promedio 107.769234
agentes_en_goal 130
push_out_count 0
RUN 16
valores_ideales [0,0,0,0,0,0,0,0,0,0,0,0,0,0,0,0,0,0,0,0,0,0,0,0,0,0,0,0,0,0,0,0,0,0,0,0,0,0,0,0,0,0,0,0,0,0,0,0,0,0,0,0,0,0,0,0,0,0,0,0,0,0,0,0,0,0,0,0,0,0,0,0,0,0,0,0,0,0,0,0,0,0,0,0,0,0,0,0,0,0,0,0,0,0,0,0,0,0,0,0,0,0,0,0,0,0,0,0,0,0,0,0,0,0,0,0,0,0,0,0,0,0,0,0,0,0,0,0,0,0]
costo_por_agente [486,417,25,79,40,237,6,14,37,16,210,31,352,17,14,15,63,14,124,5,228,13,539,188,259,320,190,6,30,36,23,233,17,80,20,24,413,138,22,35,6,312,156,43,14,21,23,167,129,2,487,108,35,16,27,94,189,86,234,106,89,226,12,61,113,320,68,140,339,30,22,51,18,583,14,327,37,6,58,74,166,424,26,75,24,14,20,13,216,18,18,18,21,50,133,47,2,529,173,20,431,230,12,69,2,26,1,11,35,18,38,40,59,59,10,8,6,488,326,1,190,51,15,17,54,31,97,1,17,8]
completion_time_por_agente [492,419,28,81,41,239,7,15,38,17,212,34,353,18,15,16,68,15,127,6,231,14,540,191,265,321,196,7,31,38,24,234,18,81,21,25,416,139,23,36,7,314,157,46,16,23,24,169,132,3,488,110,36,17,28,96,190,90,236,108,90,227,13,65,114,322,76,142,340,32,23,53,20,584,15,329,41,7,63,82,168,426,27,76,30,16,21,14,217,19,19,19,22,57,134,48,3,530,175,21,432,233,13,70,3,27,2,12,40,19,42,42,63,62,11,9,7,490,329,2,193,56,16,18,59,35,98,2,19,9]
tiempo_ultimo_agente_goal 584
tiempo_en_acabar 584
tiempo_promedio 111.346153
agentes_en_goal 130
push_out_count 0
RUN 17
valores_ideales [0,0,0,0,0,0,0,0,0,0,0,0,0,0,0,0,0,0,0,0,0,0,0,0,0,0,0,0,0,0,0,0,0,0,0,0,0,0,0,0,0,0,0,0,0,0,0,0,0,0,0,0,0,0,0,0,0,0,0,0,0,0,0,0,0,0,0,0,0,0,0,0,0,0,0,0,0,0,0,0,0,0,0,0,0,0,0,0,0,0,0,0,0,0,0,0,0,0,0,0,0,0,0,0,0,0,0,0,0,0,0,0,0,0,0,0,0,0,0,0,0,0,0,0,0,0,0,0,0,0]
costo_por_agente [400,345,207,41,40,419,6,14,27,18,100,49,400,21,10,15,73,14,26,5,408,13,481,200,69,440,426,6,250,38,19,251,13,140,16,24,461,324,20,25,8,130,110,75,14,17,27,161,45,2,375,226,27,12,21,58,41,130,502,34,51,410,14,49,121,424,54,320,339,32,22,61,12,301,12,323,29,6,44,56,54,340,26,81,26,28,20,13,382,18,16,18,21,64,39,281,2,633,85,20,413,218,16,77,4,28,1,11,47,18,66,28,57,55,10,6,8,134,84,1,444,35,27,17,198,35,97,1,27,8]
completion_time_por_agente [404,351,208,55,41,420,7,15,37,19,102,57,401,22,11,16,77,15,27,6,409,14,483,203,72,442,428,8,252,42,20,252,14,144,17,25,468,325,21,26,9,134,112,81,15,18,29,163,54,3,378,227,28,13,23,62,50,132,503,35,60,413,15,52,123,426,55,321,345,33,23,67,13,302,13,326,42,7,46,57,57,347,27,84,27,29,21,14,383,19,17,19,22,66,49,283,3,634,89,21,414,222,17,79,5,29,2,12,49,19,70,29,61,67,11,7,9,136,86,2,447,40,30,18,204,42,99,2,28,9]
tiempo_ultimo_agente_goal 634
tiempo_en_acabar 634
tiempo_promedio 117.076920
agentes_en_goal 130
push_out_count 0
RUN 18
valores_ideales [0,0,0,0,0,0,0,0,0,0,0,0,0,0,0,0,0,0,0,0,0,0,0,0,0,0,0,0,0,0,0,0,0,0,0,0,0,0,0,0,0,0,0,0,0,0,0,0,0,0,0,0,0,0,0,0,0,0,0,0,0,0,0,0,0,0,0,0,0,0,0,0,0,0,0,0,0,0,0,0,0,0,0,0,0,0,0,0,0,0,0,0,0,0,0,0,0,0,0,0,0,0,0,0,0,0,0,0,0,0,0,0,0,0,0,0,0,0,0,0,0,0,0,0,0,0,0,0,0,0]
costo_por_agente [54,257,205,79,40,23,6,14,63,18,158,63,398,17,8,15,77,14,32,5,262,11,625,96,349,340,52,6,44,34,21,331,15,94,16,24,387,360,20,23,4,176,168,53,12,13,21,61,119,2,367,160,31,12,37,70,31,56,428,104,43,562,14,21,117,282,48,84,173,30,22,37,12,319,12,349,31,6,36,64,134,294,30,29,22,14,20,13,378,22,16,18,21,50,69,507,2,503,155,20,517,220,14,67,2,24,1,11,47,18,46,34,149,109,10,6,6,390,184,1,202,325,15,17,52,111,69,1,27,8]
completion_time_por_agente [60,259,206,81,41,24,7,15,66,19,160,65,400,18,9,16,78,15,42,6,267,12,626,97,353,341,55,7,48,36,23,333,16,96,17,25,388,361,21,24,5,182,169,55,13,14,22,63,122,3,368,162,32,13,40,71,36,58,429,112,46,565,15,23,118,285,49,86,175,32,23,41,13,320,13,350,34,7,43,66,135,295,31,37,27,16,21,14,380,23,17,19,22,52,70,510,3,505,156,21,518,222,15,68,3,25,2,12,49,19,52,37,151,113,11,7,7,391,187,2,204,326,16,18,57,114,70,2,28,9]
tiempo_ultimo_agente_goal 626
tiempo_en_acabar 626
tiempo_promedio 108.423080
agentes_en_goal 130
push_out_count 0
RUN 19
valores_ideales [0,0,0,0,0,0,0,0,0,0,0,0,0,0,0,0,0,0,0,0,0,0,0,0,0,0,0,0,0,0,0,0,0,0,0,0,0,0,0,0,0,0,0,0,0,0,0,0,0,0,0,0,0,0,0,0,0,0,0,0,0,0,0,0,0,0,0,0,0,0,0,0,0,0,0,0,0,0,0,0,0,0,0,0,0,0,0,0,0,0,0,0,0,0,0,0,0,0,0,0,0,0,0,0,0,0,0,0,0,0,0,0,0,0,0,0,0,0,0,0,0,0,0,0,0,0,0,0,0,0]
costo_por_agente [306,503,43,55,38,343,10,14,35,14,376,27,472,49,10,15,63,14,34,5,428,9,413,112,195,406,72,6,112,38,19,327,13,154,24,24,99,138,18,33,14,264,38,63,12,19,19,77,117,2,253,352,23,14,27,48,265,76,176,242,87,442,14,17,195,278,60,120,49,32,28,67,14,433,16,389,41,6,64,30,84,324,26,83,30,32,20,13,244,18,16,18,21,328,85,559,4,535,93,20,465,82,12,83,6,26,1,11,67,18,52,38,163,63,10,6,8,260,110,1,434,361,15,17,166,37,93,1,27,14]
completion_time_por_agente [313,505,54,68,39,345,11,15,47,15,378,29,473,50,11,16,66,15,51,6,430,10,415,115,199,409,74,7,113,41,20,329,14,156,25,25,104,139,19,34,15,269,50,66,13,20,21,79,119,3,255,353,24,16,28,54,273,79,178,246,94,447,15,18,197,279,63,125,61,33,30,79,16,436,17,390,54,7,70,34,87,330,27,90,34,33,21,14,246,20,17,19,22,335,86,566,5,537,95,21,467,86,13,85,7,27,2,12,69,19,55,40,166,64,11,7,9,262,111,2,440,368,16,18,172,39,95,2,28,15]
tiempo_ultimo_agente_goal 566
tiempo_en_acabar 566
tiempo_promedio 116.330772
agentes_en_goal 130
push_out_count 0
RUN 20
valores_ideales [0,0,0,0,0,0,0,0,0,0,0,0,0,0,0,0,0,0,0,0,0,0,0,0,0,0,0,0,0,0,0,0,0,0,0,0,0,0,0,0,0,0,0,0,0,0,0,0,0,0,0,0,0,0,0,0,0,0,0,0,0,0,0,0,0,0,0,0,0,0,0,0,0,0,0,0,0,0,0,0,0,0,0,0,0,0,0,0,0,0,0,0,0,0,0,0,0,0,0,0,0,0,0,0,0,0,0,0,0,0,0,0,0,0,0,0,0,0,0,0,0,0,0,0,0,0,0,0,0,0]
costo_por_agente [192,325,47,61,38,281,6,14,29,14,196,85,320,23,8,15,67,14,132,5,80,15,409,162,351,120,378,10,32,36,19,447,13,68,16,24,53,396,26,27,4,250,132,89,16,17,23,129,83,2,453,286,27,20,23,52,211,46,424,36,41,278,18,65,91,138,46,214,51,34,24,37,12,639,12,417,31,6,50,26,90,466,30,55,28,14,22,13,266,18,16,18,23,354,77,335,2,565,81,20,293,230,16,33,4,26,1,11,65,20,46,32,95,47,10,6,8,398,346,1,182,519,25,17,58,107,83,1,33,10]
completion_time_por_agente [194,329,56,66,39,285,7,15,35,15,198,86,321,24,9,16,75,15,136,6,85,16,410,163,353,121,382,11,36,39,20,449,14,69,17,25,56,399,27,28,5,253,135,92,17,18,25,131,86,3,457,287,28,21,24,58,215,51,425,39,45,279,19,71,93,142,49,217,55,35,25,40,13,640,13,419,33,7,53,29,91,468,31,57,31,16,23,14,267,19,17,19,24,356,78,339,3,566,87,21,294,231,17,37,6,27,2,12,67,21,58,33,96,52,11,7,9,401,347,2,185,523,27,18,61,112,86,2,37,11]
tiempo_ultimo_agente_goal 640
tiempo_en_acabar 640
tiempo_promedio 112.407692
agentes_en_goal 130
push_out_count 0
RUN 21
valores_ideales [0,0,0,0,0,0,0,0,0,0,0,0,0,0,0,0,0,0,0,0,0,0,0,0,0,0,0,0,0,0,0,0,0,0,0,0,0,0,0,0,0,0,0,0,0,0,0,0,0,0,0,0,0,0,0,0,0,0,0,0,0,0,0,0,0,0,0,0,0,0,0,0,0,0,0,0,0,0,0,0,0,0,0,0,0,0,0,0,0,0,0,0,0,0,0,0,0,0,0,0,0,0,0,0,0,0,0,0,0,0,0,0,0,0,0,0,0,0,0,0,0,0,0,0,0,0,0,0,0,0]
costo_por_agente [56,397,201,77,40,33,12,14,57,20,264,41,100,17,8,15,51,14,36,5,244,13,649,162,181,368,278,6,30,42,21,429,17,66,18,24,49,290,22,25,14,58,142,59,22,27,19,81,37,2,301,360,27,12,37,46,49,92,252,34,69,156,18,25,173,286,56,158,421,30,22,53,12,283,12,255,47,6,40,98,134,538,26,29,26,16,20,13,172,18,16,18,21,300,95,455,2,529,95,20,517,154,14,103,6,24,1,11,63,20,44,36,101,69,10,6,6,360,192,1,74,271,19,17,60,27,99,1,19,10]
completion_time_por_agente [60,400,204,81,41,34,13,15,58,21,266,45,101,18,9,16,54,15,40,6,246,14,653,164,183,369,281,7,33,44,22,431,18,68,20,25,53,291,23,26,15,60,143,63,23,29,20,82,39,3,304,362,29,14,38,50,55,93,254,35,71,157,19,27,175,291,60,159,425,32,24,58,13,284,13,257,54,7,43,99,136,540,27,31,30,19,21,14,173,19,17,19,22,301,97,457,3,530,96,21,518,157,15,105,8,25,2,12,66,21,49,39,103,75,11,7,7,361,193,2,81,275,20,18,63,29,101,2,21,11]
tiempo_ultimo_agente_goal 653
tiempo_en_acabar 653
tiempo_promedio 103.207695
agentes_en_goal 130
push_out_count 0
RUN 22
valores_ideales [0,0,0,0,0,0,0,0,0,0,0,0,0,0,0,0,0,0,0,0,0,0,0,0,0,0,0,0,0,0,0,0,0,0,0,0,0,0,0,0,0,0,0,0,0,0,0,0,0,0,0,0,0,0,0,0,0,0,0,0,0,0,0,0,0,0,0,0,0,0,0,0,0,0,0,0,0,0,0,0,0,0,0,0,0,0,0,0,0,0,0,0,0,0,0,0,0,0,0,0,0,0,0,0,0,0,0,0,0,0,0,0,0,0,0,0,0,0,0,0,0,0,0,0,0,0,0,0,0,0]
costo_por_agente [510,369,143,41,40,35,22,14,61,12,246,59,266,21,8,15,75,14,60,5,64,11,205,204,107,452,58,8,30,166,21,503,15,114,18,24,53,438,30,31,4,62,116,23,12,13,23,141,83,2,181,342,27,22,25,66,37,46,414,176,43,470,14,69,241,226,82,282,431,32,24,41,12,415,12,547,31,6,64,44,82,574,32,25,22,34,20,13,234,18,16,18,21,48,87,49,4,425,119,20,381,238,14,89,8,28,1,11,37,18,50,36,63,93,10,6,6,530,234,1,50,347,25,17,172,79,115,1,35,8]
completion_time_por_agente [513,371,149,47,41,39,24,15,66,13,248,60,267,22,9,16,77,15,67,6,65,12,207,205,110,454,65,9,31,169,22,505,16,119,19,25,55,439,32,32,5,64,119,24,13,15,24,143,86,3,186,346,28,23,26,67,45,53,415,180,46,472,15,70,242,227,88,283,435,33,25,43,14,417,13,548,36,7,66,46,85,575,33,28,26,39,21,14,235,19,17,19,22,50,90,53,5,427,120,21,382,239,15,90,10,29,2,12,40,19,58,39,69,95,11,7,7,532,236,2,54,353,26,18,174,89,117,2,38,9]
tiempo_ultimo_agente_goal 575
tiempo_en_acabar 575
tiempo_promedio 110.153847
agentes_en_goal 130
push_out_count 0
RUN 23
valores_ideales [0,0,0,0,0,0,0,0,0,0,0,0,0,0,0,0,0,0,0,0,0,0,0,0,0,0,0,0,0,0,0,0,0,0,0,0,0,0,0,0,0,0,0,0,0,0,0,0,0,0,0,0,0,0,0,0,0,0,0,0,0,0,0,0,0,0,0,0,0,0,0,0,0,0,0,0,0,0,0,0,0,0,0,0,0,0,0,0,0,0,0,0,0,0,0,0,0,0,0,0,0,0,0,0,0,0,0,0,0,0,0,0,0,0,0,0,0,0,0,0,0,0,0,0,0,0,0,0,0,0]
costo_por_agente [412,449,175,57,40,235,6,14,55,18,168,27,398,31,8,19,71,14,58,5,298,11,391,104,125,268,290,6,32,36,19,329,13,86,20,24,525,178,22,23,14,230,102,57,20,23,21,101,143,2,271,248,27,12,21,70,171,64,282,36,33,108,14,19,153,294,62,32,547,40,22,53,26,407,20,427,35,6,44,80,162,322,46,91,28,14,26,13,254,18,16,18,21,334,83,587,4,411,77,24,419,166,16,83,4,24,1,11,43,18,50,40,49,43,10,6,4,452,404,1,66,235,15,17,54,35,87,1,35,10]
completion_time_por_agente [418,451,179,61,42,237,7,15,57,19,169,33,402,32,9,20,73,15,64,6,300,12,396,105,127,270,298,7,35,39,20,331,14,87,21,25,527,180,23,24,15,232,104,61,21,24,22,102,145,3,273,250,28,13,22,71,175,66,284,38,36,109,15,23,155,297,64,35,548,41,23,57,28,409,21,430,47,7,47,82,163,331,48,92,34,16,27,14,256,19,17,19,22,338,85,589,5,412,79,25,420,167,17,84,5,25,2,12,55,20,54,41,59,53,11,7,5,453,405,2,71,236,16,18,58,37,88,2,36,11]
tiempo_ultimo_agente_goal 589
tiempo_en_acabar 589
tiempo_promedio 112.569229
agentes_en_goal 130
push_out_count 0
RUN 24
valores_ideales [0,0,0,0,0,0,0,0,0,0,0,0,0,0,0,0,0,0,0,0,0,0,0,0,0,0,0,0,0,0,0,0,0,0,0,0,0,0,0,0,0,0,0,0,0,0,0,0,0,0,0,0,0,0,0,0,0,0,0,0,0,0,0,0,0,0,0,0,0,0,0,0,0,0,0,0,0,0,0,0,0,0,0,0,0,0,0,0,0,0,0,0,0,0,0,0,0,0,0,0,0,0,0,0,0,0,0,0,0,0,0,0,0,0,0,0,0,0,0,0,0,0,0,0,0,0,0,0,0,0]
costo_por_agente [72,497,219,65,40,29,6,14,87,14,218,31,246,27,8,15,105,14,30,5,418,13,455,200,317,150,462,6,34,40,19,429,15,90,16,24,339,146,26,31,4,330,130,59,24,21,23,171,125,2,317,308,43,12,21,68,37,142,294,44,79,84,14,29,133,310,58,374,437,24,22,45,18,473,14,373,67,6,46,94,144,226,34,75,24,24,22,15,228,20,16,18,21,376,95,505,4,405,89,20,683,72,14,123,12,24,1,11,49,20,66,34,95,65,10,6,6,240,250,1,336,461,13,19,58,135,125,1,21,8]
completion_time_por_agente [77,499,222,71,41,32,7,15,94,15,222,36,247,28,9,16,108,15,54,6,419,14,457,201,326,151,470,7,38,43,20,432,16,94,17,25,349,147,27,32,5,333,131,65,25,22,24,172,138,3,319,310,45,13,22,71,54,144,296,52,88,86,15,38,135,313,61,378,442,25,23,60,19,474,15,375,94,7,53,110,145,227,35,80,27,25,23,16,229,21,17,19,22,386,99,509,5,406,92,21,685,74,15,137,13,25,2,12,55,21,71,36,109,73,11,7,7,250,251,2,344,485,14,20,66,138,127,2,22,9]
tiempo_ultimo_agente_goal 685
tiempo_en_acabar 685
tiempo_promedio 120.315384
agentes_en_goal 130
push_out_count 0
RUN 25
valores_ideales [0,0,0,0,0,0,0,0,0,0,0,0,0,0,0,0,0,0,0,0,0,0,0,0,0,0,0,0,0,0,0,0,0,0,0,0,0,0,0,0,0,0,0,0,0,0,0,0,0,0,0,0,0,0,0,0,0,0,0,0,0,0,0,0,0,0,0,0,0,0,0,0,0,0,0,0,0,0,0,0,0,0,0,0,0,0,0,0,0,0,0,0,0,0,0,0,0,0,0,0,0,0,0,0,0,0,0,0,0,0,0,0,0,0,0,0,0,0,0,0,0,0,0,0,0,0,0,0,0,0]
costo_por_agente [684,303,173,109,40,35,6,14,53,20,124,31,314,23,8,15,71,14,116,5,288,11,393,184,441,178,462,6,184,34,19,273,17,84,20,24,345,384,20,25,4,402,150,65,30,15,19,125,101,2,271,378,39,12,23,94,213,112,222,172,71,486,18,27,63,206,58,192,295,44,22,59,12,463,12,337,53,6,38,84,108,388,26,39,34,14,20,13,302,18,16,18,21,48,105,549,4,477,141,20,617,212,16,35,4,24,1,11,45,20,70,32,73,81,10,6,4,252,184,1,64,53,15,17,214,27,157,1,27,8]
completion_time_por_agente [694,305,174,113,41,43,7,15,59,21,127,44,316,29,9,16,74,15,128,6,289,12,396,185,445,179,471,7,185,41,20,274,18,88,21,25,348,386,21,26,5,407,151,74,31,16,20,126,102,3,296,379,40,13,24,96,225,114,223,174,78,489,19,40,69,208,61,196,301,45,23,64,13,464,13,339,60,7,44,86,109,393,27,44,45,16,21,14,303,19,17,19,22,53,106,550,5,478,142,21,618,213,17,40,5,25,2,12,52,21,73,33,74,85,11,7,5,254,188,2,72,64,16,18,219,33,167,2,28,9]
tiempo_ultimo_agente_goal 694
tiempo_en_acabar 694
tiempo_promedio 119.846153
agentes_en_goal 130
push_out_count 0
RUN 26
valores_ideales [0,0,0,0,0,0,0,0,0,0,0,0,0,0,0,0,0,0,0,0,0,0,0,0,0,0,0,0,0,0,0,0,0,0,0,0,0,0,0,0,0,0,0,0,0,0,0,0,0,0,0,0,0,0,0,0,0,0,0,0,0,0,0,0,0,0,0,0,0,0,0,0,0,0,0,0,0,0,0,0,0,0,0,0,0,0,0,0,0,0,0,0,0,0,0,0,0,0,0,0,0,0,0,0,0,0,0,0,0,0,0,0,0,0,0,0,0,0,0,0,0,0,0,0,0,0,0,0,0,0]
costo_por_agente [76,387,149,57,44,27,6,14,47,14,150,33,130,25,8,15,65,14,146,5,182,17,419,154,371,318,594,6,30,36,19,327,17,94,20,24,487,280,24,25,4,308,114,37,18,13,19,131,89,2,335,158,33,14,27,88,217,114,428,186,55,256,14,59,213,328,48,122,377,36,26,67,14,567,12,313,61,6,64,30,142,512,50,41,46,20,22,15,326,18,18,18,21,48,125,55,2,207,103,24,527,152,12,81,8,24,1,11,33,20,56,32,101,95,10,6,6,534,348,1,240,543,21,19,80,37,109,1,37,8]
completion_time_por_agente [80,389,150,74,45,30,7,15,59,15,152,36,131,26,9,16,68,15,149,6,185,18,421,156,372,319,597,7,31,39,20,328,18,97,21,25,489,281,25,26,5,312,115,48,19,15,20,133,91,3,337,160,34,15,28,90,221,115,430,193,60,257,15,60,216,330,52,124,380,37,27,71,15,570,13,314,62,7,66,37,144,514,52,51,50,26,23,16,327,19,19,19,22,58,127,70,3,208,104,25,528,153,13,84,9,25,2,12,39,21,58,33,104,97,11,7,7,535,350,2,243,548,22,20,84,48,111,2,39,9]
tiempo_ultimo_agente_goal 597
tiempo_en_acabar 597
tiempo_promedio 116.438461
agentes_en_goal 130
push_out_count 0
RUN 27
valores_ideales [0,0,0,0,0,0,0,0,0,0,0,0,0,0,0,0,0,0,0,0,0,0,0,0,0,0,0,0,0,0,0,0,0,0,0,0,0,0,0,0,0,0,0,0,0,0,0,0,0,0,0,0,0,0,0,0,0,0,0,0,0,0,0,0,0,0,0,0,0,0,0,0,0,0,0,0,0,0,0,0,0,0,0,0,0,0,0,0,0,0,0,0,0,0,0,0,0,0,0,0,0,0,0,0,0,0,0,0,0,0,0,0,0,0,0,0,0,0,0,0,0,0,0,0,0,0,0,0,0,0]
costo_por_agente [102,389,151,137,40,23,6,14,45,20,142,95,374,21,8,15,49,14,72,5,214,11,441,154,207,444,274,6,30,34,25,179,13,90,16,24,373,398,24,29,4,72,134,23,22,17,19,139,121,2,369,258,27,22,25,88,221,104,262,214,97,472,24,63,185,410,72,216,467,28,22,31,16,583,14,413,57,6,38,36,64,42,28,51,36,18,20,13,232,18,16,18,25,272,61,497,4,595,95,22,511,166,12,51,2,24,1,11,27,18,46,28,107,61,10,6,6,334,190,1,374,377,17,17,168,101,105,1,21,10]
completion_time_por_agente [110,393,153,143,41,25,7,15,52,21,143,97,375,22,9,16,63,15,73,6,217,12,443,156,210,445,278,7,33,35,26,185,14,92,17,25,379,399,25,30,5,77,135,25,23,18,20,140,125,3,376,260,28,23,26,90,234,105,264,215,98,473,25,67,187,411,75,218,470,29,23,36,18,584,15,417,65,7,48,39,68,44,29,70,39,19,21,14,233,19,17,19,26,277,64,499,5,597,99,23,512,167,13,67,3,25,2,12,31,19,55,29,111,81,11,7,7,339,191,2,377,384,18,18,170,105,109,2,23,11]
tiempo_ultimo_agente_goal 597
tiempo_en_acabar 597
tiempo_promedio 118.361542
agentes_en_goal 130
push_out_count 0
RUN 28
valores_ideales [0,0,0,0,0,0,0,0,0,0,0,0,0,0,0,0,0,0,0,0,0,0,0,0,0,0,0,0,0,0,0,0,0,0,0,0,0,0,0,0,0,0,0,0,0,0,0,0,0,0,0,0,0,0,0,0,0,0,0,0,0,0,0,0,0,0,0,0,0,0,0,0,0,0,0,0,0,0,0,0,0,0,0,0,0,0,0,0,0,0,0,0,0,0,0,0,0,0,0,0,0,0,0,0,0,0,0,0,0,0,0,0,0,0,0,0,0,0,0,0,0,0,0,0,0,0,0,0,0,0]
costo_por_agente [604,301,29,113,38,365,8,14,51,18,88,31,340,17,10,15,69,18,114,5,56,13,179,270,113,300,76,6,176,170,19,459,15,106,20,24,343,86,26,33,4,206,86,71,16,15,23,123,91,2,379,280,25,12,29,64,161,96,380,48,131,406,18,55,367,408,66,166,441,26,24,69,12,467,20,303,49,6,60,36,250,458,32,81,26,16,24,13,248,18,16,18,25,326,105,329,4,283,115,20,493,188,14,83,2,24,1,11,49,20,48,32,81,73,10,6,10,240,312,1,246,339,13,17,186,35,129,1,23,8]
completion_time_por_agente [609,304,35,114,39,367,9,15,58,19,91,39,341,18,11,16,70,19,131,6,65,14,180,273,115,301,80,7,179,181,20,461,16,108,21,25,345,89,28,34,5,209,88,72,17,16,24,124,93,3,382,283,26,14,30,67,163,101,381,64,133,407,19,59,371,413,72,167,444,27,25,75,13,469,21,307,59,7,66,54,253,462,33,85,29,18,25,14,249,19,17,19,26,329,107,331,5,284,121,21,494,189,15,85,3,25,2,12,70,21,58,34,85,76,11,7,11,242,314,2,250,342,14,18,187,57,131,2,24,9]
tiempo_ultimo_agente_goal 609
tiempo_en_acabar 609
tiempo_promedio 118.923080
agentes_en_goal 130
push_out_count 0
RUN 29
valores_ideales [0,0,0,0,0,0,0,0,0,0,0,0,0,0,0,0,0,0,0,0,0,0,0,0,0,0,0,0,0,0,0,0,0,0,0,0,0,0,0,0,0,0,0,0,0,0,0,0,0,0,0,0,0,0,0,0,0,0,0,0,0,0,0,0,0,0,0,0,0,0,0,0,0,0,0,0,0,0,0,0,0,0,0,0,0,0,0,0,0,0,0,0,0,0,0,0,0,0,0,0,0,0,0,0,0,0,0,0,0,0,0,0,0,0,0,0,0,0,0,0,0,0,0,0,0,0,0,0,0,0]
costo_por_agente [322,469,121,111,40,29,8,14,59,16,256,39,84,35,10,15,65,14,98,5,80,13,459,162,289,300,412,6,96,38,19,271,15,146,16,24,441,254,28,27,6,70,154,71,18,15,21,151,53,2,357,104,27,18,29,80,173,78,334,144,75,366,14,31,147,266,46,266,587,28,22,47,18,481,12,225,37,6,60,82,154,518,28,39,22,26,20,13,304,18,16,18,21,372,109,529,2,243,91,20,389,226,12,35,4,24,1,11,55,18,44,32,97,81,10,6,4,446,182,1,232,337,13,17,52,31,117,1,27,8]
completion_time_por_agente [329,470,123,121,42,38,10,15,63,17,258,46,86,38,11,16,68,15,106,6,84,15,460,164,291,303,413,7,100,46,20,273,16,150,17,25,450,255,29,28,7,74,155,73,19,16,22,153,59,3,363,105,28,19,31,87,176,79,336,148,79,368,15,40,150,268,51,269,590,30,23,54,19,483,13,226,39,7,62,94,156,520,29,42,24,27,21,14,305,19,17,19,22,375,110,530,3,244,94,21,392,228,13,41,5,25,2,12,58,19,47,33,99,85,11,7,5,448,186,2,233,342,14,18,55,42,120,2,28,9]
tiempo_ultimo_agente_goal 590
tiempo_en_acabar 590
tiempo_promedio 115.615387
agentes_en_goal 130
push_out_count 0
RUN 30
valores_ideales [0,0,0,0,0,0,0,0,0,0,0,0,0,0,0,0,0,0,0,0,0,0,0,0,0,0,0,0,0,0,0,0,0,0,0,0,0,0,0,0,0,0,0,0,0,0,0,0,0,0,0,0,0,0,0,0,0,0,0,0,0,0,0,0,0,0,0,0,0,0,0,0,0,0,0,0,0,0,0,0,0,0,0,0,0,0,0,0,0,0,0,0,0,0,0,0,0,0,0,0,0,0,0,0,0,0,0,0,0,0,0,0,0,0,0,0,0,0,0,0,0,0,0,0,0,0,0,0,0,0]
costo_por_agente [66,481,197,45,40,45,10,14,65,12,214,51,134,23,10,15,69,14,128,5,74,11,621,140,397,230,308,6,360,40,25,453,15,78,16,24,435,420,22,25,14,408,130,47,14,19,23,101,93,2,33,282,25,12,27,72,181,104,288,42,43,462,16,19,113,382,74,184,405,36,22,39,20,367,12,317,67,6,72,42,142,46,36,65,24,20,20,13,272,22,18,18,21,52,103,321,2,467,105,20,289,322,16,87,4,26,1,17,33,18,54,38,55,47,10,6,6,504,74,1,294,167,21,17,68,65,69,1,31,8]
completion_time_por_agente [74,483,202,46,41,59,12,15,67,13,216,56,136,24,11,16,72,15,131,6,79,12,623,143,400,231,311,7,362,46,26,454,16,80,18,25,442,422,23,26,15,411,131,53,15,20,24,103,100,3,36,284,26,14,28,73,192,106,289,45,48,472,17,20,117,385,78,186,408,37,23,40,21,368,13,319,71,7,77,49,143,52,37,67,29,23,21,14,273,23,19,19,22,63,106,322,3,468,108,21,290,324,17,89,6,27,2,18,35,19,56,39,60,48,11,7,7,507,76,2,295,170,22,18,75,68,73,2,32,9]
tiempo_ultimo_agente_goal 623
tiempo_en_acabar 623
tiempo_promedio 110.784615
agentes_en_goal 130
push_out_count 0
RUN 31
valores_ideales [0,0,0,0,0,0,0,0,0,0,0,0,0,0,0,0,0,0,0,0,0,0,0,0,0,0,0,0,0,0,0,0,0,0,0,0,0,0,0,0,0,0,0,0,0,0,0,0,0,0,0,0,0,0,0,0,0,0,0,0,0,0,0,0,0,0,0,0,0,0,0,0,0,0,0,0,0,0,0,0,0,0,0,0,0,0,0,0,0,0,0,0,0,0,0,0,0,0,0,0,0,0,0,0,0,0,0,0,0,0,0,0,0,0,0,0,0,0,0,0,0,0,0,0,0,0,0,0,0,0]
costo_por_agente [68,337,205,109,38,397,6,14,33,16,332,29,212,17,8,15,75,14,30,5,414,11,429,78,87,406,400,6,214,90,19,371,17,58,18,24,47,348,24,37,4,56,86,65,16,13,27,107,109,2,353,272,29,12,35,58,61,58,274,132,57,488,20,25,119,282,42,188,397,30,24,41,12,241,12,303,33,6,28,100,164,334,32,27,26,22,24,13,238,18,18,18,21,316,67,47,2,449,79,24,431,270,12,91,4,26,1,11,31,18,78,32,51,69,10,6,6,98,128,1,88,369,21,17,46,169,31,1,29,22]
completion_time_por_agente [79,338,209,112,39,402,7,15,36,17,335,32,213,18,9,16,79,15,32,6,417,12,430,80,90,408,403,7,215,92,20,372,18,60,19,25,48,349,25,38,5,62,87,67,17,15,28,109,112,3,355,274,30,13,37,60,65,60,275,134,58,489,21,29,121,284,48,190,399,32,25,47,13,244,13,309,38,7,29,102,168,336,33,29,29,23,25,14,240,19,20,19,22,318,71,49,3,450,80,25,435,271,13,92,5,27,2,12,33,19,79,33,56,72,11,7,7,99,130,2,93,371,22,18,49,174,33,2,31,23]
tiempo_ultimo_agente_goal 489
tiempo_en_acabar 489
tiempo_promedio 104.900002
agentes_en_goal 130
push_out_count 0
RUN 32
valores_ideales [0,0,0,0,0,0,0,0,0,0,0,0,0,0,0,0,0,0,0,0,0,0,0,0,0,0,0,0,0,0,0,0,0,0,0,0,0,0,0,0,0,0,0,0,0,0,0,0,0,0,0,0,0,0,0,0,0,0,0,0,0,0,0,0,0,0,0,0,0,0,0,0,0,0,0,0,0,0,0,0,0,0,0,0,0,0,0,0,0,0,0,0,0,0,0,0,0,0,0,0,0,0,0,0,0,0,0,0,0,0,0,0,0,0,0,0,0,0,0,0,0,0,0,0,0,0,0,0,0,0]
costo_por_agente [206,417,171,71,38,29,6,14,35,14,112,33,378,21,8,15,67,14,120,5,426,15,279,142,151,306,414,6,96,40,21,295,15,74,16,24,379,400,28,23,4,52,84,29,20,17,21,181,71,2,29,102,27,22,33,84,277,64,280,288,53,572,14,25,83,290,50,268,517,28,24,61,14,393,12,381,31,6,48,86,140,456,36,89,30,20,22,15,410,18,18,18,21,350,77,55,2,361,109,20,481,150,20,159,2,24,1,11,41,18,70,28,109,75,10,6,6,580,362,1,336,229,15,19,156,37,31,1,37,8]
completion_time_por_agente [213,419,173,74,40,34,7,15,37,15,114,38,381,22,9,16,70,15,128,6,429,16,281,143,153,307,416,7,98,44,22,296,16,76,17,25,382,401,29,24,5,53,87,36,21,19,23,182,74,3,35,103,28,23,34,86,282,68,281,290,60,574,15,29,85,291,51,271,518,29,25,62,16,395,13,385,36,7,49,89,142,457,37,94,33,22,23,16,411,19,19,19,22,353,82,59,3,363,110,21,482,152,21,165,3,25,2,12,47,19,71,29,111,80,11,7,7,581,364,2,343,230,16,20,159,43,38,2,40,9]
tiempo_ultimo_agente_goal 581
tiempo_en_acabar 581
tiempo_promedio 116.438461
agentes_en_goal 130
push_out_count 0
RUN 33
valores_ideales [0,0,0,0,0,0,0,0,0,0,0,0,0,0,0,0,0,0,0,0,0,0,0,0,0,0,0,0,0,0,0,0,0,0,0,0,0,0,0,0,0,0,0,0,0,0,0,0,0,0,0,0,0,0,0,0,0,0,0,0,0,0,0,0,0,0,0,0,0,0,0,0,0,0,0,0,0,0,0,0,0,0,0,0,0,0,0,0,0,0,0,0,0,0,0,0,0,0,0,0,0,0,0,0,0,0,0,0,0,0,0,0,0,0,0,0,0,0,0,0,0,0,0,0,0,0,0,0,0,0]
costo_por_agente [68,295,83,47,40,353,6,14,59,16,216,39,338,21,10,15,67,14,26,5,366,13,371,174,307,342,490,8,312,152,19,253,17,84,16,24,579,408,24,23,8,282,80,23,18,27,29,155,149,2,385,244,25,14,23,68,31,142,448,44,41,514,14,21,183,406,64,168,205,28,20,43,20,423,12,225,47,6,72,30,90,436,38,51,28,26,20,13,388,18,18,18,23,58,115,325,2,515,125,24,421,68,12,91,6,24,1,11,39,18,56,26,79,67,10,6,6,90,422,1,158,381,13,17,158,261,111,1,33,8]
completion_time_por_agente [73,297,87,52,41,357,7,15,63,17,220,41,340,23,11,16,75,15,27,6,368,14,372,177,309,343,498,10,316,154,20,254,18,85,17,25,581,409,25,24,9,283,82,24,19,28,30,156,152,3,386,245,26,15,24,69,32,143,451,46,54,517,15,23,185,407,66,171,206,29,21,52,21,425,13,228,59,7,73,32,91,439,39,60,29,29,21,14,389,19,19,19,24,69,116,330,3,517,127,25,422,70,13,97,8,25,2,12,44,19,63,27,85,68,11,7,7,93,423,2,159,384,14,18,164,269,113,2,37,9]
tiempo_ultimo_agente_goal 581
tiempo_en_acabar 581
tiempo_promedio 120.576920
agentes_en_goal 130
push_out_count 0
RUN 34
valores_ideales [0,0,0,0,0,0,0,0,0,0,0,0,0,0,0,0,0,0,0,0,0,0,0,0,0,0,0,0,0,0,0,0,0,0,0,0,0,0,0,0,0,0,0,0,0,0,0,0,0,0,0,0,0,0,0,0,0,0,0,0,0,0,0,0,0,0,0,0,0,0,0,0,0,0,0,0,0,0,0,0,0,0,0,0,0,0,0,0,0,0,0,0,0,0,0,0,0,0,0,0,0,0,0,0,0,0,0,0,0,0,0,0,0,0,0,0,0,0,0,0,0,0,0,0,0,0,0,0,0,0]
costo_por_agente [84,287,23,77,40,31,6,14,37,14,242,35,262,19,8,15,47,14,86,5,338,11,475,178,209,252,312,6,32,104,19,233,17,70,22,24,405,154,22,25,6,56,122,65,20,19,21,97,39,2,405,100,31,14,23,54,177,138,298,256,69,250,12,47,131,322,52,72,313,34,20,55,12,261,18,287,37,6,52,64,58,452,32,73,32,22,28,13,284,20,18,18,27,316,113,57,8,419,119,24,547,230,12,37,2,24,1,11,63,22,48,30,47,67,10,6,8,142,226,1,368,41,17,17,160,31,75,1,17,8]
completion_time_por_agente [90,290,29,80,41,38,7,15,40,15,243,38,264,20,9,16,51,15,93,6,339,12,476,179,211,253,318,7,37,107,20,234,18,74,23,25,408,155,23,26,7,60,123,67,22,21,22,99,41,3,420,101,32,15,25,55,183,139,299,257,71,251,13,50,133,325,56,73,317,35,21,60,13,263,19,290,40,7,60,67,59,458,33,74,38,24,29,14,285,21,19,19,28,320,115,58,9,420,122,25,548,231,13,38,3,25,2,12,66,23,49,31,49,70,11,7,9,144,227,2,369,42,18,18,164,35,80,2,19,9]
tiempo_ultimo_agente_goal 548
tiempo_en_acabar 548
tiempo_promedio 99.892311
agentes_en_goal 130
push_out_count 0
RUN 35
valores_ideales [0,0,0,0,0,0,0,0,0,0,0,0,0,0,0,0,0,0,0,0,0,0,0,0,0,0,0,0,0,0,0,0,0,0,0,0,0,0,0,0,0,0,0,0,0,0,0,0,0,0,0,0,0,0,0,0,0,0,0,0,0,0,0,0,0,0,0,0,0,0,0,0,0,0,0,0,0,0,0,0,0,0,0,0,0,0,0,0,0,0,0,0,0,0,0,0,0,0,0,0,0,0,0,0,0,0,0,0,0,0,0,0,0,0,0,0,0,0,0,0,0,0,0,0,0,0,0,0,0,0]
costo_por_agente [268,249,191,103,40,281,8,14,59,14,182,55,356,27,10,15,63,14,176,5,262,11,521,56,209,184,384,8,38,36,19,345,13,86,16,24,453,222,20,27,4,396,78,25,14,9,21,153,151,2,369,242,23,12,23,76,181,44,270,204,67,248,16,25,157,400,54,308,355,32,24,43,12,591,12,259,37,6,58,28,148,426,28,27,24,30,24,15,276,18,16,18,21,42,143,55,4,485,79,20,437,52,12,85,6,26,1,11,33,20,48,32,107,73,10,6,6,364,338,1,58,325,15,19,42,249,115,1,25,12]
completion_time_por_agente [271,252,197,107,41,285,9,15,61,15,183,61,357,30,11,16,65,15,184,6,265,12,523,58,210,186,387,10,44,40,20,346,14,90,17,25,457,223,21,28,5,398,80,31,15,10,22,155,154,3,372,243,24,13,24,79,183,46,271,207,71,250,17,32,159,401,57,311,357,33,25,46,13,595,13,261,45,7,60,32,150,433,29,31,29,33,25,16,277,19,17,19,22,49,145,64,5,488,80,21,439,57,13,92,7,27,2,12,39,21,51,33,109,77,11,7,7,365,340,2,63,327,16,20,47,254,120,2,27,13]
tiempo_ultimo_agente_goal 595
tiempo_en_acabar 595
tiempo_promedio 114.069229
agentes_en_goal 130
push_out_count 0
RUN 36
valores_ideales [0,0,0,0,0,0,0,0,0,0,0,0,0,0,0,0,0,0,0,0,0,0,0,0,0,0,0,0,0,0,0,0,0,0,0,0,0,0,0,0,0,0,0,0,0,0,0,0,0,0,0,0,0,0,0,0,0,0,0,0,0,0,0,0,0,0,0,0,0,0,0,0,0,0,0,0,0,0,0,0,0,0,0,0,0,0,0,0,0,0,0,0,0,0,0,0,0,0,0,0,0,0,0,0,0,0,0,0,0,0,0,0,0,0,0,0,0,0,0,0,0,0,0,0,0,0,0,0,0,0]
costo_por_agente [372,391,119,71,40,291,6,14,51,16,232,67,304,17,8,31,49,18,100,5,380,13,491,152,199,356,560,6,30,40,21,435,17,94,16,24,409,252,24,27,8,362,118,59,16,13,23,171,47,2,295,208,27,12,25,90,163,108,368,36,117,248,14,21,139,386,90,426,285,26,22,57,12,517,12,249,43,6,66,34,178,382,40,79,72,18,20,15,226,18,18,18,21,458,89,405,4,551,99,20,391,94,20,75,2,24,1,11,59,18,60,34,103,55,10,6,8,622,318,1,76,435,13,19,48,225,93,1,27,8]
completion_time_por_agente [375,394,122,77,41,292,7,15,61,17,234,74,306,18,9,32,58,19,103,6,384,14,492,153,202,359,567,7,31,50,22,437,18,97,17,25,412,253,25,28,9,364,119,62,17,14,24,172,59,3,301,210,28,13,26,92,166,112,369,39,128,249,15,23,141,389,93,433,289,27,23,65,13,518,13,251,59,7,72,46,179,385,41,82,80,19,21,16,227,19,19,19,22,460,91,408,5,552,100,21,392,96,21,79,3,25,2,12,66,19,65,36,106,63,11,7,9,625,320,2,83,439,16,20,53,228,95,2,28,9]
tiempo_ultimo_agente_goal 625
tiempo_en_acabar 625
tiempo_promedio 127.723076
agentes_en_goal 130
push_out_count 0
RUN 37
valores_ideales [0,0,0,0,0,0,0,0,0,0,0,0,0,0,0,0,0,0,0,0,0,0,0,0,0,0,0,0,0,0,0,0,0,0,0,0,0,0,0,0,0,0,0,0,0,0,0,0,0,0,0,0,0,0,0,0,0,0,0,0,0,0,0,0,0,0,0,0,0,0,0,0,0,0,0,0,0,0,0,0,0,0,0,0,0,0,0,0,0,0,0,0,0,0,0,0,0,0,0,0,0,0,0,0,0,0,0,0,0,0,0,0,0,0,0,0,0,0,0,0,0,0,0,0,0,0,0,0,0,0]
costo_por_agente [504,283,31,83,38,39,10,14,67,12,232,41,222,41,14,15,75,14,30,5,54,15,583,212,315,74,502,10,30,34,19,511,15,108,16,24,363,196,20,25,4,72,140,81,18,13,19,65,127,2,645,248,23,12,27,86,149,80,578,210,31,406,14,17,139,516,46,92,487,28,28,79,12,459,16,355,39,6,36,30,164,272,46,69,22,18,20,13,402,18,16,18,21,52,83,47,2,505,109,20,447,172,22,81,6,26,1,11,41,18,60,28,123,59,10,6,6,314,138,1,116,41,19,17,178,99,135,1,19,10]
completion_time_por_agente [505,291,39,87,39,53,11,15,71,13,234,51,223,42,15,16,79,15,39,6,70,16,586,213,316,82,508,11,35,39,20,513,16,112,17,25,365,198,21,26,5,77,141,83,19,14,20,67,136,3,654,251,24,13,28,91,156,81,579,211,36,408,15,20,142,517,56,95,493,29,30,89,13,460,17,358,47,7,42,37,166,275,47,74,27,21,21,14,403,19,17,19,22,62,85,53,3,506,110,21,448,173,23,83,7,27,2,12,47,19,64,29,125,72,11,7,7,316,140,2,120,46,20,18,184,114,138,2,21,11]
tiempo_ultimo_agente_goal 654
tiempo_en_acabar 654
tiempo_promedio 114.230766
agentes_en_goal 130
push_out_count 0
RUN 38
valores_ideales [0,0,0,0,0,0,0,0,0,0,0,0,0,0,0,0,0,0,0,0,0,0,0,0,0,0,0,0,0,0,0,0,0,0,0,0,0,0,0,0,0,0,0,0,0,0,0,0,0,0,0,0,0,0,0,0,0,0,0,0,0,0,0,0,0,0,0,0,0,0,0,0,0,0,0,0,0,0,0,0,0,0,0,0,0,0,0,0,0,0,0,0,0,0,0,0,0,0,0,0,0,0,0,0,0,0,0,0,0,0,0,0,0,0,0,0,0,0,0,0,0,0,0,0,0,0,0,0,0,0]
costo_por_agente [242,255,193,155,40,211,6,14,31,14,316,73,410,17,8,15,103,14,152,5,270,11,587,164,267,198,56,6,128,38,19,325,17,128,16,24,239,186,20,23,4,146,166,25,12,11,21,101,111,2,37,168,25,18,23,110,127,144,314,36,45,628,14,87,125,408,58,374,341,26,22,81,16,349,12,507,85,6,96,122,208,472,40,57,34,32,22,15,350,18,18,18,21,412,127,49,2,385,141,20,329,298,12,97,2,28,1,11,61,18,102,28,107,87,10,6,6,250,212,1,452,301,13,19,218,43,95,1,19,10]
completion_time_por_agente [245,259,194,168,41,214,7,15,40,15,317,107,411,18,9,16,106,15,163,6,272,12,589,166,275,199,74,7,130,48,20,326,18,132,17,25,242,188,21,24,5,168,168,32,13,13,22,103,119,3,47,169,26,19,24,116,129,145,315,45,83,630,15,92,127,410,75,375,342,27,23,94,17,352,13,510,94,7,103,127,210,476,41,79,91,38,23,16,353,19,19,19,22,415,128,57,3,386,142,21,330,302,13,100,3,29,2,12,96,19,113,29,115,93,11,7,7,252,214,2,456,303,14,20,222,60,98,2,20,11]
tiempo_ultimo_agente_goal 630
tiempo_en_acabar 630
tiempo_promedio 122.007690
agentes_en_goal 130
push_out_count 0
RUN 39
valores_ideales [0,0,0,0,0,0,0,0,0,0,0,0,0,0,0,0,0,0,0,0,0,0,0,0,0,0,0,0,0,0,0,0,0,0,0,0,0,0,0,0,0,0,0,0,0,0,0,0,0,0,0,0,0,0,0,0,0,0,0,0,0,0,0,0,0,0,0,0,0,0,0,0,0,0,0,0,0,0,0,0,0,0,0,0,0,0,0,0,0,0,0,0,0,0,0,0,0,0,0,0,0,0,0,0,0,0,0,0,0,0,0,0,0,0,0,0,0,0,0,0,0,0,0,0,0,0,0,0,0,0]
costo_por_agente [54,425,47,59,40,31,8,14,71,14,178,61,88,17,8,15,65,14,42,5,298,11,413,126,329,144,542,6,232,38,19,409,17,68,22,24,53,472,24,29,16,276,114,35,22,15,21,63,89,2,41,316,35,12,25,86,277,124,352,154,49,404,16,19,139,216,76,194,161,32,22,49,16,385,18,465,35,6,56,88,138,534,26,51,26,40,22,15,304,20,16,18,21,166,69,293,4,359,101,20,263,316,12,139,4,26,1,11,77,18,48,34,117,77,10,6,6,224,364,1,244,347,15,19,54,33,129,1,31,8]
completion_time_por_agente [57,428,53,68,41,35,9,15,74,15,180,68,91,18,9,16,70,15,51,6,300,12,414,128,331,148,549,7,235,44,20,410,18,70,24,25,58,475,25,30,17,280,116,43,23,17,22,70,93,3,50,319,36,13,26,91,281,127,353,155,55,407,17,21,140,217,78,196,165,33,23,54,19,388,19,467,40,7,63,93,139,538,27,58,27,43,23,16,306,21,17,19,22,169,72,296,5,361,103,21,265,317,13,142,5,27,2,12,84,19,52,36,121,83,11,7,7,226,367,2,252,352,16,20,63,39,131,2,33,9]
tiempo_ultimo_agente_goal 549
tiempo_en_acabar 549
tiempo_promedio 109.823074
agentes_en_goal 130
push_out_count 0
