RUN 0
valores_ideales [0,0,0,0,0,0,0,0,0,0,0,0,0,0,0,0,0,0,0,0,0,0,0,0,0,0,0,0,0,0,0,0,0,0,0,0,0,0,0,0,0,0,0,0,0,0,0,0,0,0]
costo_por_agente [54,204,8,22,10,23,78,10,15,15,131,26,42,15,32,72,31,25,58,29,86,3,115,94,44,9,25,42,8,7,17,18,25,27,16,14,29,127,18,22,41,30,17,38,5,15,39,19,2,57]
completion_time_por_agente [55,205,9,23,11,24,79,11,16,16,132,27,43,16,34,73,32,26,59,30,88,4,116,95,45,10,26,43,9,8,18,19,26,28,17,15,30,128,19,23,42,31,18,39,6,16,40,20,3,58]
tiempo_ultimo_agente_goal 205
tiempo_en_acabar 205
tiempo_promedio 39.220001
agentes_en_goal 50
push_out_count 0
RUN 1
valores_ideales [0,0,0,0,0,0,0,0,0,0,0,0,0,0,0,0,0,0,0,0,0,0,0,0,0,0,0,0,0,0,0,0,0,0,0,0,0,0,0,0,0,0,0,0,0,0,0,0,0,0]
costo_por_agente [70,72,8,24,10,19,82,10,15,15,115,26,40,17,36,82,31,25,84,27,72,3,123,158,46,13,25,38,8,7,17,18,25,25,16,14,31,93,16,22,51,28,17,42,13,15,29,19,2,49]
completion_time_por_agente [71,73,9,25,11,20,83,11,16,16,116,27,41,18,42,83,32,29,86,31,73,4,125,159,50,14,26,41,9,8,18,19,26,26,17,15,32,94,17,23,52,29,18,43,14,16,34,20,3,50]
tiempo_ultimo_agente_goal 159
tiempo_en_acabar 159
tiempo_promedio 38.299999
agentes_en_goal 50
push_out_count 0
RUN 2
valores_ideales [0,0,0,0,0,0,0,0,0,0,0,0,0,0,0,0,0,0,0,0,0,0,0,0,0,0,0,0,0,0,0,0,0,0,0,0,0,0,0,0,0,0,0,0,0,0,0,0,0,0]
costo_por_agente [58,146,12,22,10,19,116,10,15,15,95,26,38,15,32,54,31,23,66,43,156,3,189,112,44,9,25,38,8,7,17,18,25,25,16,14,29,117,16,22,45,28,17,36,5,15,29,19,2,61]
completion_time_por_agente [59,147,13,23,11,20,117,11,16,16,96,27,39,16,36,55,32,25,67,45,158,4,190,113,45,10,26,39,9,8,18,19,26,26,17,15,30,118,17,23,46,29,18,40,6,16,33,20,3,62]
tiempo_ultimo_agente_goal 190
tiempo_en_acabar 190
tiempo_promedio 41.099998
agentes_en_goal 50
push_out_count 0
RUN 3
valores_ideales [0,0,0,0,0,0,0,0,0,0,0,0,0,0,0,0,0,0,0,0,0,0,0,0,0,0,0,0,0,0,0,0,0,0,0,0,0,0,0,0,0,0,0,0,0,0,0,0,0,0]
costo_por_agente [54,132,16,22,10,21,70,10,17,15,41,26,36,15,32,46,31,29,64,31,32,3,215,90,48,9,25,44,8,7,17,18,25,25,16,14,29,133,16,22,39,28,17,44,5,17,23,19,2,63]
completion_time_por_agente [55,133,18,23,11,22,71,11,18,16,44,27,37,16,33,47,32,30,65,32,34,4,216,91,50,10,26,46,9,8,18,19,26,26,17,15,30,134,17,23,40,29,18,46,6,18,25,20,3,64]
tiempo_ultimo_agente_goal 216
tiempo_en_acabar 216
tiempo_promedio 36.580002
agentes_en_goal 50
push_out_count 0
RUN 4
valores_ideales [0,0,0,0,0,0,0,0,0,0,0,0,0,0,0,0,0,0,0,0,0,0,0,0,0,0,0,0,0,0,0,0,0,0,0,0,0,0,0,0,0,0,0,0,0,0,0,0,0,0]
costo_por_agente [64,80,8,22,10,19,74,10,15,15,59,26,38,15,34,50,31,25,72,27,170,3,175,74,134,11,25,22,8,7,17,18,25,27,16,14,29,101,18,22,37,30,17,34,5,15,37,19,2,63]
completion_time_por_agente [65,81,9,23,11,20,75,11,16,16,61,27,39,16,36,51,32,27,73,29,171,4,176,76,135,12,26,25,9,8,18,19,26,28,17,15,30,102,19,23,38,31,18,36,6,16,38,20,3,64]
tiempo_ultimo_agente_goal 176
tiempo_en_acabar 176
tiempo_promedio 38.540001
agentes_en_goal 50
push_out_count 0
RUN 5
valores_ideales [0,0,0,0,0,0,0,0,0,0,0,0,0,0,0,0,0,0,0,0,0,0,0,0,0,0,0,0,0,0,0,0,0,0,0,0,0,0,0,0,0,0,0,0,0,0,0,0,0,0]
costo_por_agente [68,206,8,24,10,19,38,10,15,15,181,26,34,15,36,50,31,25,98,69,68,3,143,138,158,9,25,24,8,7,17,18,25,27,16,16,27,125,16,20,41,28,17,44,13,17,43,21,2,59]
completion_time_por_agente [69,207,9,25,11,20,40,11,16,16,182,27,36,16,40,51,32,28,99,71,69,4,144,139,159,10,26,26,9,8,18,19,26,28,17,17,28,126,17,21,42,29,18,45,14,18,44,22,3,60]
tiempo_ultimo_agente_goal 207
tiempo_en_acabar 207
tiempo_promedio 44.240002
agentes_en_goal 50
push_out_count 0
RUN 6
valores_ideales [0,0,0,0,0,0,0,0,0,0,0,0,0,0,0,0,0,0,0,0,0,0,0,0,0,0,0,0,0,0,0,0,0,0,0,0,0,0,0,0,0,0,0,0,0,0,0,0,0,0]
costo_por_agente [58,122,10,22,10,19,136,10,15,15,117,26,38,17,34,76,31,27,48,51,112,3,219,108,46,9,23,36,8,7,17,18,25,25,16,16,29,95,16,24,35,28,17,38,5,15,23,19,2,51]
completion_time_por_agente [59,123,11,23,11,20,137,11,16,16,118,27,39,18,37,77,32,28,49,52,113,4,220,109,48,10,24,38,9,8,18,19,26,26,17,17,30,96,17,25,37,29,18,41,6,16,24,20,3,52]
tiempo_ultimo_agente_goal 220
tiempo_en_acabar 220
tiempo_promedio 40.480000
agentes_en_goal 50
push_out_count 0
RUN 7
valores_ideales [0,0,0,0,0,0,0,0,0,0,0,0,0,0,0,0,0,0,0,0,0,0,0,0,0,0,0,0,0,0,0,0,0,0,0,0,0,0,0,0,0,0,0,0,0,0,0,0,0,0]
costo_por_agente [54,90,8,22,10,19,116,10,15,15,37,26,34,15,32,76,31,25,86,27,60,3,199,80,42,9,25,36,8,7,17,18,25,27,16,14,29,79,16,24,49,28,17,42,5,15,39,19,2,53]
completion_time_por_agente [55,91,9,23,11,20,117,11,16,16,41,27,35,16,33,77,32,26,87,28,61,4,200,81,43,10,26,37,9,8,18,19,26,28,17,15,30,80,17,25,50,29,18,43,6,16,41,20,3,54]
tiempo_ultimo_agente_goal 200
tiempo_en_acabar 200
tiempo_promedio 36.099998
agentes_en_goal 50
push_out_count 0
RUN 8
valores_ideales [0,0,0,0,0,0,0,0,0,0,0,0,0,0,0,0,0,0,0,0,0,0,0,0,0,0,0,0,0,0,0,0,0,0,0,0,0,0,0,0,0,0,0,0,0,0,0,0,0,0]
costo_por_agente [54,160,14,22,10,19,104,10,15,15,149,26,44,15,34,94,31,33,82,29,142,3,183,82,44,9,25,40,8,7,17,18,25,25,16,16,31,105,16,20,31,28,17,42,23,15,29,19,2,45]
completion_time_por_agente [55,161,15,23,11,20,105,11,16,16,152,27,45,16,36,95,32,34,83,30,143,4,184,83,45,11,26,41,9,8,18,19,26,26,17,17,32,106,17,21,33,29,18,43,24,16,31,20,3,46]
tiempo_ultimo_agente_goal 184
tiempo_en_acabar 184
tiempo_promedio 41.980000
agentes_en_goal 50
push_out_count 0
RUN 9
valores_ideales [0,0,0,0,0,0,0,0,0,0,0,0,0,0,0,0,0,0,0,0,0,0,0,0,0,0,0,0,0,0,0,0,0,0,0,0,0,0,0,0,0,0,0,0,0,0,0,0,0,0]
costo_por_agente [52,82,8,22,10,19,92,10,15,15,39,26,34,15,32,82,31,25,50,27,92,3,113,114,42,9,25,40,8,7,17,18,25,27,16,16,29,145,18,22,37,28,17,60,5,15,37,19,2,43]
completion_time_por_agente [53,83,9,23,11,20,93,11,16,16,42,27,35,16,33,83,32,26,51,29,93,4,114,115,43,10,26,41,9,8,18,19,26,28,17,17,30,146,19,23,38,29,18,61,6,16,38,20,3,44]
tiempo_ultimo_agente_goal 146
tiempo_en_acabar 146
tiempo_promedio 35.759998
agentes_en_goal 50
push_out_count 0
RUN 10
valores_ideales [0,0,0,0,0,0,0,0,0,0,0,0,0,0,0,0,0,0,0,0,0,0,0,0,0,0,0,0,0,0,0,0,0,0,0,0,0,0,0,0,0,0,0,0,0,0,0,0,0,0]
costo_por_agente [54,166,18,24,10,19,38,10,15,15,175,26,46,15,36,46,31,53,52,61,130,3,139,62,50,11,25,32,8,7,17,18,25,27,16,16,27,131,16,22,45,28,17,38,5,15,23,19,2,47]
completion_time_por_agente [55,167,19,25,11,20,40,11,16,16,176,27,48,16,39,47,32,54,53,64,131,4,141,63,51,12,26,33,9,8,18,19,26,28,17,17,28,132,17,23,46,29,18,40,6,16,24,20,3,48]
tiempo_ultimo_agente_goal 176
tiempo_en_acabar 176
tiempo_promedio 39.779999
agentes_en_goal 50
push_out_count 0
RUN 11
valores_ideales [0,0,0,0,0,0,0,0,0,0,0,0,0,0,0,0,0,0,0,0,0,0,0,0,0,0,0,0,0,0,0,0,0,0,0,0,0,0,0,0,0,0,0,0,0,0,0,0,0,0]
costo_por_agente [58,172,10,22,10,21,118,10,15,15,123,26,36,15,34,48,31,25,106,37,110,3,125,94,44,11,25,34,8,7,17,18,25,25,16,16,29,119,16,22,41,28,17,48,5,15,25,19,2,61]
completion_time_por_agente [59,173,11,23,11,22,119,11,16,16,124,27,37,16,35,49,32,27,107,38,111,4,128,95,45,12,26,35,9,8,18,19,26,26,17,17,30,120,17,23,42,29,18,49,6,16,26,20,3,62]
tiempo_ultimo_agente_goal 173
tiempo_en_acabar 173
tiempo_promedio 40.200001
agentes_en_goal 50
push_out_count 0
RUN 12
valores_ideales [0,0,0,0,0,0,0,0,0,0,0,0,0,0,0,0,0,0,0,0,0,0,0,0,0,0,0,0,0,0,0,0,0,0,0,0,0,0,0,0,0,0,0,0,0,0,0,0,0,0]
costo_por_agente [60,198,8,24,10,19,74,10,15,15,43,26,46,17,34,84,31,41,78,27,68,3,139,104,42,11,23,46,8,7,17,18,25,25,16,20,27,101,16,22,31,28,17,60,5,15,33,19,2,57]
completion_time_por_agente [61,199,9,25,11,20,75,11,16,16,46,27,47,18,40,85,32,42,79,29,69,4,140,105,44,13,24,48,9,8,18,19,26,26,17,21,28,102,17,23,34,29,18,61,6,16,40,20,3,58]
tiempo_ultimo_agente_goal 199
tiempo_en_acabar 199
tiempo_promedio 38.680000
agentes_en_goal 50
push_out_count 0
RUN 13
valores_ideales [0,0,0,0,0,0,0,0,0,0,0,0,0,0,0,0,0,0,0,0,0,0,0,0,0,0,0,0,0,0,0,0,0,0,0,0,0,0,0,0,0,0,0,0,0,0,0,0,0,0]
costo_por_agente [54,124,8,22,10,21,98,10,15,15,141,26,40,15,38,54,31,23,54,29,38,3,107,84,124,9,25,72,8,7,17,18,25,33,16,16,29,123,16,22,33,28,17,60,5,15,31,19,2,63]
completion_time_por_agente [55,125,9,23,11,22,99,11,16,16,142,27,42,16,44,55,32,25,55,31,40,4,108,85,125,10,26,73,9,8,18,19,26,34,17,17,30,124,17,23,35,29,18,61,6,16,36,20,3,64]
tiempo_ultimo_agente_goal 142
tiempo_en_acabar 142
tiempo_promedio 39.139999
agentes_en_goal 50
push_out_count 0
RUN 14
valores_ideales [0,0,0,0,0,0,0,0,0,0,0,0,0,0,0,0,0,0,0,0,0,0,0,0,0,0,0,0,0,0,0,0,0,0,0,0,0,0,0,0,0,0,0,0,0,0,0,0,0,0]
costo_por_agente [46,156,10,22,12,19,82,10,15,15,37,26,34,15,40,54,31,29,50,77,34,3,173,176,42,9,25,40,8,7,17,18,25,27,16,16,29,109,18,22,33,30,17,48,5,15,23,19,2,49]
completion_time_por_agente [47,157,12,23,13,20,83,11,16,16,39,27,35,16,41,55,32,30,51,78,35,4,174,177,43,10,26,41,9,8,18,19,26,28,17,17,30,110,19,23,34,31,18,49,6,16,24,20,3,50]
tiempo_ultimo_agente_goal 177
tiempo_en_acabar 177
tiempo_promedio 37.740002
agentes_en_goal 50
push_out_count 0
RUN 15
valores_ideales [0,0,0,0,0,0,0,0,0,0,0,0,0,0,0,0,0,0,0,0,0,0,0,0,0,0,0,0,0,0,0,0,0,0,0,0,0,0,0,0,0,0,0,0,0,0,0,0,0,0]
costo_por_agente [64,170,8,22,10,33,136,10,15,15,149,26,36,15,36,52,31,25,86,25,146,3,115,78,42,11,25,48,8,7,17,18,25,27,16,16,29,153,16,22,43,28,17,44,5,15,45,19,2,51]
completion_time_por_agente [65,171,9,23,11,34,137,11,16,16,150,27,40,16,40,53,32,32,87,27,147,4,116,79,48,13,26,49,9,8,18,19,26,28,17,17,30,154,17,23,45,29,18,46,6,16,46,20,3,52]
tiempo_ultimo_agente_goal 171
tiempo_en_acabar 171
tiempo_promedio 42.520000
agentes_en_goal 50
push_out_count 0
RUN 16
valores_ideales [0,0,0,0,0,0,0,0,0,0,0,0,0,0,0,0,0,0,0,0,0,0,0,0,0,0,0,0,0,0,0,0,0,0,0,0,0,0,0,0,0,0,0,0,0,0,0,0,0,0]
costo_por_agente [50,170,8,22,10,19,76,10,15,15,131,26,34,17,42,116,31,23,76,31,60,3,227,106,104,9,25,24,8,7,17,18,25,27,16,16,31,81,16,22,33,28,17,40,5,15,33,19,2,49]
completion_time_por_agente [51,171,9,23,11,20,77,11,16,16,132,27,38,18,46,117,32,24,77,34,61,4,229,107,105,10,26,26,9,8,18,19,26,28,17,17,32,82,17,23,34,29,18,44,6,16,35,20,3,50]
tiempo_ultimo_agente_goal 229
tiempo_en_acabar 229
tiempo_promedio 41.380001
agentes_en_goal 50
push_out_count 0
RUN 17
valores_ideales [0,0,0,0,0,0,0,0,0,0,0,0,0,0,0,0,0,0,0,0,0,0,0,0,0,0,0,0,0,0,0,0,0,0,0,0,0,0,0,0,0,0,0,0,0,0,0,0,0,0]
costo_por_agente [82,122,8,22,10,19,90,10,15,15,37,26,46,15,32,70,31,31,70,27,156,3,109,66,46,9,25,40,8,7,17,18,25,27,16,18,29,117,16,20,53,28,17,40,9,15,29,19,2,61]
completion_time_por_agente [83,123,9,23,11,20,91,11,16,16,39,27,47,16,33,71,32,34,71,29,157,4,111,67,47,10,26,41,9,8,18,19,26,28,17,19,30,118,17,21,54,29,18,42,10,16,36,20,3,62]
tiempo_ultimo_agente_goal 157
tiempo_en_acabar 157
tiempo_promedio 37.700001
agentes_en_goal 50
push_out_count 0
RUN 18
valores_ideales [0,0,0,0,0,0,0,0,0,0,0,0,0,0,0,0,0,0,0,0,0,0,0,0,0,0,0,0,0,0,0,0,0,0,0,0,0,0,0,0,0,0,0,0,0,0,0,0,0,0]
costo_por_agente [62,112,12,22,10,19,74,10,15,15,35,26,32,17,34,46,31,25,58,63,154,3,107,86,44,9,25,36,8,7,17,18,25,25,16,16,29,155,16,24,41,28,17,40,5,15,25,19,2,51]
completion_time_por_agente [63,113,13,23,11,20,75,11,16,16,37,27,33,18,36,47,32,26,59,64,156,4,108,87,45,10,26,37,9,8,18,19,26,26,17,17,30,156,17,25,42,29,18,42,6,16,28,20,3,52]
tiempo_ultimo_agente_goal 156
tiempo_en_acabar 156
tiempo_promedio 36.740002
agentes_en_goal 50
push_out_count 0
RUN 19
valores_ideales [0,0,0,0,0,0,0,0,0,0,0,0,0,0,0,0,0,0,0,0,0,0,0,0,0,0,0,0,0,0,0,0,0,0,0,0,0,0,0,0,0,0,0,0,0,0,0,0,0,0]
costo_por_agente [48,146,12,22,12,19,104,10,15,15,37,26,42,15,40,54,31,27,78,27,114,3,227,112,42,9,25,44,8,7,17,18,25,25,16,16,31,85,20,22,37,28,17,34,5,17,27,19,2,55]
completion_time_por_agente [49,147,13,23,13,20,105,11,16,16,38,27,43,16,44,55,32,32,79,28,115,4,228,113,43,10,26,45,9,8,18,19,26,26,17,17,32,86,21,23,38,29,18,39,6,18,31,20,3,56]
tiempo_ultimo_agente_goal 228
tiempo_en_acabar 228
tiempo_promedio 39.020000
agentes_en_goal 50
push_out_count 0
RUN 20
valores_ideales [0,0,0,0,0,0,0,0,0,0,0,0,0,0,0,0,0,0,0,0,0,0,0,0,0,0,0,0,0,0,0,0,0,0,0,0,0,0,0,0,0,0,0,0,0,0,0,0,0,0]
costo_por_agente [50,142,8,22,10,19,128,10,15,15,89,26,32,15,32,86,31,23,56,27,140,3,243,100,48,11,23,46,8,7,17,18,25,25,16,18,29,177,16,26,41,28,17,46,5,17,39,19,2,49]
completion_time_por_agente [51,143,9,23,11,20,129,11,16,16,90,27,35,16,35,87,32,25,57,29,142,4,244,101,49,12,24,47,9,8,18,19,26,26,17,19,30,178,17,27,42,29,18,47,6,18,41,20,3,50]
tiempo_ultimo_agente_goal 244
tiempo_en_acabar 244
tiempo_promedio 43.060001
agentes_en_goal 50
push_out_count 0
RUN 21
valores_ideales [0,0,0,0,0,0,0,0,0,0,0,0,0,0,0,0,0,0,0,0,0,0,0,0,0,0,0,0,0,0,0,0,0,0,0,0,0,0,0,0,0,0,0,0,0,0,0,0,0,0]
costo_por_agente [60,146,8,22,10,23,38,10,15,15,107,26,50,15,38,54,31,25,80,27,74,3,163,66,104,11,25,34,8,7,17,18,25,25,16,18,29,137,16,22,35,28,17,44,9,15,29,19,2,47]
completion_time_por_agente [61,147,9,23,11,24,40,11,16,16,108,27,51,16,44,55,32,28,81,33,75,4,164,67,105,12,26,36,9,8,18,19,26,26,17,19,30,138,17,23,38,29,18,45,10,16,33,20,3,48]
tiempo_ultimo_agente_goal 164
tiempo_en_acabar 164
tiempo_promedio 38.639999
agentes_en_goal 50
push_out_count 0
RUN 22
valores_ideales [0,0,0,0,0,0,0,0,0,0,0,0,0,0,0,0,0,0,0,0,0,0,0,0,0,0,0,0,0,0,0,0,0,0,0,0,0,0,0,0,0,0,0,0,0,0,0,0,0,0]
costo_por_agente [58,146,14,22,10,25,38,10,15,15,103,26,32,15,32,54,31,27,60,27,64,3,119,144,54,11,25,34,8,7,17,18,25,27,16,20,29,121,18,22,41,30,17,32,5,15,23,19,2,53]
completion_time_por_agente [59,147,15,23,11,26,39,11,16,16,104,27,35,16,33,55,32,29,61,28,66,4,120,145,56,12,26,36,9,8,18,19,26,28,17,21,30,122,19,23,42,31,18,34,6,16,24,20,3,54]
tiempo_ultimo_agente_goal 147
tiempo_en_acabar 147
tiempo_promedio 36.720001
agentes_en_goal 50
push_out_count 0
RUN 23
valores_ideales [0,0,0,0,0,0,0,0,0,0,0,0,0,0,0,0,0,0,0,0,0,0,0,0,0,0,0,0,0,0,0,0,0,0,0,0,0,0,0,0,0,0,0,0,0,0,0,0,0,0]
costo_por_agente [66,140,12,22,10,23,106,10,17,15,83,26,34,15,40,72,31,27,80,27,74,3,137,90,42,9,25,46,8,7,17,18,25,25,16,16,29,99,16,22,43,28,17,42,5,15,29,27,2,45]
completion_time_por_agente [67,141,13,23,11,24,107,11,18,16,84,27,35,16,42,73,32,29,81,29,75,4,138,91,44,10,26,47,9,8,18,19,26,26,17,17,30,100,17,23,44,29,18,43,6,16,31,28,3,46]
tiempo_ultimo_agente_goal 141
tiempo_en_acabar 141
tiempo_promedio 37.759998
agentes_en_goal 50
push_out_count 0
RUN 24
valores_ideales [0,0,0,0,0,0,0,0,0,0,0,0,0,0,0,0,0,0,0,0,0,0,0,0,0,0,0,0,0,0,0,0,0,0,0,0,0,0,0,0,0,0,0,0,0,0,0,0,0,0]
costo_por_agente [44,118,8,22,10,21,102,10,15,15,123,26,32,15,34,46,31,29,82,27,44,3,141,118,60,11,25,24,8,7,17,18,25,27,16,14,29,107,16,22,39,28,17,40,5,17,43,19,2,55]
completion_time_por_agente [46,119,9,23,11,23,103,11,16,16,124,27,33,16,36,47,32,30,83,28,45,4,143,119,61,12,26,25,9,8,18,19,26,28,17,15,30,108,17,23,40,29,18,41,6,18,45,20,3,56]
tiempo_ultimo_agente_goal 143
tiempo_en_acabar 143
tiempo_promedio 37.240002
agentes_en_goal 50
push_out_count 0
RUN 25
valores_ideales [0,0,0,0,0,0,0,0,0,0,0,0,0,0,0,0,0,0,0,0,0,0,0,0,0,0,0,0,0,0,0,0,0,0,0,0,0,0,0,0,0,0,0,0,0,0,0,0,0,0]
costo_por_agente [46,76,10,22,10,19,72,10,17,15,49,26,50,15,36,78,31,29,90,29,84,3,171,152,124,9,23,36,8,7,17,18,25,25,16,14,31,129,16,22,31,28,17,46,5,15,31,19,2,49]
completion_time_por_agente [47,77,11,23,11,20,73,11,18,16,50,27,51,16,39,79,32,32,91,32,85,4,172,154,125,10,24,37,9,8,18,19,26,26,17,15,32,130,17,23,34,29,18,47,6,16,36,20,3,50]
tiempo_ultimo_agente_goal 172
tiempo_en_acabar 172
tiempo_promedio 39.320000
agentes_en_goal 50
push_out_count 0
RUN 26
valores_ideales [0,0,0,0,0,0,0,0,0,0,0,0,0,0,0,0,0,0,0,0,0,0,0,0,0,0,0,0,0,0,0,0,0,0,0,0,0,0,0,0,0,0,0,0,0,0,0,0,0,0]
costo_por_agente [34,188,10,22,12,19,36,10,19,15,61,26,32,15,32,54,31,39,100,27,108,3,131,96,44,9,25,30,8,7,17,18,25,25,16,16,33,137,18,22,39,28,17,46,5,15,23,21,2,43]
completion_time_por_agente [37,189,12,23,13,20,38,11,20,16,62,27,34,16,33,55,32,40,101,29,109,4,133,97,46,10,26,34,9,8,18,19,26,26,17,17,34,138,19,23,41,29,18,47,6,16,25,22,3,44]
tiempo_ultimo_agente_goal 189
tiempo_en_acabar 189
tiempo_promedio 37.439999
agentes_en_goal 50
push_out_count 0
RUN 27
valores_ideales [0,0,0,0,0,0,0,0,0,0,0,0,0,0,0,0,0,0,0,0,0,0,0,0,0,0,0,0,0,0,0,0,0,0,0,0,0,0,0,0,0,0,0,0,0,0,0,0,0,0]
costo_por_agente [48,170,8,22,10,19,110,10,15,15,35,26,42,15,32,38,31,25,56,31,136,3,163,58,50,11,25,44,8,7,17,18,25,25,16,16,31,109,16,22,53,28,17,34,5,17,33,19,2,55]
completion_time_por_agente [50,171,9,23,11,20,111,11,17,16,36,27,43,16,33,41,32,27,57,33,138,4,164,59,51,12,26,45,9,8,18,19,26,26,17,17,32,110,17,23,54,29,18,37,6,18,35,20,3,56]
tiempo_ultimo_agente_goal 171
tiempo_en_acabar 171
tiempo_promedio 37.619999
agentes_en_goal 50
push_out_count 0
RUN 28
valores_ideales [0,0,0,0,0,0,0,0,0,0,0,0,0,0,0,0,0,0,0,0,0,0,0,0,0,0,0,0,0,0,0,0,0,0,0,0,0,0,0,0,0,0,0,0,0,0,0,0,0,0]
costo_por_agente [58,134,12,22,10,21,82,10,15,15,161,26,42,15,34,60,31,31,94,61,64,3,125,100,50,9,25,46,8,7,17,18,25,27,16,20,29,135,16,22,35,28,17,38,5,15,31,19,2,61]
completion_time_por_agente [62,135,13,23,11,22,83,11,16,16,162,27,47,16,46,62,32,40,95,62,65,4,127,101,55,10,26,49,9,8,18,19,26,28,17,21,30,136,17,23,44,29,18,50,6,16,43,20,3,64]
tiempo_ultimo_agente_goal 162
tiempo_en_acabar 162
tiempo_promedio 41.259998
agentes_en_goal 50
push_out_count 0
RUN 29
valores_ideales [0,0,0,0,0,0,0,0,0,0,0,0,0,0,0,0,0,0,0,0,0,0,0,0,0,0,0,0,0,0,0,0,0,0,0,0,0,0,0,0,0,0,0,0,0,0,0,0,0,0]
costo_por_agente [74,82,14,22,12,19,76,10,15,15,95,26,48,15,44,42,31,27,42,29,126,3,213,118,128,9,25,42,8,7,17,18,25,25,16,20,29,159,16,20,37,28,17,34,7,15,29,19,2,45]
completion_time_por_agente [75,83,15,23,13,20,77,11,16,16,96,27,50,16,45,43,32,28,43,33,128,4,214,119,129,10,26,43,9,8,18,19,26,26,17,21,30,160,17,21,38,29,18,38,8,16,33,20,3,46]
tiempo_ultimo_agente_goal 214
tiempo_en_acabar 214
tiempo_promedio 41.119999
agentes_en_goal 50
push_out_count 0
RUN 30
valores_ideales [0,0,0,0,0,0,0,0,0,0,0,0,0,0,0,0,0,0,0,0,0,0,0,0,0,0,0,0,0,0,0,0,0,0,0,0,0,0,0,0,0,0,0,0,0,0,0,0,0,0]
costo_por_agente [72,72,10,24,12,21,38,10,15,15,43,28,54,15,34,90,31,25,68,57,156,3,121,114,134,13,23,44,8,7,17,18,25,25,16,18,27,65,16,22,53,28,17,38,5,15,37,19,2,49]
completion_time_por_agente [73,73,12,25,13,22,42,11,16,16,51,29,55,16,44,91,32,27,69,58,157,4,122,115,139,15,24,45,9,8,18,19,26,26,17,19,28,66,17,23,55,29,18,44,6,16,44,20,3,50]
tiempo_ultimo_agente_goal 157
tiempo_en_acabar 157
tiempo_promedio 39.139999
agentes_en_goal 50
push_out_count 0
RUN 31
valores_ideales [0,0,0,0,0,0,0,0,0,0,0,0,0,0,0,0,0,0,0,0,0,0,0,0,0,0,0,0,0,0,0,0,0,0,0,0,0,0,0,0,0,0,0,0,0,0,0,0,0,0]
costo_por_agente [50,110,10,22,10,19,90,10,15,15,105,26,40,15,36,56,31,25,104,75,112,3,181,124,120,9,25,22,8,7,17,18,25,27,16,16,29,87,16,22,49,28,17,32,5,15,27,19,2,53]
completion_time_por_agente [52,111,11,23,11,20,91,11,16,16,106,27,43,16,38,57,32,28,105,76,113,4,183,125,121,10,26,24,9,8,18,19,26,28,17,17,30,88,17,23,51,29,18,35,6,16,30,20,3,54]
tiempo_ultimo_agente_goal 183
tiempo_en_acabar 183
tiempo_promedio 41.160000
agentes_en_goal 50
push_out_count 0
RUN 32
valores_ideales [0,0,0,0,0,0,0,0,0,0,0,0,0,0,0,0,0,0,0,0,0,0,0,0,0,0,0,0,0,0,0,0,0,0,0,0,0,0,0,0,0,0,0,0,0,0,0,0,0,0]
costo_por_agente [48,140,8,22,10,19,38,10,15,15,129,26,54,15,32,48,31,25,68,37,58,3,147,78,142,9,25,34,8,7,17,18,25,25,16,16,29,89,16,24,37,28,17,44,5,15,39,19,2,55]
completion_time_por_agente [49,141,9,23,11,20,41,11,16,16,130,27,55,16,33,49,32,28,69,40,59,4,148,79,145,10,26,36,9,8,18,19,26,26,17,17,30,90,17,25,39,29,18,45,6,16,41,20,3,56]
tiempo_ultimo_agente_goal 148
tiempo_en_acabar 148
tiempo_promedio 37.959999
agentes_en_goal 50
push_out_count 0
RUN 33
valores_ideales [0,0,0,0,0,0,0,0,0,0,0,0,0,0,0,0,0,0,0,0,0,0,0,0,0,0,0,0,0,0,0,0,0,0,0,0,0,0,0,0,0,0,0,0,0,0,0,0,0,0]
costo_por_agente [74,126,8,24,10,19,76,10,17,15,37,26,40,17,36,66,31,31,84,57,102,3,149,76,48,9,25,36,8,7,17,18,25,27,16,16,27,183,18,24,33,30,17,48,5,15,47,19,2,45]
completion_time_por_agente [75,127,9,25,11,20,77,11,18,16,44,27,41,18,43,67,32,34,85,58,104,4,150,77,53,10,26,45,9,8,18,19,26,28,17,17,28,184,19,25,40,31,18,57,6,16,53,20,3,47]
tiempo_ultimo_agente_goal 184
tiempo_en_acabar 184
tiempo_promedio 39.919998
agentes_en_goal 50
push_out_count 0
RUN 34
valores_ideales [0,0,0,0,0,0,0,0,0,0,0,0,0,0,0,0,0,0,0,0,0,0,0,0,0,0,0,0,0,0,0,0,0,0,0,0,0,0,0,0,0,0,0,0,0,0,0,0,0,0]
costo_por_agente [54,178,8,22,10,19,62,10,15,15,125,26,42,15,32,56,31,25,52,29,148,3,133,134,46,9,25,28,8,7,17,18,25,25,16,16,29,167,16,24,51,28,17,38,5,15,29,21,2,49]
completion_time_por_agente [56,179,9,23,11,20,63,11,16,16,126,27,43,16,33,57,32,26,53,30,150,4,134,135,48,10,26,30,9,8,18,19,26,26,17,17,30,168,17,25,52,29,18,39,6,16,32,22,3,50]
tiempo_ultimo_agente_goal 179
tiempo_en_acabar 179
tiempo_promedio 40.619999
agentes_en_goal 50
push_out_count 0
RUN 35
valores_ideales [0,0,0,0,0,0,0,0,0,0,0,0,0,0,0,0,0,0,0,0,0,0,0,0,0,0,0,0,0,0,0,0,0,0,0,0,0,0,0,0,0,0,0,0,0,0,0,0,0,0]
costo_por_agente [64,112,10,22,10,25,66,10,15,15,97,26,32,15,34,52,31,23,64,27,76,3,105,98,46,11,25,40,8,7,17,18,25,25,16,16,29,93,16,22,41,28,17,66,5,15,27,19,2,43]
completion_time_por_agente [65,113,11,23,11,26,67,11,16,16,98,27,34,16,39,53,32,24,65,29,77,4,107,99,47,13,26,41,9,8,18,19,26,26,17,17,30,94,17,23,42,29,18,67,6,16,32,20,3,44]
tiempo_ultimo_agente_goal 113
tiempo_en_acabar 113
tiempo_promedio 35.419998
agentes_en_goal 50
push_out_count 0
RUN 36
valores_ideales [0,0,0,0,0,0,0,0,0,0,0,0,0,0,0,0,0,0,0,0,0,0,0,0,0,0,0,0,0,0,0,0,0,0,0,0,0,0,0,0,0,0,0,0,0,0,0,0,0,0]
costo_por_agente [58,142,14,22,10,19,40,10,15,15,53,26,44,15,32,46,31,33,74,33,142,3,169,116,52,9,25,38,8,7,17,18,25,25,16,18,29,141,16,22,49,28,17,34,5,15,23,19,2,57]
completion_time_por_agente [59,143,15,23,11,20,41,11,16,16,59,27,47,16,33,52,32,39,75,35,143,4,171,117,55,10,26,43,9,8,18,19,26,26,17,19,30,142,17,23,50,29,18,37,6,16,24,20,3,58]
tiempo_ultimo_agente_goal 171
tiempo_en_acabar 171
tiempo_promedio 39.080002
agentes_en_goal 50
push_out_count 0
RUN 37
valores_ideales [0,0,0,0,0,0,0,0,0,0,0,0,0,0,0,0,0,0,0,0,0,0,0,0,0,0,0,0,0,0,0,0,0,0,0,0,0,0,0,0,0,0,0,0,0,0,0,0,0,0]
costo_por_agente [80,158,8,22,10,19,104,10,15,15,93,26,40,17,40,54,31,23,52,27,114,3,145,150,96,9,25,46,8,7,17,18,25,27,16,16,29,99,18,22,47,30,17,34,5,15,47,19,2,49]
completion_time_por_agente [81,159,9,23,11,20,105,11,16,16,94,27,42,18,43,55,32,24,53,29,116,4,146,151,97,10,26,49,9,8,18,19,26,28,17,17,30,100,19,23,48,31,18,37,6,16,48,21,3,50]
tiempo_ultimo_agente_goal 159
tiempo_en_acabar 159
tiempo_promedio 41.180000
agentes_en_goal 50
push_out_count 0
RUN 38
valores_ideales [0,0,0,0,0,0,0,0,0,0,0,0,0,0,0,0,0,0,0,0,0,0,0,0,0,0,0,0,0,0,0,0,0,0,0,0,0,0,0,0,0,0,0,0,0,0,0,0,0,0]
costo_por_agente [48,152,8,22,10,21,94,10,19,15,85,26,36,15,34,58,31,31,44,31,60,3,99,146,42,9,25,34,8,7,17,18,25,27,16,16,29,135,16,22,37,28,17,30,5,15,39,19,2,49]
completion_time_por_agente [49,153,9,23,11,22,95,11,20,16,86,27,37,16,37,59,32,32,45,33,61,4,100,147,44,10,26,37,9,8,18,19,26,28,17,17,30,136,17,23,39,29,18,31,6,16,41,20,3,50]
tiempo_ultimo_agente_goal 153
tiempo_en_acabar 153
tiempo_promedio 36.860001
agentes_en_goal 50
push_out_count 0
RUN 39
valores_ideales [0,0,0,0,0,0,0,0,0,0,0,0,0,0,0,0,0,0,0,0,0,0,0,0,0,0,0,0,0,0,0,0,0,0,0,0,0,0,0,0,0,0,0,0,0,0,0,0,0,0]
costo_por_agente [62,122,8,22,10,19,80,10,15,15,37,26,38,15,36,72,31,43,104,51,74,3,191,106,44,9,25,26,8,7,17,18,25,27,16,16,29,63,18,22,33,30,17,52,5,15,39,25,2,51]
completion_time_por_agente [63,123,9,23,11,20,81,11,16,16,38,27,39,16,37,73,32,45,105,52,76,4,192,107,45,10,26,27,9,8,18,19,26,28,17,17,30,64,19,23,34,31,18,54,6,16,40,26,3,52]
tiempo_ultimo_agente_goal 192
tiempo_en_acabar 192
tiempo_promedio 37.639999
agentes_en_goal 50
push_out_count 0
