RUN 0
valores_ideales [0,0,0,0,0,0,0,0,0,0,0,0,0,0,0,0,0,0,0,0,0,0,0,0,0,0,0,0,0,0,0,0,0,0,0,0,0,0,0,0,0,0,0,0,0,0,0,0,0,0,0,0,0,0,0,0,0,0,0,0,0,0,0,0,0,0,0,0,0,0,0,0,0,0,0,0,0,0,0,0,0,0,0,0,0,0,0,0,0,0,0,0,0,0,0,0,0,0,0,0,0,0,0,0,0,0,0,0,0,0,0,0,0,0,0,0,0,0,0,0,0,0,0,0,0,0,0,0,0,0,0,0,0,0,0,0,0,0,0,0,0,0,0,0,0,0,0,0,0,0,0,0,0,0,0,0,0,0,0,0,0,0,0,0,0,0,0,0,0,0,0,0,0,0,0,0,0,0,0,0,0,0,0,0,0,0,0,0,0,0]
costo_por_agente [11,24,12,51,33,21,41,14,33,47,41,28,29,22,36,15,8,25,5,24,36,52,21,52,43,40,22,49,27,31,38,6,21,27,27,19,11,48,42,30,12,46,5,34,29,48,33,22,15,10,43,31,34,31,30,8,31,31,32,26,38,47,38,37,21,35,34,20,8,20,7,19,37,28,12,31,33,37,34,24,39,28,31,17,28,8,23,18,37,4,14,34,14,33,53,25,11,29,23,48,20,37,29,5,15,44,13,39,31,14,34,11,42,47,5,36,41,38,48,27,5,24,34,17,24,39,25,25,57,19,16,21,55,34,32,22,10,15,25,14,12,41,42,34,28,54,13,47,36,9,4,6,29,28,20,36,22,28,8,8,21,19,19,14,46,33,19,22,28,17,23,16,53,17,42,32,17,28,22,38,24,37,46,19,20,20,52,20,8,32]
completion_time_por_agente [12,25,13,52,35,22,43,15,34,50,43,30,30,23,41,17,9,26,6,25,37,53,23,53,44,41,23,51,28,33,39,7,23,28,28,21,12,49,43,33,13,48,6,35,31,49,34,24,16,11,45,32,35,32,31,9,32,32,34,27,39,48,39,38,22,36,35,21,9,21,8,20,38,29,13,32,34,38,35,25,43,29,34,20,30,9,24,19,38,5,15,35,16,34,54,26,12,32,24,49,22,38,30,6,16,48,14,40,32,15,35,12,44,48,6,37,43,40,49,29,6,25,35,18,25,42,29,26,58,20,17,22,56,35,33,23,11,17,26,15,13,43,44,36,32,55,14,48,38,10,5,7,31,29,21,37,23,29,9,10,22,21,20,15,47,34,21,23,32,19,24,17,54,19,43,33,18,32,23,39,25,38,47,20,21,21,53,21,9,34]
tiempo_ultimo_agente_goal 58
tiempo_en_acabar 58
tiempo_promedio 28.663158
agentes_en_goal 190
push_out_count 0
RUN 1
valores_ideales [0,0,0,0,0,0,0,0,0,0,0,0,0,0,0,0,0,0,0,0,0,0,0,0,0,0,0,0,0,0,0,0,0,0,0,0,0,0,0,0,0,0,0,0,0,0,0,0,0,0,0,0,0,0,0,0,0,0,0,0,0,0,0,0,0,0,0,0,0,0,0,0,0,0,0,0,0,0,0,0,0,0,0,0,0,0,0,0,0,0,0,0,0,0,0,0,0,0,0,0,0,0,0,0,0,0,0,0,0,0,0,0,0,0,0,0,0,0,0,0,0,0,0,0,0,0,0,0,0,0,0,0,0,0,0,0,0,0,0,0,0,0,0,0,0,0,0,0,0,0,0,0,0,0,0,0,0,0,0,0,0,0,0,0,0,0,0,0,0,0,0,0,0,0,0,0,0,0,0,0,0,0,0,0,0,0,0,0,0,0]
costo_por_agente [11,24,18,33,33,17,35,14,35,37,35,28,35,14,30,19,8,25,11,28,32,40,15,54,47,42,20,45,31,31,42,6,25,39,25,13,11,50,42,28,14,44,5,34,21,30,17,40,27,10,37,33,30,31,34,8,25,31,30,28,36,43,36,39,19,37,28,26,8,16,7,25,51,34,12,33,37,37,36,24,47,26,37,15,22,8,23,18,13,4,18,36,14,41,35,25,15,31,23,46,20,37,33,5,19,38,13,35,29,14,34,7,50,45,5,16,35,32,48,29,25,24,22,19,22,33,31,19,39,19,16,19,53,28,34,24,10,13,33,16,14,35,38,38,36,38,13,45,24,13,4,12,31,46,18,46,24,28,10,10,23,15,15,10,30,33,11,26,22,11,19,24,47,19,42,38,15,28,20,38,22,23,34,27,22,24,54,18,8,38]
completion_time_por_agente [12,25,20,34,34,18,36,15,36,38,36,29,38,15,31,22,9,28,12,29,34,41,16,55,48,43,21,46,32,32,43,7,26,41,26,14,12,52,43,29,15,46,6,36,22,31,18,41,30,11,38,34,32,32,35,9,26,32,31,29,38,44,37,41,20,38,29,27,9,17,8,26,54,37,13,34,39,38,38,26,49,27,40,16,23,9,25,19,14,5,19,38,15,45,36,26,18,33,24,47,21,38,34,6,20,39,14,37,30,15,35,8,52,47,6,17,38,35,49,31,29,25,24,20,25,34,34,20,40,20,17,20,54,29,35,25,11,15,36,17,15,37,39,39,37,39,14,47,25,14,5,13,32,47,19,47,26,29,11,11,26,16,16,11,31,34,12,27,23,12,21,25,48,21,43,39,16,29,21,39,23,24,35,28,23,25,55,19,9,39]
tiempo_ultimo_agente_goal 55
tiempo_en_acabar 55
tiempo_promedio 27.952631
agentes_en_goal 190
push_out_count 0
RUN 2
valores_ideales [0,0,0,0,0,0,0,0,0,0,0,0,0,0,0,0,0,0,0,0,0,0,0,0,0,0,0,0,0,0,0,0,0,0,0,0,0,0,0,0,0,0,0,0,0,0,0,0,0,0,0,0,0,0,0,0,0,0,0,0,0,0,0,0,0,0,0,0,0,0,0,0,0,0,0,0,0,0,0,0,0,0,0,0,0,0,0,0,0,0,0,0,0,0,0,0,0,0,0,0,0,0,0,0,0,0,0,0,0,0,0,0,0,0,0,0,0,0,0,0,0,0,0,0,0,0,0,0,0,0,0,0,0,0,0,0,0,0,0,0,0,0,0,0,0,0,0,0,0,0,0,0,0,0,0,0,0,0,0,0,0,0,0,0,0,0,0,0,0,0,0,0,0,0,0,0,0,0,0,0,0,0,0,0,0,0,0,0,0,0]
costo_por_agente [25,24,24,39,29,31,35,14,33,37,35,28,33,16,32,25,8,23,7,24,36,46,29,50,43,48,20,41,25,31,38,14,27,23,23,31,11,52,42,28,14,40,5,34,21,26,19,24,23,10,37,31,26,29,30,8,25,31,28,26,36,49,40,37,23,35,28,28,8,26,7,21,41,30,12,35,39,35,36,24,39,26,33,35,18,6,31,18,19,4,12,30,14,33,39,25,13,27,27,48,24,35,29,5,19,40,13,27,31,16,32,7,44,47,5,30,33,34,44,31,9,22,26,19,34,29,31,19,39,19,16,17,57,32,28,20,10,17,17,22,14,37,40,40,22,44,13,43,22,7,4,6,31,46,20,32,22,30,10,10,23,25,17,10,26,33,9,24,16,23,19,16,43,19,42,42,15,28,26,46,20,25,46,19,24,22,52,18,8,24]
completion_time_por_agente [26,25,26,41,32,33,37,15,34,40,36,29,34,18,33,26,9,25,8,25,37,47,30,51,44,49,21,42,27,32,39,15,28,25,24,33,12,53,43,29,15,42,6,35,22,28,20,26,24,11,38,33,27,30,31,9,26,32,29,27,37,50,41,38,25,36,29,29,9,27,8,22,44,31,13,36,40,36,37,26,41,27,34,36,19,7,32,19,20,5,13,32,16,36,40,26,14,28,29,49,26,37,30,6,20,42,14,28,32,17,33,8,45,49,6,33,36,36,46,33,11,23,27,20,35,30,33,20,41,20,18,18,58,33,29,21,11,18,18,23,15,39,42,42,23,45,14,47,23,8,5,7,32,48,21,33,24,31,11,11,25,26,18,11,27,34,10,25,17,24,20,17,46,20,43,43,17,30,27,47,21,26,48,20,26,23,53,19,9,25]
tiempo_ultimo_agente_goal 58
tiempo_en_acabar 58
tiempo_promedio 27.805264
agentes_en_goal 190
push_out_count 0
RUN 3
valores_ideales [0,0,0,0,0,0,0,0,0,0,0,0,0,0,0,0,0,0,0,0,0,0,0,0,0,0,0,0,0,0,0,0,0,0,0,0,0,0,0,0,0,0,0,0,0,0,0,0,0,0,0,0,0,0,0,0,0,0,0,0,0,0,0,0,0,0,0,0,0,0,0,0,0,0,0,0,0,0,0,0,0,0,0,0,0,0,0,0,0,0,0,0,0,0,0,0,0,0,0,0,0,0,0,0,0,0,0,0,0,0,0,0,0,0,0,0,0,0,0,0,0,0,0,0,0,0,0,0,0,0,0,0,0,0,0,0,0,0,0,0,0,0,0,0,0,0,0,0,0,0,0,0,0,0,0,0,0,0,0,0,0,0,0,0,0,0,0,0,0,0,0,0,0,0,0,0,0,0,0,0,0,0,0,0,0,0,0,0,0,0]
costo_por_agente [11,24,20,35,29,37,41,22,33,37,37,30,31,14,36,25,8,27,5,22,34,40,15,48,53,42,14,43,25,27,40,6,29,35,29,15,11,46,42,30,14,30,5,34,19,34,23,24,25,10,37,31,30,29,30,10,31,31,30,28,40,41,38,39,21,35,28,22,6,20,7,19,41,24,12,35,31,43,44,22,35,26,41,13,16,6,25,18,13,4,14,32,14,41,35,25,15,39,31,46,20,61,29,5,21,40,25,31,31,14,32,7,44,47,5,14,31,40,44,31,13,32,26,19,22,35,25,25,33,19,16,23,55,30,32,24,14,17,35,18,8,39,36,32,30,38,13,39,22,7,4,8,31,26,30,36,22,28,8,8,17,19,33,12,38,33,9,20,18,21,19,24,53,23,42,34,19,40,22,42,28,27,30,23,24,20,52,20,10,44]
completion_time_por_agente [12,25,21,36,31,39,44,24,34,38,38,31,32,15,37,27,9,30,6,23,36,41,16,49,55,43,15,44,26,28,41,7,30,36,31,16,12,47,43,31,15,33,6,36,20,35,25,26,26,11,39,32,31,30,31,11,32,32,32,29,41,42,40,40,22,36,29,24,7,21,8,20,42,25,13,36,32,44,45,23,36,27,42,14,17,7,26,19,14,5,16,33,15,42,36,26,17,40,34,47,22,62,30,6,22,42,26,32,33,16,33,8,45,48,6,15,32,42,46,33,14,33,27,20,25,37,26,26,34,20,17,24,56,31,33,25,15,18,36,19,9,40,37,33,31,39,14,40,23,8,5,9,33,28,34,37,23,29,9,10,18,20,34,13,39,34,10,22,19,23,21,25,54,25,43,35,20,42,24,43,29,28,31,24,25,21,53,21,11,46]
tiempo_ultimo_agente_goal 62
tiempo_en_acabar 62
tiempo_promedio 27.963158
agentes_en_goal 190
push_out_count 0
RUN 4
valores_ideales [0,0,0,0,0,0,0,0,0,0,0,0,0,0,0,0,0,0,0,0,0,0,0,0,0,0,0,0,0,0,0,0,0,0,0,0,0,0,0,0,0,0,0,0,0,0,0,0,0,0,0,0,0,0,0,0,0,0,0,0,0,0,0,0,0,0,0,0,0,0,0,0,0,0,0,0,0,0,0,0,0,0,0,0,0,0,0,0,0,0,0,0,0,0,0,0,0,0,0,0,0,0,0,0,0,0,0,0,0,0,0,0,0,0,0,0,0,0,0,0,0,0,0,0,0,0,0,0,0,0,0,0,0,0,0,0,0,0,0,0,0,0,0,0,0,0,0,0,0,0,0,0,0,0,0,0,0,0,0,0,0,0,0,0,0,0,0,0,0,0,0,0,0,0,0,0,0,0,0,0,0,0,0,0,0,0,0,0,0,0]
costo_por_agente [11,24,12,37,35,17,35,16,33,39,35,30,31,16,38,27,8,27,5,26,34,42,15,50,43,42,16,45,21,35,36,8,21,27,23,15,11,48,42,32,12,38,5,32,23,38,27,30,23,10,35,31,28,33,30,8,37,31,28,28,44,49,38,37,21,37,30,24,8,20,7,27,39,24,14,37,43,51,42,34,31,26,27,9,12,6,37,18,19,4,14,32,14,37,35,25,11,33,29,48,22,45,29,5,15,44,15,31,29,14,32,21,50,49,5,22,33,40,46,37,9,30,28,21,24,29,15,17,37,19,16,17,51,34,28,22,10,17,23,18,12,41,38,40,32,44,13,37,20,7,4,6,35,34,24,32,22,30,6,6,19,27,21,10,32,33,9,22,16,13,17,16,51,21,42,32,11,36,24,42,32,37,42,23,20,28,52,20,10,34]
completion_time_por_agente [12,25,13,38,37,18,36,17,34,41,36,33,32,18,40,28,9,29,6,27,35,43,17,51,44,43,17,46,22,36,37,9,22,28,25,17,12,49,43,33,13,41,6,35,24,40,28,31,24,11,36,32,29,34,31,9,41,32,30,29,45,50,41,38,22,38,31,25,9,22,8,29,41,25,15,39,45,52,43,35,34,27,28,10,13,7,38,19,21,5,16,33,16,38,36,26,12,35,30,49,24,47,30,6,16,45,17,33,30,15,33,22,52,50,6,25,35,43,47,39,10,32,29,22,25,30,17,18,39,20,18,18,52,35,29,23,11,18,25,19,13,44,40,41,33,46,14,38,21,8,5,7,37,36,27,33,23,31,7,7,21,28,22,11,33,34,10,23,17,15,18,17,52,22,43,33,12,37,25,44,34,39,43,24,21,29,53,21,11,36]
tiempo_ultimo_agente_goal 53
tiempo_en_acabar 53
tiempo_promedio 27.915789
agentes_en_goal 190
push_out_count 0
RUN 5
valores_ideales [0,0,0,0,0,0,0,0,0,0,0,0,0,0,0,0,0,0,0,0,0,0,0,0,0,0,0,0,0,0,0,0,0,0,0,0,0,0,0,0,0,0,0,0,0,0,0,0,0,0,0,0,0,0,0,0,0,0,0,0,0,0,0,0,0,0,0,0,0,0,0,0,0,0,0,0,0,0,0,0,0,0,0,0,0,0,0,0,0,0,0,0,0,0,0,0,0,0,0,0,0,0,0,0,0,0,0,0,0,0,0,0,0,0,0,0,0,0,0,0,0,0,0,0,0,0,0,0,0,0,0,0,0,0,0,0,0,0,0,0,0,0,0,0,0,0,0,0,0,0,0,0,0,0,0,0,0,0,0,0,0,0,0,0,0,0,0,0,0,0,0,0,0,0,0,0,0,0,0,0,0,0,0,0,0,0,0,0,0,0]
costo_por_agente [19,24,18,33,29,29,37,28,33,37,35,34,31,16,28,19,8,29,7,36,38,44,17,50,45,40,16,37,23,27,36,6,31,29,23,25,11,54,44,32,14,28,5,34,27,38,21,36,17,8,43,31,34,33,30,10,27,33,34,26,34,45,42,35,31,35,32,26,8,20,7,23,33,26,12,33,37,47,40,26,35,24,35,25,12,8,43,20,17,4,12,40,14,35,37,25,13,31,31,50,20,45,29,5,15,42,15,25,29,16,34,9,54,47,5,26,35,62,44,45,17,22,28,19,22,37,33,33,45,19,12,17,55,32,36,24,16,17,29,18,12,35,40,48,34,42,15,39,18,11,4,10,37,30,18,48,32,32,10,18,25,35,19,10,28,33,13,28,30,13,17,16,47,25,42,42,17,36,20,40,20,31,40,23,24,20,52,18,12,40]
completion_time_por_agente [20,25,19,34,30,30,39,31,34,38,37,35,32,18,30,20,9,31,8,38,39,45,19,52,46,41,17,39,24,28,37,7,32,30,24,26,12,56,45,34,15,32,6,36,28,39,23,37,18,9,45,32,36,34,31,11,28,34,35,27,35,46,43,36,32,36,33,27,9,21,8,25,35,27,13,34,38,49,42,29,37,25,37,26,13,9,44,21,18,5,13,43,15,36,38,26,14,34,32,51,21,47,30,6,16,44,16,27,30,17,35,10,55,48,6,30,36,63,45,46,18,23,29,20,24,40,36,34,47,20,15,18,56,33,37,25,17,18,30,19,13,36,43,49,35,45,16,41,19,12,5,13,38,31,19,49,35,33,11,19,28,36,20,11,31,34,14,31,32,14,19,17,48,30,43,44,18,39,21,41,21,36,41,24,26,21,53,19,13,42]
tiempo_ultimo_agente_goal 63
tiempo_en_acabar 63
tiempo_promedio 29.147367
agentes_en_goal 190
push_out_count 0
RUN 6
valores_ideales [0,0,0,0,0,0,0,0,0,0,0,0,0,0,0,0,0,0,0,0,0,0,0,0,0,0,0,0,0,0,0,0,0,0,0,0,0,0,0,0,0,0,0,0,0,0,0,0,0,0,0,0,0,0,0,0,0,0,0,0,0,0,0,0,0,0,0,0,0,0,0,0,0,0,0,0,0,0,0,0,0,0,0,0,0,0,0,0,0,0,0,0,0,0,0,0,0,0,0,0,0,0,0,0,0,0,0,0,0,0,0,0,0,0,0,0,0,0,0,0,0,0,0,0,0,0,0,0,0,0,0,0,0,0,0,0,0,0,0,0,0,0,0,0,0,0,0,0,0,0,0,0,0,0,0,0,0,0,0,0,0,0,0,0,0,0,0,0,0,0,0,0,0,0,0,0,0,0,0,0,0,0,0,0,0,0,0,0,0,0]
costo_por_agente [13,24,20,37,31,31,49,12,33,43,41,36,31,14,44,17,8,23,5,34,40,44,29,48,43,42,20,43,21,41,42,14,31,25,21,19,11,48,42,38,12,34,5,32,35,32,19,36,25,10,37,31,24,37,30,16,25,29,38,34,38,41,40,41,21,37,28,20,6,18,7,21,33,28,16,35,39,41,38,26,37,28,31,13,10,6,33,22,23,6,16,34,14,47,35,27,13,39,31,46,20,37,33,5,15,36,13,25,33,16,36,11,42,45,5,28,35,44,46,31,7,28,28,17,28,37,17,21,35,19,12,19,57,28,28,24,10,17,19,18,8,37,40,44,24,44,15,41,24,7,4,16,33,32,24,34,22,28,8,6,23,19,35,14,40,35,9,28,28,17,17,16,49,23,42,36,13,36,22,36,20,29,32,19,20,24,52,20,12,28]
completion_time_por_agente [14,25,22,39,32,34,51,13,34,46,43,37,32,15,45,20,9,26,6,36,41,45,30,50,46,43,21,44,22,43,44,15,32,29,22,20,12,49,43,42,13,36,6,34,37,33,20,37,28,11,38,32,25,39,31,18,27,30,39,36,39,42,44,42,22,38,29,21,7,19,8,22,34,29,17,36,41,42,40,28,41,29,32,14,11,7,34,23,24,7,17,35,15,48,36,28,14,40,33,47,22,39,34,6,16,37,14,26,35,17,37,12,43,46,6,32,39,46,47,33,8,31,29,19,29,40,18,24,39,20,13,20,59,29,29,25,11,18,20,19,9,39,44,46,30,46,18,43,27,8,5,18,35,34,26,35,23,29,9,7,25,20,36,15,42,36,10,32,31,18,19,17,51,25,43,37,15,38,23,37,21,32,33,20,21,25,53,21,13,29]
tiempo_ultimo_agente_goal 59
tiempo_en_acabar 59
tiempo_promedio 28.594736
agentes_en_goal 190
push_out_count 0
RUN 7
valores_ideales [0,0,0,0,0,0,0,0,0,0,0,0,0,0,0,0,0,0,0,0,0,0,0,0,0,0,0,0,0,0,0,0,0,0,0,0,0,0,0,0,0,0,0,0,0,0,0,0,0,0,0,0,0,0,0,0,0,0,0,0,0,0,0,0,0,0,0,0,0,0,0,0,0,0,0,0,0,0,0,0,0,0,0,0,0,0,0,0,0,0,0,0,0,0,0,0,0,0,0,0,0,0,0,0,0,0,0,0,0,0,0,0,0,0,0,0,0,0,0,0,0,0,0,0,0,0,0,0,0,0,0,0,0,0,0,0,0,0,0,0,0,0,0,0,0,0,0,0,0,0,0,0,0,0,0,0,0,0,0,0,0,0,0,0,0,0,0,0,0,0,0,0,0,0,0,0,0,0,0,0,0,0,0,0,0,0,0,0,0,0]
costo_por_agente [13,24,12,45,31,17,37,20,33,37,35,28,33,18,34,15,8,31,7,26,34,46,23,48,43,44,18,45,23,43,50,6,25,33,21,17,11,48,42,26,16,28,5,32,25,36,17,36,17,10,37,31,24,29,32,8,25,31,26,36,34,41,38,41,19,37,28,26,6,34,7,41,51,26,14,37,35,41,36,26,37,24,31,21,12,18,21,20,21,4,12,32,16,47,43,25,17,29,19,48,26,39,29,5,15,44,13,27,31,14,34,7,44,49,5,20,31,36,44,33,9,22,26,17,20,35,19,23,39,19,14,17,53,28,30,22,22,15,35,16,16,37,36,42,24,40,13,39,26,9,4,6,33,32,26,32,28,28,6,6,35,17,19,10,38,33,9,32,34,21,21,16,51,19,42,38,13,28,22,40,20,35,34,19,20,20,54,18,14,26]
completion_time_por_agente [14,25,13,46,32,18,38,23,34,38,36,29,34,19,36,17,9,35,8,27,35,47,24,49,44,46,19,46,24,44,51,7,26,34,22,18,12,49,43,27,17,33,6,35,26,37,18,37,21,11,38,32,25,30,33,9,26,32,27,38,35,42,42,43,20,38,29,27,7,35,8,42,53,27,15,41,38,42,37,27,41,25,32,22,13,20,22,21,22,5,14,34,17,48,44,26,18,32,20,49,27,40,30,6,16,47,14,28,32,15,35,8,47,51,6,21,33,38,45,35,10,24,27,18,22,36,21,24,41,20,16,18,54,29,31,23,23,17,37,17,17,38,37,43,29,41,14,40,27,10,5,7,35,36,28,33,30,29,7,7,38,18,20,11,40,34,10,34,36,22,22,17,53,20,43,39,14,29,23,41,21,37,35,20,23,21,55,19,16,28]
tiempo_ultimo_agente_goal 55
tiempo_en_acabar 55
tiempo_promedio 28.084211
agentes_en_goal 190
push_out_count 0
RUN 8
valores_ideales [0,0,0,0,0,0,0,0,0,0,0,0,0,0,0,0,0,0,0,0,0,0,0,0,0,0,0,0,0,0,0,0,0,0,0,0,0,0,0,0,0,0,0,0,0,0,0,0,0,0,0,0,0,0,0,0,0,0,0,0,0,0,0,0,0,0,0,0,0,0,0,0,0,0,0,0,0,0,0,0,0,0,0,0,0,0,0,0,0,0,0,0,0,0,0,0,0,0,0,0,0,0,0,0,0,0,0,0,0,0,0,0,0,0,0,0,0,0,0,0,0,0,0,0,0,0,0,0,0,0,0,0,0,0,0,0,0,0,0,0,0,0,0,0,0,0,0,0,0,0,0,0,0,0,0,0,0,0,0,0,0,0,0,0,0,0,0,0,0,0,0,0,0,0,0,0,0,0,0,0,0,0,0,0,0,0,0,0,0,0]
costo_por_agente [17,24,12,33,31,25,35,20,33,37,41,30,33,30,34,23,8,25,7,30,30,40,17,54,45,40,16,37,23,27,32,14,23,23,23,15,11,52,42,28,14,36,5,38,27,30,19,32,17,10,43,31,22,29,30,8,25,31,38,26,40,43,38,35,25,35,28,26,8,16,11,21,41,24,18,33,31,41,36,24,35,24,27,9,10,8,19,20,17,6,16,32,14,37,37,27,11,23,17,48,20,35,29,5,31,44,13,35,29,14,32,7,44,45,5,28,37,32,46,35,7,22,28,17,28,31,17,21,33,19,16,19,57,28,32,22,12,13,25,14,14,37,36,38,22,42,13,37,30,7,4,10,29,40,24,42,24,36,14,8,17,17,15,10,30,33,11,24,18,11,19,16,47,21,42,32,23,28,22,44,20,27,30,19,18,20,52,20,10,36]
completion_time_por_agente [19,25,13,34,32,26,39,21,34,39,42,31,34,31,35,26,9,26,8,32,32,41,19,55,46,41,17,38,24,28,34,15,24,24,24,18,12,54,43,30,15,37,6,40,29,32,20,33,18,11,44,32,23,30,31,9,26,32,39,27,43,44,39,38,27,36,29,28,9,18,12,22,42,25,19,34,33,42,38,27,37,25,29,10,12,9,20,21,18,7,17,33,16,39,38,28,12,25,18,49,22,36,30,6,32,46,14,36,30,15,33,8,45,46,6,32,39,33,47,36,8,23,29,19,29,33,18,22,34,20,17,21,58,30,33,23,13,15,27,15,15,39,38,39,25,44,14,39,31,8,5,11,31,42,26,44,25,37,15,10,19,19,16,11,31,34,12,26,19,12,21,17,49,24,43,33,26,30,23,45,21,29,31,20,19,21,53,21,11,38]
tiempo_ultimo_agente_goal 58
tiempo_en_acabar 58
tiempo_promedio 27.200001
agentes_en_goal 190
push_out_count 0
RUN 9
valores_ideales [0,0,0,0,0,0,0,0,0,0,0,0,0,0,0,0,0,0,0,0,0,0,0,0,0,0,0,0,0,0,0,0,0,0,0,0,0,0,0,0,0,0,0,0,0,0,0,0,0,0,0,0,0,0,0,0,0,0,0,0,0,0,0,0,0,0,0,0,0,0,0,0,0,0,0,0,0,0,0,0,0,0,0,0,0,0,0,0,0,0,0,0,0,0,0,0,0,0,0,0,0,0,0,0,0,0,0,0,0,0,0,0,0,0,0,0,0,0,0,0,0,0,0,0,0,0,0,0,0,0,0,0,0,0,0,0,0,0,0,0,0,0,0,0,0,0,0,0,0,0,0,0,0,0,0,0,0,0,0,0,0,0,0,0,0,0,0,0,0,0,0,0,0,0,0,0,0,0,0,0,0,0,0,0,0,0,0,0,0,0]
costo_por_agente [15,24,10,43,37,17,37,18,33,39,37,28,33,22,30,17,8,35,5,30,32,42,19,50,47,42,22,39,21,25,46,6,23,41,19,27,11,46,42,28,12,46,5,36,41,40,19,26,19,8,39,31,22,29,30,12,25,29,38,28,38,45,34,37,21,35,28,20,6,20,7,27,39,24,12,35,45,35,36,32,51,24,27,15,18,14,23,18,29,4,16,30,14,47,35,25,17,39,23,48,22,41,35,5,17,36,31,33,29,14,34,7,44,49,5,22,35,40,44,35,7,22,22,17,22,31,21,25,41,19,12,21,55,28,30,22,18,15,41,14,12,39,38,40,20,40,15,39,20,7,4,6,41,40,20,44,22,28,14,10,17,17,17,12,28,33,9,22,30,11,21,16,55,23,42,28,13,28,20,36,22,41,28,21,16,20,54,18,8,22]
completion_time_por_agente [16,25,11,44,39,18,40,19,34,41,38,29,35,24,31,19,9,37,6,31,34,43,20,51,48,43,23,40,22,26,47,7,24,43,20,28,12,47,43,30,13,48,6,37,42,41,20,27,20,9,40,32,23,30,31,13,26,30,39,29,39,46,35,39,23,36,29,21,7,21,8,28,43,25,13,37,46,36,38,33,54,26,28,16,20,15,24,19,30,5,17,31,16,48,36,27,18,40,24,49,23,43,36,6,18,39,34,34,30,15,35,8,46,52,6,24,40,42,45,41,8,23,23,18,23,32,25,27,45,20,13,22,56,29,31,23,19,17,45,16,13,42,39,41,21,41,16,41,21,8,5,7,42,42,21,45,24,30,16,11,21,18,18,13,29,34,10,23,32,12,22,17,56,24,43,29,15,29,21,37,23,43,29,22,17,21,55,19,9,25]
tiempo_ultimo_agente_goal 56
tiempo_en_acabar 56
tiempo_promedio 28.015789
agentes_en_goal 190
push_out_count 0
RUN 10
valores_ideales [0,0,0,0,0,0,0,0,0,0,0,0,0,0,0,0,0,0,0,0,0,0,0,0,0,0,0,0,0,0,0,0,0,0,0,0,0,0,0,0,0,0,0,0,0,0,0,0,0,0,0,0,0,0,0,0,0,0,0,0,0,0,0,0,0,0,0,0,0,0,0,0,0,0,0,0,0,0,0,0,0,0,0,0,0,0,0,0,0,0,0,0,0,0,0,0,0,0,0,0,0,0,0,0,0,0,0,0,0,0,0,0,0,0,0,0,0,0,0,0,0,0,0,0,0,0,0,0,0,0,0,0,0,0,0,0,0,0,0,0,0,0,0,0,0,0,0,0,0,0,0,0,0,0,0,0,0,0,0,0,0,0,0,0,0,0,0,0,0,0,0,0,0,0,0,0,0,0,0,0,0,0,0,0,0,0,0,0,0,0]
costo_por_agente [13,24,12,35,33,17,35,30,33,39,41,30,35,14,28,17,8,27,7,32,30,44,17,48,47,42,16,45,21,33,42,8,25,33,23,17,11,48,42,30,14,48,5,38,27,36,17,32,29,10,37,31,20,31,32,8,25,31,26,26,40,41,34,41,19,37,28,26,6,18,9,23,37,24,12,33,29,39,32,22,41,22,31,13,8,6,21,18,15,8,28,32,16,31,39,27,11,27,23,48,24,33,29,5,23,46,13,27,29,20,34,7,42,47,5,20,31,40,46,27,7,22,26,19,22,33,13,19,43,19,28,19,53,28,28,22,10,13,31,14,14,41,38,30,30,42,13,37,28,9,4,8,33,36,26,34,32,36,8,6,17,25,17,10,34,33,9,22,28,23,21,16,45,23,42,32,13,30,20,38,34,33,32,23,26,22,52,18,10,40]
completion_time_por_agente [14,25,13,36,34,18,37,33,34,40,43,31,37,15,29,18,9,28,9,33,32,45,18,49,48,43,17,46,22,34,43,9,26,35,24,19,12,49,43,31,15,49,6,40,30,38,18,33,30,11,38,32,21,32,33,9,26,32,27,27,41,42,36,42,22,38,29,27,7,19,10,25,38,25,13,34,31,41,33,23,42,23,33,14,10,7,22,19,16,9,29,33,17,33,40,28,12,30,24,49,25,35,30,6,24,48,14,28,30,21,35,8,43,48,6,21,34,44,47,29,8,23,28,20,23,35,14,20,45,20,29,20,54,29,29,23,11,15,32,15,15,43,41,32,31,43,14,39,29,10,5,10,35,38,27,35,34,37,9,7,18,26,18,11,35,34,10,23,32,25,23,17,49,24,43,34,14,32,21,39,36,34,33,24,27,23,53,19,11,42]
tiempo_ultimo_agente_goal 54
tiempo_en_acabar 54
tiempo_promedio 27.510527
agentes_en_goal 190
push_out_count 0
RUN 11
valores_ideales [0,0,0,0,0,0,0,0,0,0,0,0,0,0,0,0,0,0,0,0,0,0,0,0,0,0,0,0,0,0,0,0,0,0,0,0,0,0,0,0,0,0,0,0,0,0,0,0,0,0,0,0,0,0,0,0,0,0,0,0,0,0,0,0,0,0,0,0,0,0,0,0,0,0,0,0,0,0,0,0,0,0,0,0,0,0,0,0,0,0,0,0,0,0,0,0,0,0,0,0,0,0,0,0,0,0,0,0,0,0,0,0,0,0,0,0,0,0,0,0,0,0,0,0,0,0,0,0,0,0,0,0,0,0,0,0,0,0,0,0,0,0,0,0,0,0,0,0,0,0,0,0,0,0,0,0,0,0,0,0,0,0,0,0,0,0,0,0,0,0,0,0,0,0,0,0,0,0,0,0,0,0,0,0,0,0,0,0,0,0]
costo_por_agente [17,24,20,43,35,19,35,12,33,37,35,30,33,14,34,37,8,23,11,22,36,42,19,48,45,38,18,39,23,33,42,6,27,43,21,17,11,46,42,26,12,30,5,34,37,30,21,32,17,8,39,31,20,29,30,8,29,29,38,26,34,45,34,35,19,35,28,28,8,18,13,23,47,32,12,33,29,35,32,22,37,24,31,21,14,6,23,18,19,4,14,30,14,39,35,25,11,31,33,46,20,37,29,5,17,44,17,27,29,16,32,7,44,49,5,16,35,38,46,29,13,24,24,19,22,33,25,23,45,19,14,21,53,28,28,20,10,17,23,18,12,37,40,38,20,36,15,41,20,7,4,6,33,34,32,32,26,26,8,10,25,21,19,10,42,33,13,24,28,19,19,16,45,23,42,34,13,28,24,42,26,37,30,19,28,20,52,18,8,36]
completion_time_por_agente [18,25,21,44,37,21,36,13,34,38,36,31,34,15,37,38,9,24,12,24,38,43,20,50,46,39,19,41,24,36,44,7,28,45,23,18,12,47,43,28,13,31,6,36,38,31,22,33,19,9,40,33,21,30,31,9,31,30,40,27,35,46,36,36,20,36,29,29,9,19,14,24,48,34,13,34,31,37,33,23,40,25,32,23,15,7,24,19,20,5,15,31,15,41,36,26,12,32,35,47,22,38,30,6,18,45,19,28,30,17,33,8,46,51,6,17,38,41,47,30,14,25,25,20,23,35,27,24,46,20,17,23,54,29,29,21,11,18,24,19,13,39,42,39,21,37,16,42,21,8,5,7,36,36,35,33,28,27,9,11,26,22,20,11,43,34,14,25,30,22,20,17,47,24,43,35,14,29,25,43,28,39,31,20,29,21,54,19,9,38]
tiempo_ultimo_agente_goal 54
tiempo_en_acabar 54
tiempo_promedio 27.500000
agentes_en_goal 190
push_out_count 0
RUN 12
valores_ideales [0,0,0,0,0,0,0,0,0,0,0,0,0,0,0,0,0,0,0,0,0,0,0,0,0,0,0,0,0,0,0,0,0,0,0,0,0,0,0,0,0,0,0,0,0,0,0,0,0,0,0,0,0,0,0,0,0,0,0,0,0,0,0,0,0,0,0,0,0,0,0,0,0,0,0,0,0,0,0,0,0,0,0,0,0,0,0,0,0,0,0,0,0,0,0,0,0,0,0,0,0,0,0,0,0,0,0,0,0,0,0,0,0,0,0,0,0,0,0,0,0,0,0,0,0,0,0,0,0,0,0,0,0,0,0,0,0,0,0,0,0,0,0,0,0,0,0,0,0,0,0,0,0,0,0,0,0,0,0,0,0,0,0,0,0,0,0,0,0,0,0,0,0,0,0,0,0,0,0,0,0,0,0,0,0,0,0,0,0,0]
costo_por_agente [15,24,14,35,31,21,37,20,33,39,35,30,33,16,28,15,8,33,5,26,32,40,15,56,47,42,16,43,23,25,38,8,19,29,23,17,11,46,42,32,12,38,5,34,27,34,23,40,19,10,41,31,22,31,36,8,29,31,30,26,40,43,36,37,23,41,28,26,8,16,19,23,41,26,12,35,33,37,32,26,37,26,27,17,8,8,21,18,15,4,18,30,14,39,35,25,19,23,33,46,20,45,29,5,21,36,15,35,29,14,34,7,48,51,5,26,35,44,46,35,5,24,26,21,22,33,13,19,37,19,18,21,53,28,32,22,10,15,33,20,10,39,38,32,30,40,13,39,24,7,4,10,33,38,24,32,24,28,8,6,29,17,21,12,32,33,11,26,24,15,23,16,43,19,42,32,23,34,30,36,20,35,40,19,20,20,52,20,8,30]
completion_time_por_agente [16,25,15,37,32,23,38,21,34,40,37,31,34,17,30,16,9,34,6,27,34,41,16,57,50,43,17,44,24,26,39,9,20,30,24,18,12,48,43,36,13,40,6,36,28,36,24,42,21,11,42,32,24,32,39,9,31,32,31,27,42,45,40,38,24,42,29,27,9,17,21,24,43,27,13,36,35,38,33,30,39,27,28,19,9,9,22,19,16,5,19,31,16,41,36,26,21,24,34,47,21,46,30,6,22,39,16,36,30,15,35,8,51,54,6,28,38,46,47,37,6,25,28,22,25,35,14,20,40,20,19,22,54,29,33,23,11,17,34,21,11,40,43,33,32,41,14,40,25,8,5,11,35,40,25,34,25,29,9,7,31,18,22,13,33,34,12,27,25,17,24,17,44,20,43,33,24,39,31,37,21,37,41,20,21,21,53,21,9,33]
tiempo_ultimo_agente_goal 57
tiempo_en_acabar 57
tiempo_promedio 27.615789
agentes_en_goal 190
push_out_count 0
RUN 13
valores_ideales [0,0,0,0,0,0,0,0,0,0,0,0,0,0,0,0,0,0,0,0,0,0,0,0,0,0,0,0,0,0,0,0,0,0,0,0,0,0,0,0,0,0,0,0,0,0,0,0,0,0,0,0,0,0,0,0,0,0,0,0,0,0,0,0,0,0,0,0,0,0,0,0,0,0,0,0,0,0,0,0,0,0,0,0,0,0,0,0,0,0,0,0,0,0,0,0,0,0,0,0,0,0,0,0,0,0,0,0,0,0,0,0,0,0,0,0,0,0,0,0,0,0,0,0,0,0,0,0,0,0,0,0,0,0,0,0,0,0,0,0,0,0,0,0,0,0,0,0,0,0,0,0,0,0,0,0,0,0,0,0,0,0,0,0,0,0,0,0,0,0,0,0,0,0,0,0,0,0,0,0,0,0,0,0,0,0,0,0,0,0]
costo_por_agente [13,24,10,33,31,21,37,36,33,41,35,30,33,16,26,17,8,27,7,24,40,42,17,56,45,44,20,43,23,31,38,6,29,25,25,17,11,46,42,22,12,30,5,32,23,46,17,22,15,8,35,31,20,29,32,8,27,33,30,28,36,43,44,35,27,35,30,28,8,18,7,39,47,28,12,31,35,41,46,26,45,30,27,15,10,6,33,18,21,4,16,30,14,39,35,29,15,31,17,56,24,31,29,5,17,42,19,33,29,14,32,7,44,47,5,28,39,46,48,29,7,24,22,17,18,31,19,25,41,19,12,17,51,30,28,22,10,13,25,14,10,41,38,28,24,46,13,35,22,11,4,6,43,30,22,32,26,34,6,8,15,17,21,10,30,33,13,20,20,11,21,28,37,21,42,46,13,28,20,38,22,33,32,19,18,20,52,18,8,24]
completion_time_por_agente [14,25,11,34,32,24,38,40,34,44,36,31,34,17,27,18,9,28,8,25,41,43,19,57,46,45,21,44,24,32,39,7,30,26,26,18,12,47,43,23,13,32,6,35,24,47,18,24,17,9,36,32,21,30,33,9,28,34,31,30,37,44,46,36,28,36,31,30,9,19,8,40,48,29,13,32,36,42,47,27,48,31,30,17,11,7,34,19,22,5,17,31,16,41,36,30,17,32,18,57,25,34,30,6,18,43,21,34,30,15,33,8,45,48,6,30,40,47,49,31,8,25,23,18,19,34,20,26,43,20,13,18,52,32,29,23,11,15,26,15,11,43,39,30,26,48,14,36,23,12,5,7,44,31,24,33,28,35,8,10,17,18,22,11,31,34,14,21,21,12,23,29,38,22,43,47,15,29,21,39,23,34,34,20,21,21,53,19,9,26]
tiempo_ultimo_agente_goal 57
tiempo_en_acabar 57
tiempo_promedio 27.236841
agentes_en_goal 190
push_out_count 0
RUN 14
valores_ideales [0,0,0,0,0,0,0,0,0,0,0,0,0,0,0,0,0,0,0,0,0,0,0,0,0,0,0,0,0,0,0,0,0,0,0,0,0,0,0,0,0,0,0,0,0,0,0,0,0,0,0,0,0,0,0,0,0,0,0,0,0,0,0,0,0,0,0,0,0,0,0,0,0,0,0,0,0,0,0,0,0,0,0,0,0,0,0,0,0,0,0,0,0,0,0,0,0,0,0,0,0,0,0,0,0,0,0,0,0,0,0,0,0,0,0,0,0,0,0,0,0,0,0,0,0,0,0,0,0,0,0,0,0,0,0,0,0,0,0,0,0,0,0,0,0,0,0,0,0,0,0,0,0,0,0,0,0,0,0,0,0,0,0,0,0,0,0,0,0,0,0,0,0,0,0,0,0,0,0,0,0,0,0,0,0,0,0,0,0,0]
costo_por_agente [11,24,12,37,27,21,37,24,33,37,41,40,31,18,36,35,8,21,7,22,40,50,17,48,43,38,22,59,25,27,38,6,37,39,29,17,11,52,42,32,12,46,5,36,25,34,19,26,27,8,49,31,24,29,32,12,35,29,24,34,38,45,38,39,25,37,28,20,8,16,7,23,45,28,12,31,31,37,30,26,35,28,43,41,16,8,27,18,17,6,14,30,14,33,41,27,15,39,25,46,32,31,31,5,19,40,21,37,29,14,34,7,50,47,5,32,49,44,46,35,9,26,28,21,34,39,23,17,37,19,14,17,55,28,32,24,10,13,29,20,12,49,46,54,40,46,17,37,26,7,4,14,47,30,24,34,32,28,6,10,17,27,19,14,36,35,13,24,28,11,17,16,43,33,42,32,15,42,20,38,32,33,40,19,26,20,54,18,10,38]
completion_time_por_agente [12,25,13,38,29,22,39,29,34,39,42,42,33,20,38,36,9,25,8,23,41,51,18,49,45,39,23,60,26,28,40,7,38,40,31,18,12,53,43,33,13,47,6,38,27,35,20,27,31,9,50,32,25,30,33,13,36,30,25,36,40,47,40,40,26,38,29,21,9,17,8,24,50,29,13,34,33,38,33,28,37,29,46,43,18,9,29,19,18,7,15,31,15,36,42,28,16,41,26,47,33,33,32,6,20,45,22,38,30,15,35,8,52,48,6,34,50,46,47,38,11,27,30,22,37,42,28,18,40,20,17,18,59,29,34,25,11,14,31,21,13,52,48,55,42,47,18,39,29,8,5,15,48,32,26,35,33,29,7,11,18,29,20,15,37,36,14,25,29,12,18,17,46,37,43,33,17,46,21,40,35,35,41,20,27,21,55,19,11,41]
tiempo_ultimo_agente_goal 60
tiempo_en_acabar 60
tiempo_promedio 29.394737
agentes_en_goal 190
push_out_count 0
RUN 15
valores_ideales [0,0,0,0,0,0,0,0,0,0,0,0,0,0,0,0,0,0,0,0,0,0,0,0,0,0,0,0,0,0,0,0,0,0,0,0,0,0,0,0,0,0,0,0,0,0,0,0,0,0,0,0,0,0,0,0,0,0,0,0,0,0,0,0,0,0,0,0,0,0,0,0,0,0,0,0,0,0,0,0,0,0,0,0,0,0,0,0,0,0,0,0,0,0,0,0,0,0,0,0,0,0,0,0,0,0,0,0,0,0,0,0,0,0,0,0,0,0,0,0,0,0,0,0,0,0,0,0,0,0,0,0,0,0,0,0,0,0,0,0,0,0,0,0,0,0,0,0,0,0,0,0,0,0,0,0,0,0,0,0,0,0,0,0,0,0,0,0,0,0,0,0,0,0,0,0,0,0,0,0,0,0,0,0,0,0,0,0,0,0]
costo_por_agente [11,24,34,41,27,19,41,20,33,37,41,34,31,20,24,21,8,27,7,26,34,42,33,50,47,44,16,53,23,29,44,12,25,23,25,17,11,46,46,34,14,44,5,34,25,24,37,28,23,10,43,31,32,29,30,18,25,31,30,30,36,41,38,37,31,35,28,26,8,18,7,21,41,24,12,35,31,35,32,36,37,26,33,13,8,10,35,18,23,6,14,32,14,39,37,25,11,23,19,48,22,37,31,5,17,40,17,35,31,14,32,7,44,47,5,34,35,44,44,31,9,22,26,19,34,35,25,19,37,19,14,19,53,32,28,22,10,15,31,16,10,37,40,40,26,44,13,39,24,7,6,10,35,48,20,36,24,26,10,6,15,29,15,10,36,33,11,22,28,11,19,16,49,19,42,32,25,30,20,38,22,31,30,19,20,20,52,18,10,48]
completion_time_por_agente [12,25,35,43,29,20,43,21,34,38,43,35,32,22,25,23,9,28,8,27,36,43,36,51,48,45,17,54,24,31,45,13,27,25,26,19,12,47,47,35,15,46,6,36,28,26,40,30,24,11,44,32,34,30,31,19,26,32,31,31,37,42,40,39,32,36,29,27,9,19,8,23,43,25,13,36,32,36,33,37,42,27,34,14,9,11,36,19,24,7,15,33,16,40,38,26,12,26,20,49,23,38,32,6,18,42,18,36,32,15,33,8,46,48,6,37,36,45,45,32,11,23,27,20,35,36,26,20,38,20,15,20,54,34,29,23,11,17,32,17,11,39,42,41,30,45,14,41,25,8,7,11,36,50,21,37,26,27,11,7,16,30,16,11,37,34,12,24,30,12,20,17,50,20,43,33,26,32,21,39,23,33,31,20,21,21,53,19,11,49]
tiempo_ultimo_agente_goal 54
tiempo_en_acabar 54
tiempo_promedio 28.084211
agentes_en_goal 190
push_out_count 0
RUN 16
valores_ideales [0,0,0,0,0,0,0,0,0,0,0,0,0,0,0,0,0,0,0,0,0,0,0,0,0,0,0,0,0,0,0,0,0,0,0,0,0,0,0,0,0,0,0,0,0,0,0,0,0,0,0,0,0,0,0,0,0,0,0,0,0,0,0,0,0,0,0,0,0,0,0,0,0,0,0,0,0,0,0,0,0,0,0,0,0,0,0,0,0,0,0,0,0,0,0,0,0,0,0,0,0,0,0,0,0,0,0,0,0,0,0,0,0,0,0,0,0,0,0,0,0,0,0,0,0,0,0,0,0,0,0,0,0,0,0,0,0,0,0,0,0,0,0,0,0,0,0,0,0,0,0,0,0,0,0,0,0,0,0,0,0,0,0,0,0,0,0,0,0,0,0,0,0,0,0,0,0,0,0,0,0,0,0,0,0,0,0,0,0,0]
costo_por_agente [11,24,14,39,33,21,37,20,35,39,35,30,29,14,40,15,8,29,5,30,40,40,15,52,47,46,16,49,23,37,46,8,21,37,21,27,11,50,42,30,14,36,5,34,41,24,19,36,23,8,39,31,22,29,32,10,35,31,32,30,48,41,36,41,25,39,28,22,6,20,7,19,39,26,14,37,37,37,40,30,41,32,31,13,10,6,27,18,17,4,16,34,14,41,35,27,17,33,15,48,22,41,29,5,17,44,13,27,29,14,32,7,44,47,5,26,37,32,46,27,9,24,26,21,20,41,13,17,41,19,18,17,51,34,32,22,10,23,47,16,14,35,38,40,34,40,13,39,24,7,4,6,31,26,26,50,30,32,6,10,31,27,41,10,30,33,9,26,22,11,17,16,51,31,42,34,25,30,20,36,38,31,32,19,28,20,52,18,16,34]
completion_time_por_agente [12,25,15,44,35,22,38,21,36,42,37,31,30,15,43,17,9,32,6,34,43,41,17,53,48,47,17,50,24,41,48,9,22,40,22,29,12,52,43,32,15,37,6,36,44,26,23,37,26,10,40,32,23,30,33,11,39,32,33,31,50,43,37,42,26,42,29,23,7,22,8,20,41,27,15,40,38,38,42,31,46,33,32,14,11,7,28,19,18,5,17,35,16,43,36,28,18,35,16,49,23,42,30,6,18,47,14,28,30,15,33,8,45,53,6,28,40,34,47,29,10,25,27,22,22,43,14,18,42,20,19,18,53,35,33,23,11,25,49,17,15,37,39,41,37,41,14,42,26,8,5,7,35,27,27,52,31,33,7,12,33,29,43,11,31,34,10,28,23,13,18,17,52,32,43,35,26,31,21,37,40,32,33,20,30,21,53,19,17,35]
tiempo_ultimo_agente_goal 53
tiempo_en_acabar 53
tiempo_promedio 28.578947
agentes_en_goal 190
push_out_count 0
RUN 17
valores_ideales [0,0,0,0,0,0,0,0,0,0,0,0,0,0,0,0,0,0,0,0,0,0,0,0,0,0,0,0,0,0,0,0,0,0,0,0,0,0,0,0,0,0,0,0,0,0,0,0,0,0,0,0,0,0,0,0,0,0,0,0,0,0,0,0,0,0,0,0,0,0,0,0,0,0,0,0,0,0,0,0,0,0,0,0,0,0,0,0,0,0,0,0,0,0,0,0,0,0,0,0,0,0,0,0,0,0,0,0,0,0,0,0,0,0,0,0,0,0,0,0,0,0,0,0,0,0,0,0,0,0,0,0,0,0,0,0,0,0,0,0,0,0,0,0,0,0,0,0,0,0,0,0,0,0,0,0,0,0,0,0,0,0,0,0,0,0,0,0,0,0,0,0,0,0,0,0,0,0,0,0,0,0,0,0,0,0,0,0,0,0]
costo_por_agente [13,24,12,37,27,25,39,24,35,43,35,28,29,16,30,15,8,29,7,28,34,44,15,50,51,40,18,47,23,29,36,8,27,27,29,17,11,48,42,24,12,36,5,38,19,26,19,22,15,14,37,31,26,31,30,8,27,31,30,26,44,41,36,47,25,39,28,20,6,16,7,21,43,26,16,33,35,39,38,38,33,36,27,11,10,6,27,18,15,4,18,30,14,39,41,27,17,29,19,46,32,37,29,5,15,38,15,35,29,14,32,7,54,51,5,32,35,44,46,29,11,22,24,17,22,31,23,21,37,19,14,21,55,28,30,20,10,13,23,18,12,35,38,28,24,38,17,37,20,9,4,6,29,24,24,32,28,26,14,6,21,19,19,14,42,35,9,30,22,11,19,18,49,21,42,30,19,30,24,38,24,41,32,19,16,20,54,20,8,36]
completion_time_por_agente [14,25,13,38,29,26,41,26,36,46,37,31,30,18,31,17,9,30,8,30,35,45,16,51,52,41,19,48,27,32,37,9,28,28,31,19,12,49,43,26,13,39,6,40,20,27,21,24,17,15,39,32,27,32,31,9,28,32,32,27,45,43,40,48,26,41,29,21,7,18,8,22,45,27,17,34,37,40,39,39,34,37,28,12,11,7,29,19,16,5,19,31,15,40,42,28,18,30,20,47,33,39,30,6,16,40,16,36,30,15,33,8,55,52,6,33,37,47,47,30,12,23,25,18,24,32,25,22,40,20,17,22,56,29,31,21,11,15,25,19,13,36,39,30,26,41,18,38,23,10,5,7,30,27,25,33,29,27,15,7,23,20,20,15,43,36,10,31,23,12,20,20,50,22,43,31,20,33,25,39,25,43,33,20,18,21,55,21,9,37]
tiempo_ultimo_agente_goal 56
tiempo_en_acabar 56
tiempo_promedio 27.373684
agentes_en_goal 190
push_out_count 0
RUN 18
valores_ideales [0,0,0,0,0,0,0,0,0,0,0,0,0,0,0,0,0,0,0,0,0,0,0,0,0,0,0,0,0,0,0,0,0,0,0,0,0,0,0,0,0,0,0,0,0,0,0,0,0,0,0,0,0,0,0,0,0,0,0,0,0,0,0,0,0,0,0,0,0,0,0,0,0,0,0,0,0,0,0,0,0,0,0,0,0,0,0,0,0,0,0,0,0,0,0,0,0,0,0,0,0,0,0,0,0,0,0,0,0,0,0,0,0,0,0,0,0,0,0,0,0,0,0,0,0,0,0,0,0,0,0,0,0,0,0,0,0,0,0,0,0,0,0,0,0,0,0,0,0,0,0,0,0,0,0,0,0,0,0,0,0,0,0,0,0,0,0,0,0,0,0,0,0,0,0,0,0,0,0,0,0,0,0,0,0,0,0,0,0,0]
costo_por_agente [13,24,16,39,31,17,35,12,33,47,35,30,33,18,42,21,8,25,5,26,32,42,15,50,47,40,18,41,23,25,34,6,25,31,29,17,11,48,42,26,16,36,5,34,25,32,19,34,15,8,43,31,24,31,34,8,25,31,30,32,42,43,38,39,21,39,32,26,8,18,7,21,47,24,14,33,35,41,44,24,41,30,37,11,14,6,37,22,17,4,18,30,14,41,37,25,15,27,27,48,22,35,29,5,23,44,21,25,29,14,36,7,48,49,5,20,31,34,46,37,13,22,26,17,18,29,17,27,41,19,12,17,51,28,28,22,12,27,19,16,12,37,36,40,34,40,13,47,30,9,4,12,31,46,36,34,32,28,8,6,15,17,21,10,32,33,11,26,18,21,17,16,51,25,42,34,11,30,20,36,20,29,26,19,28,24,52,20,10,22]
completion_time_por_agente [14,25,17,40,34,19,37,13,34,49,37,32,35,19,44,22,9,29,6,27,33,43,16,52,48,41,20,42,24,26,38,7,26,33,30,18,12,49,43,27,17,37,6,36,26,34,20,35,17,9,44,32,25,32,36,9,27,32,32,36,45,45,39,42,22,40,33,27,9,19,8,22,50,25,15,34,36,42,47,25,43,31,39,12,15,7,38,23,18,5,19,31,17,43,38,26,16,28,29,49,23,36,30,6,24,46,23,27,30,15,37,8,49,51,6,21,33,36,47,40,14,23,29,19,20,31,18,28,42,20,13,19,52,29,29,24,13,30,20,17,13,39,38,41,36,42,14,48,31,10,5,14,33,49,38,35,34,29,9,7,16,18,22,11,33,34,12,29,20,23,18,17,52,28,43,35,12,31,21,37,21,31,28,20,29,25,53,21,11,24]
tiempo_ultimo_agente_goal 53
tiempo_en_acabar 53
tiempo_promedio 27.799999
agentes_en_goal 190
push_out_count 0
RUN 19
valores_ideales [0,0,0,0,0,0,0,0,0,0,0,0,0,0,0,0,0,0,0,0,0,0,0,0,0,0,0,0,0,0,0,0,0,0,0,0,0,0,0,0,0,0,0,0,0,0,0,0,0,0,0,0,0,0,0,0,0,0,0,0,0,0,0,0,0,0,0,0,0,0,0,0,0,0,0,0,0,0,0,0,0,0,0,0,0,0,0,0,0,0,0,0,0,0,0,0,0,0,0,0,0,0,0,0,0,0,0,0,0,0,0,0,0,0,0,0,0,0,0,0,0,0,0,0,0,0,0,0,0,0,0,0,0,0,0,0,0,0,0,0,0,0,0,0,0,0,0,0,0,0,0,0,0,0,0,0,0,0,0,0,0,0,0,0,0,0,0,0,0,0,0,0,0,0,0,0,0,0,0,0,0,0,0,0,0,0,0,0,0,0]
costo_por_agente [11,24,14,33,31,17,35,18,33,37,35,32,33,16,26,25,8,21,5,34,32,42,17,48,43,40,20,39,31,33,38,10,33,43,25,19,11,46,42,22,12,38,5,32,25,32,19,22,17,10,39,31,30,31,32,8,27,31,38,34,36,41,36,35,25,39,30,22,8,18,9,23,43,26,12,33,31,43,34,22,35,28,29,13,8,6,31,18,15,4,14,34,14,43,35,25,11,25,27,46,22,33,33,5,17,38,17,27,29,14,32,7,48,47,5,18,31,44,44,35,5,22,24,23,32,29,19,19,37,19,20,19,51,28,28,22,10,23,27,18,12,35,38,32,22,46,13,39,22,9,4,6,31,24,20,32,22,30,6,6,19,19,19,12,28,33,9,20,22,13,21,16,45,33,42,44,9,32,20,38,20,33,38,23,20,22,52,18,8,32]
completion_time_por_agente [12,25,15,34,33,18,36,19,34,38,38,34,34,17,27,27,9,22,6,35,33,43,18,49,44,41,21,40,32,34,41,12,35,47,26,20,12,47,43,23,13,43,6,35,27,33,20,24,19,11,40,32,31,32,33,9,29,32,39,37,37,42,37,36,26,42,31,23,9,19,10,25,44,27,13,34,34,44,35,23,38,29,32,14,9,7,32,19,16,5,16,35,16,45,36,26,12,26,30,47,23,35,34,6,18,40,19,28,30,15,33,8,50,48,6,20,32,45,45,37,6,23,26,24,35,33,21,20,38,20,21,20,52,29,29,23,11,24,28,19,13,37,42,33,24,47,14,40,23,10,5,7,34,26,22,33,23,31,7,7,20,20,21,13,29,34,10,23,24,14,23,17,46,34,43,45,10,34,21,39,21,36,39,24,22,23,53,19,9,33]
tiempo_ultimo_agente_goal 53
tiempo_en_acabar 53
tiempo_promedio 27.110527
agentes_en_goal 190
push_out_count 0
RUN 20
valores_ideales [0,0,0,0,0,0,0,0,0,0,0,0,0,0,0,0,0,0,0,0,0,0,0,0,0,0,0,0,0,0,0,0,0,0,0,0,0,0,0,0,0,0,0,0,0,0,0,0,0,0,0,0,0,0,0,0,0,0,0,0,0,0,0,0,0,0,0,0,0,0,0,0,0,0,0,0,0,0,0,0,0,0,0,0,0,0,0,0,0,0,0,0,0,0,0,0,0,0,0,0,0,0,0,0,0,0,0,0,0,0,0,0,0,0,0,0,0,0,0,0,0,0,0,0,0,0,0,0,0,0,0,0,0,0,0,0,0,0,0,0,0,0,0,0,0,0,0,0,0,0,0,0,0,0,0,0,0,0,0,0,0,0,0,0,0,0,0,0,0,0,0,0,0,0,0,0,0,0,0,0,0,0,0,0,0,0,0,0,0,0]
costo_por_agente [13,26,14,33,31,35,39,16,33,37,35,30,33,20,30,19,8,31,7,22,34,42,17,48,47,38,16,45,29,25,34,8,19,27,21,17,11,56,44,24,12,34,5,34,35,28,19,24,17,8,35,31,22,31,36,12,41,31,38,28,42,45,38,35,27,35,28,24,6,16,7,21,39,28,12,33,35,37,36,22,35,22,29,13,16,6,25,22,21,6,24,34,14,39,35,25,39,23,23,46,20,49,29,5,19,40,15,45,29,22,34,7,46,51,5,26,33,54,44,29,7,22,24,19,22,35,31,19,39,19,18,19,53,30,28,24,10,15,39,18,10,45,38,50,28,50,15,41,24,9,4,6,39,34,26,32,22,28,6,8,41,31,17,10,28,33,13,22,14,13,19,16,49,25,42,32,29,28,20,38,26,27,32,23,16,20,52,18,8,42]
completion_time_por_agente [14,27,15,34,33,39,41,17,34,38,37,31,34,21,32,20,9,33,8,23,36,43,18,49,51,39,17,46,30,26,35,9,20,28,22,18,12,57,45,25,13,35,6,36,37,29,20,25,18,10,36,32,23,32,37,13,43,32,39,30,45,46,39,37,28,36,29,25,7,17,8,23,41,29,13,34,36,38,37,23,36,23,30,14,17,7,26,23,22,7,25,35,15,40,36,26,40,24,24,47,21,50,30,6,20,42,16,46,30,23,35,8,47,53,6,27,34,56,45,31,8,23,25,20,23,37,34,20,41,20,20,21,54,31,29,25,11,17,43,19,11,46,40,51,29,51,16,43,26,10,5,7,40,36,28,33,23,29,7,9,42,32,19,11,29,34,14,23,15,14,21,17,50,27,43,33,30,29,21,39,27,28,33,24,18,21,53,19,9,43]
tiempo_ultimo_agente_goal 57
tiempo_en_acabar 57
tiempo_promedio 28.026316
agentes_en_goal 190
push_out_count 0
RUN 21
valores_ideales [0,0,0,0,0,0,0,0,0,0,0,0,0,0,0,0,0,0,0,0,0,0,0,0,0,0,0,0,0,0,0,0,0,0,0,0,0,0,0,0,0,0,0,0,0,0,0,0,0,0,0,0,0,0,0,0,0,0,0,0,0,0,0,0,0,0,0,0,0,0,0,0,0,0,0,0,0,0,0,0,0,0,0,0,0,0,0,0,0,0,0,0,0,0,0,0,0,0,0,0,0,0,0,0,0,0,0,0,0,0,0,0,0,0,0,0,0,0,0,0,0,0,0,0,0,0,0,0,0,0,0,0,0,0,0,0,0,0,0,0,0,0,0,0,0,0,0,0,0,0,0,0,0,0,0,0,0,0,0,0,0,0,0,0,0,0,0,0,0,0,0,0,0,0,0,0,0,0,0,0,0,0,0,0,0,0,0,0,0,0]
costo_por_agente [17,24,10,33,41,23,35,28,33,37,35,32,31,22,28,29,8,25,5,28,34,40,15,52,47,40,22,45,21,33,36,6,23,23,29,23,11,48,44,26,12,36,5,34,27,28,17,28,31,8,35,33,24,29,30,8,27,31,30,26,34,47,42,35,23,35,40,22,8,26,7,25,55,26,12,33,43,35,34,26,41,24,37,37,14,8,19,20,15,4,22,34,16,47,35,25,11,23,33,46,28,37,29,5,21,40,23,35,29,18,32,7,52,47,5,20,39,56,44,35,11,24,32,19,24,29,17,17,37,19,12,23,51,28,32,22,10,25,29,16,12,35,36,24,20,48,17,37,24,11,4,12,29,36,28,32,22,34,8,6,17,29,21,12,38,35,17,20,18,15,23,16,53,21,42,32,15,40,20,38,34,33,40,21,18,28,52,18,8,32]
completion_time_por_agente [18,25,11,34,42,25,36,32,34,38,37,36,32,24,29,30,9,26,6,29,35,41,16,53,48,41,24,46,22,34,37,7,25,24,30,24,12,50,45,28,13,39,6,36,28,29,18,29,32,10,36,35,25,31,32,9,28,32,31,27,35,49,43,37,25,36,41,25,9,27,8,26,57,27,13,34,44,36,35,27,42,25,40,38,15,9,21,22,16,5,24,36,17,48,36,26,12,24,34,47,29,39,30,6,22,43,24,36,30,19,33,8,53,48,6,22,40,58,45,38,13,25,33,21,25,30,19,18,39,20,13,24,52,29,33,23,11,26,30,17,13,36,38,26,21,49,18,38,25,12,5,13,31,38,30,33,23,35,9,7,18,30,22,13,39,36,18,21,20,16,25,17,54,23,43,33,16,41,21,39,35,34,41,22,19,29,53,19,9,33]
tiempo_ultimo_agente_goal 58
tiempo_en_acabar 58
tiempo_promedio 28.215790
agentes_en_goal 190
push_out_count 0
RUN 22
valores_ideales [0,0,0,0,0,0,0,0,0,0,0,0,0,0,0,0,0,0,0,0,0,0,0,0,0,0,0,0,0,0,0,0,0,0,0,0,0,0,0,0,0,0,0,0,0,0,0,0,0,0,0,0,0,0,0,0,0,0,0,0,0,0,0,0,0,0,0,0,0,0,0,0,0,0,0,0,0,0,0,0,0,0,0,0,0,0,0,0,0,0,0,0,0,0,0,0,0,0,0,0,0,0,0,0,0,0,0,0,0,0,0,0,0,0,0,0,0,0,0,0,0,0,0,0,0,0,0,0,0,0,0,0,0,0,0,0,0,0,0,0,0,0,0,0,0,0,0,0,0,0,0,0,0,0,0,0,0,0,0,0,0,0,0,0,0,0,0,0,0,0,0,0,0,0,0,0,0,0,0,0,0,0,0,0,0,0,0,0,0,0]
costo_por_agente [15,24,12,39,41,29,35,26,33,37,39,32,29,14,28,25,8,21,7,24,32,44,25,52,47,38,18,37,29,35,46,6,23,25,25,15,11,46,44,24,12,50,5,32,29,36,17,28,21,8,39,31,22,31,30,8,29,31,28,26,46,45,36,43,23,45,30,22,6,20,7,33,43,36,12,33,35,37,32,30,45,26,29,11,10,8,29,18,23,4,10,36,14,31,47,25,15,33,19,46,22,43,33,5,19,38,13,25,29,14,32,7,46,45,5,20,31,44,46,25,11,24,36,19,20,35,19,23,37,19,16,17,51,34,28,22,10,19,23,18,12,39,38,44,22,48,15,43,24,7,6,8,37,28,34,34,26,30,12,6,27,27,19,10,34,33,13,26,24,11,17,16,57,25,42,32,15,36,20,40,20,25,42,19,20,22,52,18,8,40]
completion_time_por_agente [16,25,13,41,43,30,36,29,34,38,41,33,30,15,29,27,9,24,8,25,33,45,28,53,48,39,19,38,30,38,47,7,25,26,26,17,12,48,45,25,13,51,6,35,30,37,18,30,22,9,40,32,23,32,31,9,30,32,29,27,47,49,38,46,24,46,31,23,7,22,8,35,45,37,13,35,37,38,34,33,48,27,30,13,11,9,30,19,24,5,12,37,16,33,48,26,16,37,20,48,23,44,34,6,20,41,14,26,30,15,33,8,47,47,6,21,32,45,47,27,12,26,38,20,22,38,22,24,38,20,17,18,52,35,29,23,11,21,25,19,13,40,40,46,24,49,16,44,25,8,7,9,41,29,35,35,27,31,13,7,28,30,20,11,35,34,14,27,27,12,18,17,58,26,43,33,17,39,21,41,21,28,43,20,21,23,53,19,9,42]
tiempo_ultimo_agente_goal 58
tiempo_en_acabar 58
tiempo_promedio 28.068420
agentes_en_goal 190
push_out_count 0
RUN 23
valores_ideales [0,0,0,0,0,0,0,0,0,0,0,0,0,0,0,0,0,0,0,0,0,0,0,0,0,0,0,0,0,0,0,0,0,0,0,0,0,0,0,0,0,0,0,0,0,0,0,0,0,0,0,0,0,0,0,0,0,0,0,0,0,0,0,0,0,0,0,0,0,0,0,0,0,0,0,0,0,0,0,0,0,0,0,0,0,0,0,0,0,0,0,0,0,0,0,0,0,0,0,0,0,0,0,0,0,0,0,0,0,0,0,0,0,0,0,0,0,0,0,0,0,0,0,0,0,0,0,0,0,0,0,0,0,0,0,0,0,0,0,0,0,0,0,0,0,0,0,0,0,0,0,0,0,0,0,0,0,0,0,0,0,0,0,0,0,0,0,0,0,0,0,0,0,0,0,0,0,0,0,0,0,0,0,0,0,0,0,0,0,0]
costo_por_agente [13,24,16,37,35,19,45,28,33,37,41,32,31,18,36,27,8,29,5,22,32,40,33,48,45,42,40,41,21,37,38,8,27,27,23,21,11,48,42,28,12,42,5,34,25,30,23,34,19,8,43,31,26,29,30,8,35,31,36,26,38,41,38,37,21,39,28,30,8,20,7,19,35,28,12,33,29,41,32,42,33,26,41,27,6,6,27,18,13,6,16,30,14,41,37,25,13,27,17,46,24,37,35,5,21,46,17,31,29,14,32,7,46,49,5,16,37,46,46,41,7,22,30,19,18,29,15,21,39,19,12,17,55,28,32,22,10,13,27,14,10,35,36,30,22,42,13,43,22,9,4,6,29,36,26,32,24,30,12,16,39,35,21,22,32,33,11,20,16,11,19,16,45,15,42,32,13,32,20,40,22,33,34,19,18,20,52,18,8,32]
completion_time_por_agente [14,25,18,39,36,20,46,33,34,38,44,33,32,20,37,29,9,32,6,24,35,41,36,49,46,43,44,43,23,38,41,9,29,29,24,22,12,49,43,29,13,45,6,35,26,31,25,36,21,10,44,32,28,30,31,9,38,32,38,27,39,42,40,39,22,41,29,31,9,21,8,20,39,29,13,34,31,42,33,44,36,28,43,28,7,7,28,20,14,7,17,31,16,42,38,26,14,28,18,47,25,38,36,6,22,47,18,32,30,15,33,8,47,51,6,17,39,48,47,43,8,23,32,21,20,32,16,22,41,20,13,18,57,29,33,23,11,15,32,15,11,37,38,32,25,43,14,44,24,10,5,8,30,38,28,33,25,31,13,18,41,36,22,24,33,34,12,22,17,12,20,18,46,16,43,34,14,33,21,41,23,35,35,20,19,21,53,19,9,33]
tiempo_ultimo_agente_goal 57
tiempo_en_acabar 57
tiempo_promedio 27.968422
agentes_en_goal 190
push_out_count 0
RUN 24
valores_ideales [0,0,0,0,0,0,0,0,0,0,0,0,0,0,0,0,0,0,0,0,0,0,0,0,0,0,0,0,0,0,0,0,0,0,0,0,0,0,0,0,0,0,0,0,0,0,0,0,0,0,0,0,0,0,0,0,0,0,0,0,0,0,0,0,0,0,0,0,0,0,0,0,0,0,0,0,0,0,0,0,0,0,0,0,0,0,0,0,0,0,0,0,0,0,0,0,0,0,0,0,0,0,0,0,0,0,0,0,0,0,0,0,0,0,0,0,0,0,0,0,0,0,0,0,0,0,0,0,0,0,0,0,0,0,0,0,0,0,0,0,0,0,0,0,0,0,0,0,0,0,0,0,0,0,0,0,0,0,0,0,0,0,0,0,0,0,0,0,0,0,0,0,0,0,0,0,0,0,0,0,0,0,0,0,0,0,0,0,0,0]
costo_por_agente [13,26,14,33,35,23,37,20,37,39,37,32,33,20,36,21,8,23,5,30,42,44,21,52,47,46,18,47,23,29,38,6,23,29,27,17,11,46,42,30,12,46,5,34,39,32,19,32,17,10,43,31,22,33,30,8,25,33,42,26,38,41,38,43,19,35,28,26,6,20,7,21,49,26,12,37,33,35,38,32,33,22,29,27,10,6,31,18,17,4,14,30,14,35,35,25,11,33,19,46,24,47,31,5,17,44,21,39,31,14,32,11,44,45,5,28,39,40,56,27,11,22,28,19,40,33,33,27,47,19,14,17,55,28,30,24,10,15,29,16,8,39,44,36,18,36,13,37,20,11,4,6,31,44,16,32,26,36,10,6,17,31,21,10,34,33,15,24,16,15,21,16,47,25,42,40,21,30,20,36,22,31,32,23,24,22,52,18,8,34]
completion_time_por_agente [14,27,15,34,37,24,38,23,38,40,39,33,34,21,41,23,9,24,6,31,44,45,23,54,48,47,19,48,24,30,39,7,24,31,28,18,12,47,43,33,13,48,6,36,40,35,20,33,19,11,44,32,24,34,31,9,26,34,43,27,39,43,40,44,21,36,29,27,7,21,8,22,51,27,13,38,34,36,39,34,37,23,32,29,11,7,34,19,18,5,15,31,15,36,36,26,12,36,20,47,25,48,32,6,18,45,22,40,33,15,33,12,46,46,6,29,41,43,58,29,12,23,30,20,43,35,37,28,48,20,16,18,56,29,31,25,11,17,30,17,9,40,46,38,20,37,14,39,22,12,5,7,33,46,17,33,28,37,11,7,19,32,22,11,35,34,17,25,19,16,22,17,49,26,43,41,22,32,21,37,23,33,33,24,26,24,53,19,9,35]
tiempo_ultimo_agente_goal 58
tiempo_en_acabar 58
tiempo_promedio 28.268421
agentes_en_goal 190
push_out_count 0
RUN 25
valores_ideales [0,0,0,0,0,0,0,0,0,0,0,0,0,0,0,0,0,0,0,0,0,0,0,0,0,0,0,0,0,0,0,0,0,0,0,0,0,0,0,0,0,0,0,0,0,0,0,0,0,0,0,0,0,0,0,0,0,0,0,0,0,0,0,0,0,0,0,0,0,0,0,0,0,0,0,0,0,0,0,0,0,0,0,0,0,0,0,0,0,0,0,0,0,0,0,0,0,0,0,0,0,0,0,0,0,0,0,0,0,0,0,0,0,0,0,0,0,0,0,0,0,0,0,0,0,0,0,0,0,0,0,0,0,0,0,0,0,0,0,0,0,0,0,0,0,0,0,0,0,0,0,0,0,0,0,0,0,0,0,0,0,0,0,0,0,0,0,0,0,0,0,0,0,0,0,0,0,0,0,0,0,0,0,0,0,0,0,0,0,0]
costo_por_agente [11,24,18,37,27,27,37,16,33,37,45,28,33,16,36,33,8,23,7,26,32,46,15,48,43,46,16,45,21,27,40,8,33,53,19,17,11,48,42,28,12,30,5,32,21,38,17,40,15,10,39,31,20,31,30,14,29,31,22,28,36,45,40,35,27,35,28,28,8,22,7,29,41,28,22,37,35,35,36,28,35,30,29,31,8,6,27,20,13,6,22,32,14,43,39,27,11,23,19,48,20,39,29,5,15,44,13,37,29,14,32,7,42,45,5,16,35,40,46,37,5,22,24,21,22,39,13,19,47,19,14,17,55,30,28,24,10,23,37,20,12,37,36,28,22,44,13,39,30,11,4,6,33,42,18,32,24,42,12,12,21,15,21,10,26,33,19,22,30,15,25,16,45,19,42,34,11,28,20,36,24,41,36,23,18,22,52,18,8,28]
completion_time_por_agente [12,25,19,38,28,28,38,17,34,38,47,29,34,17,37,34,9,25,8,27,34,47,16,49,44,47,17,46,22,28,41,9,35,54,20,18,12,49,43,30,13,31,6,34,22,39,18,41,16,11,40,32,21,32,31,16,31,32,23,29,38,46,41,36,28,36,29,29,9,23,8,30,43,29,23,38,36,36,38,29,37,31,31,32,10,7,29,21,14,7,23,33,15,44,40,28,12,24,20,49,21,41,30,6,16,45,14,38,30,15,33,8,43,46,6,17,36,41,48,40,6,23,25,22,24,44,14,20,48,20,15,18,56,31,29,25,11,24,39,21,13,38,37,30,24,45,14,41,31,12,5,7,35,44,19,33,25,43,14,13,22,17,22,11,27,34,20,23,31,16,27,17,46,20,43,36,12,29,21,37,27,42,37,24,19,23,53,19,9,29]
tiempo_ultimo_agente_goal 56
tiempo_en_acabar 56
tiempo_promedio 27.684210
agentes_en_goal 190
push_out_count 0
RUN 26
valores_ideales [0,0,0,0,0,0,0,0,0,0,0,0,0,0,0,0,0,0,0,0,0,0,0,0,0,0,0,0,0,0,0,0,0,0,0,0,0,0,0,0,0,0,0,0,0,0,0,0,0,0,0,0,0,0,0,0,0,0,0,0,0,0,0,0,0,0,0,0,0,0,0,0,0,0,0,0,0,0,0,0,0,0,0,0,0,0,0,0,0,0,0,0,0,0,0,0,0,0,0,0,0,0,0,0,0,0,0,0,0,0,0,0,0,0,0,0,0,0,0,0,0,0,0,0,0,0,0,0,0,0,0,0,0,0,0,0,0,0,0,0,0,0,0,0,0,0,0,0,0,0,0,0,0,0,0,0,0,0,0,0,0,0,0,0,0,0,0,0,0,0,0,0,0,0,0,0,0,0,0,0,0,0,0,0,0,0,0,0,0,0]
costo_por_agente [15,24,26,35,39,29,39,22,33,39,39,34,29,18,36,21,8,23,9,24,30,42,15,52,49,40,18,39,25,33,32,6,29,41,27,23,11,48,44,28,16,30,5,34,23,42,17,26,23,8,41,43,24,29,38,14,25,31,34,28,38,43,42,37,23,37,36,26,8,16,7,19,47,28,12,33,39,35,34,28,41,34,31,11,8,6,27,18,23,4,22,30,14,41,37,25,15,25,17,46,22,41,35,5,29,50,17,33,29,16,34,7,42,47,5,18,33,44,46,27,5,22,28,17,22,33,15,17,33,19,24,21,55,30,34,22,10,17,39,16,16,43,38,38,34,50,13,41,28,7,4,10,37,38,22,32,28,40,8,12,17,19,21,16,38,33,13,34,16,11,27,16,43,33,42,28,13,28,20,38,22,29,32,19,24,20,52,18,10,28]
completion_time_por_agente [16,25,28,37,42,32,41,24,34,42,41,37,30,19,37,23,9,24,10,26,32,43,17,53,50,41,20,40,26,34,35,7,30,43,28,25,12,50,45,29,17,32,6,38,26,43,18,29,25,10,42,44,25,30,39,15,27,32,35,29,39,45,44,39,24,38,38,28,9,17,8,20,48,29,13,35,40,37,35,30,43,35,32,12,9,7,28,19,25,5,23,31,16,43,38,26,16,27,18,47,23,43,36,6,30,51,19,35,30,18,35,8,44,48,6,20,35,45,48,28,7,23,29,18,24,34,16,19,36,20,27,22,56,32,35,23,11,19,41,17,17,44,39,40,36,52,14,42,30,8,5,11,38,40,25,33,29,42,9,13,18,21,23,17,39,34,14,36,19,12,28,17,45,35,43,29,15,29,21,39,24,30,34,20,25,21,53,19,11,29]
tiempo_ultimo_agente_goal 56
tiempo_en_acabar 56
tiempo_promedio 28.415789
agentes_en_goal 190
push_out_count 0
RUN 27
valores_ideales [0,0,0,0,0,0,0,0,0,0,0,0,0,0,0,0,0,0,0,0,0,0,0,0,0,0,0,0,0,0,0,0,0,0,0,0,0,0,0,0,0,0,0,0,0,0,0,0,0,0,0,0,0,0,0,0,0,0,0,0,0,0,0,0,0,0,0,0,0,0,0,0,0,0,0,0,0,0,0,0,0,0,0,0,0,0,0,0,0,0,0,0,0,0,0,0,0,0,0,0,0,0,0,0,0,0,0,0,0,0,0,0,0,0,0,0,0,0,0,0,0,0,0,0,0,0,0,0,0,0,0,0,0,0,0,0,0,0,0,0,0,0,0,0,0,0,0,0,0,0,0,0,0,0,0,0,0,0,0,0,0,0,0,0,0,0,0,0,0,0,0,0,0,0,0,0,0,0,0,0,0,0,0,0,0,0,0,0,0,0]
costo_por_agente [13,24,22,37,33,29,39,16,33,43,43,30,29,26,28,15,8,29,5,30,30,44,29,50,49,44,16,41,23,31,44,12,25,33,23,13,11,52,42,24,12,38,5,34,33,38,19,44,15,10,45,31,26,31,36,8,25,29,36,26,38,51,36,35,21,35,28,22,8,16,9,27,43,26,12,31,41,37,28,32,37,24,29,21,34,34,23,24,33,4,24,30,16,41,37,25,13,31,19,52,20,41,29,5,19,40,13,25,29,14,32,7,46,55,5,22,45,30,46,47,5,22,26,19,20,29,21,21,39,19,16,17,55,32,28,20,12,17,21,18,12,39,42,38,40,40,15,41,18,13,4,6,29,40,24,32,24,28,10,8,19,23,15,10,40,33,13,22,20,13,19,16,53,29,42,36,17,28,20,44,22,41,42,23,26,20,56,20,8,34]
completion_time_por_agente [14,25,24,38,35,30,40,17,34,44,46,31,30,27,29,16,9,32,6,31,32,45,31,51,50,45,17,42,24,32,45,13,26,36,24,15,12,54,43,25,13,41,6,36,35,39,20,45,16,12,46,32,27,32,37,9,26,30,37,27,40,53,39,36,22,36,29,23,9,17,10,28,45,27,13,32,43,38,30,33,39,25,30,26,35,36,24,26,34,5,26,32,18,42,38,26,14,35,20,53,21,42,30,6,20,41,14,26,31,15,33,8,48,56,6,25,47,33,47,48,6,23,28,20,21,30,24,22,40,20,19,18,56,34,29,22,13,19,23,19,13,42,45,40,43,42,16,42,19,14,5,7,31,42,28,33,25,29,11,10,20,24,16,11,41,34,14,23,21,14,21,17,54,31,43,37,18,30,21,45,23,43,43,24,27,21,57,21,9,37]
tiempo_ultimo_agente_goal 57
tiempo_en_acabar 57
tiempo_promedio 28.594736
agentes_en_goal 190
push_out_count 0
RUN 28
valores_ideales [0,0,0,0,0,0,0,0,0,0,0,0,0,0,0,0,0,0,0,0,0,0,0,0,0,0,0,0,0,0,0,0,0,0,0,0,0,0,0,0,0,0,0,0,0,0,0,0,0,0,0,0,0,0,0,0,0,0,0,0,0,0,0,0,0,0,0,0,0,0,0,0,0,0,0,0,0,0,0,0,0,0,0,0,0,0,0,0,0,0,0,0,0,0,0,0,0,0,0,0,0,0,0,0,0,0,0,0,0,0,0,0,0,0,0,0,0,0,0,0,0,0,0,0,0,0,0,0,0,0,0,0,0,0,0,0,0,0,0,0,0,0,0,0,0,0,0,0,0,0,0,0,0,0,0,0,0,0,0,0,0,0,0,0,0,0,0,0,0,0,0,0,0,0,0,0,0,0,0,0,0,0,0,0,0,0,0,0,0,0]
costo_por_agente [11,24,10,39,39,17,35,14,33,37,37,30,35,22,30,15,8,21,7,26,34,40,21,54,47,44,18,43,19,31,36,12,23,31,23,17,11,48,42,26,14,44,5,32,27,24,17,38,17,10,37,31,22,29,30,8,43,29,28,28,34,45,34,35,19,35,30,24,8,20,9,25,39,24,12,31,49,37,32,26,45,24,27,41,28,6,25,18,15,6,18,30,14,37,35,27,13,29,27,50,24,37,29,5,19,40,19,35,31,14,34,7,42,45,5,28,35,42,50,43,9,24,24,19,20,45,13,19,35,19,16,17,53,30,32,20,10,17,37,18,12,37,40,38,46,44,23,39,16,7,4,6,33,26,22,36,24,26,10,12,15,23,21,16,42,33,9,24,28,15,17,24,45,27,42,34,13,28,20,36,22,35,28,21,18,24,52,18,10,24]
completion_time_por_agente [12,25,11,40,41,18,36,16,34,38,39,31,36,24,31,17,9,24,8,27,36,41,22,55,48,45,19,44,21,32,37,13,24,32,24,18,12,49,43,29,15,45,6,34,29,25,19,39,18,11,38,33,23,30,31,9,44,30,29,29,35,46,35,37,20,36,31,25,9,22,10,26,41,25,13,32,50,38,34,28,47,25,30,42,29,7,26,19,17,7,19,31,17,38,36,28,14,31,29,51,25,38,30,6,20,42,20,37,32,15,35,8,43,47,6,30,36,44,51,44,10,25,25,20,22,49,14,20,37,20,17,18,54,32,33,22,11,18,39,19,13,39,41,39,48,46,24,40,17,8,5,7,35,27,23,37,25,27,11,14,16,24,23,17,43,34,10,27,31,16,18,25,46,29,43,35,14,30,21,37,23,37,29,22,19,25,53,19,11,25]
tiempo_ultimo_agente_goal 55
tiempo_en_acabar 55
tiempo_promedio 27.768421
agentes_en_goal 190
push_out_count 0
RUN 29
valores_ideales [0,0,0,0,0,0,0,0,0,0,0,0,0,0,0,0,0,0,0,0,0,0,0,0,0,0,0,0,0,0,0,0,0,0,0,0,0,0,0,0,0,0,0,0,0,0,0,0,0,0,0,0,0,0,0,0,0,0,0,0,0,0,0,0,0,0,0,0,0,0,0,0,0,0,0,0,0,0,0,0,0,0,0,0,0,0,0,0,0,0,0,0,0,0,0,0,0,0,0,0,0,0,0,0,0,0,0,0,0,0,0,0,0,0,0,0,0,0,0,0,0,0,0,0,0,0,0,0,0,0,0,0,0,0,0,0,0,0,0,0,0,0,0,0,0,0,0,0,0,0,0,0,0,0,0,0,0,0,0,0,0,0,0,0,0,0,0,0,0,0,0,0,0,0,0,0,0,0,0,0,0,0,0,0,0,0,0,0,0,0]
costo_por_agente [17,24,34,33,39,17,35,20,35,49,35,30,31,14,36,17,8,23,7,32,32,42,23,50,45,38,14,39,25,25,30,8,35,39,25,17,11,52,42,26,12,28,5,36,35,26,17,36,17,8,39,33,26,29,30,8,33,31,24,30,34,47,38,35,19,37,30,24,6,22,7,23,51,38,14,33,39,37,38,28,37,30,29,11,20,6,29,18,15,4,12,32,14,37,41,25,11,25,29,48,34,37,33,5,21,52,23,25,35,14,34,7,46,47,5,18,35,44,44,35,9,22,38,21,20,41,31,31,37,19,12,17,51,30,28,22,10,23,27,16,12,41,40,22,28,34,13,41,22,11,4,6,31,42,18,32,22,30,6,10,15,19,23,14,36,33,13,20,20,11,17,16,47,33,42,28,13,32,20,38,20,25,30,19,16,22,52,18,8,26]
completion_time_por_agente [18,25,37,34,40,18,36,21,36,50,36,31,32,15,38,18,9,24,8,33,33,43,24,51,47,39,15,40,26,26,33,9,36,41,26,20,12,57,43,28,13,29,6,38,36,27,18,38,18,9,40,34,28,31,31,9,35,32,26,31,35,49,39,36,21,38,31,26,7,23,8,24,56,39,15,35,40,38,39,29,40,31,32,12,21,7,31,19,16,5,13,33,17,38,42,26,12,26,30,49,35,38,34,6,22,53,24,27,38,15,35,8,51,48,6,19,36,45,46,38,10,23,40,22,22,43,34,32,38,20,13,18,52,31,29,24,11,25,28,17,13,42,41,24,29,35,14,45,24,12,5,7,35,44,19,33,24,31,7,11,16,22,24,15,37,34,14,22,21,13,18,17,49,36,43,29,14,35,21,39,21,29,31,20,17,23,53,19,9,27]
tiempo_ultimo_agente_goal 57
tiempo_en_acabar 57
tiempo_promedio 27.810526
agentes_en_goal 190
push_out_count 0
RUN 30
valores_ideales [0,0,0,0,0,0,0,0,0,0,0,0,0,0,0,0,0,0,0,0,0,0,0,0,0,0,0,0,0,0,0,0,0,0,0,0,0,0,0,0,0,0,0,0,0,0,0,0,0,0,0,0,0,0,0,0,0,0,0,0,0,0,0,0,0,0,0,0,0,0,0,0,0,0,0,0,0,0,0,0,0,0,0,0,0,0,0,0,0,0,0,0,0,0,0,0,0,0,0,0,0,0,0,0,0,0,0,0,0,0,0,0,0,0,0,0,0,0,0,0,0,0,0,0,0,0,0,0,0,0,0,0,0,0,0,0,0,0,0,0,0,0,0,0,0,0,0,0,0,0,0,0,0,0,0,0,0,0,0,0,0,0,0,0,0,0,0,0,0,0,0,0,0,0,0,0,0,0,0,0,0,0,0,0,0,0,0,0,0,0]
costo_por_agente [13,26,12,33,35,23,41,14,33,37,39,30,31,22,24,15,8,27,5,34,30,44,17,48,47,40,18,39,27,25,42,10,25,31,19,19,11,48,44,32,14,42,5,32,23,40,17,24,31,10,37,31,28,29,30,24,27,31,36,26,44,45,48,43,23,43,28,30,6,18,7,21,37,26,12,33,37,37,46,28,43,24,27,13,10,6,33,18,19,6,14,30,16,41,37,25,17,27,17,48,24,31,29,5,15,38,13,37,31,14,32,9,42,45,5,24,31,34,48,35,7,24,34,19,18,33,35,23,43,19,14,19,53,28,28,24,10,13,31,16,20,33,38,40,24,34,13,49,28,9,6,10,29,24,18,36,24,26,8,12,15,29,19,14,36,33,17,28,18,25,21,26,55,17,42,38,11,30,22,36,22,29,28,23,18,20,54,20,8,32]
completion_time_por_agente [14,27,13,34,38,25,42,15,34,39,41,31,32,23,25,17,9,28,6,35,31,45,18,49,48,41,19,40,28,26,44,11,27,33,21,20,12,49,45,34,15,43,6,34,24,41,18,25,33,12,38,32,30,30,31,25,30,32,37,27,45,47,51,44,25,46,29,31,7,19,8,22,38,27,13,34,39,38,47,30,44,25,28,14,11,7,34,19,20,7,15,33,17,43,38,26,18,30,18,49,25,32,30,6,16,39,14,38,32,15,33,10,44,46,6,26,32,35,50,40,8,25,36,20,20,36,38,24,45,20,15,20,54,29,29,25,11,15,32,17,21,34,39,41,26,35,14,50,30,10,7,11,31,25,19,37,25,27,9,13,16,31,21,15,37,34,18,30,21,28,22,28,57,19,43,39,12,32,23,37,23,32,29,24,19,21,56,21,9,33]
tiempo_ultimo_agente_goal 57
tiempo_en_acabar 57
tiempo_promedio 27.842106
agentes_en_goal 190
push_out_count 0
RUN 31
valores_ideales [0,0,0,0,0,0,0,0,0,0,0,0,0,0,0,0,0,0,0,0,0,0,0,0,0,0,0,0,0,0,0,0,0,0,0,0,0,0,0,0,0,0,0,0,0,0,0,0,0,0,0,0,0,0,0,0,0,0,0,0,0,0,0,0,0,0,0,0,0,0,0,0,0,0,0,0,0,0,0,0,0,0,0,0,0,0,0,0,0,0,0,0,0,0,0,0,0,0,0,0,0,0,0,0,0,0,0,0,0,0,0,0,0,0,0,0,0,0,0,0,0,0,0,0,0,0,0,0,0,0,0,0,0,0,0,0,0,0,0,0,0,0,0,0,0,0,0,0,0,0,0,0,0,0,0,0,0,0,0,0,0,0,0,0,0,0,0,0,0,0,0,0,0,0,0,0,0,0,0,0,0,0,0,0,0,0,0,0,0,0]
costo_por_agente [17,24,14,35,35,21,35,22,35,37,41,28,43,14,24,21,8,25,11,24,38,40,23,52,43,40,24,47,23,31,40,6,27,25,21,31,11,48,42,26,12,32,5,40,43,32,17,40,27,14,37,31,26,31,44,8,25,29,32,26,38,41,46,39,25,35,28,28,6,22,7,19,51,28,16,35,35,35,30,22,37,22,33,27,8,8,25,18,17,4,16,32,16,43,39,33,11,29,17,46,26,35,33,5,19,36,13,27,29,14,32,7,48,49,5,14,41,36,44,37,5,22,28,19,28,33,17,17,37,19,16,23,65,30,32,22,12,21,27,16,16,37,38,34,30,38,19,35,26,7,6,12,31,34,26,32,28,34,6,6,17,21,27,10,30,33,13,26,22,17,23,16,49,29,46,28,9,30,20,38,32,27,34,19,16,22,54,20,8,26]
completion_time_por_agente [19,25,15,37,36,22,36,23,36,39,42,29,45,15,25,22,9,27,12,25,41,41,25,53,45,41,25,48,24,32,41,7,28,27,22,33,12,51,43,27,13,34,6,42,45,33,19,41,31,16,38,32,27,32,46,9,26,30,33,28,39,42,48,40,26,36,29,29,7,23,8,20,54,29,17,36,36,36,31,23,39,23,34,30,9,9,26,19,18,5,17,34,17,45,40,34,12,30,18,47,27,37,34,6,20,39,14,28,30,15,33,8,50,51,6,15,44,38,45,41,6,23,30,20,29,35,18,18,39,20,17,24,66,31,33,23,13,22,31,17,17,39,39,35,31,39,21,36,28,8,7,13,33,36,27,33,29,35,7,7,18,22,28,11,31,34,14,28,27,18,24,17,52,31,48,30,10,31,21,39,33,28,35,20,17,23,55,22,9,27]
tiempo_ultimo_agente_goal 66
tiempo_en_acabar 66
tiempo_promedio 28.000000
agentes_en_goal 190
push_out_count 0
RUN 32
valores_ideales [0,0,0,0,0,0,0,0,0,0,0,0,0,0,0,0,0,0,0,0,0,0,0,0,0,0,0,0,0,0,0,0,0,0,0,0,0,0,0,0,0,0,0,0,0,0,0,0,0,0,0,0,0,0,0,0,0,0,0,0,0,0,0,0,0,0,0,0,0,0,0,0,0,0,0,0,0,0,0,0,0,0,0,0,0,0,0,0,0,0,0,0,0,0,0,0,0,0,0,0,0,0,0,0,0,0,0,0,0,0,0,0,0,0,0,0,0,0,0,0,0,0,0,0,0,0,0,0,0,0,0,0,0,0,0,0,0,0,0,0,0,0,0,0,0,0,0,0,0,0,0,0,0,0,0,0,0,0,0,0,0,0,0,0,0,0,0,0,0,0,0,0,0,0,0,0,0,0,0,0,0,0,0,0,0,0,0,0,0,0]
costo_por_agente [19,24,14,35,45,17,37,12,33,37,37,28,35,24,30,17,8,29,7,34,30,40,25,50,49,42,18,45,23,27,40,6,29,33,25,19,11,50,42,26,12,36,5,36,31,26,17,36,17,10,37,31,24,29,34,10,31,33,32,28,42,41,36,39,21,35,28,28,6,18,7,33,43,30,14,41,35,37,36,32,33,24,27,13,10,6,25,20,13,4,14,30,14,41,37,25,11,31,31,46,22,33,29,5,15,48,13,43,29,14,32,7,44,47,5,32,41,46,46,33,11,24,40,19,24,29,21,23,41,19,16,19,55,28,28,22,10,13,37,16,12,41,38,36,20,36,13,37,26,11,4,12,29,34,24,32,22,30,6,6,33,19,21,10,40,33,13,20,22,13,31,16,47,19,42,28,13,40,20,42,28,43,28,23,20,24,52,18,8,22]
completion_time_por_agente [20,25,15,36,46,18,39,13,34,38,39,29,37,25,31,20,9,30,8,36,32,41,26,51,50,43,20,46,24,28,41,7,30,34,27,20,12,51,43,27,13,40,6,38,32,28,18,37,18,11,38,32,25,30,35,11,32,34,33,29,43,42,37,40,22,36,29,29,7,19,8,34,45,32,15,42,36,38,37,34,38,25,29,14,11,7,26,21,14,5,15,32,16,44,38,26,12,34,32,47,23,34,30,6,16,51,14,44,30,15,33,8,45,48,6,34,42,48,48,34,12,26,42,20,25,30,23,24,42,20,17,20,56,30,29,23,11,15,39,17,13,42,40,37,22,37,14,38,28,12,5,13,30,36,27,33,24,31,7,7,35,20,22,11,41,34,14,21,23,14,32,17,48,20,43,29,14,43,21,43,30,44,29,24,21,25,53,19,9,23]
tiempo_ultimo_agente_goal 56
tiempo_en_acabar 56
tiempo_promedio 27.894737
agentes_en_goal 190
push_out_count 0
RUN 33
valores_ideales [0,0,0,0,0,0,0,0,0,0,0,0,0,0,0,0,0,0,0,0,0,0,0,0,0,0,0,0,0,0,0,0,0,0,0,0,0,0,0,0,0,0,0,0,0,0,0,0,0,0,0,0,0,0,0,0,0,0,0,0,0,0,0,0,0,0,0,0,0,0,0,0,0,0,0,0,0,0,0,0,0,0,0,0,0,0,0,0,0,0,0,0,0,0,0,0,0,0,0,0,0,0,0,0,0,0,0,0,0,0,0,0,0,0,0,0,0,0,0,0,0,0,0,0,0,0,0,0,0,0,0,0,0,0,0,0,0,0,0,0,0,0,0,0,0,0,0,0,0,0,0,0,0,0,0,0,0,0,0,0,0,0,0,0,0,0,0,0,0,0,0,0,0,0,0,0,0,0,0,0,0,0,0,0,0,0,0,0,0,0]
costo_por_agente [25,24,18,37,35,21,39,30,33,39,37,30,29,14,32,23,8,25,7,30,30,42,23,50,45,40,16,41,19,31,34,8,21,41,25,27,11,48,46,24,12,26,5,36,23,24,17,38,29,8,39,39,28,33,32,12,31,31,32,26,42,43,40,35,21,35,28,22,8,18,7,21,45,28,12,37,43,37,36,24,39,26,29,23,14,8,33,18,15,6,18,30,14,37,37,27,13,25,19,46,20,35,29,5,23,34,13,31,31,14,32,7,44,51,5,22,37,44,46,29,15,24,26,19,24,37,13,19,39,19,16,19,53,28,30,22,10,13,29,14,14,35,40,38,32,48,13,39,34,7,4,6,35,34,22,38,28,36,12,6,21,29,19,14,34,33,9,24,38,11,21,18,55,19,42,38,21,36,20,38,24,29,40,23,18,20,52,20,10,40]
completion_time_por_agente [26,25,19,38,37,22,41,32,34,40,39,31,30,16,33,24,9,27,8,31,32,43,24,51,46,41,17,42,20,32,36,9,23,42,26,29,12,51,48,25,13,28,6,38,24,25,18,41,32,9,40,40,30,34,33,13,34,32,33,27,44,44,42,36,22,36,31,23,9,19,8,22,48,29,13,39,44,38,38,25,41,27,30,24,15,9,34,19,16,7,19,31,16,39,38,28,14,26,20,47,21,36,30,6,24,35,14,32,32,15,33,8,45,52,6,23,38,45,47,33,16,25,27,20,25,40,14,20,40,20,17,20,54,29,31,23,11,15,31,15,16,36,41,39,35,49,14,42,35,8,5,7,37,36,23,39,29,37,13,7,22,30,20,16,35,34,10,26,39,12,23,19,56,20,43,39,23,38,21,40,25,30,41,24,19,21,53,21,11,41]
tiempo_ultimo_agente_goal 56
tiempo_en_acabar 56
tiempo_promedio 28.100000
agentes_en_goal 190
push_out_count 0
RUN 34
valores_ideales [0,0,0,0,0,0,0,0,0,0,0,0,0,0,0,0,0,0,0,0,0,0,0,0,0,0,0,0,0,0,0,0,0,0,0,0,0,0,0,0,0,0,0,0,0,0,0,0,0,0,0,0,0,0,0,0,0,0,0,0,0,0,0,0,0,0,0,0,0,0,0,0,0,0,0,0,0,0,0,0,0,0,0,0,0,0,0,0,0,0,0,0,0,0,0,0,0,0,0,0,0,0,0,0,0,0,0,0,0,0,0,0,0,0,0,0,0,0,0,0,0,0,0,0,0,0,0,0,0,0,0,0,0,0,0,0,0,0,0,0,0,0,0,0,0,0,0,0,0,0,0,0,0,0,0,0,0,0,0,0,0,0,0,0,0,0,0,0,0,0,0,0,0,0,0,0,0,0,0,0,0,0,0,0,0,0,0,0,0,0]
costo_por_agente [13,24,12,39,27,17,39,16,33,37,35,28,35,20,26,23,8,25,7,28,34,44,15,54,43,44,18,43,25,25,38,8,27,35,23,19,11,48,42,34,12,30,5,34,39,28,17,28,19,10,37,33,30,29,30,8,27,31,30,26,38,49,36,37,23,37,28,22,8,20,9,21,45,32,12,31,37,35,34,38,37,24,35,11,22,6,31,20,35,6,14,30,14,45,35,29,13,25,21,48,22,33,29,5,17,48,13,29,29,16,32,7,46,47,5,18,35,42,44,27,7,26,24,17,28,35,25,21,35,19,14,17,53,36,28,20,14,15,23,16,12,35,42,42,36,38,13,43,24,9,4,8,33,38,16,32,26,26,10,6,15,21,23,14,40,33,13,24,26,21,17,16,57,29,42,36,13,36,20,42,20,27,30,21,24,28,52,18,10,40]
completion_time_por_agente [14,25,13,41,29,18,40,17,34,38,36,29,36,21,27,26,9,26,8,30,35,46,16,55,45,45,20,44,26,26,39,9,28,37,24,21,12,49,43,35,13,32,6,36,40,29,18,29,20,11,38,34,32,30,31,9,28,32,31,29,39,51,39,38,26,39,29,23,9,21,10,22,47,33,13,33,40,36,36,39,40,26,37,12,24,7,34,21,38,7,16,31,15,47,36,30,14,27,22,49,23,34,30,6,18,49,14,31,30,17,33,8,48,50,6,19,36,44,45,29,9,27,25,18,29,37,28,23,36,20,15,18,54,37,29,21,15,16,25,17,13,36,43,43,37,40,14,44,25,10,5,9,34,40,17,33,28,27,11,7,16,23,25,15,41,34,14,25,28,23,19,17,59,30,43,37,15,39,21,43,21,29,31,22,27,29,53,19,11,41]
tiempo_ultimo_agente_goal 59
tiempo_en_acabar 59
tiempo_promedio 27.847368
agentes_en_goal 190
push_out_count 0
RUN 35
valores_ideales [0,0,0,0,0,0,0,0,0,0,0,0,0,0,0,0,0,0,0,0,0,0,0,0,0,0,0,0,0,0,0,0,0,0,0,0,0,0,0,0,0,0,0,0,0,0,0,0,0,0,0,0,0,0,0,0,0,0,0,0,0,0,0,0,0,0,0,0,0,0,0,0,0,0,0,0,0,0,0,0,0,0,0,0,0,0,0,0,0,0,0,0,0,0,0,0,0,0,0,0,0,0,0,0,0,0,0,0,0,0,0,0,0,0,0,0,0,0,0,0,0,0,0,0,0,0,0,0,0,0,0,0,0,0,0,0,0,0,0,0,0,0,0,0,0,0,0,0,0,0,0,0,0,0,0,0,0,0,0,0,0,0,0,0,0,0,0,0,0,0,0,0,0,0,0,0,0,0,0,0,0,0,0,0,0,0,0,0,0,0]
costo_por_agente [19,24,22,41,37,19,35,16,33,37,37,30,31,14,28,21,8,25,7,24,30,46,15,48,47,40,24,51,39,27,38,6,33,29,27,17,11,46,44,26,14,30,5,34,21,30,21,42,23,10,43,31,22,31,30,16,27,33,44,30,42,41,38,39,21,37,28,32,6,22,7,19,49,24,12,33,39,37,32,34,37,20,37,9,8,6,43,18,29,6,22,30,16,35,35,25,11,27,19,50,20,41,29,5,15,42,13,35,35,14,34,9,44,49,5,26,35,42,48,29,13,24,32,31,22,31,23,29,41,19,20,17,51,40,28,22,10,19,31,14,10,39,36,42,28,40,13,41,30,11,6,12,31,28,36,32,22,34,14,6,21,23,15,10,32,33,11,28,32,11,19,16,53,23,42,36,15,28,20,38,24,39,34,21,18,22,52,18,10,40]
completion_time_por_agente [20,25,24,42,38,20,36,17,34,39,39,31,32,15,29,22,9,26,8,25,31,47,16,49,49,41,25,52,40,28,39,7,34,30,29,18,12,47,45,27,15,33,6,36,23,33,22,43,25,12,44,32,23,32,31,17,28,34,47,31,43,42,39,41,23,38,29,33,7,23,8,20,50,25,13,34,40,38,34,35,38,22,39,10,10,7,44,19,30,7,23,31,17,36,36,26,12,28,20,51,21,42,30,6,16,45,14,36,37,15,35,10,45,50,6,27,38,44,49,32,15,25,33,34,24,32,24,30,44,20,22,18,52,41,29,23,11,20,34,15,11,41,38,43,29,41,14,43,31,12,7,13,32,29,38,33,24,35,15,7,22,24,16,11,33,34,12,29,33,12,21,17,54,25,43,37,16,31,21,39,26,40,35,22,19,23,53,19,11,41]
tiempo_ultimo_agente_goal 54
tiempo_en_acabar 54
tiempo_promedio 28.336842
agentes_en_goal 190
push_out_count 0
RUN 36
valores_ideales [0,0,0,0,0,0,0,0,0,0,0,0,0,0,0,0,0,0,0,0,0,0,0,0,0,0,0,0,0,0,0,0,0,0,0,0,0,0,0,0,0,0,0,0,0,0,0,0,0,0,0,0,0,0,0,0,0,0,0,0,0,0,0,0,0,0,0,0,0,0,0,0,0,0,0,0,0,0,0,0,0,0,0,0,0,0,0,0,0,0,0,0,0,0,0,0,0,0,0,0,0,0,0,0,0,0,0,0,0,0,0,0,0,0,0,0,0,0,0,0,0,0,0,0,0,0,0,0,0,0,0,0,0,0,0,0,0,0,0,0,0,0,0,0,0,0,0,0,0,0,0,0,0,0,0,0,0,0,0,0,0,0,0,0,0,0,0,0,0,0,0,0,0,0,0,0,0,0,0,0,0,0,0,0,0,0,0,0,0,0]
costo_por_agente [17,24,14,37,31,21,37,22,33,37,35,28,31,20,32,23,8,25,7,22,30,46,17,50,45,42,14,45,25,39,32,6,25,27,21,15,11,48,46,28,12,42,5,36,31,28,25,34,29,16,35,31,24,31,38,10,27,31,26,30,36,41,40,35,21,35,28,26,8,20,7,21,49,26,12,33,39,35,34,32,41,24,39,19,12,18,33,22,17,4,20,34,16,41,39,27,13,25,33,48,24,41,41,5,17,38,23,35,29,14,32,7,46,47,5,34,31,46,44,41,7,24,24,23,20,35,19,17,33,19,16,17,53,28,30,20,10,23,29,18,10,41,42,30,30,42,13,35,24,7,4,8,33,34,22,32,22,32,8,6,25,31,21,10,30,33,13,28,18,11,21,18,47,25,42,34,23,28,20,42,20,27,34,23,16,20,52,18,10,24]
completion_time_por_agente [18,25,15,39,32,23,39,24,34,38,37,29,32,21,33,24,9,28,8,23,32,47,19,51,46,43,16,46,26,41,34,7,26,29,22,17,12,49,47,29,13,44,6,38,33,30,27,36,30,17,36,32,25,32,39,11,28,32,27,32,39,43,44,36,23,36,29,27,9,22,8,23,50,27,13,34,41,36,35,33,43,25,40,20,13,20,34,23,18,5,23,35,18,42,40,28,14,26,34,49,25,42,42,6,18,42,24,36,30,15,33,8,48,49,6,35,32,48,45,42,8,25,25,24,21,38,22,18,34,20,18,18,54,29,31,22,11,25,31,19,11,42,43,31,32,43,14,36,27,8,5,9,34,36,23,33,23,33,11,7,26,33,23,11,31,34,14,29,20,12,22,19,49,28,43,35,24,30,21,43,21,28,35,24,17,21,53,19,11,27]
tiempo_ultimo_agente_goal 54
tiempo_en_acabar 54
tiempo_promedio 27.994738
agentes_en_goal 190
push_out_count 0
RUN 37
valores_ideales [0,0,0,0,0,0,0,0,0,0,0,0,0,0,0,0,0,0,0,0,0,0,0,0,0,0,0,0,0,0,0,0,0,0,0,0,0,0,0,0,0,0,0,0,0,0,0,0,0,0,0,0,0,0,0,0,0,0,0,0,0,0,0,0,0,0,0,0,0,0,0,0,0,0,0,0,0,0,0,0,0,0,0,0,0,0,0,0,0,0,0,0,0,0,0,0,0,0,0,0,0,0,0,0,0,0,0,0,0,0,0,0,0,0,0,0,0,0,0,0,0,0,0,0,0,0,0,0,0,0,0,0,0,0,0,0,0,0,0,0,0,0,0,0,0,0,0,0,0,0,0,0,0,0,0,0,0,0,0,0,0,0,0,0,0,0,0,0,0,0,0,0,0,0,0,0,0,0,0,0,0,0,0,0,0,0,0,0,0,0]
costo_por_agente [23,24,12,41,31,17,37,28,33,37,37,30,33,14,30,35,8,23,5,36,34,44,21,58,45,42,16,45,29,25,38,6,23,29,27,17,11,50,42,24,14,54,5,36,29,40,17,24,21,12,47,31,40,29,30,8,27,29,32,28,38,43,42,39,21,35,28,22,6,18,7,33,45,26,12,35,35,39,32,42,35,26,29,11,14,6,29,18,19,4,16,36,14,43,35,27,13,31,19,50,34,41,31,5,17,36,19,35,35,14,32,7,44,49,5,16,35,44,48,27,7,22,24,19,18,31,21,29,37,19,12,19,57,28,30,22,14,21,31,14,14,49,50,38,32,36,15,37,20,9,4,10,35,42,22,32,26,32,8,14,17,17,19,10,34,33,9,26,22,13,25,16,47,21,42,34,25,30,20,38,22,27,28,19,22,26,52,20,8,36]
completion_time_por_agente [24,25,13,42,36,18,42,29,34,39,38,32,35,15,34,39,9,24,6,37,35,45,22,59,48,43,17,47,32,26,39,7,24,32,28,18,12,51,43,25,15,55,6,38,32,41,19,26,23,13,48,32,42,30,31,9,28,30,33,29,41,46,43,40,23,36,29,23,7,19,8,35,48,27,13,36,36,42,33,44,37,27,31,13,16,7,31,19,20,5,18,38,15,45,36,28,14,33,20,51,37,42,32,6,18,37,21,36,36,15,33,8,46,51,6,17,36,45,51,29,8,23,25,20,19,32,25,30,39,20,13,20,58,29,31,23,15,22,34,15,15,50,51,39,34,37,16,39,22,10,5,11,37,44,26,33,27,33,9,15,18,18,20,11,35,34,10,29,23,14,28,17,49,23,43,35,28,31,21,39,23,29,29,20,25,27,53,21,9,37]
tiempo_ultimo_agente_goal 59
tiempo_en_acabar 59
tiempo_promedio 28.378948
agentes_en_goal 190
push_out_count 0
RUN 38
valores_ideales [0,0,0,0,0,0,0,0,0,0,0,0,0,0,0,0,0,0,0,0,0,0,0,0,0,0,0,0,0,0,0,0,0,0,0,0,0,0,0,0,0,0,0,0,0,0,0,0,0,0,0,0,0,0,0,0,0,0,0,0,0,0,0,0,0,0,0,0,0,0,0,0,0,0,0,0,0,0,0,0,0,0,0,0,0,0,0,0,0,0,0,0,0,0,0,0,0,0,0,0,0,0,0,0,0,0,0,0,0,0,0,0,0,0,0,0,0,0,0,0,0,0,0,0,0,0,0,0,0,0,0,0,0,0,0,0,0,0,0,0,0,0,0,0,0,0,0,0,0,0,0,0,0,0,0,0,0,0,0,0,0,0,0,0,0,0,0,0,0,0,0,0,0,0,0,0,0,0,0,0,0,0,0,0,0,0,0,0,0,0]
costo_por_agente [19,24,10,41,33,17,37,14,33,37,37,32,31,16,42,37,8,25,7,34,38,52,15,56,43,40,18,45,19,29,40,6,29,37,27,13,11,48,42,30,14,34,5,34,29,34,25,28,19,12,43,31,42,33,30,8,27,31,32,26,34,51,34,39,23,35,28,24,8,22,7,23,49,34,12,37,33,41,34,24,45,28,31,11,10,6,31,20,25,4,22,30,14,31,35,25,17,29,17,48,24,43,29,5,23,42,13,37,31,14,32,17,44,47,5,16,39,38,46,25,15,24,24,21,20,31,19,21,37,19,22,17,51,40,30,22,20,21,29,14,14,39,38,36,34,36,13,43,28,7,4,6,31,28,42,36,28,28,12,6,15,17,43,10,32,33,11,32,22,13,17,22,51,21,42,28,17,28,24,42,22,33,40,21,18,22,52,18,10,26]
completion_time_por_agente [20,25,11,42,35,18,38,15,34,38,38,33,34,17,43,40,9,28,8,35,39,53,17,58,44,41,19,46,20,33,41,7,30,39,28,15,12,50,43,31,15,37,6,37,30,35,30,29,20,14,44,32,43,34,31,9,28,32,35,27,35,52,35,40,24,36,29,25,9,23,8,24,50,35,13,39,35,42,35,25,46,29,34,12,12,7,33,21,29,5,23,32,16,35,36,27,18,30,18,49,26,44,30,6,24,46,14,39,32,15,33,18,45,49,6,17,41,41,47,26,16,25,25,22,22,32,22,22,38,20,23,18,52,43,31,23,21,24,30,15,15,40,39,37,35,37,14,47,30,8,5,8,32,29,45,38,29,29,13,7,16,19,44,11,34,34,12,35,23,14,20,23,53,23,43,29,19,29,25,43,23,35,41,22,19,23,53,19,11,29]
tiempo_ultimo_agente_goal 58
tiempo_en_acabar 58
tiempo_promedio 28.447369
agentes_en_goal 190
push_out_count 0
RUN 39
valores_ideales [0,0,0,0,0,0,0,0,0,0,0,0,0,0,0,0,0,0,0,0,0,0,0,0,0,0,0,0,0,0,0,0,0,0,0,0,0,0,0,0,0,0,0,0,0,0,0,0,0,0,0,0,0,0,0,0,0,0,0,0,0,0,0,0,0,0,0,0,0,0,0,0,0,0,0,0,0,0,0,0,0,0,0,0,0,0,0,0,0,0,0,0,0,0,0,0,0,0,0,0,0,0,0,0,0,0,0,0,0,0,0,0,0,0,0,0,0,0,0,0,0,0,0,0,0,0,0,0,0,0,0,0,0,0,0,0,0,0,0,0,0,0,0,0,0,0,0,0,0,0,0,0,0,0,0,0,0,0,0,0,0,0,0,0,0,0,0,0,0,0,0,0,0,0,0,0,0,0,0,0,0,0,0,0,0,0,0,0,0,0]
costo_por_agente [17,24,14,35,25,17,41,16,33,37,37,36,31,14,32,27,8,29,7,26,34,42,15,48,43,38,20,43,21,27,40,12,25,29,23,23,11,48,42,28,12,36,5,34,25,36,19,30,15,8,37,31,28,29,36,8,25,29,32,28,38,53,40,39,19,39,34,28,6,20,9,21,43,34,18,35,33,37,34,24,37,28,27,11,10,6,25,18,15,4,16,42,16,55,43,29,15,27,19,48,22,33,29,5,25,42,15,39,29,14,32,17,42,55,5,30,31,44,46,31,7,22,24,17,34,33,21,21,33,19,18,27,53,28,30,22,10,15,27,16,12,49,48,30,20,44,21,35,24,7,4,6,31,32,18,32,24,30,6,6,17,19,23,10,34,33,15,22,14,21,17,18,41,23,42,26,19,32,20,38,32,27,36,23,16,28,52,18,8,36]
completion_time_por_agente [18,25,15,36,26,18,43,17,34,38,39,37,32,15,34,28,9,31,8,27,35,43,16,49,44,39,21,44,23,29,42,13,26,31,24,25,12,49,43,29,13,38,6,36,27,37,20,32,16,9,38,32,29,30,37,9,27,30,33,29,40,54,41,40,20,40,35,29,7,21,10,22,45,35,19,37,34,38,35,25,40,29,28,12,11,7,26,19,16,5,17,43,17,57,44,30,16,28,20,49,23,34,30,6,26,43,16,40,31,15,33,18,43,56,6,32,32,46,47,32,8,23,26,18,37,36,22,22,34,20,19,28,55,30,31,23,11,16,29,17,13,51,50,32,22,45,24,36,26,8,5,7,33,34,20,33,26,31,7,7,19,20,24,11,35,34,16,23,15,22,19,19,44,25,43,27,20,34,21,39,33,28,38,24,18,29,53,19,9,38]
tiempo_ultimo_agente_goal 57
tiempo_en_acabar 57
tiempo_promedio 27.678947
agentes_en_goal 190
push_out_count 0
