RUN 0
valores_ideales [0,0,0,0,0,0,0,0,0,0,0,0,0,0,0,0,0,0,0,0,0,0,0,0,0,0,0,0,0,0,0,0,0,0,0,0,0,0,0,0,0,0,0,0,0,0,0,0,0,0,0,0,0,0,0,0,0,0,0,0,0,0,0,0,0,0,0,0,0,0,0,0,0,0,0,0,0,0,0,0,0,0,0,0,0,0,0,0,0,0,0,0,0,0,0,0,0,0,0,0,0,0,0,0,0,0,0,0,0,0,0,0,0,0,0,0,0,0,0,0,0,0,0,0,0,0,0,0,0,0,0,0,0,0,0,0,0,0,0,0,0,0,0,0,0,0,0,0,0,0,0,0,0,0,0,0,0,0,0,0,0,0,0,0,0,0,0,0,0,0,0,0,0,0,0,0,0,0,0,0,0,0,0,0,0,0,0,0,0,0,0,0,0,0,0,0,0,0,0,0]
costo_por_agente [84,16,17,25,29,30,225,230,31,36,14,374,33,25,96,58,336,577,612,185,35,16,91,29,309,11,37,25,20,72,28,21,65,31,59,2,4,63,174,150,365,11,103,29,29,13,407,22,26,91,11,22,13,33,12,18,96,41,33,10,318,201,12,123,282,398,178,42,19,390,85,450,15,22,22,2,18,31,20,57,12,26,348,70,171,45,9,89,178,11,124,57,34,37,28,2,9,168,26,18,144,47,33,99,200,67,42,74,24,19,15,297,119,17,112,32,19,20,66,75,39,69,23,351,283,16,36,17,38,518,34,131,28,25,7,27,32,11,31,7,23,17,45,242,13,415,261,31,386,39,23,254,36,14,156,7,54,101,58,21,77,81,136,27,17,17,6,95,37,19,12,62,15,10,13,331,294,64,154,116,57,141,193,539,10,28,361,213,28,3,180,26,194,27,306,25,94,28,19,156]
completion_time_por_agente [88,16,17,25,30,30,237,237,31,36,14,378,33,25,119,70,336,580,612,195,36,16,91,29,311,12,37,44,20,80,30,21,79,31,66,2,4,70,175,155,365,11,108,29,29,13,415,22,35,94,11,22,13,34,12,19,97,41,33,10,321,201,13,124,282,403,178,49,19,415,89,471,15,22,22,2,18,31,20,73,13,29,351,73,176,58,9,92,178,11,126,62,34,37,28,2,9,173,27,19,147,48,51,105,213,68,45,80,24,20,15,298,142,17,120,32,19,20,72,85,40,76,23,351,292,16,56,19,60,521,34,138,29,25,7,28,33,12,33,7,23,17,59,243,13,429,263,31,387,40,23,254,36,14,168,7,83,103,60,21,90,86,136,27,17,17,6,103,48,19,12,66,15,10,13,332,299,82,154,122,71,143,193,539,10,28,368,224,28,3,204,26,194,29,314,26,102,28,19,165]
tiempo_ultimo_agente_goal 612
tiempo_en_acabar 612
tiempo_promedio 100.845001
agentes_en_goal 200
push_out_count 0
RUN 1
valores_ideales [0,0,0,0,0,0,0,0,0,0,0,0,0,0,0,0,0,0,0,0,0,0,0,0,0,0,0,0,0,0,0,0,0,0,0,0,0,0,0,0,0,0,0,0,0,0,0,0,0,0,0,0,0,0,0,0,0,0,0,0,0,0,0,0,0,0,0,0,0,0,0,0,0,0,0,0,0,0,0,0,0,0,0,0,0,0,0,0,0,0,0,0,0,0,0,0,0,0,0,0,0,0,0,0,0,0,0,0,0,0,0,0,0,0,0,0,0,0,0,0,0,0,0,0,0,0,0,0,0,0,0,0,0,0,0,0,0,0,0,0,0,0,0,0,0,0,0,0,0,0,0,0,0,0,0,0,0,0,0,0,0,0,0,0,0,0,0,0,0,0,0,0,0,0,0,0,0,0,0,0,0,0,0,0,0,0,0,0,0,0,0,0,0,0,0,0,0,0,0,0]
costo_por_agente [66,22,29,21,25,32,279,52,33,44,6,282,65,23,106,150,274,327,624,219,35,18,145,19,231,5,41,93,32,98,20,29,95,43,69,2,4,99,180,134,207,7,63,27,25,13,253,20,114,123,11,18,13,35,12,32,148,37,35,10,286,213,12,267,234,36,156,124,21,512,107,332,7,22,16,2,20,35,16,65,8,26,430,130,49,87,9,119,120,11,194,67,32,37,26,2,9,148,36,20,184,35,37,63,132,101,30,108,22,15,17,267,491,19,166,32,15,20,90,111,25,27,17,393,223,16,42,23,42,664,26,213,18,21,7,31,28,15,47,7,31,25,101,174,11,263,173,33,264,21,19,386,32,14,134,11,100,283,88,15,121,145,212,33,17,13,2,127,49,19,16,70,9,10,11,323,214,28,310,200,55,69,153,217,8,34,47,307,44,3,110,22,334,271,40,37,84,26,15,198]
completion_time_por_agente [73,22,29,21,25,32,281,76,34,44,6,288,67,23,136,167,274,332,628,227,35,18,164,19,232,5,42,111,32,116,20,29,128,43,92,2,4,132,181,155,207,7,90,27,26,13,257,20,122,132,11,18,13,35,12,32,150,37,35,10,288,214,13,289,234,40,156,154,21,526,115,346,7,22,17,2,20,35,17,103,9,27,432,134,73,98,9,124,127,11,195,88,32,37,26,2,9,149,36,20,188,35,47,81,141,119,30,123,22,15,17,268,494,19,182,33,15,20,100,122,25,30,17,393,225,16,69,23,56,664,26,219,18,21,7,31,29,15,53,7,32,25,107,174,11,267,178,33,264,22,19,386,32,14,145,11,119,285,94,15,139,160,218,34,17,13,2,135,57,19,16,92,9,10,11,323,230,51,310,206,77,78,153,217,8,34,76,312,44,3,127,22,336,291,40,38,94,26,15,206]
tiempo_ultimo_agente_goal 664
tiempo_en_acabar 664
tiempo_promedio 101.764999
agentes_en_goal 200
push_out_count 0
RUN 2
valores_ideales [0,0,0,0,0,0,0,0,0,0,0,0,0,0,0,0,0,0,0,0,0,0,0,0,0,0,0,0,0,0,0,0,0,0,0,0,0,0,0,0,0,0,0,0,0,0,0,0,0,0,0,0,0,0,0,0,0,0,0,0,0,0,0,0,0,0,0,0,0,0,0,0,0,0,0,0,0,0,0,0,0,0,0,0,0,0,0,0,0,0,0,0,0,0,0,0,0,0,0,0,0,0,0,0,0,0,0,0,0,0,0,0,0,0,0,0,0,0,0,0,0,0,0,0,0,0,0,0,0,0,0,0,0,0,0,0,0,0,0,0,0,0,0,0,0,0,0,0,0,0,0,0,0,0,0,0,0,0,0,0,0,0,0,0,0,0,0,0,0,0,0,0,0,0,0,0,0,0,0,0,0,0,0,0,0,0,0,0,0,0,0,0,0,0,0,0,0,0,0,0]
costo_por_agente [56,84,29,27,27,30,377,42,35,42,6,334,35,25,96,164,430,213,498,45,35,20,161,21,215,7,33,11,22,52,20,17,71,41,75,2,4,81,194,74,147,7,81,27,23,13,219,18,26,109,17,20,13,31,12,20,126,51,33,18,132,245,12,417,276,46,198,26,21,352,73,490,7,24,12,2,20,41,22,47,10,40,294,38,231,157,9,93,202,25,222,33,32,37,26,2,9,86,28,20,108,31,27,29,234,125,30,116,26,15,9,285,43,17,28,30,19,26,34,87,35,15,17,425,135,18,30,23,24,338,20,59,24,23,7,27,34,27,29,7,27,17,125,222,19,399,255,35,384,25,17,306,36,20,46,9,48,175,68,17,89,101,114,31,19,11,4,105,37,23,12,68,15,14,7,273,120,54,96,106,111,95,185,315,8,40,343,255,36,3,146,24,338,27,34,29,76,26,15,146]
completion_time_por_agente [62,98,29,27,28,30,382,47,36,42,6,344,35,25,104,169,431,213,498,58,36,20,164,21,215,8,33,11,23,61,20,17,89,41,95,2,4,82,195,77,148,7,82,27,24,13,221,20,35,110,18,20,13,31,12,22,133,51,33,19,132,245,13,418,277,47,198,30,21,362,89,492,7,24,12,2,20,41,22,65,10,54,295,40,232,159,9,110,204,27,222,36,33,38,26,2,9,93,28,20,110,31,28,33,239,129,30,127,26,15,9,286,61,18,37,31,19,26,36,93,36,15,18,425,138,18,36,25,29,338,20,64,24,23,7,28,34,28,29,7,28,17,125,224,19,403,256,35,385,26,17,307,36,20,53,9,63,177,88,17,103,103,115,32,20,11,5,108,56,23,12,71,15,14,7,277,127,86,107,118,114,96,185,317,8,40,355,257,36,3,161,25,339,31,34,29,89,26,16,154]
tiempo_ultimo_agente_goal 498
tiempo_en_acabar 498
tiempo_promedio 89.184998
agentes_en_goal 200
push_out_count 0
RUN 3
valores_ideales [0,0,0,0,0,0,0,0,0,0,0,0,0,0,0,0,0,0,0,0,0,0,0,0,0,0,0,0,0,0,0,0,0,0,0,0,0,0,0,0,0,0,0,0,0,0,0,0,0,0,0,0,0,0,0,0,0,0,0,0,0,0,0,0,0,0,0,0,0,0,0,0,0,0,0,0,0,0,0,0,0,0,0,0,0,0,0,0,0,0,0,0,0,0,0,0,0,0,0,0,0,0,0,0,0,0,0,0,0,0,0,0,0,0,0,0,0,0,0,0,0,0,0,0,0,0,0,0,0,0,0,0,0,0,0,0,0,0,0,0,0,0,0,0,0,0,0,0,0,0,0,0,0,0,0,0,0,0,0,0,0,0,0,0,0,0,0,0,0,0,0,0,0,0,0,0,0,0,0,0,0,0,0,0,0,0,0,0,0,0,0,0,0,0,0,0,0,0,0,0]
costo_por_agente [54,20,29,25,33,32,61,50,35,46,10,64,39,23,36,90,206,467,528,45,31,26,99,17,261,7,69,11,16,64,18,21,57,55,79,2,4,61,226,46,173,7,71,29,23,13,301,18,78,41,11,20,13,39,16,20,76,39,33,10,456,123,14,393,448,30,210,44,21,234,41,48,7,24,12,2,20,27,20,29,10,28,276,98,169,63,9,37,198,11,158,69,38,39,26,2,9,82,28,24,78,41,35,95,164,81,26,156,28,15,15,493,47,15,186,30,29,26,92,37,33,15,19,217,137,18,80,31,128,348,24,243,18,23,7,37,26,13,21,7,29,17,81,232,11,351,131,35,186,25,15,372,32,14,128,7,34,259,100,13,57,101,82,29,17,15,6,173,105,17,14,62,9,14,11,369,26,42,220,30,47,107,255,147,8,30,51,37,46,3,162,22,92,29,278,25,48,30,15,172]
completion_time_por_agente [56,21,29,25,34,32,69,55,35,46,11,69,39,23,41,95,207,480,528,48,33,26,108,17,262,7,69,12,16,70,18,22,61,56,80,2,4,62,228,48,176,7,73,29,24,13,304,18,83,43,11,20,13,39,16,23,78,39,33,10,459,125,14,400,450,32,214,54,21,241,51,52,7,24,12,2,20,28,21,38,10,34,280,100,170,76,9,40,199,11,158,75,38,39,27,2,9,82,29,24,79,44,35,97,166,85,27,157,28,15,15,497,63,15,189,31,29,26,96,46,34,16,19,217,138,18,81,33,131,350,24,244,18,23,7,37,26,14,21,7,29,17,83,232,11,353,131,35,187,27,15,372,32,14,131,7,39,263,103,13,67,105,84,29,17,16,6,176,108,18,14,66,9,14,11,371,28,50,222,31,48,108,257,147,8,30,57,46,46,3,166,23,96,31,282,25,50,30,15,180]
tiempo_ultimo_agente_goal 528
tiempo_en_acabar 528
tiempo_promedio 81.275002
agentes_en_goal 200
push_out_count 0
RUN 4
valores_ideales [0,0,0,0,0,0,0,0,0,0,0,0,0,0,0,0,0,0,0,0,0,0,0,0,0,0,0,0,0,0,0,0,0,0,0,0,0,0,0,0,0,0,0,0,0,0,0,0,0,0,0,0,0,0,0,0,0,0,0,0,0,0,0,0,0,0,0,0,0,0,0,0,0,0,0,0,0,0,0,0,0,0,0,0,0,0,0,0,0,0,0,0,0,0,0,0,0,0,0,0,0,0,0,0,0,0,0,0,0,0,0,0,0,0,0,0,0,0,0,0,0,0,0,0,0,0,0,0,0,0,0,0,0,0,0,0,0,0,0,0,0,0,0,0,0,0,0,0,0,0,0,0,0,0,0,0,0,0,0,0,0,0,0,0,0,0,0,0,0,0,0,0,0,0,0,0,0,0,0,0,0,0,0,0,0,0,0,0,0,0,0,0,0,0,0,0,0,0,0,0]
costo_por_agente [66,94,29,21,23,30,125,284,33,44,12,440,33,23,40,138,322,57,684,175,37,22,215,19,279,13,39,23,18,58,20,23,65,45,59,2,4,71,130,102,187,17,75,41,27,15,335,16,26,85,11,14,13,27,16,20,88,39,37,10,236,151,30,175,146,30,238,38,19,332,45,386,7,28,12,2,18,27,16,31,18,56,456,86,195,107,9,75,148,21,248,35,42,37,26,2,9,94,22,26,132,47,29,41,226,103,14,168,24,19,15,345,399,13,122,34,19,32,44,67,29,33,21,373,285,16,96,19,38,378,26,193,18,33,7,33,30,11,41,7,35,15,93,358,33,143,179,29,198,27,23,378,36,18,110,7,80,207,58,15,91,163,108,27,23,13,2,119,59,17,18,74,11,16,13,223,164,32,122,36,71,131,229,393,18,30,177,275,34,3,112,22,200,25,34,27,66,26,15,58]
completion_time_por_agente [67,98,29,21,23,30,129,296,34,44,13,445,33,23,52,143,323,63,685,187,39,22,225,19,280,13,39,36,20,66,20,25,69,45,71,2,4,77,131,103,188,17,82,41,27,15,339,17,31,86,12,14,14,27,16,22,92,39,37,11,238,154,31,181,146,30,239,45,19,336,56,389,7,28,12,2,18,28,18,38,18,67,459,87,199,109,9,79,151,22,249,42,42,37,26,2,9,100,22,26,140,47,32,45,236,104,16,171,24,19,15,348,407,14,133,34,19,33,48,72,30,46,21,373,289,16,100,19,48,379,26,198,18,33,7,34,32,12,49,7,36,15,96,361,33,148,182,29,198,28,23,379,36,18,122,7,86,210,63,15,93,169,112,27,23,13,3,123,70,17,18,79,11,16,14,225,170,36,125,38,78,133,231,394,18,30,178,277,34,3,121,22,201,30,34,27,72,26,15,62]
tiempo_ultimo_agente_goal 685
tiempo_en_acabar 685
tiempo_promedio 90.440002
agentes_en_goal 200
push_out_count 0
RUN 5
valores_ideales [0,0,0,0,0,0,0,0,0,0,0,0,0,0,0,0,0,0,0,0,0,0,0,0,0,0,0,0,0,0,0,0,0,0,0,0,0,0,0,0,0,0,0,0,0,0,0,0,0,0,0,0,0,0,0,0,0,0,0,0,0,0,0,0,0,0,0,0,0,0,0,0,0,0,0,0,0,0,0,0,0,0,0,0,0,0,0,0,0,0,0,0,0,0,0,0,0,0,0,0,0,0,0,0,0,0,0,0,0,0,0,0,0,0,0,0,0,0,0,0,0,0,0,0,0,0,0,0,0,0,0,0,0,0,0,0,0,0,0,0,0,0,0,0,0,0,0,0,0,0,0,0,0,0,0,0,0,0,0,0,0,0,0,0,0,0,0,0,0,0,0,0,0,0,0,0,0,0,0,0,0,0,0,0,0,0,0,0,0,0,0,0,0,0,0,0,0,0,0,0]
costo_por_agente [42,22,21,21,37,34,49,42,39,40,12,86,33,23,90,262,374,347,354,49,37,20,121,21,233,5,37,11,20,64,16,21,43,47,49,2,4,71,294,70,405,7,77,33,23,15,315,22,64,53,11,18,17,29,16,30,52,41,33,10,382,267,10,227,204,32,184,74,21,76,59,42,7,26,18,2,20,27,14,37,10,34,460,114,63,135,11,85,448,13,150,59,34,41,22,2,9,112,26,22,100,33,21,111,38,85,32,170,24,15,9,249,55,21,30,36,23,30,72,69,23,25,17,271,149,18,78,17,28,364,22,51,18,25,7,35,26,13,27,13,39,21,99,254,19,493,225,31,84,35,21,378,36,16,46,9,32,103,76,13,75,25,154,31,17,13,2,115,83,23,16,76,11,16,15,359,166,42,110,36,109,131,113,255,12,26,45,299,38,3,52,22,232,25,38,25,68,36,11,72]
completion_time_por_agente [44,22,22,21,38,35,53,48,39,40,13,95,33,24,96,268,375,357,356,54,38,20,125,21,233,5,37,11,20,64,16,21,51,49,61,2,4,76,295,71,406,7,83,33,24,15,318,22,76,55,11,20,17,32,16,31,57,41,33,10,383,269,11,233,205,33,184,78,21,95,61,49,7,27,18,2,20,27,14,48,10,39,460,118,69,139,11,87,451,15,150,72,34,41,22,2,9,114,26,22,102,35,21,113,42,86,33,177,25,15,9,249,66,21,38,37,23,31,82,72,23,27,18,272,150,18,84,18,33,364,22,55,18,25,7,35,26,14,27,13,42,21,103,256,19,495,228,31,86,35,21,378,36,16,59,9,37,103,78,13,81,32,154,31,17,13,2,117,87,24,16,76,11,16,15,361,171,51,110,41,113,131,113,255,12,26,47,303,38,3,56,23,234,31,40,26,71,36,11,78]
tiempo_ultimo_agente_goal 495
tiempo_en_acabar 495
tiempo_promedio 79.504997
agentes_en_goal 200
push_out_count 0
RUN 6
valores_ideales [0,0,0,0,0,0,0,0,0,0,0,0,0,0,0,0,0,0,0,0,0,0,0,0,0,0,0,0,0,0,0,0,0,0,0,0,0,0,0,0,0,0,0,0,0,0,0,0,0,0,0,0,0,0,0,0,0,0,0,0,0,0,0,0,0,0,0,0,0,0,0,0,0,0,0,0,0,0,0,0,0,0,0,0,0,0,0,0,0,0,0,0,0,0,0,0,0,0,0,0,0,0,0,0,0,0,0,0,0,0,0,0,0,0,0,0,0,0,0,0,0,0,0,0,0,0,0,0,0,0,0,0,0,0,0,0,0,0,0,0,0,0,0,0,0,0,0,0,0,0,0,0,0,0,0,0,0,0,0,0,0,0,0,0,0,0,0,0,0,0,0,0,0,0,0,0,0,0,0,0,0,0,0,0,0,0,0,0,0,0,0,0,0,0,0,0,0,0,0,0]
costo_por_agente [94,16,25,29,25,30,177,132,41,36,14,436,33,23,70,60,302,65,646,335,31,16,135,17,193,9,37,11,18,74,18,27,99,53,99,2,4,111,146,110,199,9,49,27,27,15,213,16,68,77,11,22,13,51,14,16,84,39,35,10,366,175,10,35,202,28,216,36,23,346,91,52,15,26,12,2,20,31,12,67,10,38,466,116,57,109,9,79,354,15,112,57,40,39,36,2,9,124,28,28,46,37,23,23,216,109,34,212,22,15,9,481,499,13,72,30,25,20,94,75,27,15,17,403,191,18,26,27,168,314,34,61,20,29,7,31,32,11,17,11,23,19,121,252,21,465,261,31,126,25,19,222,34,16,152,13,52,103,52,15,125,133,108,31,17,13,4,83,91,17,18,74,9,16,15,311,256,46,162,62,91,275,123,535,12,42,465,193,28,3,54,22,232,329,34,25,76,32,9,208]
completion_time_por_agente [100,16,25,29,25,30,193,136,41,36,14,444,33,23,88,78,304,86,648,341,33,16,139,17,194,9,37,11,18,85,18,28,115,53,118,2,4,113,146,118,200,9,62,27,28,15,217,16,85,80,11,22,13,52,14,17,116,39,35,10,366,175,10,51,203,28,216,51,23,353,95,67,15,26,12,2,20,31,13,78,10,52,469,121,71,132,9,84,354,15,112,71,40,39,36,2,9,126,28,29,68,37,23,23,221,110,34,213,23,15,9,482,514,15,91,31,25,20,112,87,27,15,18,403,192,18,26,27,168,315,34,67,20,29,7,32,33,11,17,11,24,19,123,253,21,465,263,31,127,26,20,224,34,16,158,13,66,114,63,15,137,139,115,31,17,13,5,90,98,17,18,78,9,16,16,312,257,51,162,76,102,278,123,535,12,42,483,195,28,3,72,22,234,332,34,25,85,32,9,210]
tiempo_ultimo_agente_goal 648
tiempo_en_acabar 648
tiempo_promedio 94.434998
agentes_en_goal 200
push_out_count 0
RUN 7
valores_ideales [0,0,0,0,0,0,0,0,0,0,0,0,0,0,0,0,0,0,0,0,0,0,0,0,0,0,0,0,0,0,0,0,0,0,0,0,0,0,0,0,0,0,0,0,0,0,0,0,0,0,0,0,0,0,0,0,0,0,0,0,0,0,0,0,0,0,0,0,0,0,0,0,0,0,0,0,0,0,0,0,0,0,0,0,0,0,0,0,0,0,0,0,0,0,0,0,0,0,0,0,0,0,0,0,0,0,0,0,0,0,0,0,0,0,0,0,0,0,0,0,0,0,0,0,0,0,0,0,0,0,0,0,0,0,0,0,0,0,0,0,0,0,0,0,0,0,0,0,0,0,0,0,0,0,0,0,0,0,0,0,0,0,0,0,0,0,0,0,0,0,0,0,0,0,0,0,0,0,0,0,0,0,0,0,0,0,0,0,0,0,0,0,0,0,0,0,0,0,0,0]
costo_por_agente [60,30,29,23,29,30,169,278,41,42,10,356,35,23,68,186,320,79,592,51,37,18,33,19,129,5,37,11,14,40,18,29,63,49,83,2,4,85,128,108,319,7,73,39,25,13,177,20,40,55,11,24,13,31,14,26,60,45,35,10,378,125,8,265,266,30,312,44,19,38,59,42,7,22,12,2,18,23,18,49,28,54,402,98,191,105,9,37,300,33,118,67,36,47,22,2,9,130,26,22,130,31,33,89,48,117,20,106,20,15,11,87,335,19,162,42,15,22,80,51,41,15,17,333,259,16,104,33,32,528,22,53,18,23,7,27,26,13,19,7,67,19,101,252,13,253,289,31,202,29,19,108,42,14,68,13,34,183,74,15,71,61,114,25,17,13,6,123,89,17,16,78,11,18,11,289,140,24,158,90,49,127,185,515,8,30,213,155,42,3,50,22,246,223,382,29,46,28,11,50]
completion_time_por_agente [61,34,29,23,29,30,178,281,42,42,10,360,35,23,82,191,322,86,593,61,37,18,33,19,130,5,37,11,14,48,18,31,72,51,85,2,4,86,131,109,322,7,76,39,25,13,178,20,56,60,12,25,13,32,14,26,65,45,35,10,384,128,8,280,267,30,313,56,19,52,66,45,7,22,12,2,18,23,18,66,28,63,407,98,194,109,9,43,300,36,120,80,37,47,22,2,9,132,26,22,131,35,33,91,62,118,21,108,20,15,11,93,346,20,164,42,15,22,85,56,41,15,17,335,262,16,112,33,33,529,22,63,18,23,7,28,26,14,19,7,69,19,107,252,13,264,290,31,204,30,19,109,42,14,75,14,37,184,85,15,79,66,114,25,17,13,7,129,94,17,16,87,11,18,11,292,146,25,160,93,60,128,187,515,8,30,221,163,42,3,64,22,247,224,386,29,55,28,11,59]
tiempo_ultimo_agente_goal 593
tiempo_en_acabar 593
tiempo_promedio 85.044998
agentes_en_goal 200
push_out_count 0
RUN 8
valores_ideales [0,0,0,0,0,0,0,0,0,0,0,0,0,0,0,0,0,0,0,0,0,0,0,0,0,0,0,0,0,0,0,0,0,0,0,0,0,0,0,0,0,0,0,0,0,0,0,0,0,0,0,0,0,0,0,0,0,0,0,0,0,0,0,0,0,0,0,0,0,0,0,0,0,0,0,0,0,0,0,0,0,0,0,0,0,0,0,0,0,0,0,0,0,0,0,0,0,0,0,0,0,0,0,0,0,0,0,0,0,0,0,0,0,0,0,0,0,0,0,0,0,0,0,0,0,0,0,0,0,0,0,0,0,0,0,0,0,0,0,0,0,0,0,0,0,0,0,0,0,0,0,0,0,0,0,0,0,0,0,0,0,0,0,0,0,0,0,0,0,0,0,0,0,0,0,0,0,0,0,0,0,0,0,0,0,0,0,0,0,0,0,0,0,0,0,0,0,0,0,0]
costo_por_agente [68,60,19,21,31,30,219,384,31,36,18,224,35,27,66,228,118,389,428,409,41,18,209,17,133,7,49,11,22,38,18,23,87,41,85,2,4,79,96,96,293,7,77,29,29,13,179,20,26,53,11,24,15,27,14,16,106,39,37,12,352,93,8,137,334,30,134,48,19,306,43,46,13,28,14,2,18,27,14,91,8,40,450,116,219,211,11,85,204,17,244,39,34,35,24,2,9,60,26,30,112,45,21,121,192,77,34,132,30,15,11,165,243,15,38,34,27,22,104,41,27,27,17,309,159,16,92,21,44,276,28,47,20,21,7,35,30,11,21,7,23,19,99,356,13,413,209,33,142,35,17,188,34,14,188,7,48,163,98,17,119,117,138,29,17,11,4,135,107,21,16,52,9,14,11,145,28,20,154,106,89,119,151,379,10,30,361,313,38,3,48,22,84,25,38,21,60,26,21,50]
completion_time_por_agente [70,77,19,21,32,30,230,395,31,37,18,237,35,27,72,241,120,396,429,414,42,18,209,17,135,7,49,11,22,52,18,23,103,41,96,2,4,96,101,105,295,7,96,29,29,13,179,20,34,67,12,24,15,29,14,16,109,39,37,12,359,105,8,142,336,31,136,69,19,309,50,49,13,28,14,2,19,27,14,105,8,53,454,118,221,211,11,102,205,17,245,53,35,35,24,2,9,70,26,30,114,46,21,127,196,91,34,135,30,15,11,166,249,15,47,35,27,22,107,58,27,33,17,310,163,16,111,21,51,277,28,58,20,21,7,35,30,12,21,7,23,19,106,357,14,418,210,33,142,35,17,189,34,14,191,7,69,166,108,17,129,120,142,29,17,12,5,142,110,21,16,66,9,14,11,146,28,20,158,118,106,121,153,381,10,30,365,315,38,3,55,22,98,26,42,21,74,26,22,57]
tiempo_ultimo_agente_goal 454
tiempo_en_acabar 454
tiempo_promedio 85.900002
agentes_en_goal 200
push_out_count 0
