1 120.000000 10 10 133 2118.871826 30 0 133 104
1 120.000000 10 10 122 429.605011 33 1 122 81
1 45.000000 10 7 347 1.993000 100 2 347 230
1 108.000000 10 10 112 397.023010 24 3 112 88
1 25.000000 10 6 426 1.474000 100 4 426 290
1 130.000000 10 10 132 388.799988 38 5 132 95
1 122.000000 10 10 122 317.347015 41 6 122 92
1 116.000000 10 10 118 408.231018 34 7 118 80
1 112.000000 10 10 116 313.039978 31 8 116 78
1 124.000000 10 10 127 245.565002 32 9 127 86
1 25.000000 10 6 426 0.845000 100 10 426 266
1 96.000000 10 10 96 48918.019531 20 11 96 84
1 42.000000 10 7 342 0.839000 100 12 342 192
1 134.000000 10 10 139 4.450000 51 13 139 106
1 146.000000 10 10 149 4.061000 46 14 149 105
1 100.000000 10 10 105 2.923000 24 15 105 77
1 44.000000 10 7 345 0.929000 100 16 345 174
1 120.000000 10 10 133 35158.390625 30 0 133 104
1 120.000000 10 10 122 425.845001 33 1 122 81
1 120.000000 10 10 133 3153.496094 30 0 133 104
1 120.000000 10 10 122 55990.925781 33 1 122 81
1 45.000000 10 7 347 125.112000 100 2 347 230
1 108.000000 10 10 112 34.751999 24 3 112 88
1 25.000000 10 6 426 110.151001 100 4 426 290
1 130.000000 10 10 132 42.089001 38 5 132 95
1 122.000000 10 10 122 46.440998 41 6 122 92
1 120.000000 10 10 133 9867.855469 30 0 133 104
1 120.000000 10 10 122 10599.054688 33 1 122 81
1 45.000000 10 7 347 12226.937500 100 2 347 230
1 108.000000 10 10 112 2916.519043 24 3 112 88
1 25.000000 10 6 426 19871.427734 100 4 426 290
1 130.000000 10 10 132 2105.869141 38 5 132 95
1 122.000000 10 10 122 2230.145020 41 6 122 92
1 116.000000 10 10 118 1846.302979 34 7 118 80
1 112.000000 10 10 116 1606.956055 31 8 116 78
1 124.000000 10 10 127 5339.776855 32 9 127 86
1 25.000000 10 6 426 11892.360352 100 10 426 266
1 96.000000 10 10 96 2542.375977 20 11 96 84
