RUN 0
valores_ideales [17,18,5,21,47,29,11,11,29,23,14,23,39,23,19,14,40,15,10,21,30,20,40,19,18,33,44,40,24,42,31,18,34,36,16,10,25,28,45,24,5,6,15,23,39,17,41,30,16,8,11,3,25,34,42,18,12,12,16,8,27,20,14,20,26,35,36,30,33,32]
costo_por_agente [17,696,7,21,20,31,11,15,18,25,15,23,39,27,14,16,27,15,7,35,30,16,16,41,17,15,38,19,24,29,18,18,19,29,18,10,27,17,19,24,5,6,19,59,17,17,16,32,20,8,11,3,23,14,19,18,12,12,16,8,17,20,14,17,19,35,20,28,19,15]
completion_time_por_agente [20,0,8,21,0,34,11,16,0,26,0,23,57,29,0,17,0,15,0,0,30,0,0,0,0,0,0,0,25,0,0,18,0,0,21,10,28,0,0,27,5,6,19,0,0,0,0,0,0,8,11,3,0,0,0,18,12,12,16,8,0,20,15,0,0,35,0,0,0,0]
tiempo_ultimo_agente_goal 57
tiempo_en_acabar 1000
tiempo_promedio 8.914286
agentes_en_goal 33
bad_good_total_rate_pred [217919,210569,428488,0.5]
push_out_count 0
RUN 1
valores_ideales [17,18,5,21,47,29,11,11,29,23,14,23,39,23,19,14,40,15,10,21,30,20,40,19,18,33,44,40,24,42,31,18,34,36,16,10,25,28,45,24,5,6,15,23,39,17,41,30,16,8,11,3,25,34,42,18,12,12,16,8,27,20,14,20,26,35,36,30,33,32]
costo_por_agente [21,20,7,21,51,23,11,13,25,23,23,23,18,21,19,20,27,15,10,14,30,11,21,31,22,21,29,41,24,29,19,20,19,33,18,10,977,26,27,17,5,6,17,19,32,23,21,41,13,8,11,3,22,17,24,20,12,16,16,8,14,20,14,22,30,35,31,26,28,22]
completion_time_por_agente [24,0,7,21,59,34,11,13,0,23,0,23,57,29,23,20,0,15,11,0,31,0,0,0,0,0,0,0,24,0,0,20,0,0,21,10,28,0,0,27,6,6,18,0,0,0,0,0,0,8,11,3,0,0,0,20,12,17,16,9,0,20,16,22,46,35,0,0,0,0]
tiempo_ultimo_agente_goal 59
tiempo_en_acabar 1000
tiempo_promedio 11.371428
agentes_en_goal 32
bad_good_total_rate_pred [162968,295482,458450,0.6]
push_out_count 0
RUN 2
valores_ideales [17,18,5,21,47,29,11,11,29,23,14,23,39,23,19,14,40,15,10,21,30,20,40,19,18,33,44,40,24,42,31,18,34,36,16,10,25,28,45,24,5,6,15,23,39,17,41,30,16,8,11,3,25,34,42,18,12,12,16,8,27,20,14,20,26,35,36,30,33,32]
costo_por_agente [17,29,5,21,47,73,11,15,35,25,18,23,43,23,21,16,34,15,12,175,30,14,44,36,15,22,326,21,24,39,326,20,13,31,532,10,25,18,25,24,5,6,15,48,31,49,43,66,32,8,11,3,39,33,17,18,12,16,16,8,21,20,14,20,33,35,51,20,42,130]
completion_time_por_agente [18,0,5,21,190,34,11,17,0,26,18,23,54,29,24,27,0,15,12,0,30,0,184,0,0,0,498,0,24,0,0,20,0,0,21,10,26,0,0,24,5,6,18,0,0,0,65,0,169,8,11,3,0,0,0,18,12,18,17,9,0,20,14,21,46,35,0,0,0,0]
tiempo_ultimo_agente_goal 498
tiempo_en_acabar 1000
tiempo_promedio 26.514286
agentes_en_goal 39
bad_good_total_rate_pred [93969,233006,326975,0.7]
push_out_count 0
RUN 3
valores_ideales [17,18,5,21,47,29,11,11,29,23,14,23,39,23,19,14,40,15,10,21,30,20,40,19,18,33,44,40,24,42,31,18,34,36,16,10,25,28,45,24,5,6,15,23,39,17,41,30,16,8,11,3,25,34,42,18,12,12,16,8,27,20,14,20,26,35,36,30,33,32]
costo_por_agente [21,18,5,21,19,20,11,13,15,23,16,23,45,34,23,16,19,15,12,13,30,17,17,20,11,7,24,19,24,22,22,20,23,18,29,16,27,17,21,24,5,6,17,43,18,16,41,20,15,8,11,3,20,8,25,18,12,14,16,10,15,20,14,15,18,35,21,19,16,18]
completion_time_por_agente [21,0,5,21,190,34,11,14,0,23,16,23,90,29,28,17,0,15,12,0,30,0,184,0,0,0,498,0,24,0,0,20,0,0,21,16,27,0,0,27,5,6,18,0,0,0,43,0,169,8,11,3,0,0,0,18,12,15,16,10,0,20,16,21,46,35,0,0,0,0]
tiempo_ultimo_agente_goal 90
tiempo_en_acabar 1000
tiempo_promedio 26.685715
agentes_en_goal 34
bad_good_total_rate_pred [131662,258408,390070,0.7]
push_out_count 0
RUN 4
valores_ideales [17,18,5,21,47,29,11,11,29,23,14,23,39,23,19,14,40,15,10,21,30,20,40,19,18,33,44,40,24,42,31,18,34,36,16,10,25,28,45,24,5,6,15,23,39,17,41,30,16,8,11,3,25,34,42,18,12,12,16,8,27,20,14,20,26,35,36,30,33,32]
costo_por_agente [19,22,7,21,47,29,11,19,35,23,69,23,39,19,19,10,96,14,10,24,30,677,52,264,21,8,34,42,24,23,37,18,17,93,75,10,29,25,45,30,5,6,15,17,39,44,41,103,15,8,11,3,890,28,15,20,12,9,16,8,26,20,14,20,36,35,40,27,22,36]
completion_time_por_agente [20,63,8,21,66,36,11,21,57,24,16,23,106,29,22,17,186,15,10,0,30,0,107,0,0,0,498,106,24,0,71,18,0,0,21,10,29,0,48,103,5,6,15,0,0,0,43,0,169,8,11,3,0,0,0,21,12,15,16,8,0,20,14,21,46,35,0,0,0,51]
tiempo_ultimo_agente_goal 186
tiempo_en_acabar 1000
tiempo_promedio 33.357143
agentes_en_goal 41
bad_good_total_rate_pred [54661,175920,230581,0.8]
push_out_count 0
RUN 5
valores_ideales [17,18,5,21,47,29,11,11,29,23,14,23,39,23,19,14,40,15,10,21,30,20,40,19,18,33,44,40,24,42,31,18,34,36,16,10,25,28,45,24,5,6,15,23,39,17,41,30,16,8,11,3,25,34,42,18,12,12,16,8,27,20,14,20,26,35,36,30,33,32]
costo_por_agente [17,17,7,21,16,17,11,15,22,23,20,23,41,74,19,18,24,15,10,66,30,13,26,21,23,19,23,22,24,21,41,18,20,23,32,10,45,21,25,30,7,6,15,11,13,159,28,21,21,8,11,3,17,19,42,18,12,12,16,8,21,22,14,20,16,35,27,26,15,14]
completion_time_por_agente [18,63,8,21,66,36,11,22,57,23,22,23,41,29,30,21,186,15,13,0,30,0,107,0,0,0,498,106,24,0,71,18,0,0,21,11,144,0,48,34,7,6,15,0,0,0,43,0,169,8,11,3,0,0,0,18,12,12,16,8,0,22,14,29,46,35,0,0,0,51]
tiempo_ultimo_agente_goal 144
tiempo_en_acabar 1000
tiempo_promedio 33.457142
agentes_en_goal 34
bad_good_total_rate_pred [113765,288176,401941,0.7]
push_out_count 0
RUN 6
valores_ideales [17,18,5,21,47,29,11,11,29,23,14,23,39,23,19,14,40,15,10,21,30,20,40,19,18,33,44,40,24,42,31,18,34,36,16,10,25,28,45,24,5,6,15,23,39,17,41,30,16,8,11,3,25,34,42,18,12,12,16,8,27,20,14,20,26,35,36,30,33,32]
costo_por_agente [19,21,7,21,49,33,11,13,29,23,20,23,73,13,19,18,21,15,26,13,30,13,20,20,20,11,24,27,13,23,19,20,26,16,30,10,27,19,25,28,5,6,15,17,19,21,41,22,17,8,11,3,18,11,24,18,12,14,16,8,19,20,14,20,19,35,22,18,16,24]
completion_time_por_agente [19,63,8,21,55,38,11,16,57,23,22,23,412,29,23,19,186,15,13,0,31,0,107,0,0,0,498,106,24,0,71,20,0,0,403,10,28,0,48,417,5,6,15,0,0,0,413,0,169,8,11,3,0,0,0,18,12,17,16,8,0,20,14,21,46,35,0,0,0,51]
tiempo_ultimo_agente_goal 417
tiempo_en_acabar 1000
tiempo_promedio 52.914288
agentes_en_goal 36
bad_good_total_rate_pred [85537,215883,301420,0.7]
push_out_count 0
RUN 7
valores_ideales [17,18,5,21,47,29,11,11,29,23,14,23,39,23,19,14,40,15,10,21,30,20,40,19,18,33,44,40,24,42,31,18,34,36,16,10,25,28,45,24,5,6,15,23,39,17,41,30,16,8,11,3,25,34,42,18,12,12,16,8,27,20,14,20,26,35,36,30,33,32]
costo_por_agente [17,26,5,21,47,22,11,13,26,23,63,23,89,97,19,16,48,15,10,14,30,18,107,66,12,8,40,56,24,28,26,20,227,30,24,10,40,44,26,26,5,6,17,21,35,207,20,56,23,8,11,3,14,8,16,20,12,14,16,8,16,20,16,22,18,35,129,24,18,52]
completion_time_por_agente [17,276,5,21,129,38,11,14,57,24,22,23,96,283,23,21,186,15,10,0,31,0,107,0,0,0,498,287,24,0,71,20,0,0,403,10,28,0,48,280,5,6,18,0,0,0,413,0,169,8,11,3,0,0,0,21,12,15,16,8,0,20,17,110,46,35,0,0,0,544]
tiempo_ultimo_agente_goal 544
tiempo_en_acabar 1000
tiempo_promedio 65.071426
agentes_en_goal 37
bad_good_total_rate_pred [103006,229077,332083,0.7]
push_out_count 0
RUN 8
valores_ideales [17,18,5,21,47,29,11,11,29,23,14,23,39,23,19,14,40,15,10,21,30,20,40,19,18,33,44,40,24,42,31,18,34,36,16,10,25,28,45,24,5,6,15,23,39,17,41,30,16,8,11,3,25,34,42,18,12,12,16,8,27,20,14,20,26,35,36,30,33,32]
costo_por_agente [21,14,7,21,20,33,11,11,21,23,19,23,12,15,13,16,19,15,14,48,30,15,15,17,8,16,30,18,24,21,29,18,19,16,43,12,37,19,21,15,5,6,15,116,16,12,41,21,20,8,11,3,24,18,18,20,12,16,16,8,18,20,14,22,20,35,28,17,371,28]
completion_time_por_agente [21,276,7,22,129,36,11,11,57,23,22,23,96,283,23,19,186,15,10,0,30,0,107,0,0,0,498,287,24,0,71,18,0,0,403,12,39,0,48,280,6,6,18,0,0,0,42,0,169,8,11,3,0,0,0,20,12,19,16,9,0,20,15,27,46,37,0,0,0,544]
tiempo_ultimo_agente_goal 42
tiempo_en_acabar 1000
tiempo_promedio 58.785713
agentes_en_goal 31
bad_good_total_rate_pred [186549,254097,440646,0.6]
push_out_count 0
RUN 9
valores_ideales [17,18,5,21,47,29,11,11,29,23,14,23,39,23,19,14,40,15,10,21,30,20,40,19,18,33,44,40,24,42,31,18,34,36,16,10,25,28,45,24,5,6,15,23,39,17,41,30,16,8,11,3,25,34,42,18,12,12,16,8,27,20,14,20,26,35,36,30,33,32]
costo_por_agente [17,22,7,21,55,41,11,13,38,23,34,23,22,49,21,16,28,15,12,101,30,27,26,125,10,42,112,37,24,22,74,18,38,19,20,10,27,18,24,24,5,6,15,25,349,99,47,24,16,8,11,3,32,9,15,18,12,16,16,8,37,20,14,22,86,35,31,18,18,70]
completion_time_por_agente [17,276,7,21,85,36,11,14,57,23,22,23,96,73,24,17,186,15,13,0,30,0,107,0,0,0,498,287,24,0,71,20,0,0,403,12,29,0,48,95,5,6,15,26,0,0,60,0,169,9,11,3,0,0,0,21,12,17,16,8,0,20,16,26,46,35,0,0,0,931]
tiempo_ultimo_agente_goal 931
tiempo_en_acabar 1000
tiempo_promedio 58.457142
agentes_en_goal 37
bad_good_total_rate_pred [153932,190251,344183,0.6]
push_out_count 0
RUN 10
valores_ideales [17,18,5,21,47,29,11,11,29,23,14,23,39,23,19,14,40,15,10,21,30,20,40,19,18,33,44,40,24,42,31,18,34,36,16,10,25,28,45,24,5,6,15,23,39,17,41,30,16,8,11,3,25,34,42,18,12,12,16,8,27,20,14,20,26,35,36,30,33,32]
costo_por_agente [19,14,7,21,47,45,11,13,37,23,24,23,20,15,19,16,21,15,10,14,30,6,17,19,14,9,23,28,24,64,33,18,26,14,10,10,27,19,23,13,5,6,15,17,16,44,19,21,14,8,11,3,16,9,18,20,12,12,16,10,19,20,14,19,16,35,23,21,19,23]
completion_time_por_agente [19,276,7,21,54,36,11,21,46,23,22,23,96,73,22,18,186,15,11,0,30,0,107,0,0,0,498,287,25,0,48,18,0,0,403,11,28,0,48,95,5,6,15,26,0,0,60,0,169,8,11,3,0,0,0,20,12,12,16,10,0,20,15,26,46,35,0,0,0,931]
tiempo_ultimo_agente_goal 54
tiempo_en_acabar 1000
tiempo_promedio 57.485714
agentes_en_goal 33
bad_good_total_rate_pred [96717,302976,399693,0.8]
push_out_count 0
RUN 11
valores_ideales [17,18,5,21,47,29,11,11,29,23,14,23,39,23,19,14,40,15,10,21,30,20,40,19,18,33,44,40,24,42,31,18,34,36,16,10,25,28,45,24,5,6,15,23,39,17,41,30,16,8,11,3,25,34,42,18,12,12,16,8,27,20,14,20,26,35,36,30,33,32]
costo_por_agente [17,24,7,21,15,13,11,13,41,23,14,23,17,36,19,16,23,15,14,12,30,9,22,17,12,7,23,21,24,21,14,18,27,22,14,10,27,23,45,13,5,6,17,30,22,38,41,28,14,8,11,3,15,11,17,18,12,12,16,8,17,20,16,22,19,35,22,19,19,12]
completion_time_por_agente [17,25,7,21,54,36,11,14,56,23,49,23,96,73,23,17,186,17,28,0,30,0,107,0,0,0,498,287,24,0,48,18,0,0,403,10,28,0,46,95,5,6,18,26,0,0,45,0,169,8,11,3,0,0,0,18,12,12,16,9,0,20,17,22,46,35,0,0,0,931]
tiempo_ultimo_agente_goal 56
tiempo_en_acabar 1000
tiempo_promedio 54.271427
agentes_en_goal 36
bad_good_total_rate_pred [111418,246982,358400,0.7]
push_out_count 0
RUN 12
valores_ideales [17,18,5,21,47,29,11,11,29,23,14,23,39,23,19,14,40,15,10,21,30,20,40,19,18,33,44,40,24,42,31,18,34,36,16,10,25,28,45,24,5,6,15,23,39,17,41,30,16,8,11,3,25,34,42,18,12,12,16,8,27,20,14,20,26,35,36,30,33,32]
costo_por_agente [17,17,5,21,23,17,11,15,27,23,22,23,41,21,19,18,17,15,10,24,30,14,17,17,8,21,31,20,24,23,18,18,32,17,16,10,31,25,21,28,5,6,19,23,20,16,20,24,21,8,11,3,22,34,15,18,12,12,16,8,16,20,14,20,16,35,20,22,28,32]
completion_time_por_agente [20,25,5,21,54,36,11,16,56,23,49,23,46,73,24,19,186,15,11,0,30,0,107,0,0,0,498,287,24,0,48,18,0,0,403,10,39,0,46,32,5,6,19,24,0,0,45,0,169,8,11,3,0,47,0,18,12,12,17,8,0,20,15,21,46,35,0,0,0,931]
tiempo_ultimo_agente_goal 47
tiempo_en_acabar 1000
tiempo_promedio 53.242859
agentes_en_goal 35
bad_good_total_rate_pred [144256,232501,376757,0.6]
push_out_count 0
RUN 13
valores_ideales [17,18,5,21,47,29,11,11,29,23,14,23,39,23,19,14,40,15,10,21,30,20,40,19,18,33,44,40,24,42,31,18,34,36,16,10,25,28,45,24,5,6,15,23,39,17,41,30,16,8,11,3,25,34,42,18,12,12,16,8,27,20,14,20,26,35,36,30,33,32]
costo_por_agente [19,35,7,21,49,31,11,13,42,23,13,23,43,64,19,16,22,15,15,731,30,18,19,16,9,118,25,21,24,23,19,20,11,20,358,10,27,342,27,15,5,6,15,25,25,23,41,25,18,8,11,3,17,28,27,18,12,16,16,8,17,20,14,20,30,35,22,504,143,21]
completion_time_por_agente [20,25,7,21,72,36,11,13,56,23,49,23,47,73,27,19,186,15,11,0,30,0,107,0,0,0,498,287,24,0,48,20,0,0,403,10,27,0,46,32,5,6,18,27,0,0,108,0,18,8,11,3,0,47,0,19,12,17,17,9,0,20,14,21,68,35,0,0,0,931]
tiempo_ultimo_agente_goal 108
tiempo_en_acabar 1000
tiempo_promedio 52.571430
agentes_en_goal 36
bad_good_total_rate_pred [120919,225415,346334,0.7]
push_out_count 0
RUN 14
valores_ideales [17,18,5,21,47,29,11,11,29,23,14,23,39,23,19,14,40,15,10,21,30,20,40,19,18,33,44,40,24,42,31,18,34,36,16,10,25,28,45,24,5,6,15,23,39,17,41,30,16,8,11,3,25,34,42,18,12,12,16,8,27,20,14,20,26,35,36,30,33,32]
costo_por_agente [17,16,7,21,47,22,11,11,19,23,23,23,149,20,19,18,20,15,10,6,30,12,303,19,9,3,25,7,24,23,37,18,13,17,11,10,29,18,24,30,5,6,17,22,28,19,41,21,14,8,11,3,17,3,18,18,12,14,16,8,20,20,14,20,17,35,24,437,33,40]
completion_time_por_agente [21,25,7,21,54,36,11,15,56,23,49,23,47,73,23,19,186,15,12,0,30,0,107,0,0,0,498,287,24,0,476,18,0,0,403,11,29,0,46,40,5,6,18,27,0,0,44,0,18,8,11,3,0,47,0,18,12,15,17,8,0,21,14,22,68,35,0,0,49,481]
tiempo_ultimo_agente_goal 481
tiempo_en_acabar 1000
tiempo_promedio 51.885715
agentes_en_goal 37
bad_good_total_rate_pred [94776,216895,311671,0.7]
push_out_count 0
RUN 15
valores_ideales [17,18,5,21,47,29,11,11,29,23,14,23,39,23,19,14,40,15,10,21,30,20,40,19,18,33,44,40,24,42,31,18,34,36,16,10,25,28,45,24,5,6,15,23,39,17,41,30,16,8,11,3,25,34,42,18,12,12,16,8,27,20,14,20,26,35,36,30,33,32]
costo_por_agente [21,31,7,21,47,35,11,13,30,23,24,23,41,19,19,18,44,15,10,10,30,30,44,17,14,22,28,17,24,22,15,18,32,21,25,10,27,25,45,30,5,6,15,25,25,30,23,37,21,8,11,3,15,21,20,20,12,12,16,8,21,20,14,18,31,37,24,21,22,15]
completion_time_por_agente [23,25,7,21,50,37,11,15,56,23,27,23,48,73,22,21,186,15,10,0,30,0,51,0,0,0,498,287,24,0,476,18,0,0,403,10,27,0,46,38,5,6,15,25,0,0,44,0,18,8,11,3,0,47,0,20,12,12,16,8,0,20,14,22,68,42,0,0,49,481]
tiempo_ultimo_agente_goal 51
tiempo_en_acabar 1000
tiempo_promedio 50.671429
agentes_en_goal 38
bad_good_total_rate_pred [116473,207718,324191,0.6]
push_out_count 0
RUN 16
valores_ideales [17,18,5,21,47,29,11,11,29,23,14,23,39,23,19,14,40,15,10,21,30,20,40,19,18,33,44,40,24,42,31,18,34,36,16,10,25,28,45,24,5,6,15,23,39,17,41,30,16,8,11,3,25,34,42,18,12,12,16,8,27,20,14,20,26,35,36,30,33,32]
costo_por_agente [17,16,7,21,24,35,11,13,14,23,18,23,13,15,19,16,19,17,12,12,30,12,17,298,33,12,30,42,24,28,27,18,17,14,42,10,27,16,21,32,5,6,15,31,17,44,15,20,19,10,11,3,20,14,92,18,12,14,16,8,24,22,14,22,22,35,23,18,13,21]
completion_time_por_agente [18,25,7,21,50,45,11,14,56,23,26,23,48,73,22,20,186,17,12,0,30,0,51,0,0,0,498,57,25,0,476,18,0,0,61,10,28,0,46,53,5,6,15,51,0,0,44,0,18,10,11,3,0,47,0,22,12,19,17,9,0,22,16,28,68,35,0,0,49,481]
tiempo_ultimo_agente_goal 61
tiempo_en_acabar 1000
tiempo_promedio 43.400002
agentes_en_goal 37
bad_good_total_rate_pred [129355,246928,376283,0.7]
push_out_count 0
RUN 17
valores_ideales [17,18,5,21,47,29,11,11,29,23,14,23,39,23,19,14,40,15,10,21,30,20,40,19,18,33,44,40,24,42,31,18,34,36,16,10,25,28,45,24,5,6,15,23,39,17,41,30,16,8,11,3,25,34,42,18,12,12,16,8,27,20,14,20,26,35,36,30,33,32]
costo_por_agente [17,28,7,21,47,33,11,15,20,23,19,23,47,43,23,16,40,15,12,14,30,46,44,18,3,9,18,25,24,16,41,18,14,30,11,10,27,20,45,28,5,6,15,33,15,37,43,22,28,8,10,3,10,11,28,20,12,14,16,8,36,22,14,30,17,37,44,33,40,34]
completion_time_por_agente [18,29,7,21,50,36,11,18,56,23,26,23,75,73,36,21,115,15,12,0,30,150,49,0,0,0,498,57,24,0,107,18,0,0,61,10,27,0,47,76,5,6,18,63,0,110,51,0,75,8,11,3,0,47,0,20,12,14,16,8,0,22,16,46,68,46,161,0,49,41]
tiempo_ultimo_agente_goal 161
tiempo_en_acabar 1000
tiempo_promedio 39.071430
agentes_en_goal 46
bad_good_total_rate_pred [64565,121196,185761,0.7]
push_out_count 0
RUN 18
valores_ideales [17,18,5,21,47,29,11,11,29,23,14,23,39,23,19,14,40,15,10,21,30,20,40,19,18,33,44,40,24,42,31,18,34,36,16,10,25,28,45,24,5,6,15,23,39,17,41,30,16,8,11,3,25,34,42,18,12,12,16,8,27,20,14,20,26,35,36,30,33,32]
costo_por_agente [19,16,7,21,47,14,11,15,33,23,11,23,20,20,19,16,20,15,12,10,30,22,24,8,3,3,18,7,24,16,25,18,11,16,18,10,27,19,26,18,5,6,15,18,20,17,19,23,15,8,10,3,10,3,19,18,12,12,16,8,15,20,14,13,23,35,20,20,20,19]
completion_time_por_agente [22,29,7,21,51,36,11,18,43,24,26,23,75,73,23,17,115,15,12,0,30,150,49,0,0,0,498,57,24,0,107,18,0,0,61,10,27,0,47,76,5,6,15,63,0,110,51,0,75,8,11,3,0,47,0,18,12,15,17,9,0,21,14,46,68,35,161,0,49,41]
tiempo_ultimo_agente_goal 51
tiempo_en_acabar 1000
tiempo_promedio 38.500000
agentes_en_goal 30
bad_good_total_rate_pred [137156,188960,326116,0.6]
push_out_count 0
RUN 19
valores_ideales [17,18,5,21,47,29,11,11,29,23,14,23,39,23,19,14,40,15,10,21,30,20,40,19,18,33,44,40,24,42,31,18,34,36,16,10,25,28,45,24,5,6,15,23,39,17,41,30,16,8,11,3,25,34,42,18,12,12,16,8,27,20,14,20,26,35,36,30,33,32]
costo_por_agente [17,26,5,21,18,31,11,13,67,23,14,23,39,32,19,16,26,17,10,10,30,5,22,39,13,21,25,23,24,22,21,20,15,17,439,12,25,36,45,26,5,6,15,25,19,319,29,20,20,10,11,3,17,22,35,18,12,14,18,8,26,20,16,20,22,35,38,18,20,18]
completion_time_por_agente [17,58,5,21,51,90,11,14,135,23,26,23,41,73,21,21,115,17,10,0,30,150,49,0,0,0,498,57,26,0,107,21,0,0,61,12,25,0,50,55,5,6,15,26,0,110,51,0,43,10,11,3,0,47,0,18,12,15,18,10,0,20,17,20,68,36,161,0,49,41]
tiempo_ultimo_agente_goal 135
tiempo_en_acabar 1000
tiempo_promedio 38.928570
agentes_en_goal 39
bad_good_total_rate_pred [70750,260903,331653,0.8]
push_out_count 0
RUN 20
valores_ideales [17,18,5,21,47,29,11,11,29,23,14,23,39,23,19,14,40,15,10,21,30,20,40,19,18,33,44,40,24,42,31,18,34,36,16,10,25,28,45,24,5,6,15,23,39,17,41,30,16,8,11,3,25,34,42,18,12,12,16,8,27,20,14,20,26,35,36,30,33,32]
costo_por_agente [19,34,7,21,47,29,11,15,47,23,21,23,25,12,14,18,18,15,30,12,30,7,12,19,24,13,30,24,24,29,30,18,11,13,13,12,25,20,25,24,5,6,15,21,11,14,18,19,13,8,11,3,20,17,21,20,12,12,16,8,23,20,14,28,14,35,26,17,15,24]
completion_time_por_agente [19,58,7,21,47,90,11,19,57,23,26,23,41,73,21,20,115,16,10,0,30,150,49,0,0,0,498,57,26,0,107,18,0,0,61,12,25,0,50,26,5,6,15,26,0,110,51,0,43,8,11,3,0,47,0,20,12,12,16,9,0,20,14,38,68,35,161,0,49,41]
tiempo_ultimo_agente_goal 57
tiempo_en_acabar 1000
tiempo_promedio 37.514286
agentes_en_goal 32
bad_good_total_rate_pred [153521,253633,407154,0.6]
push_out_count 0
RUN 21
valores_ideales [17,18,5,21,47,29,11,11,29,23,14,23,39,23,19,14,40,15,10,21,30,20,40,19,18,33,44,40,24,42,31,18,34,36,16,10,25,28,45,24,5,6,15,23,39,17,41,30,16,8,11,3,25,34,42,18,12,12,16,8,27,20,14,20,26,35,36,30,33,32]
costo_por_agente [17,20,7,21,15,12,11,13,15,23,24,23,15,12,19,16,30,15,10,8,30,14,18,58,3,9,18,20,24,16,14,18,15,21,18,10,27,16,15,13,5,6,17,18,20,31,28,22,14,8,10,3,10,10,24,20,12,12,18,8,15,20,16,26,23,35,21,21,31,13]
completion_time_por_agente [17,20,7,21,47,90,11,15,57,23,25,23,41,73,21,20,115,15,10,0,31,150,49,0,0,0,498,57,24,0,107,18,0,0,61,10,27,0,50,26,5,6,19,26,0,110,51,0,43,8,11,3,0,47,0,20,12,12,18,8,0,20,16,27,68,35,161,0,49,41]
tiempo_ultimo_agente_goal 35
tiempo_en_acabar 1000
tiempo_promedio 36.785713
agentes_en_goal 32
bad_good_total_rate_pred [187853,210012,397865,0.5]
push_out_count 0
RUN 22
valores_ideales [17,18,5,21,47,29,11,11,29,23,14,23,39,23,19,14,40,15,10,21,30,20,40,19,18,33,44,40,24,42,31,18,34,36,16,10,25,28,45,24,5,6,15,23,39,17,41,30,16,8,11,3,25,34,42,18,12,12,16,8,27,20,14,20,26,35,36,30,33,32]
costo_por_agente [19,19,7,23,47,33,11,13,29,23,31,23,12,19,19,16,24,17,12,21,30,21,18,35,5,5,19,6,24,17,35,18,34,26,13,10,13,21,45,26,5,6,15,27,16,16,7,389,16,8,11,3,11,5,25,18,12,12,16,8,22,22,14,19,19,35,27,23,25,929]
completion_time_por_agente [19,20,7,23,84,36,11,13,75,23,25,23,41,73,24,19,115,17,13,0,30,150,49,0,0,0,498,57,24,0,46,18,53,0,61,10,27,0,59,27,5,6,15,32,0,110,51,0,16,8,11,3,0,47,0,18,12,12,16,8,0,23,14,27,68,35,161,0,49,41]
tiempo_ultimo_agente_goal 84
tiempo_en_acabar 1000
tiempo_promedio 36.542858
agentes_en_goal 38
bad_good_total_rate_pred [73399,201771,275170,0.7]
push_out_count 0
RUN 23
valores_ideales [17,18,5,21,47,29,11,11,29,23,14,23,39,23,19,14,40,15,10,21,30,20,40,19,18,33,44,40,24,42,31,18,34,36,16,10,25,28,45,24,5,6,15,23,39,17,41,30,16,8,11,3,25,34,42,18,12,12,16,8,27,20,14,20,26,35,36,30,33,32]
costo_por_agente [17,17,7,21,16,12,11,15,39,23,21,23,41,59,19,18,27,15,8,15,30,14,19,19,22,11,24,16,24,22,16,18,16,16,47,10,29,23,18,28,5,6,7,24,23,36,16,22,302,8,11,3,15,11,18,20,12,12,16,8,19,22,14,15,20,35,25,21,15,26]
completion_time_por_agente [18,20,7,21,84,36,11,16,107,23,25,23,47,73,23,21,115,17,13,0,30,150,49,0,0,0,498,57,24,0,46,18,53,0,61,10,41,0,59,39,5,6,15,32,0,110,51,0,16,8,11,3,0,47,0,22,12,12,16,8,0,22,14,27,68,35,161,0,49,41]
tiempo_ultimo_agente_goal 107
tiempo_en_acabar 1000
tiempo_promedio 37.514286
agentes_en_goal 31
bad_good_total_rate_pred [176830,297100,473930,0.6]
push_out_count 0
RUN 24
valores_ideales [17,18,5,21,47,29,11,11,29,23,14,23,39,23,19,14,40,15,10,21,30,20,40,19,18,33,44,40,24,42,31,18,34,36,16,10,25,28,45,24,5,6,15,23,39,17,41,30,16,8,11,3,25,34,42,18,12,12,16,8,27,20,14,20,26,35,36,30,33,32]
costo_por_agente [17,18,7,23,47,24,11,15,24,25,16,23,14,49,19,16,24,15,12,31,30,11,42,524,3,20,18,21,24,16,38,18,20,56,24,10,27,17,45,26,7,6,15,18,19,8,41,21,20,8,10,3,10,36,28,20,12,12,18,8,21,20,14,21,20,35,24,19,16,33]
completion_time_por_agente [17,20,7,23,49,36,11,18,107,28,16,23,47,73,22,24,115,15,12,0,30,150,43,0,0,0,498,57,24,0,46,18,53,0,61,10,27,0,46,28,8,6,15,32,0,110,48,0,22,8,11,3,0,55,0,20,12,12,20,10,0,21,14,27,68,35,161,0,49,41]
tiempo_ultimo_agente_goal 55
tiempo_en_acabar 1000
tiempo_promedio 36.599998
agentes_en_goal 37
bad_good_total_rate_pred [73916,223002,296918,0.8]
push_out_count 0
RUN 25
valores_ideales [17,18,5,21,47,29,11,11,29,23,14,23,39,23,19,14,40,15,10,21,30,20,40,19,18,33,44,40,24,42,31,18,34,36,16,10,25,28,45,24,5,6,15,23,39,17,41,30,16,8,11,3,25,34,42,18,12,12,16,8,27,20,14,20,26,35,36,30,33,32]
costo_por_agente [17,22,7,21,47,33,11,13,20,23,19,23,20,16,19,20,24,15,16,979,30,11,23,22,18,10,29,23,24,27,16,18,22,26,38,12,27,17,21,16,5,6,17,25,41,29,23,22,20,8,11,3,20,10,15,18,12,12,20,8,17,22,14,15,27,35,23,30,17,24]
completion_time_por_agente [17,39,7,21,58,33,11,14,107,23,16,23,47,73,21,21,115,15,12,0,31,150,43,0,0,0,498,57,24,0,46,18,53,0,61,12,28,0,46,28,5,6,20,25,53,110,48,0,21,8,11,3,0,55,0,18,12,12,20,9,0,23,14,27,68,35,161,0,49,41]
tiempo_ultimo_agente_goal 58
tiempo_en_acabar 1000
tiempo_promedio 37.457142
agentes_en_goal 35
bad_good_total_rate_pred [83889,310904,394793,0.8]
push_out_count 0
RUN 26
valores_ideales [17,18,5,21,47,29,11,11,29,23,14,23,39,23,19,14,40,15,10,21,30,20,40,19,18,33,44,40,24,42,31,18,34,36,16,10,25,28,45,24,5,6,15,23,39,17,41,30,16,8,11,3,25,34,42,18,12,12,16,8,27,20,14,20,26,35,36,30,33,32]
costo_por_agente [19,19,7,21,20,29,11,16,47,25,29,23,12,39,25,16,20,15,16,23,30,15,14,11,5,10,20,42,24,18,21,18,15,16,10,12,29,21,45,26,5,6,17,18,16,29,18,22,18,8,11,3,38,10,15,18,12,12,16,8,19,20,14,16,18,35,22,18,25,34]
completion_time_por_agente [22,39,7,21,58,30,11,14,107,27,16,23,47,64,39,19,115,15,12,0,30,150,43,0,0,0,498,47,24,0,46,18,53,0,61,13,31,0,47,31,5,6,18,25,53,109,48,0,20,8,11,3,0,55,0,18,12,12,16,8,0,20,16,27,68,35,161,0,49,42]
tiempo_ultimo_agente_goal 109
tiempo_en_acabar 1000
tiempo_promedio 37.471428
agentes_en_goal 36
bad_good_total_rate_pred [104689,209419,314108,0.7]
push_out_count 0
RUN 27
valores_ideales [17,18,5,21,47,29,11,11,29,23,14,23,39,23,19,14,40,15,10,21,30,20,40,19,18,33,44,40,24,42,31,18,34,36,16,10,25,28,45,24,5,6,15,23,39,17,41,30,16,8,11,3,25,34,42,18,12,12,16,8,27,20,14,20,26,35,36,30,33,32]
costo_por_agente [19,20,5,21,30,55,11,13,49,23,37,23,41,31,19,16,19,15,12,29,30,14,46,823,18,5,32,19,24,21,24,18,20,32,27,10,27,22,47,26,7,6,15,33,27,19,18,69,20,8,11,3,33,5,18,20,12,12,16,8,20,20,14,22,18,35,29,20,49,20]
completion_time_por_agente [21,20,5,21,58,30,11,15,107,23,16,23,41,64,22,20,115,17,16,0,31,150,58,0,0,0,498,47,24,0,46,18,53,0,61,10,27,0,227,31,7,6,15,54,53,109,48,0,216,8,11,3,238,55,0,20,12,12,16,8,0,21,14,25,68,35,161,0,250,42]
tiempo_ultimo_agente_goal 250
tiempo_en_acabar 1000
tiempo_promedio 49.042858
agentes_en_goal 40
bad_good_total_rate_pred [84193,200489,284682,0.7]
push_out_count 0
RUN 28
valores_ideales [17,18,5,21,47,29,11,11,29,23,14,23,39,23,19,14,40,15,10,21,30,20,40,19,18,33,44,40,24,42,31,18,34,36,16,10,25,28,45,24,5,6,15,23,39,17,41,30,16,8,11,3,25,34,42,18,12,12,16,8,27,20,14,20,26,35,36,30,33,32]
costo_por_agente [17,44,7,21,49,31,11,12,135,23,35,23,44,89,21,16,20,15,12,55,30,25,50,178,19,8,42,52,24,22,55,18,326,48,287,12,159,68,45,32,5,6,15,49,19,229,49,113,111,8,11,3,15,20,20,13,12,11,16,10,97,20,14,20,37,35,62,35,22,40]
completion_time_por_agente [18,20,7,21,876,37,11,15,893,23,16,23,41,64,23,16,115,16,13,0,30,150,91,0,0,0,498,937,24,0,873,19,53,838,61,12,27,0,843,46,5,6,18,61,53,109,48,0,216,8,11,3,238,55,0,20,12,12,16,12,991,20,15,20,68,35,765,0,250,62]
tiempo_ultimo_agente_goal 991
tiempo_en_acabar 1000
tiempo_promedio 141.128571
agentes_en_goal 40
bad_good_total_rate_pred [112193,195137,307330,0.6]
push_out_count 0
RUN 29
valores_ideales [17,18,5,21,47,29,11,11,29,23,14,23,39,23,19,14,40,15,10,21,30,20,40,19,18,33,44,40,24,42,31,18,34,36,16,10,25,28,45,24,5,6,15,23,39,17,41,30,16,8,11,3,25,34,42,18,12,12,16,8,27,20,14,20,26,35,36,30,33,32]
costo_por_agente [17,22,5,21,47,31,11,13,42,23,20,23,19,17,21,16,25,15,10,6,30,10,26,22,5,15,19,36,24,17,28,18,15,17,18,10,29,23,45,26,5,6,15,37,19,4,41,21,17,10,11,3,11,20,20,20,12,12,16,8,112,20,14,15,21,35,23,19,16,21]
completion_time_por_agente [17,20,5,21,66,47,11,17,893,23,22,23,41,64,29,20,115,15,13,0,30,150,91,0,0,0,498,937,24,0,873,18,53,838,61,10,30,0,50,46,5,6,18,61,53,109,83,0,216,10,11,3,238,55,0,21,12,12,16,8,991,21,14,20,68,35,765,0,250,62]
tiempo_ultimo_agente_goal 83
tiempo_en_acabar 1000
tiempo_promedio 119.057144
agentes_en_goal 36
bad_good_total_rate_pred [138408,183038,321446,0.6]
push_out_count 0
RUN 30
valores_ideales [17,18,5,21,47,29,11,11,29,23,14,23,39,23,19,14,40,15,10,21,30,20,40,19,18,33,44,40,24,42,31,18,34,36,16,10,25,28,45,24,5,6,15,23,39,17,41,30,16,8,11,3,25,34,42,18,12,12,16,8,27,20,14,20,26,35,36,30,33,32]
costo_por_agente [17,19,5,21,18,22,11,15,21,23,18,23,21,29,21,20,19,15,783,15,30,17,28,28,10,38,22,10,24,20,16,18,23,28,24,10,19,28,45,30,5,6,15,25,16,10,45,32,15,8,11,3,17,15,19,18,12,20,16,8,24,20,14,20,16,22,19,21,20,17]
completion_time_por_agente [18,20,5,21,66,47,11,16,893,23,20,23,41,64,21,22,115,15,13,0,30,150,91,0,0,0,498,937,24,0,873,18,53,838,61,10,30,0,48,63,5,6,15,61,53,109,59,0,216,8,11,3,238,55,0,19,12,22,16,8,991,20,14,21,68,35,765,0,250,62]
tiempo_ultimo_agente_goal 63
tiempo_en_acabar 1000
tiempo_promedio 118.857140
agentes_en_goal 32
bad_good_total_rate_pred [136802,218198,355000,0.6]
push_out_count 0
RUN 31
valores_ideales [17,18,5,21,47,29,11,11,29,23,14,23,39,23,19,14,40,15,10,21,30,20,40,19,18,33,44,40,24,42,31,18,34,36,16,10,25,28,45,24,5,6,15,23,39,17,41,30,16,8,11,3,25,34,42,18,12,12,16,8,27,20,14,20,26,35,36,30,33,32]
costo_por_agente [17,20,5,21,16,35,11,15,20,23,18,23,16,18,15,20,20,15,15,12,30,12,18,18,7,5,24,6,24,22,22,18,17,18,18,12,25,18,18,28,7,6,15,19,19,11,41,20,44,8,11,3,14,5,13,20,12,12,16,8,18,20,14,16,21,35,25,20,16,20]
completion_time_por_agente [18,20,5,21,66,40,11,19,893,23,23,23,41,64,21,23,115,15,13,0,31,150,91,0,0,0,498,937,26,0,873,18,53,838,61,12,25,0,48,38,8,6,15,61,53,109,45,0,216,8,11,3,238,55,0,20,12,12,16,8,991,20,14,21,68,35,765,0,250,62]
tiempo_ultimo_agente_goal 45
tiempo_en_acabar 1000
tiempo_promedio 118.214287
agentes_en_goal 33
bad_good_total_rate_pred [76324,265290,341614,0.8]
push_out_count 0
RUN 32
valores_ideales [17,18,5,21,47,29,11,11,29,23,14,23,39,23,19,14,40,15,10,21,30,20,40,19,18,33,44,40,24,42,31,18,34,36,16,10,25,28,45,24,5,6,15,23,39,17,41,30,16,8,11,3,25,34,42,18,12,12,16,8,27,20,14,20,26,35,36,30,33,32]
costo_por_agente [19,22,9,21,22,23,11,13,49,23,16,23,15,24,21,18,20,15,10,32,30,12,42,15,16,17,26,14,24,34,23,18,23,18,47,10,29,17,48,28,5,6,15,30,24,21,41,20,16,8,11,3,38,19,24,18,12,12,16,8,23,20,7,20,19,35,31,21,25,14]
completion_time_por_agente [19,20,9,21,66,40,11,15,82,23,19,23,41,64,23,21,115,15,10,0,30,150,53,0,0,0,498,937,24,0,873,18,53,838,61,10,30,0,48,53,5,6,15,61,53,21,52,0,216,8,11,3,238,55,0,18,12,12,16,8,991,20,14,22,68,35,765,0,250,62]
tiempo_ultimo_agente_goal 82
tiempo_en_acabar 1000
tiempo_promedio 105.000000
agentes_en_goal 36
bad_good_total_rate_pred [124160,256208,380368,0.7]
push_out_count 0
RUN 33
valores_ideales [17,18,5,21,47,29,11,11,29,23,14,23,39,23,19,14,40,15,10,21,30,20,40,19,18,33,44,40,24,42,31,18,34,36,16,10,25,28,45,24,5,6,15,23,39,17,41,30,16,8,11,3,25,34,42,18,12,12,16,8,27,20,14,20,26,35,36,30,33,32]
costo_por_agente [19,22,5,21,22,33,11,13,37,23,28,23,41,18,21,16,24,15,10,9,30,14,20,20,9,18,23,22,24,21,26,18,20,167,708,10,27,16,25,14,5,6,17,33,22,30,41,21,22,8,11,3,17,18,27,20,12,12,16,8,20,20,14,17,18,35,20,19,26,13]
completion_time_por_agente [23,20,5,21,66,44,11,20,42,23,19,23,50,64,35,16,115,15,11,0,31,150,53,0,0,0,498,937,24,0,873,18,53,838,61,11,27,0,48,53,5,6,18,61,53,21,44,0,216,8,11,3,238,55,0,20,12,12,17,9,991,20,14,22,68,35,765,0,250,62]
tiempo_ultimo_agente_goal 50
tiempo_en_acabar 1000
tiempo_promedio 104.771431
agentes_en_goal 34
bad_good_total_rate_pred [137686,292428,430114,0.7]
push_out_count 0
RUN 34
valores_ideales [17,18,5,21,47,29,11,11,29,23,14,23,39,23,19,14,40,15,10,21,30,20,40,19,18,33,44,40,24,42,31,18,34,36,16,10,25,28,45,24,5,6,15,23,39,17,41,30,16,8,11,3,25,34,42,18,12,12,16,8,27,20,14,20,26,35,36,30,33,32]
costo_por_agente [19,20,9,21,47,29,11,13,17,23,18,23,17,19,19,18,27,15,12,17,30,11,18,16,15,17,25,19,24,23,15,18,19,22,19,12,29,24,22,26,5,6,15,15,17,16,16,22,17,8,11,3,16,16,308,18,12,12,16,8,17,20,14,22,20,35,21,27,12,14]
completion_time_por_agente [19,20,10,21,63,33,11,20,42,23,20,23,50,64,21,19,115,16,13,0,30,150,53,0,0,0,498,937,24,0,873,18,53,838,61,12,39,0,48,31,5,6,18,61,53,21,44,0,216,8,11,3,238,55,0,18,12,12,16,9,991,20,14,22,68,35,765,0,250,62]
tiempo_ultimo_agente_goal 63
tiempo_en_acabar 1000
tiempo_promedio 104.300003
agentes_en_goal 34
bad_good_total_rate_pred [116202,293802,410004,0.7]
push_out_count 0
RUN 35
valores_ideales [17,18,5,21,47,29,11,11,29,23,14,23,39,23,19,14,40,15,10,21,30,20,40,19,18,33,44,40,24,42,31,18,34,36,16,10,25,28,45,24,5,6,15,23,39,17,41,30,16,8,11,3,25,34,42,18,12,12,16,8,27,20,14,20,26,35,36,30,33,32]
costo_por_agente [13,22,7,21,51,33,11,13,19,23,30,23,39,20,19,20,955,15,10,13,30,15,40,24,12,16,26,24,24,23,19,18,43,19,18,10,27,20,24,17,5,6,15,21,29,28,41,27,27,8,11,3,19,17,20,18,12,16,16,8,19,22,14,15,28,35,26,19,19,26]
completion_time_por_agente [19,25,7,21,85,47,11,15,42,23,20,23,45,64,21,23,115,15,13,0,30,150,46,0,0,0,498,937,24,0,873,18,53,838,61,10,28,0,48,31,5,6,18,61,53,21,42,0,216,8,11,3,238,55,0,22,12,19,17,9,991,23,22,22,68,37,765,0,250,62]
tiempo_ultimo_agente_goal 85
tiempo_en_acabar 1000
tiempo_promedio 104.785713
agentes_en_goal 35
bad_good_total_rate_pred [113400,251687,365087,0.7]
push_out_count 0
RUN 36
valores_ideales [17,18,5,21,47,29,11,11,29,23,14,23,39,23,19,14,40,15,10,21,30,20,40,19,18,33,44,40,24,42,31,18,34,36,16,10,25,28,45,24,5,6,15,23,39,17,41,30,16,8,11,3,25,34,42,18,12,12,16,8,27,20,14,20,26,35,36,30,33,32]
costo_por_agente [23,26,9,21,47,16,11,13,39,23,25,23,17,115,21,16,21,15,12,21,30,16,52,23,13,14,25,23,24,23,16,18,14,15,14,10,21,25,23,17,5,6,15,20,24,17,18,120,16,10,11,3,16,14,15,20,12,16,16,8,18,20,14,17,21,35,20,38,21,13]
completion_time_por_agente [23,28,10,21,53,47,11,19,76,23,20,23,45,64,27,17,115,15,12,0,30,150,46,0,0,0,498,937,24,0,873,18,53,838,61,10,28,0,48,31,5,6,16,61,53,21,42,0,21,11,11,3,238,55,0,21,12,18,18,8,991,20,14,22,68,35,765,0,250,62]
tiempo_ultimo_agente_goal 76
tiempo_en_acabar 1000
tiempo_promedio 102.014282
agentes_en_goal 33
bad_good_total_rate_pred [143764,236482,380246,0.6]
push_out_count 0
RUN 37
valores_ideales [17,18,5,21,47,29,11,11,29,23,14,23,39,23,19,14,40,15,10,21,30,20,40,19,18,33,44,40,24,42,31,18,34,36,16,10,25,28,45,24,5,6,15,23,39,17,41,30,16,8,11,3,25,34,42,18,12,12,16,8,27,20,14,20,26,35,36,30,33,32]
costo_por_agente [19,21,7,21,21,29,11,19,12,23,19,23,11,14,21,16,20,15,20,21,30,13,17,371,15,14,30,40,24,26,22,18,19,17,19,10,33,18,45,26,5,6,17,8,15,11,19,20,20,10,11,3,21,20,20,18,12,16,16,8,23,20,14,16,20,35,25,19,19,32]
completion_time_por_agente [22,28,7,21,53,29,11,22,76,23,20,23,45,64,23,20,115,15,12,0,30,150,46,0,0,0,498,44,24,0,873,18,53,838,61,10,42,0,54,31,5,6,18,61,53,21,42,0,21,10,11,3,238,55,0,19,12,17,16,9,991,20,14,22,68,35,765,0,250,32]
tiempo_ultimo_agente_goal 54
tiempo_en_acabar 1000
tiempo_promedio 88.785713
agentes_en_goal 34
bad_good_total_rate_pred [189220,250724,439944,0.6]
push_out_count 0
RUN 38
valores_ideales [17,18,5,21,47,29,11,11,29,23,14,23,39,23,19,14,40,15,10,21,30,20,40,19,18,33,44,40,24,42,31,18,34,36,16,10,25,28,45,24,5,6,15,23,39,17,41,30,16,8,11,3,25,34,42,18,12,12,16,8,27,20,14,20,26,35,36,30,33,32]
costo_por_agente [17,16,7,21,47,37,11,13,41,23,20,23,14,20,19,16,25,15,13,71,30,14,19,16,18,28,58,40,24,33,22,18,13,33,22,10,25,21,18,26,5,6,15,37,20,20,41,19,16,8,11,3,23,33,33,18,12,12,16,8,25,20,14,20,18,35,22,22,22,52]
completion_time_por_agente [18,28,7,21,50,44,11,14,58,26,24,23,45,64,23,19,115,15,12,0,30,150,46,0,0,0,498,41,26,0,873,18,53,838,61,10,25,0,54,34,5,6,18,61,53,21,47,0,21,8,11,3,238,55,0,18,12,12,16,8,991,20,15,22,68,35,765,0,250,32]
tiempo_ultimo_agente_goal 58
tiempo_en_acabar 1000
tiempo_promedio 88.357140
agentes_en_goal 35
bad_good_total_rate_pred [121440,268491,389931,0.7]
push_out_count 0
RUN 39
valores_ideales [17,18,5,21,47,29,11,11,29,23,14,23,39,23,19,14,40,15,10,21,30,20,40,19,18,33,44,40,24,42,31,18,34,36,16,10,25,28,45,24,5,6,15,23,39,17,41,30,16,8,11,3,25,34,42,18,12,12,16,8,27,20,14,20,26,35,36,30,33,32]
costo_por_agente [17,20,7,21,16,13,11,13,16,23,321,23,15,16,19,12,19,15,13,10,30,8,23,14,8,20,24,19,24,22,15,18,19,16,17,10,27,16,27,26,5,6,15,16,22,16,17,22,18,8,11,3,16,17,15,18,12,12,16,8,16,22,14,22,20,35,22,19,17,14]
completion_time_por_agente [20,28,9,21,50,44,11,13,58,23,24,23,45,64,21,19,115,15,12,0,30,150,46,0,0,0,498,41,24,0,873,18,53,838,61,10,28,0,54,34,5,6,15,61,53,21,47,0,21,8,11,3,238,55,0,19,12,12,16,9,991,22,15,22,68,35,765,0,250,32]
tiempo_ultimo_agente_goal 35
tiempo_en_acabar 1000
tiempo_promedio 88.357140
agentes_en_goal 29
bad_good_total_rate_pred [184486,263702,448188,0.6]
push_out_count 0
