RUN 0
valores_ideales [30,38,8,22,10,19,36,10,15,15,35,26,32,15,32,22,31,21,38,25,28,3,33,46,42,9,23,22,8,7,17,18,25,23,16,14,27,33,16,20,31,28,17,30,5,15,23,19,2,35]
costo_por_agente [36,38,8,24,10,21,42,10,15,15,35,26,25,17,40,989,31,23,22,29,23,3,33,46,44,9,23,23,8,7,19,18,25,31,16,16,27,33,16,20,33,28,17,31,7,15,30,19,2,35]
completion_time_por_agente [47,47,9,26,11,22,48,11,15,15,37,28,0,17,42,0,31,0,0,0,0,3,33,48,45,9,26,0,8,7,19,18,25,31,16,17,29,33,16,20,36,28,17,0,8,15,0,19,2,37]
tiempo_ultimo_agente_goal 48
tiempo_en_acabar 1000
tiempo_promedio 19.420000
agentes_en_goal 41
bad_good_total_rate_pred [8928,40902,49830,0.8]
push_out_count 0
RUN 1
valores_ideales [30,38,8,22,10,19,36,10,15,15,35,26,32,15,32,22,31,21,38,25,28,3,33,46,42,9,23,22,8,7,17,18,25,23,16,14,27,33,16,20,31,28,17,30,5,15,23,19,2,35]
costo_por_agente [16,38,4,44,10,21,19,10,15,15,35,26,26,15,27,14,31,34,28,18,21,3,33,48,20,9,23,38,8,7,19,18,25,23,16,16,27,33,16,20,35,28,17,16,503,15,17,18,2,24]
completion_time_por_agente [47,41,9,51,10,22,48,10,15,15,36,26,0,15,42,0,31,0,0,0,0,3,33,53,45,9,24,0,12,7,19,18,25,26,16,17,28,33,16,24,40,28,17,0,8,15,0,19,2,37]
tiempo_ultimo_agente_goal 53
tiempo_en_acabar 1000
tiempo_promedio 19.840000
agentes_en_goal 33
bad_good_total_rate_pred [13526,80274,93800,0.9]
push_out_count 0
RUN 2
valores_ideales [30,38,8,22,10,19,36,10,15,15,35,26,32,15,32,22,31,21,38,25,28,3,33,46,42,9,23,22,8,7,17,18,25,23,16,14,27,33,16,20,31,28,17,30,5,15,23,19,2,35]
costo_por_agente [18,38,10,21,10,21,21,10,15,15,37,26,44,15,32,17,31,16,38,35,34,3,33,46,19,9,23,38,10,7,19,18,25,23,16,16,27,33,16,20,53,28,17,14,32,15,25,19,2,43]
completion_time_por_agente [47,54,12,51,10,24,48,10,15,15,37,26,83,15,51,0,31,0,69,63,84,3,33,46,45,9,24,0,12,7,19,18,25,25,16,17,28,33,16,24,53,28,17,0,8,15,0,41,2,84]
tiempo_ultimo_agente_goal 84
tiempo_en_acabar 1000
tiempo_promedio 27.860001
agentes_en_goal 40
bad_good_total_rate_pred [7133,49271,56404,0.9]
push_out_count 0
RUN 3
valores_ideales [30,38,8,22,10,19,36,10,15,15,35,26,32,15,32,22,31,21,38,25,28,3,33,46,42,9,23,22,8,7,17,18,25,23,16,14,27,33,16,20,31,28,17,30,5,15,23,19,2,35]
costo_por_agente [34,19,8,19,10,21,34,10,15,15,35,26,48,15,32,18,31,19,22,14,18,3,33,46,22,9,23,23,8,7,19,18,25,21,16,16,27,33,16,20,20,28,17,21,21,15,20,19,2,19]
completion_time_por_agente [34,54,9,51,11,22,48,10,15,15,40,26,83,16,41,0,31,0,69,63,84,3,33,47,45,10,24,0,12,7,19,18,25,25,16,17,28,34,16,24,53,28,17,0,8,15,0,19,2,84]
tiempo_ultimo_agente_goal 83
tiempo_en_acabar 1000
tiempo_promedio 27.020000
agentes_en_goal 34
bad_good_total_rate_pred [33796,101099,134895,0.7]
push_out_count 0
RUN 4
valores_ideales [30,38,8,22,10,19,36,10,15,15,35,26,32,15,32,22,31,21,38,25,28,3,33,46,42,9,23,22,8,7,17,18,25,23,16,14,27,33,16,20,31,28,17,30,5,15,23,19,2,35]
costo_por_agente [16,16,10,36,12,21,42,10,15,15,37,26,62,15,14,28,31,28,58,13,12,3,33,17,23,9,23,14,10,7,19,18,25,27,16,14,27,33,16,20,17,28,17,15,21,15,13,19,2,35]
completion_time_por_agente [34,54,11,50,12,22,44,10,15,15,44,26,83,15,41,37,31,0,69,63,84,3,33,47,45,10,24,0,12,7,19,18,25,51,16,14,28,34,17,24,53,28,17,0,8,15,0,19,2,42]
tiempo_ultimo_agente_goal 51
tiempo_en_acabar 1000
tiempo_promedio 27.420000
agentes_en_goal 35
bad_good_total_rate_pred [30969,49736,80705,0.6]
push_out_count 0
RUN 5
valores_ideales [30,38,8,22,10,19,36,10,15,15,35,26,32,15,32,22,31,21,38,25,28,3,33,46,42,9,23,22,8,7,17,18,25,23,16,14,27,33,16,20,31,28,17,30,5,15,23,19,2,35]
costo_por_agente [18,22,10,17,10,16,29,10,17,15,16,26,20,15,17,31,31,17,19,27,28,3,33,46,42,9,23,18,10,7,19,18,25,16,16,16,27,33,16,20,23,28,17,14,14,15,17,19,2,17]
completion_time_por_agente [34,54,11,50,10,22,44,10,17,15,44,26,83,15,41,37,31,0,69,63,84,3,33,48,45,9,24,0,12,7,19,18,25,51,16,17,28,34,16,20,53,28,17,0,8,15,0,19,2,42]
tiempo_ultimo_agente_goal 48
tiempo_en_acabar 1000
tiempo_promedio 27.379999
agentes_en_goal 30
bad_good_total_rate_pred [30673,138291,168964,0.8]
push_out_count 0
RUN 6
valores_ideales [30,38,8,22,10,19,36,10,15,15,35,26,32,15,32,22,31,21,38,25,28,3,33,46,42,9,23,22,8,7,17,18,25,23,16,14,27,33,16,20,31,28,17,30,5,15,23,19,2,35]
costo_por_agente [19,19,8,14,10,20,20,10,15,15,35,26,20,15,19,15,31,709,19,20,15,3,33,20,21,9,23,15,8,7,19,18,25,16,16,14,27,33,16,20,17,28,17,14,12,15,15,19,2,16]
completion_time_por_agente [34,54,11,50,11,22,44,10,15,15,36,26,83,15,41,37,31,0,69,63,84,3,33,48,45,9,24,0,12,7,19,18,25,51,16,14,28,33,16,24,53,28,17,0,8,15,0,19,2,42]
tiempo_ultimo_agente_goal 36
tiempo_en_acabar 1000
tiempo_promedio 27.200001
agentes_en_goal 29
bad_good_total_rate_pred [68299,109097,177396,0.6]
push_out_count 0
RUN 7
valores_ideales [30,38,8,22,10,19,36,10,15,15,35,26,32,15,32,22,31,21,38,25,28,3,33,46,42,9,23,22,8,7,17,18,25,23,16,14,27,33,16,20,31,28,17,30,5,15,23,19,2,35]
costo_por_agente [19,59,10,15,12,21,20,10,15,15,37,26,20,15,21,16,31,20,20,39,16,3,33,46,23,9,23,20,8,7,19,18,25,25,16,16,27,33,16,20,33,28,17,22,16,15,22,19,2,18]
completion_time_por_agente [34,54,12,50,12,22,44,10,15,15,109,26,83,16,41,37,31,0,69,63,84,3,33,115,45,9,24,0,12,7,19,18,25,98,16,19,28,35,16,24,102,28,17,0,8,15,0,19,2,42]
tiempo_ultimo_agente_goal 115
tiempo_en_acabar 1000
tiempo_promedio 32.119999
agentes_en_goal 33
bad_good_total_rate_pred [35891,96783,132674,0.7]
push_out_count 0
RUN 8
valores_ideales [30,38,8,22,10,19,36,10,15,15,35,26,32,15,32,22,31,21,38,25,28,3,33,46,42,9,23,22,8,7,17,18,25,23,16,14,27,33,16,20,31,28,17,30,5,15,23,19,2,35]
costo_por_agente [46,26,8,48,10,21,22,10,15,15,35,26,25,15,31,33,31,33,40,25,37,3,33,46,27,9,23,27,10,7,19,18,25,23,16,18,27,33,16,20,33,28,17,15,24,15,16,19,2,37]
completion_time_por_agente [76,54,12,92,10,22,44,10,15,15,36,44,83,15,41,37,31,0,69,63,84,3,33,74,45,9,25,0,12,8,19,18,25,24,16,19,28,33,17,24,102,28,17,0,8,16,0,19,2,71]
tiempo_ultimo_agente_goal 92
tiempo_en_acabar 1000
tiempo_promedio 30.959999
agentes_en_goal 36
bad_good_total_rate_pred [31671,60767,92438,0.7]
push_out_count 0
RUN 9
valores_ideales [30,38,8,22,10,19,36,10,15,15,35,26,32,15,32,22,31,21,38,25,28,3,33,46,42,9,23,22,8,7,17,18,25,23,16,14,27,33,16,20,31,28,17,30,5,15,23,19,2,35]
costo_por_agente [22,18,8,40,10,21,20,10,15,15,21,26,18,15,13,14,31,20,18,18,34,3,33,46,21,9,23,15,8,7,19,18,25,20,16,16,27,33,16,20,25,28,17,14,11,15,22,20,2,15]
completion_time_por_agente [76,54,9,61,10,22,44,10,15,15,36,26,83,16,41,37,31,0,69,63,58,3,33,71,45,9,24,0,12,9,19,18,25,24,16,17,29,33,16,24,102,28,17,0,13,15,0,19,2,71]
tiempo_ultimo_agente_goal 71
tiempo_en_acabar 1000
tiempo_promedio 29.400000
agentes_en_goal 32
bad_good_total_rate_pred [16948,99860,116808,0.9]
push_out_count 0
RUN 10
valores_ideales [30,38,8,22,10,19,36,10,15,15,35,26,32,15,32,22,31,21,38,25,28,3,33,46,42,9,23,22,8,7,17,18,25,23,16,14,27,33,16,20,31,28,17,30,5,15,23,19,2,35]
costo_por_agente [30,30,10,26,10,21,22,10,15,15,35,26,26,15,32,13,31,22,413,25,16,3,33,46,20,9,23,13,10,7,19,18,25,23,16,18,27,35,16,20,20,28,17,15,18,15,15,19,2,35]
completion_time_por_agente [33,54,11,61,11,25,44,10,15,15,36,26,83,15,35,37,31,0,69,63,58,3,33,49,45,9,24,0,12,7,19,18,25,24,16,19,28,39,16,24,102,28,17,0,13,15,0,19,2,37]
tiempo_ultimo_agente_goal 49
tiempo_en_acabar 1000
tiempo_promedio 27.500000
agentes_en_goal 35
bad_good_total_rate_pred [84030,31105,115135,0.3]
push_out_count 0
RUN 11
valores_ideales [30,38,8,22,10,19,36,10,15,15,35,26,32,15,32,22,31,21,38,25,28,3,33,46,42,9,23,22,8,7,17,18,25,23,16,14,27,33,16,20,31,28,17,30,5,15,23,19,2,35]
costo_por_agente [25,35,8,32,10,21,48,10,15,15,27,26,38,15,28,42,31,24,20,20,16,3,33,46,42,9,23,27,8,7,19,18,25,23,16,16,27,33,16,20,31,28,17,38,20,15,28,19,2,39]
completion_time_por_agente [33,54,9,44,10,22,59,10,15,15,36,26,63,15,35,59,31,0,69,63,58,3,33,50,43,9,24,0,12,7,19,18,25,26,16,17,28,42,16,24,35,28,17,53,13,15,0,19,2,41]
tiempo_ultimo_agente_goal 63
tiempo_en_acabar 1000
tiempo_promedio 27.219999
agentes_en_goal 39
bad_good_total_rate_pred [8269,49979,58248,0.9]
push_out_count 0
RUN 12
valores_ideales [30,38,8,22,10,19,36,10,15,15,35,26,32,15,32,22,31,21,38,25,28,3,33,46,42,9,23,22,8,7,17,18,25,23,16,14,27,33,16,20,31,28,17,30,5,15,23,19,2,35]
costo_por_agente [20,22,10,15,10,21,19,10,15,15,17,26,21,15,17,8,31,13,22,20,18,3,33,46,19,9,23,13,8,7,19,18,25,25,16,16,27,33,16,20,19,28,17,14,15,15,18,18,2,19]
completion_time_por_agente [33,54,11,44,10,24,59,10,15,15,36,26,63,15,35,59,31,0,69,63,58,3,33,46,43,9,24,0,12,7,20,18,25,25,16,17,28,33,17,21,35,28,17,53,13,15,0,19,2,41]
tiempo_ultimo_agente_goal 46
tiempo_en_acabar 1000
tiempo_promedio 27.000000
agentes_en_goal 30
bad_good_total_rate_pred [20816,146023,166839,0.9]
push_out_count 0
RUN 13
valores_ideales [30,38,8,22,10,19,36,10,15,15,35,26,32,15,32,22,31,21,38,25,28,3,33,46,42,9,23,22,8,7,17,18,25,23,16,14,27,33,16,20,31,28,17,30,5,15,23,19,2,35]
costo_por_agente [18,21,10,15,12,21,19,10,15,15,16,26,21,15,18,9,31,17,21,16,18,3,33,22,20,9,23,15,10,7,19,18,25,23,16,16,27,33,16,20,16,28,17,13,17,15,14,18,2,18]
completion_time_por_agente [33,54,14,44,12,21,59,10,15,15,36,28,63,15,35,59,31,0,69,63,58,3,34,46,43,9,26,0,12,7,19,18,25,24,16,17,28,33,16,24,35,28,17,53,13,15,0,19,2,41]
tiempo_ultimo_agente_goal 34
tiempo_en_acabar 1000
tiempo_promedio 27.139999
agentes_en_goal 29
bad_good_total_rate_pred [103290,82357,185647,0.4]
push_out_count 0
RUN 14
valores_ideales [30,38,8,22,10,19,36,10,15,15,35,26,32,15,32,22,31,21,38,25,28,3,33,46,42,9,23,22,8,7,17,18,25,23,16,14,27,33,16,20,31,28,17,30,5,15,23,19,2,35]
costo_por_agente [25,20,10,28,10,21,30,10,15,15,35,26,36,15,36,18,31,16,20,657,19,3,33,26,42,9,23,20,8,7,19,18,25,62,16,16,27,33,16,20,22,28,17,20,19,15,24,19,2,20]
completion_time_por_agente [33,54,12,44,12,22,59,10,15,15,36,26,84,15,41,59,31,0,69,63,58,3,33,46,62,10,24,0,12,7,19,18,25,24,16,17,28,36,16,24,35,28,17,53,13,15,0,19,2,41]
tiempo_ultimo_agente_goal 84
tiempo_en_acabar 1000
tiempo_promedio 28.020000
agentes_en_goal 33
bad_good_total_rate_pred [20695,115317,136012,0.8]
push_out_count 0
RUN 15
valores_ideales [30,38,8,22,10,19,36,10,15,15,35,26,32,15,32,22,31,21,38,25,28,3,33,46,42,9,23,22,8,7,17,18,25,23,16,14,27,33,16,20,31,28,17,30,5,15,23,19,2,35]
costo_por_agente [21,22,8,14,10,21,23,10,15,15,43,26,20,15,34,23,31,15,40,17,16,3,33,23,26,9,23,26,8,7,19,18,25,19,16,16,27,33,16,20,24,28,17,13,14,15,23,18,2,26]
completion_time_por_agente [33,54,11,44,11,21,59,10,15,15,79,26,84,15,40,59,31,0,67,63,58,3,33,46,62,9,24,0,12,7,19,18,25,24,16,17,28,33,16,24,35,28,17,53,13,15,0,19,2,41]
tiempo_ultimo_agente_goal 79
tiempo_en_acabar 1000
tiempo_promedio 28.680000
agentes_en_goal 31
bad_good_total_rate_pred [31420,107193,138613,0.8]
push_out_count 0
RUN 16
valores_ideales [30,38,8,22,10,19,36,10,15,15,35,26,32,15,32,22,31,21,38,25,28,3,33,46,42,9,23,22,8,7,17,18,25,23,16,14,27,33,16,20,31,28,17,30,5,15,23,19,2,35]
costo_por_agente [18,21,8,32,10,21,21,10,15,15,37,26,19,15,17,13,31,15,16,22,15,3,33,22,23,9,23,21,8,7,19,18,25,21,18,18,27,33,16,20,19,28,17,22,15,15,14,19,2,17]
completion_time_por_agente [33,54,9,57,10,21,59,10,15,15,49,26,84,15,40,59,31,0,67,63,58,3,33,46,62,9,24,0,12,7,19,18,25,24,19,19,28,33,16,24,35,28,17,53,25,15,0,19,2,41]
tiempo_ultimo_agente_goal 57
tiempo_en_acabar 1000
tiempo_promedio 28.620001
agentes_en_goal 32
bad_good_total_rate_pred [35476,99824,135300,0.7]
push_out_count 0
RUN 17
valores_ideales [30,38,8,22,10,19,36,10,15,15,35,26,32,15,32,22,31,21,38,25,28,3,33,46,42,9,23,22,8,7,17,18,25,23,16,14,27,33,16,20,31,28,17,30,5,15,23,19,2,35]
costo_por_agente [22,22,6,18,10,21,19,10,15,15,16,26,19,15,22,11,31,15,20,17,16,3,33,46,42,9,23,23,10,7,19,18,25,25,16,16,27,13,16,20,14,28,17,17,22,15,18,19,8,18]
completion_time_por_agente [33,54,9,57,12,22,59,10,15,15,49,26,84,16,40,59,31,0,67,63,58,3,33,46,42,46,24,0,12,7,19,18,25,30,16,17,28,33,16,24,35,28,17,53,25,15,0,19,9,41]
tiempo_ultimo_agente_goal 46
tiempo_en_acabar 1000
tiempo_promedio 29.200001
agentes_en_goal 30
bad_good_total_rate_pred [43412,131398,174810,0.8]
push_out_count 0
RUN 18
valores_ideales [30,38,8,22,10,19,36,10,15,15,35,26,32,15,32,22,31,21,38,25,28,3,33,46,42,9,23,22,8,7,17,18,25,23,16,14,27,33,16,20,31,28,17,30,5,15,23,19,2,35]
costo_por_agente [12,23,10,18,10,21,22,10,15,15,23,26,20,15,21,28,31,31,21,21,18,3,33,23,20,9,23,17,8,7,19,18,25,20,16,16,27,33,16,20,17,28,17,14,23,15,13,19,2,21]
completion_time_por_agente [33,54,12,57,10,21,59,10,15,15,49,26,84,15,40,34,31,0,67,63,58,3,33,46,42,9,24,0,12,7,19,18,25,30,16,17,28,33,16,24,35,28,17,53,25,15,0,19,2,41]
tiempo_ultimo_agente_goal 34
tiempo_en_acabar 1000
tiempo_promedio 27.799999
agentes_en_goal 30
bad_good_total_rate_pred [84740,108533,193273,0.6]
push_out_count 0
RUN 19
valores_ideales [30,38,8,22,10,19,36,10,15,15,35,26,32,15,32,22,31,21,38,25,28,3,33,46,42,9,23,22,8,7,17,18,25,23,16,14,27,33,16,20,31,28,17,30,5,15,23,19,2,35]
costo_por_agente [24,21,8,20,10,23,38,10,15,15,35,26,16,15,20,28,31,23,20,23,28,3,33,46,46,9,23,20,10,7,19,18,25,25,16,16,27,33,16,20,19,28,17,19,32,15,16,19,2,24]
completion_time_por_agente [33,54,9,57,10,30,50,10,15,15,40,26,84,15,40,34,31,0,67,63,58,3,33,47,51,9,24,0,12,7,19,18,25,27,16,17,28,33,16,20,35,28,17,53,25,15,0,19,2,41]
tiempo_ultimo_agente_goal 51
tiempo_en_acabar 1000
tiempo_promedio 27.620001
agentes_en_goal 34
bad_good_total_rate_pred [33281,96013,129294,0.7]
push_out_count 0
RUN 20
valores_ideales [30,38,8,22,10,19,36,10,15,15,35,26,32,15,32,22,31,21,38,25,28,3,33,46,42,9,23,22,8,7,17,18,25,23,16,14,27,33,16,20,31,28,17,30,5,15,23,19,2,35]
costo_por_agente [16,19,8,22,12,19,23,10,15,15,35,26,18,15,34,26,31,11,20,20,16,3,33,46,42,9,23,33,10,7,19,18,25,31,16,16,27,33,16,20,17,28,17,20,23,15,15,19,2,18]
completion_time_por_agente [33,54,12,57,12,25,50,10,15,15,37,26,84,15,68,30,31,0,67,63,58,3,33,55,42,9,24,0,12,7,19,18,25,50,16,17,28,35,16,24,35,28,17,53,25,15,0,19,2,41]
tiempo_ultimo_agente_goal 68
tiempo_en_acabar 1000
tiempo_promedio 28.600000
agentes_en_goal 35
bad_good_total_rate_pred [6008,75199,81207,0.9]
push_out_count 0
RUN 21
valores_ideales [30,38,8,22,10,19,36,10,15,15,35,26,32,15,32,22,31,21,38,25,28,3,33,46,42,9,23,22,8,7,17,18,25,23,16,14,27,33,16,20,31,28,17,30,5,15,23,19,2,35]
costo_por_agente [19,25,8,22,10,19,26,10,15,15,25,26,23,15,21,24,31,17,20,20,21,3,33,46,42,9,23,15,8,7,19,18,25,23,16,16,27,35,16,20,16,28,17,22,19,17,12,19,2,18]
completion_time_por_agente [33,54,8,57,10,21,50,10,15,15,37,26,84,15,68,28,31,0,67,63,58,3,33,50,43,10,26,0,12,7,19,18,25,24,16,17,28,43,16,24,35,28,17,53,25,17,0,19,2,41]
tiempo_ultimo_agente_goal 50
tiempo_en_acabar 1000
tiempo_promedio 28.020000
agentes_en_goal 33
bad_good_total_rate_pred [14501,137362,151863,0.9]
push_out_count 0
RUN 22
valores_ideales [30,38,8,22,10,19,36,10,15,15,35,26,32,15,32,22,31,21,38,25,28,3,33,46,42,9,23,22,8,7,17,18,25,23,16,14,27,33,16,20,31,28,17,30,5,15,23,19,2,35]
costo_por_agente [20,21,10,19,12,16,25,10,15,15,37,26,27,15,20,21,31,25,19,483,20,3,33,46,42,9,23,17,10,7,19,18,25,16,16,18,27,33,16,20,35,28,17,16,16,15,17,19,2,37]
completion_time_por_agente [33,54,12,57,12,21,50,10,15,15,43,26,84,15,68,28,31,51,67,63,58,3,33,71,44,9,24,0,12,7,19,18,25,24,16,19,28,33,16,24,40,28,17,53,25,15,0,19,2,61]
tiempo_ultimo_agente_goal 71
tiempo_en_acabar 1000
tiempo_promedio 29.959999
agentes_en_goal 34
bad_good_total_rate_pred [31185,73211,104396,0.7]
push_out_count 0
RUN 23
valores_ideales [30,38,8,22,10,19,36,10,15,15,35,26,32,15,32,22,31,21,38,25,28,3,33,46,42,9,23,22,8,7,17,18,25,23,16,14,27,33,16,20,31,28,17,30,5,15,23,19,2,35]
costo_por_agente [20,23,8,22,10,21,21,10,15,15,35,26,15,15,16,23,31,19,16,20,23,3,33,17,15,9,23,26,10,7,19,18,25,16,16,16,27,33,16,20,31,28,17,18,11,15,21,21,2,43]
completion_time_por_agente [33,54,10,57,10,22,50,10,15,15,57,26,84,15,68,28,31,51,67,63,58,3,33,71,44,9,24,0,18,7,19,18,25,24,16,17,28,33,16,24,52,28,17,53,25,15,0,21,2,67]
tiempo_ultimo_agente_goal 67
tiempo_en_acabar 1000
tiempo_promedio 30.660000
agentes_en_goal 32
bad_good_total_rate_pred [12662,103418,116080,0.9]
push_out_count 0
RUN 24
valores_ideales [30,38,8,22,10,19,36,10,15,15,35,26,32,15,32,22,31,21,38,25,28,3,33,46,42,9,23,22,8,7,17,18,25,23,16,14,27,33,16,20,31,28,17,30,5,15,23,19,2,35]
costo_por_agente [18,19,8,10,10,21,21,10,15,15,17,26,18,15,19,14,31,27,20,19,14,3,33,20,42,9,23,16,10,7,19,18,25,23,16,16,27,37,16,20,26,28,17,22,43,15,17,19,2,18]
completion_time_por_agente [33,54,10,57,10,22,50,10,15,15,57,26,84,15,68,28,31,51,67,63,58,3,33,71,43,10,26,0,12,7,19,18,25,24,16,17,28,41,16,24,52,28,17,53,25,15,0,19,2,67]
tiempo_ultimo_agente_goal 43
tiempo_en_acabar 1000
tiempo_promedio 30.700001
agentes_en_goal 31
bad_good_total_rate_pred [48049,115311,163360,0.7]
push_out_count 0
RUN 25
valores_ideales [30,38,8,22,10,19,36,10,15,15,35,26,32,15,32,22,31,21,38,25,28,3,33,46,42,9,23,22,8,7,17,18,25,23,16,14,27,33,16,20,31,28,17,30,5,15,23,19,2,35]
costo_por_agente [23,19,10,17,10,16,23,10,15,15,19,26,19,15,43,15,31,15,19,15,18,3,33,23,42,9,23,18,8,7,19,18,25,23,16,16,27,13,16,20,12,28,17,18,7,15,18,19,2,22]
completion_time_por_agente [33,54,12,57,12,22,50,10,15,15,57,26,84,15,68,28,31,51,67,63,58,3,33,71,51,9,24,0,8,7,20,18,25,27,16,17,28,41,16,21,52,28,17,53,8,16,0,19,2,67]
tiempo_ultimo_agente_goal 51
tiempo_en_acabar 1000
tiempo_promedio 30.500000
agentes_en_goal 30
bad_good_total_rate_pred [53934,128768,182702,0.7]
push_out_count 0
RUN 26
valores_ideales [30,38,8,22,10,19,36,10,15,15,35,26,32,15,32,22,31,21,38,25,28,3,33,46,42,9,23,22,8,7,17,18,25,23,16,14,27,33,16,20,31,28,17,30,5,15,23,19,2,35]
costo_por_agente [34,38,10,34,10,21,29,10,15,15,41,26,21,15,34,22,31,33,38,20,36,3,33,46,42,9,23,19,8,9,19,18,25,23,16,16,27,33,16,20,33,28,17,23,11,15,34,19,2,55]
completion_time_por_agente [65,66,12,66,10,23,50,10,15,15,44,26,84,15,41,28,31,53,66,63,66,3,33,46,47,10,24,0,12,10,19,18,25,28,16,19,28,34,17,24,42,28,17,53,12,16,0,20,2,81]
tiempo_ultimo_agente_goal 81
tiempo_en_acabar 1000
tiempo_promedio 30.660000
agentes_en_goal 43
bad_good_total_rate_pred [6459,24401,30860,0.8]
push_out_count 0
RUN 27
valores_ideales [30,38,8,22,10,19,36,10,15,15,35,26,32,15,32,22,31,21,38,25,28,3,33,46,42,9,23,22,8,7,17,18,25,23,16,14,27,33,16,20,31,28,17,30,5,15,23,19,2,35]
costo_por_agente [24,26,8,21,10,21,23,10,15,15,35,26,18,15,32,19,31,21,20,14,23,3,33,25,42,9,23,27,8,7,19,18,25,27,16,16,27,33,16,20,33,28,17,19,11,15,20,19,2,20]
completion_time_por_agente [65,66,11,66,11,23,50,10,15,15,36,26,84,15,34,28,31,53,66,63,66,3,33,46,46,10,24,0,12,7,19,18,25,39,16,17,29,34,16,24,51,28,17,53,13,15,0,19,2,81]
tiempo_ultimo_agente_goal 51
tiempo_en_acabar 1000
tiempo_promedio 30.620001
agentes_en_goal 35
bad_good_total_rate_pred [28157,95093,123250,0.8]
push_out_count 0
RUN 28
valores_ideales [30,38,8,22,10,19,36,10,15,15,35,26,32,15,32,22,31,21,38,25,28,3,33,46,42,9,23,22,8,7,17,18,25,23,16,14,27,33,16,20,31,28,17,30,5,15,23,19,2,35]
costo_por_agente [12,19,10,983,10,19,22,10,15,15,35,26,21,15,32,15,31,17,22,18,16,3,33,46,24,9,23,325,10,9,19,18,25,23,16,16,27,33,16,20,34,28,17,14,23,15,13,17,2,35]
completion_time_por_agente [65,66,12,66,10,23,50,10,15,15,36,26,84,15,33,28,31,53,66,63,66,3,33,55,46,9,26,0,12,9,19,18,25,24,16,17,28,33,16,24,51,28,17,53,13,15,0,19,2,46]
tiempo_ultimo_agente_goal 55
tiempo_en_acabar 1000
tiempo_promedio 29.799999
agentes_en_goal 32
bad_good_total_rate_pred [20401,78031,98432,0.8]
push_out_count 0
RUN 29
valores_ideales [30,38,8,22,10,19,36,10,15,15,35,26,32,15,32,22,31,21,38,25,28,3,33,46,42,9,23,22,8,7,17,18,25,23,16,14,27,33,16,20,31,28,17,30,5,15,23,19,2,35]
costo_por_agente [19,18,10,21,10,21,20,10,15,15,35,26,20,17,32,15,31,22,38,14,16,3,33,46,18,9,23,23,8,7,19,18,25,23,16,14,27,33,16,20,17,28,17,17,39,15,13,18,2,28]
completion_time_por_agente [65,66,12,66,12,21,50,10,15,15,37,26,84,17,35,28,31,53,65,63,66,3,33,47,46,9,26,0,12,7,19,18,25,24,16,14,28,33,17,24,51,28,17,53,13,15,0,19,2,46]
tiempo_ultimo_agente_goal 65
tiempo_en_acabar 1000
tiempo_promedio 29.639999
agentes_en_goal 33
bad_good_total_rate_pred [20644,82283,102927,0.8]
push_out_count 0
RUN 30
valores_ideales [30,38,8,22,10,19,36,10,15,15,35,26,32,15,32,22,31,21,38,25,28,3,33,46,42,9,23,22,8,7,17,18,25,23,16,14,27,33,16,20,31,28,17,30,5,15,23,19,2,35]
costo_por_agente [34,18,8,32,10,21,23,10,15,15,35,26,25,15,26,16,31,46,17,28,19,3,33,22,42,9,23,16,8,9,19,18,25,25,16,16,27,33,16,20,23,28,17,30,22,15,27,19,2,19]
completion_time_por_agente [42,66,11,32,11,21,50,10,15,15,36,28,84,15,35,28,31,53,65,63,66,3,33,47,45,9,26,0,12,9,19,18,25,25,16,17,28,33,16,24,51,28,17,38,13,15,28,19,2,46]
tiempo_ultimo_agente_goal 45
tiempo_en_acabar 1000
tiempo_promedio 28.780001
agentes_en_goal 36
bad_good_total_rate_pred [36279,57058,93337,0.6]
push_out_count 0
RUN 31
valores_ideales [30,38,8,22,10,19,36,10,15,15,35,26,32,15,32,22,31,21,38,25,28,3,33,46,42,9,23,22,8,7,17,18,25,23,16,14,27,33,16,20,31,28,17,30,5,15,23,19,2,35]
costo_por_agente [17,22,10,26,10,17,22,10,15,15,35,26,21,15,19,19,31,14,21,22,18,3,33,21,20,9,23,17,10,9,19,18,25,22,16,16,27,33,16,20,24,28,17,21,13,15,19,19,2,14]
completion_time_por_agente [42,66,13,30,10,21,50,10,15,15,37,26,84,15,35,28,31,53,65,63,66,3,33,47,45,9,24,0,12,9,19,18,25,25,16,17,28,33,16,20,51,28,17,38,13,15,28,19,2,46]
tiempo_ultimo_agente_goal 37
tiempo_en_acabar 1000
tiempo_promedio 28.620001
agentes_en_goal 30
bad_good_total_rate_pred [62591,116084,178675,0.6]
push_out_count 0
RUN 32
valores_ideales [30,38,8,22,10,19,36,10,15,15,35,26,32,15,32,22,31,21,38,25,28,3,33,46,42,9,23,22,8,7,17,18,25,23,16,14,27,33,16,20,31,28,17,30,5,15,23,19,2,35]
costo_por_agente [40,40,8,26,10,21,38,10,15,15,37,26,24,15,36,19,31,22,24,28,18,3,33,48,42,9,23,30,8,9,19,18,25,45,16,16,27,33,16,20,37,28,17,24,28,15,25,19,2,20]
completion_time_por_agente [63,66,10,26,10,21,56,10,15,15,46,26,84,15,46,28,31,53,65,63,66,3,33,53,50,9,24,0,12,9,19,18,25,67,16,17,28,33,16,24,47,28,17,38,13,15,28,19,2,46]
tiempo_ultimo_agente_goal 67
tiempo_en_acabar 1000
tiempo_promedio 30.480000
agentes_en_goal 39
bad_good_total_rate_pred [11236,74019,85255,0.9]
push_out_count 0
RUN 33
valores_ideales [30,38,8,22,10,19,36,10,15,15,35,26,32,15,32,22,31,21,38,25,28,3,33,46,42,9,23,22,8,7,17,18,25,23,16,14,27,33,16,20,31,28,17,30,5,15,23,19,2,35]
costo_por_agente [19,22,8,28,10,21,24,10,15,15,35,26,25,15,16,13,31,15,19,23,19,3,33,46,25,9,23,19,8,7,19,18,25,23,16,16,27,33,16,20,18,28,17,15,20,15,21,19,2,19]
completion_time_por_agente [63,66,9,26,10,22,56,10,15,15,39,26,84,15,46,28,31,53,65,63,66,3,33,50,50,9,24,0,12,7,19,18,25,67,16,17,28,33,16,24,47,28,17,38,13,15,28,19,2,46]
tiempo_ultimo_agente_goal 50
tiempo_en_acabar 1000
tiempo_promedio 30.240000
agentes_en_goal 31
bad_good_total_rate_pred [83850,83322,167172,0.5]
push_out_count 0
RUN 34
valores_ideales [30,38,8,22,10,19,36,10,15,15,35,26,32,15,32,22,31,21,38,25,28,3,33,46,42,9,23,22,8,7,17,18,25,23,16,14,27,33,16,20,31,28,17,30,5,15,23,19,2,35]
costo_por_agente [24,17,10,21,10,21,21,10,15,15,37,26,14,15,655,27,31,45,20,18,18,3,33,46,20,9,23,17,8,7,19,18,25,25,16,16,27,33,16,20,31,28,17,18,20,15,16,19,2,35]
completion_time_por_agente [63,66,11,26,11,24,56,10,15,15,41,26,84,15,46,28,31,53,65,63,66,3,33,60,50,10,24,0,12,7,19,18,25,47,16,17,28,35,16,24,54,28,17,38,13,15,28,19,2,54]
tiempo_ultimo_agente_goal 60
tiempo_en_acabar 1000
tiempo_promedio 30.540001
agentes_en_goal 34
bad_good_total_rate_pred [35668,86648,122316,0.7]
push_out_count 0
RUN 35
valores_ideales [30,38,8,22,10,19,36,10,15,15,35,26,32,15,32,22,31,21,38,25,28,3,33,46,42,9,23,22,8,7,17,18,25,23,16,14,27,33,16,20,31,28,17,30,5,15,23,19,2,35]
costo_por_agente [16,20,8,20,10,21,19,10,15,15,17,26,24,15,32,17,31,15,20,19,28,3,33,46,21,9,23,13,8,7,19,18,25,20,16,16,27,33,16,20,18,28,17,28,16,15,18,18,2,19]
completion_time_por_agente [63,66,9,26,10,23,56,10,15,15,41,26,84,15,33,28,31,53,65,63,28,3,33,47,50,9,24,0,12,7,19,18,25,47,16,17,28,33,16,24,54,28,17,38,13,15,28,19,2,54]
tiempo_ultimo_agente_goal 47
tiempo_en_acabar 1000
tiempo_promedio 29.120001
agentes_en_goal 31
bad_good_total_rate_pred [67166,92726,159892,0.6]
push_out_count 0
RUN 36
valores_ideales [30,38,8,22,10,19,36,10,15,15,35,26,32,15,32,22,31,21,38,25,28,3,33,46,42,9,23,22,8,7,17,18,25,23,16,14,27,33,16,20,31,28,17,30,5,15,23,19,2,35]
costo_por_agente [22,24,8,24,10,21,21,10,15,15,35,26,20,15,19,20,31,18,20,22,16,3,33,46,19,9,23,336,8,7,19,18,25,25,16,16,27,33,16,20,19,28,17,17,25,15,18,19,2,19]
completion_time_por_agente [63,66,9,25,10,22,56,10,15,15,37,26,84,15,33,28,31,53,65,63,28,3,33,46,50,9,24,0,12,7,19,18,25,25,16,17,28,33,17,24,54,28,17,38,13,15,28,19,2,54]
tiempo_ultimo_agente_goal 46
tiempo_en_acabar 1000
tiempo_promedio 28.559999
agentes_en_goal 33
bad_good_total_rate_pred [45436,104482,149918,0.7]
push_out_count 0
RUN 37
valores_ideales [30,38,8,22,10,19,36,10,15,15,35,26,32,15,32,22,31,21,38,25,28,3,33,46,42,9,23,22,8,7,17,18,25,23,16,14,27,33,16,20,31,28,17,30,5,15,23,19,2,35]
costo_por_agente [50,23,12,17,10,21,24,10,15,15,37,26,22,15,21,14,31,43,23,49,28,3,33,26,20,9,23,18,8,7,19,18,25,19,16,16,27,33,16,20,39,28,17,16,22,15,17,19,2,19]
completion_time_por_agente [117,66,13,25,10,22,56,10,15,15,40,26,84,15,33,28,31,53,65,63,28,3,33,46,50,9,24,0,12,8,19,18,25,25,16,17,28,36,16,20,54,29,17,38,13,15,28,19,2,54]
tiempo_ultimo_agente_goal 117
tiempo_en_acabar 1000
tiempo_promedio 29.780001
agentes_en_goal 32
bad_good_total_rate_pred [47712,105458,153170,0.7]
push_out_count 0
RUN 38
valores_ideales [30,38,8,22,10,19,36,10,15,15,35,26,32,15,32,22,31,21,38,25,28,3,33,46,42,9,23,22,8,7,17,18,25,23,16,14,27,33,16,20,31,28,17,30,5,15,23,19,2,35]
costo_por_agente [27,40,8,30,10,21,36,10,15,15,35,26,38,15,27,25,31,23,38,17,19,3,33,46,44,9,23,11,8,7,19,18,25,25,16,16,27,33,16,20,59,28,17,24,30,15,28,19,2,47]
completion_time_por_agente [117,57,9,33,10,31,41,10,15,15,38,28,54,15,33,28,31,53,45,63,28,3,33,50,49,9,26,0,12,7,19,18,25,27,16,17,28,33,16,20,77,28,17,38,13,15,28,19,2,64]
tiempo_ultimo_agente_goal 77
tiempo_en_acabar 1000
tiempo_promedio 29.260000
agentes_en_goal 40
bad_good_total_rate_pred [23427,24749,48176,0.5]
push_out_count 0
RUN 39
valores_ideales [30,38,8,22,10,19,36,10,15,15,35,26,32,15,32,22,31,21,38,25,28,3,33,46,42,9,23,22,8,7,17,18,25,23,16,14,27,33,16,20,31,28,17,30,5,15,23,19,2,35]
costo_por_agente [36,42,8,20,10,25,40,10,15,15,35,26,23,15,34,34,31,29,38,19,25,3,33,46,42,9,23,37,10,7,19,18,25,27,16,14,27,33,16,20,16,28,17,20,27,15,16,19,2,39]
completion_time_por_agente [64,74,9,33,10,25,69,10,15,15,37,26,54,15,38,40,31,53,71,63,28,3,34,47,43,9,24,0,18,7,19,18,25,29,16,14,28,33,17,24,77,28,17,38,78,15,28,19,2,41]
tiempo_ultimo_agente_goal 78
tiempo_en_acabar 1000
tiempo_promedio 30.620001
agentes_en_goal 41
bad_good_total_rate_pred [11272,47917,59189,0.8]
push_out_count 0
