RUN 0
valores_ideales [0,0,0,0,0,0,0,0,0,0,0,0,0,0,0,0,0,0,0,0,0,0,0,0,0,0,0,0,0,0,0,0,0,0,0,0,0,0,0,0,0,0,0,0,0,0,0,0,0,0]
costo_por_agente [60,82,12,22,14,19,58,10,15,15,91,26,32,15,32,92,31,35,52,27,48,3,101,96,48,11,25,28,8,7,19,18,25,25,16,14,29,85,16,22,45,28,17,30,5,15,23,19,2,59]
completion_time_por_agente [61,83,14,23,15,20,59,11,16,16,92,27,33,16,33,93,32,36,53,28,49,4,103,97,49,12,26,30,9,8,20,19,26,26,17,15,30,86,17,23,46,29,18,31,6,16,24,20,3,60]
tiempo_ultimo_agente_goal 103
tiempo_en_acabar 103
tiempo_promedio 33.599998
agentes_en_goal 50
push_out_count 0
RUN 1
valores_ideales [0,0,0,0,0,0,0,0,0,0,0,0,0,0,0,0,0,0,0,0,0,0,0,0,0,0,0,0,0,0,0,0,0,0,0,0,0,0,0,0,0,0,0,0,0,0,0,0,0,0]
costo_por_agente [58,62,14,22,10,19,76,10,15,15,97,26,42,15,34,64,31,47,44,49,104,3,79,88,116,15,25,36,8,7,17,18,25,25,16,16,29,107,16,22,45,28,17,38,5,15,25,19,2,65]
completion_time_por_agente [59,63,15,23,11,20,77,11,16,16,98,27,44,16,40,65,32,48,45,50,105,4,80,89,117,16,26,41,9,8,18,19,26,26,17,17,30,108,17,23,50,29,18,39,6,16,30,20,3,66]
tiempo_ultimo_agente_goal 117
tiempo_en_acabar 117
tiempo_promedio 36.980000
agentes_en_goal 50
push_out_count 0
RUN 2
valores_ideales [0,0,0,0,0,0,0,0,0,0,0,0,0,0,0,0,0,0,0,0,0,0,0,0,0,0,0,0,0,0,0,0,0,0,0,0,0,0,0,0,0,0,0,0,0,0,0,0,0,0]
costo_por_agente [54,90,10,22,10,19,36,10,19,15,81,26,32,17,32,46,31,39,64,27,98,3,115,88,44,9,25,26,8,7,17,18,25,25,18,16,29,93,16,22,45,28,17,32,5,17,23,19,2,39]
completion_time_por_agente [55,91,11,23,11,20,37,11,20,16,82,27,33,18,33,47,32,40,65,28,100,4,116,89,45,10,26,27,9,8,18,19,26,26,19,17,30,94,17,23,46,29,18,33,6,18,24,20,3,40]
tiempo_ultimo_agente_goal 116
tiempo_en_acabar 116
tiempo_promedio 33.200001
agentes_en_goal 50
push_out_count 0
RUN 3
valores_ideales [0,0,0,0,0,0,0,0,0,0,0,0,0,0,0,0,0,0,0,0,0,0,0,0,0,0,0,0,0,0,0,0,0,0,0,0,0,0,0,0,0,0,0,0,0,0,0,0,0,0]
costo_por_agente [32,120,14,22,10,21,70,10,15,15,81,26,38,15,34,60,31,33,50,27,78,3,147,82,42,9,23,40,8,7,19,18,25,25,16,16,29,99,16,22,31,28,17,38,5,15,45,21,2,49]
completion_time_por_agente [37,121,15,23,11,23,71,11,16,16,82,27,40,16,36,61,32,37,51,29,79,4,148,83,44,10,24,41,9,8,20,19,26,26,17,17,30,100,17,23,33,29,18,42,6,16,46,22,3,50]
tiempo_ultimo_agente_goal 148
tiempo_en_acabar 148
tiempo_promedio 35.299999
agentes_en_goal 50
push_out_count 0
RUN 4
valores_ideales [0,0,0,0,0,0,0,0,0,0,0,0,0,0,0,0,0,0,0,0,0,0,0,0,0,0,0,0,0,0,0,0,0,0,0,0,0,0,0,0,0,0,0,0,0,0,0,0,0,0]
costo_por_agente [50,102,12,22,10,19,80,10,15,15,37,26,32,15,32,78,31,31,62,27,54,3,115,94,46,9,25,60,8,7,17,18,25,25,16,14,31,91,16,22,43,28,17,30,5,15,23,19,2,47]
completion_time_por_agente [51,103,13,23,11,20,82,11,16,16,39,27,33,16,33,79,32,33,63,28,55,4,117,95,47,10,26,61,9,8,18,19,26,26,17,15,32,93,17,23,44,29,18,31,6,16,24,20,3,48]
tiempo_ultimo_agente_goal 117
tiempo_en_acabar 117
tiempo_promedio 33.720001
agentes_en_goal 50
push_out_count 0
RUN 5
valores_ideales [0,0,0,0,0,0,0,0,0,0,0,0,0,0,0,0,0,0,0,0,0,0,0,0,0,0,0,0,0,0,0,0,0,0,0,0,0,0,0,0,0,0,0,0,0,0,0,0,0,0]
costo_por_agente [60,84,10,22,10,21,44,10,15,15,35,26,46,15,40,60,31,43,46,57,102,3,85,86,48,9,25,34,8,7,17,18,25,25,16,16,31,103,16,28,39,28,17,36,5,17,25,19,2,49]
completion_time_por_agente [61,85,11,23,11,22,46,11,16,16,36,27,47,16,42,61,32,47,47,61,103,4,86,87,50,10,26,39,9,8,18,19,26,26,17,17,32,104,17,29,41,29,18,39,6,18,32,20,3,50]
tiempo_ultimo_agente_goal 104
tiempo_en_acabar 104
tiempo_promedio 34.020000
agentes_en_goal 50
push_out_count 0
RUN 6
valores_ideales [0,0,0,0,0,0,0,0,0,0,0,0,0,0,0,0,0,0,0,0,0,0,0,0,0,0,0,0,0,0,0,0,0,0,0,0,0,0,0,0,0,0,0,0,0,0,0,0,0,0]
costo_por_agente [56,80,14,22,10,19,36,10,15,15,89,26,34,15,32,58,31,41,80,37,50,3,105,94,42,13,25,48,8,7,17,18,25,25,16,16,29,105,16,20,47,28,17,32,5,15,25,19,2,45]
completion_time_por_agente [57,81,15,23,11,20,37,11,16,16,90,27,35,16,33,59,32,43,82,40,51,4,106,95,43,14,26,50,9,8,18,19,26,26,17,17,30,106,17,21,49,29,18,33,6,16,27,20,3,46]
tiempo_ultimo_agente_goal 106
tiempo_en_acabar 106
tiempo_promedio 33.880001
agentes_en_goal 50
push_out_count 0
RUN 7
valores_ideales [0,0,0,0,0,0,0,0,0,0,0,0,0,0,0,0,0,0,0,0,0,0,0,0,0,0,0,0,0,0,0,0,0,0,0,0,0,0,0,0,0,0,0,0,0,0,0,0,0,0]
costo_por_agente [46,90,14,22,10,19,38,10,15,15,115,26,34,15,34,56,31,45,62,33,74,3,75,76,44,9,25,36,8,7,17,18,25,27,16,16,29,63,16,22,41,28,17,32,5,15,23,21,2,73]
completion_time_por_agente [47,91,15,23,11,20,42,11,16,16,116,27,36,16,38,57,32,46,63,34,75,4,76,77,49,10,26,39,9,8,18,19,26,28,17,17,30,64,17,23,44,29,18,38,6,16,24,22,3,74]
tiempo_ultimo_agente_goal 116
tiempo_en_acabar 116
tiempo_promedio 33.259998
agentes_en_goal 50
push_out_count 0
RUN 8
valores_ideales [0,0,0,0,0,0,0,0,0,0,0,0,0,0,0,0,0,0,0,0,0,0,0,0,0,0,0,0,0,0,0,0,0,0,0,0,0,0,0,0,0,0,0,0,0,0,0,0,0,0]
costo_por_agente [66,124,12,22,10,19,50,10,19,15,35,26,60,17,32,62,31,25,60,33,36,3,87,106,44,9,23,60,8,7,17,18,25,25,16,14,31,89,16,22,47,28,17,48,5,15,25,21,2,55]
completion_time_por_agente [67,125,13,23,11,20,56,11,20,16,37,27,62,18,34,63,32,28,61,37,40,4,88,107,47,10,24,62,9,8,18,19,26,26,17,15,32,90,17,23,53,29,18,52,6,16,28,22,3,60]
tiempo_ultimo_agente_goal 125
tiempo_en_acabar 125
tiempo_promedio 34.599998
agentes_en_goal 50
push_out_count 0
RUN 9
valores_ideales [0,0,0,0,0,0,0,0,0,0,0,0,0,0,0,0,0,0,0,0,0,0,0,0,0,0,0,0,0,0,0,0,0,0,0,0,0,0,0,0,0,0,0,0,0,0,0,0,0,0]
costo_por_agente [46,82,10,22,10,21,86,10,17,15,35,28,34,15,36,58,31,55,74,51,74,3,91,74,148,11,25,32,8,7,17,18,27,25,16,14,29,73,20,22,37,28,17,34,5,17,23,19,2,43]
completion_time_por_agente [47,83,12,23,11,22,88,11,18,16,37,29,38,16,37,59,32,56,75,54,75,4,92,75,149,12,26,33,9,8,18,19,28,26,17,15,30,74,21,23,39,29,18,37,6,18,24,20,3,44]
tiempo_ultimo_agente_goal 149
tiempo_en_acabar 149
tiempo_promedio 35.119999
agentes_en_goal 50
push_out_count 0
RUN 10
valores_ideales [0,0,0,0,0,0,0,0,0,0,0,0,0,0,0,0,0,0,0,0,0,0,0,0,0,0,0,0,0,0,0,0,0,0,0,0,0,0,0,0,0,0,0,0,0,0,0,0,0,0]
costo_por_agente [58,72,16,22,12,19,40,10,15,15,43,26,46,15,34,40,31,33,50,29,36,3,141,100,50,9,25,40,8,7,17,18,25,25,16,18,29,97,16,22,49,28,17,34,5,15,23,21,2,47]
completion_time_por_agente [59,73,17,23,13,20,42,11,16,16,46,27,47,16,36,42,32,35,51,30,38,4,143,101,52,10,26,42,9,8,18,19,26,26,17,19,30,98,17,23,50,29,18,37,6,16,26,22,3,48]
tiempo_ultimo_agente_goal 143
tiempo_en_acabar 143
tiempo_promedio 32.660000
agentes_en_goal 50
push_out_count 0
RUN 11
valores_ideales [0,0,0,0,0,0,0,0,0,0,0,0,0,0,0,0,0,0,0,0,0,0,0,0,0,0,0,0,0,0,0,0,0,0,0,0,0,0,0,0,0,0,0,0,0,0,0,0,0,0]
costo_por_agente [52,92,12,22,10,21,38,10,15,15,73,26,34,15,32,68,31,31,62,27,78,3,89,90,44,11,25,40,8,7,17,18,25,25,16,16,31,107,16,24,45,28,17,30,5,17,23,19,2,49]
completion_time_por_agente [53,93,13,23,11,22,40,11,16,16,74,27,36,16,34,69,32,33,63,28,79,4,90,91,45,12,26,41,9,8,18,19,26,26,17,17,32,108,17,25,46,29,18,31,6,18,24,20,3,50]
tiempo_ultimo_agente_goal 108
tiempo_en_acabar 108
tiempo_promedio 33.299999
agentes_en_goal 50
push_out_count 0
RUN 12
valores_ideales [0,0,0,0,0,0,0,0,0,0,0,0,0,0,0,0,0,0,0,0,0,0,0,0,0,0,0,0,0,0,0,0,0,0,0,0,0,0,0,0,0,0,0,0,0,0,0,0,0,0]
costo_por_agente [66,86,16,22,10,19,90,10,19,15,35,26,50,15,36,48,31,31,76,29,56,3,89,96,146,9,25,38,8,7,17,18,25,25,20,18,31,81,16,26,31,28,17,34,5,15,29,19,2,67]
completion_time_por_agente [67,87,17,23,11,20,93,11,21,16,37,27,55,16,44,49,32,35,77,35,57,4,90,97,147,10,26,39,9,8,18,19,26,26,21,19,32,82,17,27,38,29,18,44,6,16,39,20,3,68]
tiempo_ultimo_agente_goal 147
tiempo_en_acabar 147
tiempo_promedio 36.560001
agentes_en_goal 50
push_out_count 0
RUN 13
valores_ideales [0,0,0,0,0,0,0,0,0,0,0,0,0,0,0,0,0,0,0,0,0,0,0,0,0,0,0,0,0,0,0,0,0,0,0,0,0,0,0,0,0,0,0,0,0,0,0,0,0,0]
costo_por_agente [30,102,14,22,10,19,80,10,15,15,35,26,38,15,32,48,31,37,48,27,112,3,115,82,44,13,25,44,8,7,17,18,25,27,16,20,29,79,16,22,53,28,17,40,5,17,23,21,2,59]
completion_time_por_agente [31,103,15,23,11,20,81,11,16,16,36,27,39,16,33,50,32,38,49,28,113,4,116,83,45,14,26,46,9,8,18,19,26,28,17,21,30,80,17,23,54,29,18,41,6,18,24,22,3,60]
tiempo_ultimo_agente_goal 116
tiempo_en_acabar 116
tiempo_promedio 33.860001
agentes_en_goal 50
push_out_count 0
RUN 14
valores_ideales [0,0,0,0,0,0,0,0,0,0,0,0,0,0,0,0,0,0,0,0,0,0,0,0,0,0,0,0,0,0,0,0,0,0,0,0,0,0,0,0,0,0,0,0,0,0,0,0,0,0]
costo_por_agente [66,82,12,22,10,19,84,10,15,15,69,26,46,15,36,56,31,23,70,27,76,3,117,88,132,11,25,28,8,7,17,18,25,25,16,20,29,67,16,22,33,28,17,42,5,15,31,25,2,45]
completion_time_por_agente [67,83,13,23,11,20,85,11,16,16,70,27,47,16,40,57,32,24,71,29,77,4,118,89,133,12,26,31,9,8,18,19,26,26,17,21,30,68,17,23,34,29,18,43,6,16,35,27,3,46]
tiempo_ultimo_agente_goal 133
tiempo_en_acabar 133
tiempo_promedio 35.740002
agentes_en_goal 50
push_out_count 0
RUN 15
valores_ideales [0,0,0,0,0,0,0,0,0,0,0,0,0,0,0,0,0,0,0,0,0,0,0,0,0,0,0,0,0,0,0,0,0,0,0,0,0,0,0,0,0,0,0,0,0,0,0,0,0,0]
costo_por_agente [46,134,10,22,12,19,96,10,15,15,51,26,38,15,32,78,31,25,50,31,70,3,123,82,44,9,25,46,8,7,17,18,25,25,16,16,29,93,16,22,55,28,17,58,5,15,25,27,2,45]
completion_time_por_agente [48,135,12,23,13,20,97,11,16,16,55,27,39,16,33,79,32,27,51,34,72,4,124,83,45,10,26,48,9,8,18,19,26,26,17,17,30,94,17,23,57,29,18,63,6,16,26,28,3,49]
tiempo_ultimo_agente_goal 135
tiempo_en_acabar 135
tiempo_promedio 35.900002
agentes_en_goal 50
push_out_count 0
RUN 16
valores_ideales [0,0,0,0,0,0,0,0,0,0,0,0,0,0,0,0,0,0,0,0,0,0,0,0,0,0,0,0,0,0,0,0,0,0,0,0,0,0,0,0,0,0,0,0,0,0,0,0,0,0]
costo_por_agente [52,132,12,22,12,19,78,10,19,15,39,32,36,15,34,64,31,35,40,33,78,3,109,82,44,9,25,40,8,7,17,18,25,23,16,14,29,93,18,22,33,30,17,52,5,15,25,19,2,43]
completion_time_por_agente [54,133,13,23,13,20,79,11,20,16,41,33,39,16,35,65,32,36,41,36,79,4,110,83,46,10,26,41,9,8,18,19,26,24,17,15,30,94,19,23,35,31,18,54,6,16,27,20,3,45]
tiempo_ultimo_agente_goal 133
tiempo_en_acabar 133
tiempo_promedio 34.240002
agentes_en_goal 50
push_out_count 0
RUN 17
valores_ideales [0,0,0,0,0,0,0,0,0,0,0,0,0,0,0,0,0,0,0,0,0,0,0,0,0,0,0,0,0,0,0,0,0,0,0,0,0,0,0,0,0,0,0,0,0,0,0,0,0,0]
costo_por_agente [58,112,10,22,10,19,38,10,19,15,35,26,42,15,32,34,31,35,64,47,56,3,133,92,82,11,23,32,8,7,17,18,25,25,16,16,29,81,16,22,41,28,17,32,5,15,23,19,2,37]
completion_time_por_agente [60,113,11,23,11,20,40,11,20,16,37,27,43,16,34,36,32,36,65,48,57,4,134,93,83,12,24,34,9,8,18,19,26,26,17,17,30,82,17,23,43,29,18,36,6,16,24,20,3,39]
tiempo_ultimo_agente_goal 134
tiempo_en_acabar 134
tiempo_promedio 33.320000
agentes_en_goal 50
push_out_count 0
RUN 18
valores_ideales [0,0,0,0,0,0,0,0,0,0,0,0,0,0,0,0,0,0,0,0,0,0,0,0,0,0,0,0,0,0,0,0,0,0,0,0,0,0,0,0,0,0,0,0,0,0,0,0,0,0]
costo_por_agente [56,64,14,22,10,19,80,10,15,15,41,26,34,15,32,52,31,35,60,29,110,3,89,82,42,11,25,50,8,7,17,18,25,25,16,16,29,131,16,22,39,28,17,48,5,15,25,25,2,59]
completion_time_por_agente [57,65,15,23,11,20,81,11,16,16,42,27,36,16,33,53,32,36,61,30,111,4,90,83,43,12,26,51,9,8,18,19,26,26,17,17,30,132,17,23,42,29,18,49,6,16,26,26,3,60]
tiempo_ultimo_agente_goal 132
tiempo_en_acabar 132
tiempo_promedio 34.360001
agentes_en_goal 50
push_out_count 0
RUN 19
valores_ideales [0,0,0,0,0,0,0,0,0,0,0,0,0,0,0,0,0,0,0,0,0,0,0,0,0,0,0,0,0,0,0,0,0,0,0,0,0,0,0,0,0,0,0,0,0,0,0,0,0,0]
costo_por_agente [44,126,14,22,10,19,40,10,15,15,37,26,36,15,34,62,31,43,64,39,66,3,81,80,42,11,25,66,8,7,17,18,25,27,16,16,29,65,18,22,47,30,17,46,5,15,25,21,2,49]
completion_time_por_agente [45,127,15,23,11,20,43,11,16,16,38,27,39,16,35,63,32,44,66,40,67,4,82,81,43,12,26,68,9,8,18,19,26,28,17,17,30,66,19,23,49,31,18,47,6,16,26,22,3,50]
tiempo_ultimo_agente_goal 127
tiempo_en_acabar 127
tiempo_promedio 33.160000
agentes_en_goal 50
push_out_count 0
RUN 20
valores_ideales [0,0,0,0,0,0,0,0,0,0,0,0,0,0,0,0,0,0,0,0,0,0,0,0,0,0,0,0,0,0,0,0,0,0,0,0,0,0,0,0,0,0,0,0,0,0,0,0,0,0]
costo_por_agente [58,74,14,22,10,19,90,10,15,15,45,26,34,15,34,54,31,33,48,37,100,3,125,108,42,11,23,54,8,7,17,18,25,25,16,18,31,87,16,22,51,28,17,50,5,15,23,19,2,45]
completion_time_por_agente [59,75,15,23,11,20,92,11,16,16,53,27,36,16,35,55,32,36,50,38,101,4,126,109,43,12,24,60,9,8,18,19,26,26,17,19,32,88,17,23,54,29,18,51,6,16,24,20,3,48]
tiempo_ultimo_agente_goal 126
tiempo_en_acabar 126
tiempo_promedio 35.320000
agentes_en_goal 50
push_out_count 0
RUN 21
valores_ideales [0,0,0,0,0,0,0,0,0,0,0,0,0,0,0,0,0,0,0,0,0,0,0,0,0,0,0,0,0,0,0,0,0,0,0,0,0,0,0,0,0,0,0,0,0,0,0,0,0,0]
costo_por_agente [48,70,14,22,10,19,64,10,15,15,35,26,36,15,32,60,31,53,46,29,62,3,129,58,42,15,25,48,8,7,17,18,25,27,16,16,29,111,18,26,41,30,17,48,5,15,23,19,2,57]
completion_time_por_agente [49,71,15,23,11,20,65,11,16,16,36,27,37,16,33,62,32,55,48,30,64,4,130,59,43,16,26,51,9,8,18,19,26,28,17,17,30,112,19,27,42,31,18,50,6,16,24,20,3,58]
tiempo_ultimo_agente_goal 130
tiempo_en_acabar 130
tiempo_promedio 33.279999
agentes_en_goal 50
push_out_count 0
RUN 22
valores_ideales [0,0,0,0,0,0,0,0,0,0,0,0,0,0,0,0,0,0,0,0,0,0,0,0,0,0,0,0,0,0,0,0,0,0,0,0,0,0,0,0,0,0,0,0,0,0,0,0,0,0]
costo_por_agente [62,98,14,22,10,19,80,10,15,15,35,26,42,15,32,50,31,39,52,53,62,3,121,64,44,9,25,26,8,7,17,18,25,25,16,16,29,101,16,22,35,28,17,34,5,15,27,19,2,55]
completion_time_por_agente [63,99,15,23,11,20,82,11,16,16,36,27,43,16,33,51,32,40,53,54,63,4,123,65,45,10,26,28,9,8,18,19,26,26,17,17,30,102,17,23,36,29,18,35,6,16,30,20,3,56]
tiempo_ultimo_agente_goal 123
tiempo_en_acabar 123
tiempo_promedio 33.320000
agentes_en_goal 50
push_out_count 0
RUN 23
valores_ideales [0,0,0,0,0,0,0,0,0,0,0,0,0,0,0,0,0,0,0,0,0,0,0,0,0,0,0,0,0,0,0,0,0,0,0,0,0,0,0,0,0,0,0,0,0,0,0,0,0,0]
costo_por_agente [50,74,14,22,10,19,90,10,15,15,39,28,36,15,32,54,31,31,66,27,112,3,113,84,42,11,23,62,8,7,17,18,25,25,16,14,29,127,16,22,37,28,17,44,5,15,25,21,2,59]
completion_time_por_agente [51,75,15,23,11,20,91,11,16,16,40,29,37,16,33,55,32,32,67,28,113,4,114,85,43,12,24,63,9,8,18,19,26,26,17,15,30,128,17,23,38,29,18,45,6,16,28,22,3,60]
tiempo_ultimo_agente_goal 128
tiempo_en_acabar 128
tiempo_promedio 35.139999
agentes_en_goal 50
push_out_count 0
RUN 24
valores_ideales [0,0,0,0,0,0,0,0,0,0,0,0,0,0,0,0,0,0,0,0,0,0,0,0,0,0,0,0,0,0,0,0,0,0,0,0,0,0,0,0,0,0,0,0,0,0,0,0,0,0]
costo_por_agente [48,90,10,22,10,19,62,10,15,15,37,26,34,15,36,48,31,47,52,43,62,3,135,112,42,11,25,26,8,7,17,18,25,25,16,16,29,121,16,22,49,28,17,54,5,15,35,19,2,43]
completion_time_por_agente [50,91,11,23,11,20,63,11,16,16,39,27,36,16,37,50,32,48,53,45,63,4,136,113,43,12,26,32,9,8,18,19,26,26,17,17,30,122,17,23,50,29,18,55,6,16,43,20,3,47]
tiempo_ultimo_agente_goal 136
tiempo_en_acabar 136
tiempo_promedio 34.860001
agentes_en_goal 50
push_out_count 0
RUN 25
valores_ideales [0,0,0,0,0,0,0,0,0,0,0,0,0,0,0,0,0,0,0,0,0,0,0,0,0,0,0,0,0,0,0,0,0,0,0,0,0,0,0,0,0,0,0,0,0,0,0,0,0,0]
costo_por_agente [32,62,10,22,10,21,38,10,15,15,105,26,34,15,32,48,31,51,48,29,72,3,137,92,46,17,23,32,8,7,17,18,25,27,20,16,29,77,18,26,41,30,17,50,5,15,23,19,2,53]
completion_time_por_agente [33,63,12,23,11,22,43,11,16,16,106,27,37,16,33,50,32,52,50,31,73,4,139,93,49,18,24,36,9,8,18,19,26,28,21,17,30,78,19,27,44,31,18,51,6,16,25,20,3,54]
tiempo_ultimo_agente_goal 139
tiempo_en_acabar 139
tiempo_promedio 33.759998
agentes_en_goal 50
push_out_count 0
RUN 26
valores_ideales [0,0,0,0,0,0,0,0,0,0,0,0,0,0,0,0,0,0,0,0,0,0,0,0,0,0,0,0,0,0,0,0,0,0,0,0,0,0,0,0,0,0,0,0,0,0,0,0,0,0]
costo_por_agente [999,924,14,22,10,19,19,10,15,15,937,26,914,15,18,998,31,950,949,19,945,3,936,66,945,11,25,18,8,7,17,18,25,27,16,16,31,65,18,22,52,30,17,30,5,15,23,19,2,49]
completion_time_por_agente [1000,999,15,23,11,20,999,11,16,16,999,27,999,16,999,999,32,999,999,999,999,4,999,999,999,12,26,999,9,8,18,19,26,28,17,17,32,999,19,23,999,31,18,35,6,16,24,20,3,999]
tiempo_ultimo_agente_goal 35
tiempo_en_acabar 1000
tiempo_promedio 371.619995
agentes_en_goal 32
push_out_count 0
RUN 27
valores_ideales [0,0,0,0,0,0,0,0,0,0,0,0,0,0,0,0,0,0,0,0,0,0,0,0,0,0,0,0,0,0,0,0,0,0,0,0,0,0,0,0,0,0,0,0,0,0,0,0,0,0]
costo_por_agente [52,86,12,22,10,21,46,10,15,15,35,26,32,15,34,90,31,35,74,27,98,3,111,92,46,13,25,44,8,7,17,18,25,27,16,18,29,73,16,24,47,28,17,46,5,15,23,21,2,51]
completion_time_por_agente [53,87,13,23,11,22,51,11,16,16,37,27,38,16,36,91,32,38,75,32,99,4,114,93,50,14,26,46,9,8,18,19,26,28,17,19,30,74,17,25,51,29,18,47,6,16,24,22,3,52]
tiempo_ultimo_agente_goal 114
tiempo_en_acabar 114
tiempo_promedio 34.580002
agentes_en_goal 50
push_out_count 0
RUN 28
valores_ideales [0,0,0,0,0,0,0,0,0,0,0,0,0,0,0,0,0,0,0,0,0,0,0,0,0,0,0,0,0,0,0,0,0,0,0,0,0,0,0,0,0,0,0,0,0,0,0,0,0,0]
costo_por_agente [72,78,14,22,10,19,68,10,15,15,37,26,36,17,32,60,31,43,56,53,104,3,127,92,44,9,27,36,8,7,17,18,25,25,16,16,29,93,16,22,49,28,17,34,5,15,27,19,2,55]
completion_time_por_agente [73,79,15,23,11,20,70,11,16,16,41,27,37,18,35,61,32,44,57,54,105,4,128,93,45,10,28,38,9,8,18,19,26,26,17,17,30,94,17,23,50,29,18,37,6,16,31,20,3,56]
tiempo_ultimo_agente_goal 128
tiempo_en_acabar 128
tiempo_promedio 35.220001
agentes_en_goal 50
push_out_count 0
RUN 29
valores_ideales [0,0,0,0,0,0,0,0,0,0,0,0,0,0,0,0,0,0,0,0,0,0,0,0,0,0,0,0,0,0,0,0,0,0,0,0,0,0,0,0,0,0,0,0,0,0,0,0,0,0]
costo_por_agente [52,82,18,22,12,21,90,10,15,15,87,26,36,15,32,48,31,23,44,27,32,3,129,116,44,9,25,54,8,7,17,18,25,25,16,16,29,105,18,22,39,28,17,42,5,15,39,19,2,47]
completion_time_por_agente [53,83,19,23,13,22,91,11,16,16,88,27,37,16,34,49,32,25,45,28,34,4,130,117,45,10,26,55,9,8,18,19,26,26,17,17,30,106,19,23,40,29,18,43,6,16,41,20,3,48]
tiempo_ultimo_agente_goal 130
tiempo_en_acabar 130
tiempo_promedio 34.619999
agentes_en_goal 50
push_out_count 0
RUN 30
valores_ideales [0,0,0,0,0,0,0,0,0,0,0,0,0,0,0,0,0,0,0,0,0,0,0,0,0,0,0,0,0,0,0,0,0,0,0,0,0,0,0,0,0,0,0,0,0,0,0,0,0,0]
costo_por_agente [50,84,10,22,12,21,40,10,15,15,35,26,46,15,34,40,31,49,64,29,58,3,125,86,88,9,25,36,8,7,17,18,25,27,16,16,29,79,18,22,39,30,17,34,5,15,23,19,2,47]
completion_time_por_agente [51,85,12,23,13,22,42,11,16,16,37,27,47,16,35,42,32,50,65,31,59,4,127,87,92,10,26,37,9,8,18,19,26,28,17,17,30,80,19,23,42,31,18,38,6,16,24,20,3,48]
tiempo_ultimo_agente_goal 127
tiempo_en_acabar 127
tiempo_promedio 33.099998
agentes_en_goal 50
push_out_count 0
RUN 31
valores_ideales [0,0,0,0,0,0,0,0,0,0,0,0,0,0,0,0,0,0,0,0,0,0,0,0,0,0,0,0,0,0,0,0,0,0,0,0,0,0,0,0,0,0,0,0,0,0,0,0,0,0]
costo_por_agente [68,62,14,24,10,19,40,10,23,15,35,26,34,15,32,44,31,25,58,27,80,3,87,62,48,11,25,34,8,7,17,18,25,25,16,14,27,65,16,22,47,28,17,34,5,15,25,19,2,57]
completion_time_por_agente [69,63,15,25,11,20,42,11,24,16,36,27,36,16,33,45,32,27,59,29,81,4,89,63,50,12,26,37,9,8,18,19,26,26,17,15,28,66,17,23,48,29,18,36,6,16,26,20,3,58]
tiempo_ultimo_agente_goal 89
tiempo_en_acabar 89
tiempo_promedio 30.600000
agentes_en_goal 50
push_out_count 0
RUN 32
valores_ideales [0,0,0,0,0,0,0,0,0,0,0,0,0,0,0,0,0,0,0,0,0,0,0,0,0,0,0,0,0,0,0,0,0,0,0,0,0,0,0,0,0,0,0,0,0,0,0,0,0,0]
costo_por_agente [58,114,14,22,10,19,60,10,15,15,35,26,44,15,32,54,31,37,58,27,70,3,127,76,42,9,25,34,8,7,17,18,25,27,16,18,31,103,16,22,37,28,17,32,5,15,23,19,2,37]
completion_time_por_agente [59,115,15,23,11,20,61,11,16,16,36,27,45,16,33,55,32,38,59,29,71,4,128,78,43,10,26,35,9,8,18,19,26,28,17,19,32,104,17,23,38,29,18,36,6,16,24,20,3,39]
tiempo_ultimo_agente_goal 128
tiempo_en_acabar 128
tiempo_promedio 33.220001
agentes_en_goal 50
push_out_count 0
RUN 33
valores_ideales [0,0,0,0,0,0,0,0,0,0,0,0,0,0,0,0,0,0,0,0,0,0,0,0,0,0,0,0,0,0,0,0,0,0,0,0,0,0,0,0,0,0,0,0,0,0,0,0,0,0]
costo_por_agente [66,74,16,22,12,19,82,10,15,15,167,26,36,15,42,60,31,41,52,29,88,3,151,96,42,9,25,54,8,7,17,18,25,27,16,16,31,59,16,22,41,28,17,48,5,15,23,19,2,49]
completion_time_por_agente [68,75,17,23,13,20,90,11,16,16,169,27,46,16,54,61,32,44,55,33,89,4,152,97,46,10,26,55,9,8,18,19,26,28,17,17,32,62,17,23,49,29,18,57,6,16,24,20,3,52]
tiempo_ultimo_agente_goal 169
tiempo_en_acabar 169
tiempo_promedio 38.299999
agentes_en_goal 50
push_out_count 0
RUN 34
valores_ideales [0,0,0,0,0,0,0,0,0,0,0,0,0,0,0,0,0,0,0,0,0,0,0,0,0,0,0,0,0,0,0,0,0,0,0,0,0,0,0,0,0,0,0,0,0,0,0,0,0,0]
costo_por_agente [72,88,10,22,10,19,42,10,15,15,117,26,46,15,46,56,31,31,46,29,56,3,101,118,42,9,25,32,8,7,17,18,25,25,16,14,29,77,16,22,61,28,17,34,5,15,23,19,2,53]
completion_time_por_agente [73,89,11,23,11,20,43,11,16,16,118,27,47,16,48,57,32,33,48,33,57,4,102,119,43,10,26,35,9,8,18,19,26,26,17,15,30,78,17,23,62,29,18,39,6,16,24,20,3,54]
tiempo_ultimo_agente_goal 119
tiempo_en_acabar 119
tiempo_promedio 34.500000
agentes_en_goal 50
push_out_count 0
RUN 35
valores_ideales [0,0,0,0,0,0,0,0,0,0,0,0,0,0,0,0,0,0,0,0,0,0,0,0,0,0,0,0,0,0,0,0,0,0,0,0,0,0,0,0,0,0,0,0,0,0,0,0,0,0]
costo_por_agente [30,52,12,22,14,19,36,10,19,15,35,26,34,15,34,80,31,39,54,35,98,3,103,82,42,9,25,22,8,7,17,18,25,27,16,16,29,63,18,24,45,30,17,32,5,15,23,19,2,59]
completion_time_por_agente [31,53,14,23,15,20,37,11,20,16,37,27,35,16,35,81,32,40,55,36,99,4,104,83,43,10,26,25,9,8,18,19,26,28,17,17,30,64,19,25,46,31,18,33,6,16,24,20,3,60]
tiempo_ultimo_agente_goal 104
tiempo_en_acabar 104
tiempo_promedio 31.299999
agentes_en_goal 50
push_out_count 0
RUN 36
valores_ideales [0,0,0,0,0,0,0,0,0,0,0,0,0,0,0,0,0,0,0,0,0,0,0,0,0,0,0,0,0,0,0,0,0,0,0,0,0,0,0,0,0,0,0,0,0,0,0,0,0,0]
costo_por_agente [50,60,14,22,10,19,86,10,15,15,37,26,34,15,34,40,31,33,68,45,56,3,105,96,98,11,25,32,8,7,17,18,25,25,16,16,29,83,16,22,35,28,17,40,5,15,29,19,2,45]
completion_time_por_agente [51,61,15,23,11,20,87,11,16,16,38,27,35,16,35,41,32,35,69,46,57,4,106,97,99,12,26,33,9,8,18,19,26,26,17,17,30,84,17,23,38,29,18,45,6,16,31,20,3,47]
tiempo_ultimo_agente_goal 106
tiempo_en_acabar 106
tiempo_promedio 33.320000
agentes_en_goal 50
push_out_count 0
RUN 37
valores_ideales [0,0,0,0,0,0,0,0,0,0,0,0,0,0,0,0,0,0,0,0,0,0,0,0,0,0,0,0,0,0,0,0,0,0,0,0,0,0,0,0,0,0,0,0,0,0,0,0,0,0]
costo_por_agente [52,70,10,22,10,19,46,10,15,15,75,30,46,15,40,68,31,31,60,27,82,3,127,84,104,9,25,48,8,7,17,18,25,25,16,16,29,115,16,22,37,28,17,44,5,15,29,19,2,51]
completion_time_por_agente [53,71,11,23,11,20,48,11,16,16,76,31,49,16,46,69,32,33,61,30,83,4,129,85,106,10,26,49,9,8,18,19,26,26,17,17,30,116,17,23,40,29,18,48,6,16,30,20,3,52]
tiempo_ultimo_agente_goal 129
tiempo_en_acabar 129
tiempo_promedio 36.060001
agentes_en_goal 50
push_out_count 0
RUN 38
valores_ideales [0,0,0,0,0,0,0,0,0,0,0,0,0,0,0,0,0,0,0,0,0,0,0,0,0,0,0,0,0,0,0,0,0,0,0,0,0,0,0,0,0,0,0,0,0,0,0,0,0,0]
costo_por_agente [46,110,10,22,10,19,72,10,15,15,37,26,36,15,32,72,31,29,46,29,54,3,115,82,42,13,23,48,8,7,17,18,25,25,16,18,29,107,16,22,47,28,17,42,5,15,23,23,2,43]
completion_time_por_agente [48,111,11,23,11,20,73,11,16,16,39,27,38,16,33,73,32,31,48,30,55,4,116,83,43,14,24,52,9,8,18,19,26,26,17,19,30,108,17,23,51,29,18,44,6,16,24,24,3,44]
tiempo_ultimo_agente_goal 116
tiempo_en_acabar 116
tiempo_promedio 33.540001
agentes_en_goal 50
push_out_count 0
RUN 39
valores_ideales [0,0,0,0,0,0,0,0,0,0,0,0,0,0,0,0,0,0,0,0,0,0,0,0,0,0,0,0,0,0,0,0,0,0,0,0,0,0,0,0,0,0,0,0,0,0,0,0,0,0]
costo_por_agente [62,78,14,22,10,19,38,10,15,15,107,30,40,15,32,62,31,33,54,29,74,3,109,60,44,11,25,52,8,7,17,18,25,25,16,14,29,91,16,24,37,28,17,46,5,15,23,21,2,47]
completion_time_por_agente [63,79,15,23,11,20,44,11,16,16,108,31,45,16,33,63,32,38,55,30,75,4,110,61,49,13,26,53,9,8,18,19,26,26,17,15,30,92,17,25,41,29,18,49,6,16,24,22,3,48]
tiempo_ultimo_agente_goal 110
tiempo_en_acabar 110
tiempo_promedio 33.959999
agentes_en_goal 50
push_out_count 0
