RUN 0
valores_ideales [38,53,6,5,26,3,11,27,3,7,15,38,40,18,31,41,4,17,23,10,8,9,22,15,28,12,34,38,8,24,20,12,24,26,12,36,20,24,23,5,15,31,17,40,32,22,36,26,27,46,34,37,37,34,14,14,19,16,33,14,32,40,20,38,30,40,38,25,20,34,45,56,8,17,33,48,39,27,10,47]
costo_por_agente [64,57,6,5,26,3,11,81,3,7,21,108,86,18,55,75,4,17,23,10,10,9,32,15,94,12,128,62,10,38,20,12,68,68,12,42,22,24,105,5,15,57,19,82,106,120,66,70,83,60,108,87,93,44,14,14,19,18,77,16,72,58,94,90,50,72,64,25,46,62,59,64,8,19,103,50,103,105,10,71]
completion_time_por_agente [111,70,6,5,27,3,11,119,3,9,24,179,158,18,82,122,4,17,24,13,12,10,40,17,120,12,214,99,11,39,20,17,114,91,12,51,22,25,198,5,15,89,20,125,191,199,109,113,153,79,196,154,153,56,14,14,19,18,109,20,122,90,149,132,86,105,90,26,81,84,89,79,9,24,152,60,163,143,10,91]
tiempo_ultimo_agente_goal 214
tiempo_en_acabar 214
tiempo_promedio 72.062500
agentes_en_goal 80
bad_good_total_rate_pred [21713,17248,38961,0.4]
push_out_count 416
RUN 1
valores_ideales [38,53,6,5,26,3,11,27,3,7,15,38,40,18,31,41,4,17,23,10,8,9,22,15,28,12,34,38,8,24,20,12,24,26,12,36,20,24,23,5,15,31,17,40,32,22,36,26,27,46,34,37,37,34,14,14,19,16,33,14,32,40,20,38,30,40,38,25,20,34,45,56,8,17,33,48,39,27,10,47]
costo_por_agente [40,73,6,5,26,3,11,121,3,9,15,98,48,18,37,133,4,17,23,10,8,9,26,15,42,12,162,92,10,126,20,12,86,42,12,64,20,24,137,7,15,111,17,104,118,180,142,106,115,50,130,145,157,110,14,14,19,16,125,14,80,44,86,142,84,62,98,25,74,112,79,56,8,29,63,52,85,67,10,99]
completion_time_por_agente [51,109,6,5,27,3,11,205,3,13,15,138,61,18,41,224,4,17,23,12,8,10,32,17,57,12,287,140,14,216,20,12,146,46,12,114,20,25,225,8,15,211,18,154,205,271,235,196,195,52,233,251,268,178,14,16,19,16,202,14,125,54,134,252,147,102,157,26,131,203,118,63,8,47,77,68,118,107,10,149]
tiempo_ultimo_agente_goal 287
tiempo_en_acabar 287
tiempo_promedio 90.824997
agentes_en_goal 80
bad_good_total_rate_pred [28021,20552,48573,0.4]
push_out_count 1022
RUN 2
valores_ideales [38,53,6,5,26,3,11,27,3,7,15,38,40,18,31,41,4,17,23,10,8,9,22,15,28,12,34,38,8,24,20,12,24,26,12,36,20,24,23,5,15,31,17,40,32,22,36,26,27,46,34,37,37,34,14,14,19,16,33,14,32,40,20,38,30,40,38,25,20,34,45,56,8,17,33,48,39,27,10,47]
costo_por_agente [38,79,6,5,34,3,11,141,3,11,15,116,88,18,85,129,4,17,23,10,10,9,34,15,34,12,112,60,16,124,20,12,136,26,12,38,20,24,91,5,15,115,17,60,96,76,140,96,71,70,76,87,65,110,14,14,19,16,47,14,118,58,140,82,120,62,88,25,124,66,65,64,8,19,95,54,87,123,10,83]
completion_time_por_agente [45,125,6,5,46,3,11,228,3,13,16,182,149,18,138,214,4,17,24,13,11,10,47,17,46,12,175,84,22,183,20,12,235,27,12,39,21,25,142,6,15,194,19,96,139,123,220,190,129,96,124,128,112,152,14,16,19,17,62,16,206,75,239,160,233,90,160,26,199,82,88,77,9,23,164,75,143,221,10,114]
tiempo_ultimo_agente_goal 239
tiempo_en_acabar 239
tiempo_promedio 83.512497
agentes_en_goal 80
bad_good_total_rate_pred [25783,17690,43473,0.4]
push_out_count 1577
RUN 3
valores_ideales [38,53,6,5,26,3,11,27,3,7,15,38,40,18,31,41,4,17,23,10,8,9,22,15,28,12,34,38,8,24,20,12,24,26,12,36,20,24,23,5,15,31,17,40,32,22,36,26,27,46,34,37,37,34,14,14,19,16,33,14,32,40,20,38,30,40,38,25,20,34,45,56,8,17,33,48,39,27,10,47]
costo_por_agente [124,57,8,5,30,3,13,211,3,9,15,62,198,18,35,221,6,17,23,10,8,9,24,15,38,12,148,124,10,216,20,12,38,28,14,82,20,24,77,5,15,185,19,182,40,278,156,190,135,96,186,171,105,186,14,14,19,16,163,16,82,104,140,90,56,78,152,25,132,42,113,62,8,27,111,60,201,75,10,113]
completion_time_por_agente [230,74,8,5,35,3,17,375,3,11,18,84,375,18,41,383,6,17,24,13,9,10,27,17,42,12,268,217,13,377,20,14,50,39,14,144,20,25,139,5,15,256,21,315,45,400,256,344,241,160,335,311,183,342,14,15,19,16,325,17,123,169,261,141,79,122,265,26,224,59,201,77,9,37,193,77,357,120,10,197]
tiempo_ultimo_agente_goal 400
tiempo_en_acabar 400
tiempo_promedio 119.737503
agentes_en_goal 80
bad_good_total_rate_pred [35706,27070,62776,0.4]
push_out_count 2554
RUN 4
valores_ideales [38,53,6,5,26,3,11,27,3,7,15,38,40,18,31,41,4,17,23,10,8,9,22,15,28,12,34,38,8,24,20,12,24,26,12,36,20,24,23,5,15,31,17,40,32,22,36,26,27,46,34,37,37,34,14,14,19,16,33,14,32,40,20,38,30,40,38,25,20,34,45,56,8,17,33,48,39,27,10,47]
costo_por_agente [38,63,8,5,28,3,11,69,3,9,15,90,138,18,33,165,6,17,23,12,10,9,64,19,56,12,164,98,8,160,20,14,74,48,12,64,20,24,71,7,15,119,19,94,100,174,90,102,115,88,156,163,51,150,14,14,19,18,101,14,72,46,148,144,128,48,50,25,68,38,139,130,8,27,65,72,131,131,10,65]
completion_time_por_agente [41,73,8,5,32,3,11,103,3,10,16,139,208,18,38,277,7,17,23,15,10,10,115,21,70,13,293,150,11,275,20,16,130,56,12,71,20,25,99,7,15,226,23,157,159,308,145,162,183,140,272,259,72,277,14,14,20,19,165,15,111,68,224,265,233,59,72,26,119,42,246,223,8,39,99,116,195,226,13,78]
tiempo_ultimo_agente_goal 308
tiempo_en_acabar 308
tiempo_promedio 94.724998
agentes_en_goal 80
bad_good_total_rate_pred [29481,20492,49973,0.4]
push_out_count 3260
RUN 5
valores_ideales [38,53,6,5,26,3,11,27,3,7,15,38,40,18,31,41,4,17,23,10,8,9,22,15,28,12,34,38,8,24,20,12,24,26,12,36,20,24,23,5,15,31,17,40,32,22,36,26,27,46,34,37,37,34,14,14,19,16,33,14,32,40,20,38,30,40,38,25,20,34,45,56,8,17,33,48,39,27,10,47]
costo_por_agente [38,65,6,5,100,3,11,81,3,9,15,106,98,18,45,95,4,17,23,12,12,9,22,15,124,12,160,44,14,176,20,12,146,44,12,138,20,24,121,7,15,157,17,192,98,34,70,168,175,62,82,83,133,66,14,14,19,16,127,14,114,162,146,110,132,94,124,25,108,124,85,56,8,17,153,94,103,119,10,93]
completion_time_por_agente [44,87,6,5,186,3,11,159,3,10,15,164,166,18,64,147,4,17,24,15,12,10,24,16,212,12,274,65,17,309,20,12,262,53,12,243,20,25,207,7,15,257,17,292,150,43,101,284,290,91,106,125,242,112,14,14,19,20,223,15,194,258,233,171,234,149,222,26,187,207,140,76,9,20,273,161,173,186,10,153]
tiempo_ultimo_agente_goal 309
tiempo_en_acabar 309
tiempo_promedio 105.900002
agentes_en_goal 80
bad_good_total_rate_pred [31709,22168,53877,0.4]
push_out_count 4128
RUN 6
valores_ideales [38,53,6,5,26,3,11,27,3,7,15,38,40,18,31,41,4,17,23,10,8,9,22,15,28,12,34,38,8,24,20,12,24,26,12,36,20,24,23,5,15,31,17,40,32,22,36,26,27,46,34,37,37,34,14,14,19,16,33,14,32,40,20,38,30,40,38,25,20,34,45,56,8,17,33,48,39,27,10,47]
costo_por_agente [80,61,6,5,44,3,11,197,3,9,15,210,150,18,81,187,4,17,23,12,12,9,26,15,30,14,158,84,10,196,20,12,166,154,12,162,20,24,43,5,15,121,21,88,36,42,82,74,135,62,134,185,81,188,14,14,19,18,193,14,178,198,222,86,88,64,134,25,176,176,153,70,8,17,165,78,101,165,10,87]
completion_time_por_agente [107,70,7,5,67,3,11,339,3,12,15,339,286,18,131,297,4,17,24,13,13,10,29,17,32,14,253,143,10,301,20,12,265,270,12,276,20,25,53,6,15,185,21,125,43,56,125,102,221,101,223,326,135,314,14,15,19,18,325,14,310,302,325,131,159,93,214,26,315,282,254,106,9,21,305,126,133,305,10,137]
tiempo_ultimo_agente_goal 339
tiempo_en_acabar 339
tiempo_promedio 118.862503
agentes_en_goal 80
bad_good_total_rate_pred [36807,26387,63194,0.4]
push_out_count 5054
RUN 7
valores_ideales [38,53,6,5,26,3,11,27,3,7,15,38,40,18,31,41,4,17,23,10,8,9,22,15,28,12,34,38,8,24,20,12,24,26,12,36,20,24,23,5,15,31,17,40,32,22,36,26,27,46,34,37,37,34,14,14,19,16,33,14,32,40,20,38,30,40,38,25,20,34,45,56,8,17,33,48,39,27,10,47]
costo_por_agente [42,75,6,5,32,3,11,185,3,7,15,112,180,18,41,169,6,17,23,10,10,9,34,15,152,12,140,164,10,166,20,12,66,94,12,46,20,24,197,5,15,147,17,106,102,122,108,156,95,50,192,149,103,86,14,14,19,16,67,16,68,98,102,118,68,160,116,25,128,150,55,130,8,23,189,88,185,107,10,61]
completion_time_por_agente [53,101,6,5,39,3,11,314,3,8,16,182,293,18,55,275,6,17,24,13,13,10,39,17,239,12,224,263,14,263,20,13,87,158,12,57,20,25,309,5,15,246,18,180,185,209,150,250,174,64,315,282,158,134,14,14,19,17,113,20,119,152,147,219,97,255,200,26,228,279,78,209,9,31,283,144,337,157,13,86]
tiempo_ultimo_agente_goal 337
tiempo_en_acabar 337
tiempo_promedio 111.099998
agentes_en_goal 80
bad_good_total_rate_pred [37042,24077,61119,0.4]
push_out_count 5889
RUN 8
valores_ideales [38,53,6,5,26,3,11,27,3,7,15,38,40,18,31,41,4,17,23,10,8,9,22,15,28,12,34,38,8,24,20,12,24,26,12,36,20,24,23,5,15,31,17,40,32,22,36,26,27,46,34,37,37,34,14,14,19,16,33,14,32,40,20,38,30,40,38,25,20,34,45,56,8,17,33,48,39,27,10,47]
costo_por_agente [38,107,6,5,108,3,11,143,3,9,15,218,116,18,57,161,4,17,23,10,8,9,24,15,46,12,172,132,10,162,20,14,186,26,12,44,20,24,203,7,15,91,19,222,166,198,156,208,151,70,132,141,183,178,14,14,19,20,159,14,160,148,184,130,154,82,212,25,186,74,45,60,8,17,209,124,55,121,10,141]
completion_time_por_agente [43,170,6,5,199,3,11,262,3,11,15,371,179,18,68,240,4,17,23,10,8,10,26,17,53,12,309,192,10,249,20,16,349,26,12,62,20,25,331,8,15,143,20,343,295,305,279,385,257,95,232,250,319,310,14,15,19,24,279,16,266,231,297,248,258,99,389,26,314,132,49,72,8,20,351,206,76,206,10,220]
tiempo_ultimo_agente_goal 389
tiempo_en_acabar 389
tiempo_promedio 131.324997
agentes_en_goal 80
bad_good_total_rate_pred [37573,28857,66430,0.4]
push_out_count 7075
RUN 9
valores_ideales [38,53,6,5,26,3,11,27,3,7,15,38,40,18,31,41,4,17,23,10,8,9,22,15,28,12,34,38,8,24,20,12,24,26,12,36,20,24,23,5,15,31,17,40,32,22,36,26,27,46,34,37,37,34,14,14,19,16,33,14,32,40,20,38,30,40,38,25,20,34,45,56,8,17,33,48,39,27,10,47]
costo_por_agente [70,65,6,5,28,3,11,161,3,9,15,154,60,18,153,155,4,17,23,10,10,9,24,15,44,12,186,128,16,188,20,14,104,124,12,132,20,24,145,7,15,95,17,136,168,180,70,174,121,156,108,85,195,116,14,14,19,18,199,16,96,188,108,176,166,82,164,25,140,64,87,62,8,19,137,48,127,135,10,165]
completion_time_por_agente [118,89,7,5,29,3,13,297,3,11,15,261,80,18,260,274,4,17,24,13,11,10,26,16,59,13,319,202,16,278,20,14,186,186,13,202,21,25,226,8,15,146,18,237,245,292,104,306,215,270,183,117,340,198,14,14,19,18,324,17,155,330,169,255,283,112,265,26,247,102,151,89,9,23,237,48,223,238,10,269]
tiempo_ultimo_agente_goal 340
tiempo_en_acabar 340
tiempo_promedio 121.562500
agentes_en_goal 80
bad_good_total_rate_pred [38555,26914,65469,0.4]
push_out_count 8042
RUN 10
valores_ideales [38,53,6,5,26,3,11,27,3,7,15,38,40,18,31,41,4,17,23,10,8,9,22,15,28,12,34,38,8,24,20,12,24,26,12,36,20,24,23,5,15,31,17,40,32,22,36,26,27,46,34,37,37,34,14,14,19,16,33,14,32,40,20,38,30,40,38,25,20,34,45,56,8,17,33,48,39,27,10,47]
costo_por_agente [38,67,6,5,26,3,15,177,3,7,15,148,134,18,33,119,6,17,23,12,10,9,28,15,72,12,162,72,10,48,20,16,114,26,12,38,20,24,111,7,15,131,17,162,150,176,128,116,133,56,112,99,139,120,14,14,19,16,127,14,172,64,80,148,116,86,142,31,98,38,67,56,8,19,145,54,183,47,10,61]
completion_time_por_agente [39,96,6,5,27,3,20,274,3,8,16,212,233,18,35,192,7,17,24,15,11,10,38,17,111,12,257,113,11,58,20,17,149,26,12,41,20,24,193,8,15,228,18,279,262,284,181,204,245,77,180,166,216,185,14,14,19,16,236,16,296,89,110,247,182,136,240,40,138,42,109,61,9,23,254,68,290,74,10,77]
tiempo_ultimo_agente_goal 296
tiempo_en_acabar 296
tiempo_promedio 96.849998
agentes_en_goal 80
bad_good_total_rate_pred [28392,19258,47650,0.4]
push_out_count 8715
RUN 11
valores_ideales [38,53,6,5,26,3,11,27,3,7,15,38,40,18,31,41,4,17,23,10,8,9,22,15,28,12,34,38,8,24,20,12,24,26,12,36,20,24,23,5,15,31,17,40,32,22,36,26,27,46,34,37,37,34,14,14,19,16,33,14,32,40,20,38,30,40,38,25,20,34,45,56,8,17,33,48,39,27,10,47]
costo_por_agente [38,87,6,5,34,3,11,113,3,9,15,134,120,18,35,107,4,17,23,10,12,9,22,15,98,12,90,88,16,48,20,16,152,70,12,56,20,24,79,5,15,103,19,116,46,54,130,168,157,146,90,121,169,126,14,14,19,18,45,14,118,166,182,128,114,90,134,25,168,56,55,68,8,29,175,74,79,153,10,155]
completion_time_por_agente [46,129,6,5,44,3,11,201,3,11,15,224,174,18,37,167,5,17,24,10,20,10,25,17,153,12,154,130,24,61,20,17,263,109,12,79,20,25,123,6,15,158,19,214,59,73,243,267,269,246,165,188,274,200,14,15,19,18,60,14,181,291,315,210,185,134,217,26,277,88,80,99,9,43,306,114,129,234,10,239]
tiempo_ultimo_agente_goal 315
tiempo_en_acabar 315
tiempo_promedio 101.837502
agentes_en_goal 80
bad_good_total_rate_pred [31119,21052,52171,0.4]
push_out_count 9497
RUN 12
valores_ideales [38,53,6,5,26,3,11,27,3,7,15,38,40,18,31,41,4,17,23,10,8,9,22,15,28,12,34,38,8,24,20,12,24,26,12,36,20,24,23,5,15,31,17,40,32,22,36,26,27,46,34,37,37,34,14,14,19,16,33,14,32,40,20,38,30,40,38,25,20,34,45,56,8,17,33,48,39,27,10,47]
costo_por_agente [54,99,6,5,32,3,15,105,3,9,15,118,106,18,73,135,6,17,23,12,8,9,38,15,92,12,122,76,10,162,20,14,196,136,12,86,20,24,131,5,15,99,17,164,72,138,104,162,137,92,100,129,215,112,14,14,19,18,195,14,184,160,168,218,122,50,114,25,160,34,67,90,8,19,131,98,113,131,10,89]
completion_time_por_agente [86,157,6,5,39,3,19,173,3,11,16,180,191,18,120,211,7,17,24,13,8,10,53,17,160,12,213,106,13,251,20,17,338,209,12,118,20,25,243,5,15,195,18,287,113,230,131,314,243,155,160,233,338,200,14,14,19,18,316,14,301,284,264,316,196,69,178,26,251,38,88,156,9,22,188,149,177,179,10,130]
tiempo_ultimo_agente_goal 338
tiempo_en_acabar 338
tiempo_promedio 115.087502
agentes_en_goal 80
bad_good_total_rate_pred [38526,25140,63666,0.4]
push_out_count 10367
RUN 13
valores_ideales [38,53,6,5,26,3,11,27,3,7,15,38,40,18,31,41,4,17,23,10,8,9,22,15,28,12,34,38,8,24,20,12,24,26,12,36,20,24,23,5,15,31,17,40,32,22,36,26,27,46,34,37,37,34,14,14,19,16,33,14,32,40,20,38,30,40,38,25,20,34,45,56,8,17,33,48,39,27,10,47]
costo_por_agente [52,65,6,5,76,3,11,129,3,7,15,138,100,18,33,139,4,17,23,12,16,9,24,17,98,12,126,62,10,142,20,14,90,142,12,52,20,24,115,5,15,155,19,72,108,170,104,88,149,46,74,101,63,86,14,14,19,18,67,14,112,48,126,66,114,106,86,25,90,106,51,56,8,17,111,50,101,117,10,75]
completion_time_por_agente [68,88,6,5,133,3,11,237,3,8,16,224,157,21,37,212,4,17,24,20,24,10,27,18,165,12,200,92,10,234,20,14,160,219,12,76,20,25,195,5,15,243,19,112,161,282,155,141,263,54,112,176,86,139,14,14,19,18,117,15,196,55,206,80,192,189,147,26,158,175,67,64,9,18,205,57,162,194,10,100]
tiempo_ultimo_agente_goal 282
tiempo_en_acabar 282
tiempo_promedio 91.212502
agentes_en_goal 80
bad_good_total_rate_pred [25759,18170,43929,0.4]
push_out_count 10999
RUN 14
valores_ideales [38,53,6,5,26,3,11,27,3,7,15,38,40,18,31,41,4,17,23,10,8,9,22,15,28,12,34,38,8,24,20,12,24,26,12,36,20,24,23,5,15,31,17,40,32,22,36,26,27,46,34,37,37,34,14,14,19,16,33,14,32,40,20,38,30,40,38,25,20,34,45,56,8,17,33,48,39,27,10,47]
costo_por_agente [54,141,8,5,26,3,11,183,3,9,15,212,120,18,57,145,4,17,23,10,8,9,24,15,106,12,150,90,10,136,20,12,204,192,12,118,20,24,151,5,15,107,17,218,96,188,132,244,147,52,152,165,207,102,14,14,19,16,187,14,228,184,212,104,66,62,62,25,220,78,71,84,8,17,83,86,83,223,10,131]
completion_time_por_agente [88,236,11,5,27,3,11,276,3,11,15,380,205,18,75,254,4,17,23,13,8,10,27,17,163,12,264,117,11,216,20,12,367,293,12,165,21,25,231,6,15,178,17,340,130,295,247,390,252,67,261,286,358,159,14,14,19,16,340,16,402,358,404,189,117,108,80,26,350,131,99,125,8,22,127,128,133,404,13,190]
tiempo_ultimo_agente_goal 404
tiempo_en_acabar 404
tiempo_promedio 131.250000
agentes_en_goal 80
bad_good_total_rate_pred [41529,29721,71250,0.4]
push_out_count 12070
RUN 15
valores_ideales [38,53,6,5,26,3,11,27,3,7,15,38,40,18,31,41,4,17,23,10,8,9,22,15,28,12,34,38,8,24,20,12,24,26,12,36,20,24,23,5,15,31,17,40,32,22,36,26,27,46,34,37,37,34,14,14,19,16,33,14,32,40,20,38,30,40,38,25,20,34,45,56,8,17,33,48,39,27,10,47]
costo_por_agente [40,91,8,5,26,3,11,151,3,9,17,146,154,18,49,81,4,17,23,10,16,9,62,15,104,12,170,110,8,28,20,14,138,50,12,52,20,24,95,5,15,153,19,92,122,22,86,164,95,110,104,99,123,74,14,16,19,16,119,14,78,156,80,56,118,44,136,25,102,52,63,58,8,17,127,50,77,149,10,63]
completion_time_por_agente [56,134,8,5,29,3,11,261,3,10,17,221,261,18,61,116,4,17,24,13,20,10,102,17,169,12,292,172,8,36,20,15,262,74,12,72,20,25,154,5,15,278,20,147,207,22,126,271,137,190,176,160,218,97,14,16,19,16,220,16,121,241,128,86,222,56,237,26,190,66,94,64,9,18,221,58,109,279,10,100]
tiempo_ultimo_agente_goal 292
tiempo_en_acabar 292
tiempo_promedio 93.362503
agentes_en_goal 80
bad_good_total_rate_pred [25614,21372,46986,0.5]
push_out_count 12833
RUN 16
valores_ideales [38,53,6,5,26,3,11,27,3,7,15,38,40,18,31,41,4,17,23,10,8,9,22,15,28,12,34,38,8,24,20,12,24,26,12,36,20,24,23,5,15,31,17,40,32,22,36,26,27,46,34,37,37,34,14,14,19,16,33,14,32,40,20,38,30,40,38,25,20,34,45,56,8,17,33,48,39,27,10,47]
costo_por_agente [56,53,6,5,82,3,11,113,3,7,17,158,116,18,35,141,6,17,23,14,8,9,24,15,88,12,122,48,26,158,20,14,108,142,12,58,20,24,159,5,15,137,17,144,120,194,116,140,111,130,136,99,141,132,14,14,19,18,39,14,142,48,174,74,134,158,86,25,80,160,125,66,8,21,117,68,161,109,10,77]
completion_time_por_agente [78,61,6,5,142,3,12,188,3,8,17,270,192,18,36,249,6,17,24,15,8,10,26,17,129,12,218,63,38,267,20,14,211,202,13,79,20,24,255,5,15,250,17,215,208,318,190,276,167,217,230,165,236,217,14,14,19,19,41,14,248,52,297,97,203,282,134,28,127,298,200,88,9,29,186,86,274,149,10,112]
tiempo_ultimo_agente_goal 318
tiempo_en_acabar 318
tiempo_promedio 109.150002
agentes_en_goal 80
bad_good_total_rate_pred [35114,23972,59086,0.4]
push_out_count 13663
RUN 17
valores_ideales [38,53,6,5,26,3,11,27,3,7,15,38,40,18,31,41,4,17,23,10,8,9,22,15,28,12,34,38,8,24,20,12,24,26,12,36,20,24,23,5,15,31,17,40,32,22,36,26,27,46,34,37,37,34,14,14,19,16,33,14,32,40,20,38,30,40,38,25,20,34,45,56,8,17,33,48,39,27,10,47]
costo_por_agente [38,53,6,5,28,3,11,135,3,7,15,132,166,18,81,133,6,17,23,12,8,9,80,15,166,12,154,106,12,140,20,14,36,40,12,122,20,24,143,5,15,131,17,194,132,148,120,226,151,62,178,149,127,170,14,14,19,20,67,14,136,56,176,180,94,126,68,25,130,50,133,102,8,19,129,60,147,87,10,83]
completion_time_por_agente [43,62,6,5,29,3,12,247,3,8,15,206,254,18,116,211,7,17,24,14,10,10,146,17,292,12,272,193,13,215,20,17,45,45,12,171,20,25,275,5,15,204,18,344,237,249,175,360,244,94,289,263,211,299,14,14,19,23,112,16,225,87,300,327,151,231,107,26,231,70,210,181,9,25,220,81,257,111,10,131]
tiempo_ultimo_agente_goal 360
tiempo_en_acabar 360
tiempo_promedio 116.312500
agentes_en_goal 80
bad_good_total_rate_pred [35171,26614,61785,0.4]
push_out_count 14541
RUN 18
valores_ideales [38,53,6,5,26,3,11,27,3,7,15,38,40,18,31,41,4,17,23,10,8,9,22,15,28,12,34,38,8,24,20,12,24,26,12,36,20,24,23,5,15,31,17,40,32,22,36,26,27,46,34,37,37,34,14,14,19,16,33,14,32,40,20,38,30,40,38,25,20,34,45,56,8,17,33,48,39,27,10,47]
costo_por_agente [42,77,6,5,26,3,11,119,3,13,17,94,98,18,37,143,4,17,23,10,8,9,22,17,72,12,102,108,10,104,20,12,42,26,12,68,20,24,119,5,15,111,17,68,36,174,162,144,113,48,108,127,139,130,14,14,19,16,79,14,104,40,154,80,124,106,72,25,64,52,115,58,8,19,79,50,109,117,10,93]
completion_time_por_agente [48,102,6,5,28,3,11,187,3,22,19,141,192,18,40,212,4,17,23,13,10,10,24,17,123,12,175,174,10,157,20,12,66,27,12,82,20,25,180,5,15,182,19,109,51,255,265,236,169,58,167,209,247,222,14,14,19,16,136,16,171,42,270,123,207,165,109,26,111,61,187,66,8,22,131,63,179,176,10,143]
tiempo_ultimo_agente_goal 270
tiempo_en_acabar 270
tiempo_promedio 86.800003
agentes_en_goal 80
bad_good_total_rate_pred [25541,17385,42926,0.4]
push_out_count 15118
RUN 19
valores_ideales [38,53,6,5,26,3,11,27,3,7,15,38,40,18,31,41,4,17,23,10,8,9,22,15,28,12,34,38,8,24,20,12,24,26,12,36,20,24,23,5,15,31,17,40,32,22,36,26,27,46,34,37,37,34,14,14,19,16,33,14,32,40,20,38,30,40,38,25,20,34,45,56,8,17,33,48,39,27,10,47]
costo_por_agente [66,61,6,5,28,3,29,141,3,13,15,210,98,18,45,169,4,17,23,10,16,9,24,15,80,12,152,70,12,142,20,12,184,26,12,110,20,24,135,5,15,177,17,204,100,30,202,192,103,48,106,85,201,154,14,14,19,48,191,14,118,110,120,132,94,80,158,25,138,34,117,100,8,35,209,94,119,167,10,97]
completion_time_por_agente [104,81,6,5,30,3,54,256,3,16,15,369,168,18,53,297,4,17,24,15,18,10,26,18,115,12,264,105,12,202,20,13,311,26,12,189,20,25,252,5,15,313,18,323,143,31,326,352,183,52,193,166,388,279,14,14,19,79,331,14,170,205,193,226,163,147,292,26,273,35,175,137,9,59,280,143,173,291,10,150]
tiempo_ultimo_agente_goal 388
tiempo_en_acabar 388
tiempo_promedio 120.037498
agentes_en_goal 80
bad_good_total_rate_pred [34837,27369,62206,0.4]
push_out_count 16126
RUN 20
valores_ideales [38,53,6,5,26,3,11,27,3,7,15,38,40,18,31,41,4,17,23,10,8,9,22,15,28,12,34,38,8,24,20,12,24,26,12,36,20,24,23,5,15,31,17,40,32,22,36,26,27,46,34,37,37,34,14,14,19,16,33,14,32,40,20,38,30,40,38,25,20,34,45,56,8,17,33,48,39,27,10,47]
costo_por_agente [46,53,6,5,28,3,13,77,3,7,15,122,88,18,39,71,4,17,23,14,8,9,24,19,62,12,90,74,10,102,20,12,108,26,12,116,20,24,79,7,15,101,17,110,42,26,94,130,137,50,76,99,125,148,14,14,19,22,113,14,94,52,128,130,102,72,106,25,106,38,51,56,8,19,133,90,69,131,10,93]
completion_time_por_agente [56,62,6,5,28,3,14,118,3,8,15,234,134,18,45,92,4,17,23,17,12,10,25,26,85,12,147,93,11,166,20,12,176,26,12,179,20,25,114,7,15,155,18,161,53,26,176,221,219,59,117,167,206,214,14,14,20,27,194,14,169,63,224,202,182,109,171,26,167,48,77,63,8,19,212,132,112,211,10,145]
tiempo_ultimo_agente_goal 234
tiempo_en_acabar 234
tiempo_promedio 81.500000
agentes_en_goal 80
bad_good_total_rate_pred [24458,16878,41336,0.4]
push_out_count 16664
RUN 21
valores_ideales [38,53,6,5,26,3,11,27,3,7,15,38,40,18,31,41,4,17,23,10,8,9,22,15,28,12,34,38,8,24,20,12,24,26,12,36,20,24,23,5,15,31,17,40,32,22,36,26,27,46,34,37,37,34,14,14,19,16,33,14,32,40,20,38,30,40,38,25,20,34,45,56,8,17,33,48,39,27,10,47]
costo_por_agente [40,63,6,5,26,3,11,183,3,9,17,112,158,18,55,159,4,17,23,10,10,9,24,15,116,12,66,152,10,174,20,12,54,112,12,84,20,24,35,7,15,91,17,92,80,100,138,70,157,130,178,153,145,100,14,14,19,16,109,14,104,68,116,130,56,86,142,25,92,40,163,76,8,29,111,48,69,123,10,87]
completion_time_por_agente [52,77,6,5,27,3,11,321,3,10,18,187,289,18,73,239,4,17,23,13,11,10,25,17,205,12,119,259,10,266,20,12,68,159,12,110,20,25,42,7,15,145,17,156,99,166,263,101,267,218,300,264,215,173,14,14,19,16,190,14,172,98,208,209,83,119,224,26,146,57,265,101,8,44,186,54,119,214,10,149]
tiempo_ultimo_agente_goal 321
tiempo_en_acabar 321
tiempo_promedio 99.537498
agentes_en_goal 80
bad_good_total_rate_pred [29893,19795,49688,0.4]
push_out_count 17422
RUN 22
valores_ideales [38,53,6,5,26,3,11,27,3,7,15,38,40,18,31,41,4,17,23,10,8,9,22,15,28,12,34,38,8,24,20,12,24,26,12,36,20,24,23,5,15,31,17,40,32,22,36,26,27,46,34,37,37,34,14,14,19,16,33,14,32,40,20,38,30,40,38,25,20,34,45,56,8,17,33,48,39,27,10,47]
costo_por_agente [38,53,6,5,38,3,13,71,3,7,15,132,66,18,35,177,6,17,23,12,14,9,22,15,114,12,74,166,10,138,20,12,74,28,12,58,20,24,125,5,15,69,21,160,56,26,162,128,163,118,158,111,85,164,14,14,19,18,77,14,174,64,124,154,84,136,84,25,146,52,51,56,8,23,101,50,167,131,10,53]
completion_time_por_agente [38,59,6,5,52,3,13,91,3,10,16,221,118,18,37,315,7,17,24,15,20,10,23,17,206,12,119,220,11,189,20,17,102,28,12,72,20,26,203,6,15,100,21,289,88,27,272,228,273,204,280,177,139,296,14,14,20,20,132,15,259,84,199,256,140,237,136,27,262,74,74,62,9,31,151,56,270,202,10,61]
tiempo_ultimo_agente_goal 315
tiempo_en_acabar 315
tiempo_promedio 95.312500
agentes_en_goal 80
bad_good_total_rate_pred [25526,19693,45219,0.4]
push_out_count 18149
RUN 23
valores_ideales [38,53,6,5,26,3,11,27,3,7,15,38,40,18,31,41,4,17,23,10,8,9,22,15,28,12,34,38,8,24,20,12,24,26,12,36,20,24,23,5,15,31,17,40,32,22,36,26,27,46,34,37,37,34,14,14,19,16,33,14,32,40,20,38,30,40,38,25,20,34,45,56,8,17,33,48,39,27,10,47]
costo_por_agente [62,61,6,5,30,3,11,43,3,9,15,102,112,18,31,129,6,17,23,10,8,9,110,15,152,12,132,58,14,148,20,12,96,28,12,88,20,24,123,5,15,69,17,102,58,32,66,82,85,68,122,117,79,50,14,14,19,16,103,14,82,42,70,96,92,98,90,25,80,54,89,60,8,29,87,82,121,113,10,77]
completion_time_por_agente [91,78,6,5,36,3,11,65,3,12,16,158,189,18,31,221,7,17,23,10,9,10,184,17,226,12,216,79,21,245,20,12,179,28,12,141,20,25,210,5,15,104,17,176,71,33,110,125,148,99,213,201,114,69,14,14,19,17,140,14,117,44,115,170,158,177,129,26,125,87,153,67,8,45,141,119,204,166,10,127]
tiempo_ultimo_agente_goal 245
tiempo_en_acabar 245
tiempo_promedio 82.150002
agentes_en_goal 80
bad_good_total_rate_pred [26421,18178,44599,0.4]
push_out_count 18703
RUN 24
valores_ideales [38,53,6,5,26,3,11,27,3,7,15,38,40,18,31,41,4,17,23,10,8,9,22,15,28,12,34,38,8,24,20,12,24,26,12,36,20,24,23,5,15,31,17,40,32,22,36,26,27,46,34,37,37,34,14,14,19,16,33,14,32,40,20,38,30,40,38,25,20,34,45,56,8,17,33,48,39,27,10,47]
costo_por_agente [42,65,6,5,26,3,11,143,3,9,15,94,110,18,59,157,4,17,23,12,12,9,24,15,132,12,150,100,16,210,20,12,70,26,12,84,20,24,145,5,15,145,17,122,100,60,76,130,137,104,70,163,125,106,14,14,19,16,81,16,112,74,128,80,62,68,88,25,120,54,47,56,8,17,139,52,127,79,10,75]
completion_time_por_agente [49,87,6,5,27,3,11,281,3,11,16,133,178,18,77,260,4,17,23,15,17,10,26,17,210,12,263,160,23,299,20,15,113,26,12,111,20,25,265,5,15,263,18,204,149,80,112,242,216,174,131,253,195,173,14,15,19,18,134,20,156,99,210,123,105,83,122,26,209,67,57,60,8,19,224,70,237,114,10,114]
tiempo_ultimo_agente_goal 299
tiempo_en_acabar 299
tiempo_promedio 92.887497
agentes_en_goal 80
bad_good_total_rate_pred [27753,18916,46669,0.4]
push_out_count 19344
RUN 25
valores_ideales [38,53,6,5,26,3,11,27,3,7,15,38,40,18,31,41,4,17,23,10,8,9,22,15,28,12,34,38,8,24,20,12,24,26,12,36,20,24,23,5,15,31,17,40,32,22,36,26,27,46,34,37,37,34,14,14,19,16,33,14,32,40,20,38,30,40,38,25,20,34,45,56,8,17,33,48,39,27,10,47]
costo_por_agente [98,57,6,5,26,3,11,119,3,9,15,118,106,18,45,87,6,17,23,12,10,9,66,19,40,12,138,64,12,56,20,14,106,60,12,40,20,24,65,5,15,95,17,160,52,62,130,120,141,68,98,75,67,140,14,14,19,20,147,14,90,148,148,80,84,88,152,25,88,70,59,56,8,39,63,48,113,99,10,65]
completion_time_por_agente [155,69,6,5,26,3,11,230,3,11,15,211,189,18,60,142,7,17,24,13,10,10,109,21,59,12,251,87,19,67,20,17,185,87,12,45,21,25,89,6,15,136,18,255,58,75,216,230,240,97,162,124,104,264,14,14,19,24,221,14,137,240,266,124,128,128,263,26,123,112,76,59,9,59,87,50,183,131,10,90]
tiempo_ultimo_agente_goal 266
tiempo_en_acabar 266
tiempo_promedio 87.099998
agentes_en_goal 80
bad_good_total_rate_pred [25110,18541,43651,0.4]
push_out_count 19942
RUN 26
valores_ideales [38,53,6,5,26,3,11,27,3,7,15,38,40,18,31,41,4,17,23,10,8,9,22,15,28,12,34,38,8,24,20,12,24,26,12,36,20,24,23,5,15,31,17,40,32,22,36,26,27,46,34,37,37,34,14,14,19,16,33,14,32,40,20,38,30,40,38,25,20,34,45,56,8,17,33,48,39,27,10,47]
costo_por_agente [48,59,6,5,32,3,11,181,3,11,19,130,152,18,61,97,4,17,23,18,14,9,26,15,74,12,74,90,8,90,20,18,106,32,12,96,20,24,95,5,15,99,17,116,56,182,112,118,155,60,176,183,115,100,14,14,19,60,125,14,130,154,136,128,134,86,118,25,148,48,65,68,8,17,169,68,167,83,10,83]
completion_time_por_agente [72,78,6,5,39,3,12,326,3,13,21,219,280,18,77,145,4,17,24,19,18,10,29,17,102,12,119,159,11,134,20,21,196,34,12,175,20,25,137,7,15,150,19,203,73,294,192,169,257,84,315,298,204,161,14,15,20,114,199,16,179,264,251,229,245,116,204,26,255,66,98,94,9,21,306,116,278,132,10,130]
tiempo_ultimo_agente_goal 326
tiempo_en_acabar 326
tiempo_promedio 106.000000
agentes_en_goal 80
bad_good_total_rate_pred [33196,22901,56097,0.4]
push_out_count 20747
RUN 27
valores_ideales [38,53,6,5,26,3,11,27,3,7,15,38,40,18,31,41,4,17,23,10,8,9,22,15,28,12,34,38,8,24,20,12,24,26,12,36,20,24,23,5,15,31,17,40,32,22,36,26,27,46,34,37,37,34,14,14,19,16,33,14,32,40,20,38,30,40,38,25,20,34,45,56,8,17,33,48,39,27,10,47]
costo_por_agente [70,61,10,5,38,3,11,185,3,9,17,200,190,18,31,137,4,17,23,12,10,9,22,15,200,12,134,184,10,244,20,12,64,78,12,54,20,24,135,7,15,115,19,108,168,84,150,146,121,64,208,175,95,106,14,16,19,16,87,16,110,114,158,200,148,80,134,25,128,172,77,138,8,33,171,82,173,121,10,119]
completion_time_por_agente [102,75,10,5,57,3,11,324,3,11,21,328,311,18,32,249,4,17,24,15,13,10,24,16,339,12,236,366,10,391,20,12,87,114,12,91,20,25,193,8,15,173,20,188,274,118,279,263,206,89,393,313,168,198,14,16,19,17,152,17,174,181,312,351,269,130,216,26,227,327,123,248,9,54,256,135,309,196,10,205]
tiempo_ultimo_agente_goal 393
tiempo_en_acabar 393
tiempo_promedio 128.862503
agentes_en_goal 80
bad_good_total_rate_pred [42321,29855,72176,0.4]
push_out_count 21781
RUN 28
valores_ideales [38,53,6,5,26,3,11,27,3,7,15,38,40,18,31,41,4,17,23,10,8,9,22,15,28,12,34,38,8,24,20,12,24,26,12,36,20,24,23,5,15,31,17,40,32,22,36,26,27,46,34,37,37,34,14,14,19,16,33,14,32,40,20,38,30,40,38,25,20,34,45,56,8,17,33,48,39,27,10,47]
costo_por_agente [152,71,6,5,36,3,11,139,3,9,25,210,138,18,79,137,6,17,23,10,8,9,24,15,198,12,196,68,10,236,20,14,212,28,12,56,20,24,191,7,15,135,17,196,98,184,176,228,215,162,124,113,241,128,14,16,19,16,39,14,94,70,252,238,218,118,144,25,140,64,75,58,8,17,99,54,117,109,10,133]
completion_time_por_agente [254,98,7,5,60,3,11,217,3,11,25,372,218,18,120,214,6,17,24,13,9,10,27,17,336,12,344,86,13,340,20,14,396,29,12,81,20,25,325,8,15,229,18,343,140,308,340,430,369,287,199,194,438,193,14,16,19,16,47,14,149,98,425,413,439,209,287,26,255,98,119,68,9,20,164,76,211,151,10,250]
tiempo_ultimo_agente_goal 439
tiempo_en_acabar 439
tiempo_promedio 136.574997
agentes_en_goal 80
bad_good_total_rate_pred [41166,33333,74499,0.4]
push_out_count 22962
RUN 29
valores_ideales [38,53,6,5,26,3,11,27,3,7,15,38,40,18,31,41,4,17,23,10,8,9,22,15,28,12,34,38,8,24,20,12,24,26,12,36,20,24,23,5,15,31,17,40,32,22,36,26,27,46,34,37,37,34,14,14,19,16,33,14,32,40,20,38,30,40,38,25,20,34,45,56,8,17,33,48,39,27,10,47]
costo_por_agente [38,59,6,5,30,3,11,165,3,11,15,154,162,18,51,183,4,17,23,10,8,9,26,15,136,12,144,48,12,202,20,16,58,50,12,64,20,24,161,7,15,173,19,64,134,38,174,146,167,52,150,165,73,64,14,14,19,16,143,14,150,104,130,106,100,54,116,25,110,36,143,56,8,19,111,76,159,139,10,89]
completion_time_por_agente [39,78,6,5,36,3,12,318,3,16,15,260,309,18,56,323,4,17,24,15,9,10,29,17,233,12,238,66,16,342,20,16,67,69,12,77,20,25,230,7,15,321,19,97,233,44,299,249,309,70,265,321,90,91,14,15,19,17,252,16,228,169,221,190,170,66,179,26,149,38,252,59,9,20,187,124,302,231,10,140]
tiempo_ultimo_agente_goal 342
tiempo_en_acabar 342
tiempo_promedio 107.474998
agentes_en_goal 80
bad_good_total_rate_pred [32514,22348,54862,0.4]
push_out_count 23810
RUN 30
valores_ideales [38,53,6,5,26,3,11,27,3,7,15,38,40,18,31,41,4,17,23,10,8,9,22,15,28,12,34,38,8,24,20,12,24,26,12,36,20,24,23,5,15,31,17,40,32,22,36,26,27,46,34,37,37,34,14,14,19,16,33,14,32,40,20,38,30,40,38,25,20,34,45,56,8,17,33,48,39,27,10,47]
costo_por_agente [134,73,6,5,94,3,11,157,3,9,15,146,120,18,199,135,4,17,23,12,10,9,28,17,90,12,94,86,10,130,20,14,148,56,12,54,20,24,101,7,15,121,19,108,70,36,156,184,113,94,110,109,63,140,14,14,19,16,217,14,88,56,92,74,166,100,68,25,116,110,83,68,8,17,169,64,101,125,10,69]
completion_time_por_agente [254,102,6,5,169,3,11,248,3,10,15,255,206,18,309,226,4,17,23,15,11,10,34,18,158,12,153,149,12,175,20,16,259,69,12,76,20,25,176,8,15,205,19,175,121,44,277,343,167,163,189,182,112,220,14,15,19,17,349,14,136,74,131,121,324,156,99,26,215,153,122,98,8,19,308,90,201,211,13,106]
tiempo_ultimo_agente_goal 349
tiempo_en_acabar 349
tiempo_promedio 107.287498
agentes_en_goal 80
bad_good_total_rate_pred [32867,24685,57552,0.4]
push_out_count 24685
RUN 31
valores_ideales [38,53,6,5,26,3,11,27,3,7,15,38,40,18,31,41,4,17,23,10,8,9,22,15,28,12,34,38,8,24,20,12,24,26,12,36,20,24,23,5,15,31,17,40,32,22,36,26,27,46,34,37,37,34,14,14,19,16,33,14,32,40,20,38,30,40,38,25,20,34,45,56,8,17,33,48,39,27,10,47]
costo_por_agente [38,53,8,5,26,3,11,159,3,9,21,208,158,18,71,113,4,17,23,10,10,9,22,17,94,12,210,68,10,176,20,12,130,26,12,198,22,24,173,5,15,135,17,228,46,186,94,212,85,64,138,129,161,160,14,14,19,18,117,14,100,58,180,230,226,50,142,25,176,108,59,88,8,17,117,48,73,117,10,75]
completion_time_por_agente [43,60,8,5,29,3,12,293,3,10,22,340,285,18,116,208,5,17,24,13,11,10,24,17,164,12,310,96,11,313,20,12,234,26,12,338,22,25,266,5,15,231,17,373,57,317,160,361,166,96,233,215,256,286,14,14,19,18,195,16,170,79,273,403,389,66,259,26,274,165,81,128,9,18,182,49,111,197,10,124]
tiempo_ultimo_agente_goal 403
tiempo_en_acabar 403
tiempo_promedio 118.925003
agentes_en_goal 80
bad_good_total_rate_pred [32919,25005,57924,0.4]
push_out_count 25690
RUN 32
valores_ideales [38,53,6,5,26,3,11,27,3,7,15,38,40,18,31,41,4,17,23,10,8,9,22,15,28,12,34,38,8,24,20,12,24,26,12,36,20,24,23,5,15,31,17,40,32,22,36,26,27,46,34,37,37,34,14,14,19,16,33,14,32,40,20,38,30,40,38,25,20,34,45,56,8,17,33,48,39,27,10,47]
costo_por_agente [56,61,8,5,104,3,11,49,3,9,15,106,76,18,67,133,4,17,23,10,8,9,42,15,142,12,180,90,8,174,20,12,86,28,12,76,20,24,139,9,15,71,19,100,146,184,138,128,161,84,66,119,105,144,14,14,19,48,59,14,62,46,150,82,114,130,84,25,110,38,47,70,8,23,101,48,153,131,10,55]
completion_time_por_agente [85,69,9,5,162,3,11,70,3,10,16,151,122,18,87,217,4,17,24,10,8,10,57,17,225,12,257,146,9,267,20,12,152,29,12,142,20,25,246,16,15,122,19,143,208,288,235,249,221,128,120,217,178,241,14,14,19,77,79,16,93,68,227,142,189,187,147,26,199,51,59,103,9,34,170,54,264,232,14,66]
tiempo_ultimo_agente_goal 288
tiempo_en_acabar 288
tiempo_promedio 96.400002
agentes_en_goal 80
bad_good_total_rate_pred [27877,20286,48163,0.4]
push_out_count 26358
RUN 33
valores_ideales [38,53,6,5,26,3,11,27,3,7,15,38,40,18,31,41,4,17,23,10,8,9,22,15,28,12,34,38,8,24,20,12,24,26,12,36,20,24,23,5,15,31,17,40,32,22,36,26,27,46,34,37,37,34,14,14,19,16,33,14,32,40,20,38,30,40,38,25,20,34,45,56,8,17,33,48,39,27,10,47]
costo_por_agente [62,79,8,5,36,3,15,113,3,7,15,128,90,18,101,69,4,17,23,10,8,9,24,15,60,12,144,66,14,94,20,12,72,26,12,42,20,24,65,5,15,71,17,112,62,26,156,126,105,52,144,81,101,92,14,14,19,16,121,16,108,46,96,106,110,150,160,25,102,36,115,62,8,21,113,48,71,91,10,143]
completion_time_por_agente [113,126,9,5,50,3,15,200,3,8,15,192,139,18,159,107,4,17,24,10,8,10,30,17,92,12,263,94,14,153,20,13,132,26,12,52,20,25,120,6,15,96,19,212,83,26,251,250,180,67,247,133,152,153,14,14,19,17,233,17,166,52,161,179,160,242,271,26,178,41,203,73,9,30,225,53,113,130,10,225]
tiempo_ultimo_agente_goal 271
tiempo_en_acabar 271
tiempo_promedio 88.512497
agentes_en_goal 80
bad_good_total_rate_pred [26414,19012,45426,0.4]
push_out_count 26996
RUN 34
valores_ideales [38,53,6,5,26,3,11,27,3,7,15,38,40,18,31,41,4,17,23,10,8,9,22,15,28,12,34,38,8,24,20,12,24,26,12,36,20,24,23,5,15,31,17,40,32,22,36,26,27,46,34,37,37,34,14,14,19,16,33,14,32,40,20,38,30,40,38,25,20,34,45,56,8,17,33,48,39,27,10,47]
costo_por_agente [66,71,6,5,30,3,11,117,3,9,15,102,60,18,31,185,4,17,23,10,10,9,26,17,90,12,164,188,12,156,20,16,24,34,12,44,20,24,101,5,15,141,17,126,74,176,106,142,195,78,158,165,117,100,14,16,19,16,89,14,154,56,118,88,100,54,126,25,162,96,47,58,8,21,107,50,181,109,10,105]
completion_time_por_agente [98,108,6,5,34,3,11,223,3,12,18,179,100,18,34,294,4,17,24,13,12,10,32,19,142,12,315,296,16,232,20,17,28,35,12,52,20,25,155,5,15,248,17,221,105,299,162,219,324,118,265,265,192,155,14,17,19,16,130,14,247,81,240,145,178,77,224,26,311,141,53,67,9,23,218,55,284,181,10,182]
tiempo_ultimo_agente_goal 324
tiempo_en_acabar 324
tiempo_promedio 102.824997
agentes_en_goal 80
bad_good_total_rate_pred [30642,22996,53638,0.4]
push_out_count 27737
RUN 35
valores_ideales [38,53,6,5,26,3,11,27,3,7,15,38,40,18,31,41,4,17,23,10,8,9,22,15,28,12,34,38,8,24,20,12,24,26,12,36,20,24,23,5,15,31,17,40,32,22,36,26,27,46,34,37,37,34,14,14,19,16,33,14,32,40,20,38,30,40,38,25,20,34,45,56,8,17,33,48,39,27,10,47]
costo_por_agente [48,73,6,5,28,3,11,139,3,9,15,108,130,18,67,161,4,17,23,10,8,9,28,15,140,12,66,54,10,148,20,14,88,26,12,50,20,24,137,5,15,129,19,104,140,154,136,66,113,50,140,143,97,154,14,14,19,52,63,14,106,86,112,70,112,142,94,25,130,42,49,72,8,29,87,50,137,111,10,87]
completion_time_por_agente [62,112,6,5,30,3,12,263,3,11,15,191,222,18,105,265,4,17,24,13,8,10,39,17,216,12,104,66,11,229,20,17,140,26,12,58,20,25,230,5,15,204,20,168,214,242,216,95,194,71,249,263,160,253,14,15,19,91,105,16,192,143,184,101,199,245,161,26,232,47,68,107,9,45,130,57,202,187,10,132]
tiempo_ultimo_agente_goal 265
tiempo_en_acabar 265
tiempo_promedio 96.837502
agentes_en_goal 80
bad_good_total_rate_pred [31173,21749,52922,0.4]
push_out_count 28422
RUN 36
valores_ideales [38,53,6,5,26,3,11,27,3,7,15,38,40,18,31,41,4,17,23,10,8,9,22,15,28,12,34,38,8,24,20,12,24,26,12,36,20,24,23,5,15,31,17,40,32,22,36,26,27,46,34,37,37,34,14,14,19,16,33,14,32,40,20,38,30,40,38,25,20,34,45,56,8,17,33,48,39,27,10,47]
costo_por_agente [38,69,6,5,52,3,11,171,3,9,15,158,112,18,51,103,4,17,23,12,10,9,58,15,56,12,164,86,14,200,20,12,210,60,12,38,20,24,137,5,15,135,19,160,114,28,164,154,93,100,60,99,121,74,14,14,19,18,129,14,146,84,150,152,122,42,142,25,106,58,51,60,8,17,133,54,59,75,10,57]
completion_time_por_agente [41,101,6,5,75,3,12,306,3,10,16,302,210,18,64,182,4,17,24,15,11,10,81,17,63,12,291,144,15,312,20,14,295,72,12,40,20,25,237,5,15,199,20,244,190,29,272,278,147,169,82,176,190,111,14,15,19,19,228,16,277,130,277,292,237,53,270,26,174,65,62,67,9,18,238,70,92,104,13,69]
tiempo_ultimo_agente_goal 312
tiempo_en_acabar 312
tiempo_promedio 101.074997
agentes_en_goal 80
bad_good_total_rate_pred [27518,21042,48560,0.4]
push_out_count 29228
RUN 37
valores_ideales [38,53,6,5,26,3,11,27,3,7,15,38,40,18,31,41,4,17,23,10,8,9,22,15,28,12,34,38,8,24,20,12,24,26,12,36,20,24,23,5,15,31,17,40,32,22,36,26,27,46,34,37,37,34,14,14,19,16,33,14,32,40,20,38,30,40,38,25,20,34,45,56,8,17,33,48,39,27,10,47]
costo_por_agente [62,55,6,5,32,3,13,137,3,11,15,124,92,18,39,105,6,17,23,10,8,9,30,23,146,12,94,68,10,108,22,14,144,44,12,40,20,24,71,5,15,67,19,138,102,150,86,166,101,56,108,103,189,104,14,14,19,18,147,14,170,44,166,150,152,48,62,25,160,74,45,56,8,29,135,48,105,95,10,67]
completion_time_por_agente [94,62,6,5,41,3,13,224,3,13,18,221,152,18,44,177,7,17,24,11,9,10,36,24,232,12,145,102,11,182,25,14,211,49,12,45,20,25,126,5,15,101,19,260,152,260,112,288,182,68,208,183,305,180,14,14,19,19,285,15,286,59,300,286,260,54,84,26,284,95,49,59,8,43,225,58,162,143,13,101]
tiempo_ultimo_agente_goal 305
tiempo_en_acabar 305
tiempo_promedio 96.775002
agentes_en_goal 80
bad_good_total_rate_pred [26715,20021,46736,0.4]
push_out_count 29946
RUN 38
valores_ideales [38,53,6,5,26,3,11,27,3,7,15,38,40,18,31,41,4,17,23,10,8,9,22,15,28,12,34,38,8,24,20,12,24,26,12,36,20,24,23,5,15,31,17,40,32,22,36,26,27,46,34,37,37,34,14,14,19,16,33,14,32,40,20,38,30,40,38,25,20,34,45,56,8,17,33,48,39,27,10,47]
costo_por_agente [38,63,6,5,30,3,11,87,3,9,15,150,46,18,51,107,4,17,23,12,8,9,140,15,116,12,106,64,10,62,20,14,118,26,12,42,20,24,87,5,15,63,19,148,86,128,124,116,87,64,84,95,143,66,14,14,19,16,105,14,104,82,90,68,104,58,118,25,78,66,45,60,8,27,67,50,83,117,10,83]
completion_time_por_agente [41,78,6,5,42,3,12,153,3,11,17,242,50,18,71,163,4,17,24,15,9,10,218,18,214,12,167,84,11,73,20,17,193,27,12,54,20,25,142,5,15,95,19,258,130,150,217,202,162,95,134,152,241,105,14,14,19,16,180,14,183,156,127,99,172,87,199,26,119,87,55,66,9,39,89,56,137,209,10,126]
tiempo_ultimo_agente_goal 258
tiempo_en_acabar 258
tiempo_promedio 82.362503
agentes_en_goal 80
bad_good_total_rate_pred [23753,18054,41807,0.4]
push_out_count 30504
RUN 39
valores_ideales [38,53,6,5,26,3,11,27,3,7,15,38,40,18,31,41,4,17,23,10,8,9,22,15,28,12,34,38,8,24,20,12,24,26,12,36,20,24,23,5,15,31,17,40,32,22,36,26,27,46,34,37,37,34,14,14,19,16,33,14,32,40,20,38,30,40,38,25,20,34,45,56,8,17,33,48,39,27,10,47]
costo_por_agente [54,99,6,5,64,3,11,149,3,9,15,88,62,18,35,167,6,17,23,12,8,9,42,17,76,12,176,44,10,158,20,12,68,166,12,72,22,24,163,5,15,79,19,180,134,34,118,116,163,58,188,111,185,50,14,16,19,16,139,14,166,130,166,202,72,56,128,25,186,54,57,78,8,27,151,48,135,221,10,127]
completion_time_por_agente [80,145,7,5,107,3,11,254,3,10,16,110,85,18,36,310,6,17,24,12,10,10,52,20,101,12,335,54,11,281,20,12,101,322,12,105,22,25,298,5,15,118,19,327,240,36,216,220,276,89,327,196,297,66,14,18,19,16,251,14,299,233,260,358,111,71,242,26,349,86,75,105,9,37,266,56,222,343,10,215]
tiempo_ultimo_agente_goal 358
tiempo_en_acabar 358
tiempo_promedio 115.175003
agentes_en_goal 80
bad_good_total_rate_pred [31661,25023,56684,0.4]
push_out_count 31454
