RUN 0
valores_ideales [0,0,0,0,0,0,0,0,0,0,0,0,0,0,0,0,0,0,0,0,0,0,0,0,0,0,0,0,0,0,0,0,0,0,0,0,0,0,0,0,0,0,0,0,0,0,0,0,0,0]
costo_por_agente [40,56,14,22,10,19,36,10,15,15,39,28,46,15,32,56,31,35,50,63,72,3,93,88,44,9,23,36,8,7,17,18,25,27,16,16,31,73,16,24,35,28,17,36,5,15,25,23,2,41]
completion_time_por_agente [41,57,15,23,11,20,37,11,16,16,43,29,47,16,36,57,32,36,51,64,73,4,95,89,47,10,24,37,9,8,18,19,26,28,17,17,32,74,17,25,38,29,18,37,6,16,29,24,3,42]
tiempo_ultimo_agente_goal 95
tiempo_en_acabar 95
tiempo_promedio 31.379999
agentes_en_goal 50
push_out_count 0
RUN 1
valores_ideales [0,0,0,0,0,0,0,0,0,0,0,0,0,0,0,0,0,0,0,0,0,0,0,0,0,0,0,0,0,0,0,0,0,0,0,0,0,0,0,0,0,0,0,0,0,0,0,0,0,0]
costo_por_agente [48,80,14,22,10,19,62,10,15,15,107,26,40,15,38,54,31,23,74,31,38,3,125,64,50,9,23,46,8,7,17,18,25,25,16,16,29,67,16,22,33,28,17,46,5,15,39,19,2,55]
completion_time_por_agente [50,81,15,23,11,20,63,11,16,16,108,27,43,16,41,56,32,25,75,33,41,4,127,66,52,10,24,50,9,8,18,19,26,26,17,17,30,70,17,23,35,29,18,49,6,16,43,20,3,57]
tiempo_ultimo_agente_goal 127
tiempo_en_acabar 127
tiempo_promedio 33.840000
agentes_en_goal 50
push_out_count 0
RUN 2
valores_ideales [0,0,0,0,0,0,0,0,0,0,0,0,0,0,0,0,0,0,0,0,0,0,0,0,0,0,0,0,0,0,0,0,0,0,0,0,0,0,0,0,0,0,0,0,0,0,0,0,0,0]
costo_por_agente [64,100,14,22,10,19,36,10,15,15,37,26,48,15,34,64,31,27,52,39,62,3,93,98,112,9,25,44,8,7,19,18,25,27,16,16,29,73,18,22,49,30,17,44,5,15,25,19,2,43]
completion_time_por_agente [65,101,15,23,11,20,38,11,17,16,38,27,53,16,35,65,32,32,55,43,64,4,94,99,113,10,26,48,9,8,20,19,26,28,17,17,30,74,19,23,51,31,18,49,6,16,27,20,3,44]
tiempo_ultimo_agente_goal 113
tiempo_en_acabar 113
tiempo_promedio 34.520000
agentes_en_goal 50
push_out_count 0
RUN 3
valores_ideales [0,0,0,0,0,0,0,0,0,0,0,0,0,0,0,0,0,0,0,0,0,0,0,0,0,0,0,0,0,0,0,0,0,0,0,0,0,0,0,0,0,0,0,0,0,0,0,0,0,0]
costo_por_agente [50,114,10,22,12,19,58,10,15,15,41,26,34,15,32,50,31,31,78,41,64,3,85,84,42,11,25,46,8,7,17,18,25,27,16,16,29,77,16,26,37,28,17,44,5,15,23,19,2,69]
completion_time_por_agente [51,115,12,23,13,20,59,11,16,16,43,27,35,16,34,51,32,33,79,42,65,4,86,85,43,12,26,47,9,8,18,19,26,28,17,17,30,78,17,27,38,29,18,47,6,16,24,20,3,70]
tiempo_ultimo_agente_goal 115
tiempo_en_acabar 115
tiempo_promedio 33.220001
agentes_en_goal 50
push_out_count 0
RUN 4
valores_ideales [0,0,0,0,0,0,0,0,0,0,0,0,0,0,0,0,0,0,0,0,0,0,0,0,0,0,0,0,0,0,0,0,0,0,0,0,0,0,0,0,0,0,0,0,0,0,0,0,0,0]
costo_por_agente [30,124,14,22,10,19,52,10,15,15,87,26,36,15,34,48,31,31,72,27,68,3,77,58,42,13,25,44,8,7,17,18,25,25,16,16,29,93,16,26,37,28,17,44,5,15,23,19,2,53]
completion_time_por_agente [31,125,15,23,11,20,53,11,17,16,88,27,37,16,35,49,32,33,73,28,69,4,78,60,43,14,26,47,9,8,18,19,26,26,17,17,30,94,17,27,39,29,18,45,6,16,24,20,3,54]
tiempo_ultimo_agente_goal 125
tiempo_en_acabar 125
tiempo_promedio 32.860001
agentes_en_goal 50
push_out_count 0
RUN 5
valores_ideales [0,0,0,0,0,0,0,0,0,0,0,0,0,0,0,0,0,0,0,0,0,0,0,0,0,0,0,0,0,0,0,0,0,0,0,0,0,0,0,0,0,0,0,0,0,0,0,0,0,0]
costo_por_agente [52,128,12,22,10,21,48,10,15,15,83,26,34,17,42,44,31,37,50,35,72,3,93,72,42,9,23,26,8,7,17,18,25,25,16,20,29,97,16,22,37,28,17,36,5,15,23,19,2,47]
completion_time_por_agente [53,129,13,23,11,22,50,11,16,16,84,27,36,18,45,46,32,38,51,36,73,4,94,73,43,10,25,28,9,8,18,19,26,26,17,21,30,98,17,23,38,29,18,38,6,16,24,20,3,48]
tiempo_ultimo_agente_goal 129
tiempo_en_acabar 129
tiempo_promedio 33.180000
agentes_en_goal 50
push_out_count 0
RUN 6
valores_ideales [0,0,0,0,0,0,0,0,0,0,0,0,0,0,0,0,0,0,0,0,0,0,0,0,0,0,0,0,0,0,0,0,0,0,0,0,0,0,0,0,0,0,0,0,0,0,0,0,0,0]
costo_por_agente [58,86,10,22,10,19,86,10,21,15,39,26,34,17,32,52,31,29,64,29,68,3,111,52,46,11,25,60,8,7,19,18,25,25,16,14,31,69,16,22,45,28,17,44,5,15,25,19,2,43]
completion_time_por_agente [59,87,11,23,11,20,87,11,22,16,41,27,36,18,33,53,32,33,65,31,69,4,113,53,48,12,26,61,9,8,20,19,26,26,17,15,32,70,17,23,47,29,18,46,6,16,29,20,3,44]
tiempo_ultimo_agente_goal 113
tiempo_en_acabar 113
tiempo_promedio 32.840000
agentes_en_goal 50
push_out_count 0
RUN 7
valores_ideales [0,0,0,0,0,0,0,0,0,0,0,0,0,0,0,0,0,0,0,0,0,0,0,0,0,0,0,0,0,0,0,0,0,0,0,0,0,0,0,0,0,0,0,0,0,0,0,0,0,0]
costo_por_agente [46,88,14,22,10,21,76,10,15,15,35,26,42,15,32,46,31,23,42,33,66,3,85,58,42,9,25,36,8,7,17,18,25,27,16,18,29,75,16,22,35,28,17,48,5,15,43,25,2,49]
completion_time_por_agente [47,89,15,23,11,22,77,11,16,16,36,27,43,16,33,47,32,25,43,35,67,4,87,59,43,10,26,37,9,8,18,19,26,28,17,19,30,76,17,23,36,29,18,49,6,16,44,26,3,50]
tiempo_ultimo_agente_goal 89
tiempo_en_acabar 89
tiempo_promedio 31.280001
agentes_en_goal 50
push_out_count 0
RUN 8
valores_ideales [0,0,0,0,0,0,0,0,0,0,0,0,0,0,0,0,0,0,0,0,0,0,0,0,0,0,0,0,0,0,0,0,0,0,0,0,0,0,0,0,0,0,0,0,0,0,0,0,0,0]
costo_por_agente [44,70,10,22,10,19,94,10,15,15,35,26,52,17,32,56,31,41,52,31,54,3,117,66,46,9,25,78,8,7,17,18,25,25,16,20,29,73,16,22,37,28,17,32,5,15,39,21,2,65]
completion_time_por_agente [52,71,11,23,11,20,95,11,16,16,37,27,57,18,34,57,32,47,54,32,55,4,118,67,51,10,26,80,9,8,18,19,26,26,17,21,30,74,17,23,40,29,18,35,6,16,43,22,3,66]
tiempo_ultimo_agente_goal 118
tiempo_en_acabar 118
tiempo_promedio 33.959999
agentes_en_goal 50
push_out_count 0
RUN 9
valores_ideales [0,0,0,0,0,0,0,0,0,0,0,0,0,0,0,0,0,0,0,0,0,0,0,0,0,0,0,0,0,0,0,0,0,0,0,0,0,0,0,0,0,0,0,0,0,0,0,0,0,0]
costo_por_agente [48,78,14,24,10,19,38,10,15,15,87,26,34,15,32,48,31,37,50,31,46,3,75,82,42,9,23,36,8,7,17,18,25,25,16,20,29,69,16,22,41,28,17,30,5,15,23,19,2,55]
completion_time_por_agente [49,79,15,25,11,20,39,11,16,16,88,27,36,16,33,49,32,38,51,34,47,4,76,83,43,10,24,37,9,8,18,19,26,26,17,21,30,70,17,23,42,29,18,31,6,16,24,20,3,56]
tiempo_ultimo_agente_goal 88
tiempo_en_acabar 88
tiempo_promedio 30.760000
agentes_en_goal 50
push_out_count 0
RUN 10
valores_ideales [0,0,0,0,0,0,0,0,0,0,0,0,0,0,0,0,0,0,0,0,0,0,0,0,0,0,0,0,0,0,0,0,0,0,0,0,0,0,0,0,0,0,0,0,0,0,0,0,0,0]
costo_por_agente [42,118,14,22,10,21,36,10,15,15,37,26,34,15,34,44,31,45,38,47,92,3,83,118,42,9,23,42,8,7,19,18,25,25,16,16,31,87,16,24,43,28,17,32,5,15,27,19,2,45]
completion_time_por_agente [43,119,15,23,11,22,37,11,16,16,38,27,35,16,36,45,32,46,39,48,93,4,84,119,43,10,24,43,9,8,20,19,26,26,17,17,32,88,17,25,44,29,18,33,6,16,28,20,3,46]
tiempo_ultimo_agente_goal 119
tiempo_en_acabar 119
tiempo_promedio 32.840000
agentes_en_goal 50
push_out_count 0
RUN 11
valores_ideales [0,0,0,0,0,0,0,0,0,0,0,0,0,0,0,0,0,0,0,0,0,0,0,0,0,0,0,0,0,0,0,0,0,0,0,0,0,0,0,0,0,0,0,0,0,0,0,0,0,0]
costo_por_agente [82,102,14,22,10,21,96,10,15,15,95,26,34,17,32,40,31,47,56,33,62,3,95,78,56,9,25,40,8,7,17,18,25,27,16,16,29,71,16,24,49,28,17,46,5,15,25,19,2,53]
completion_time_por_agente [83,103,15,23,11,22,98,11,16,16,96,27,38,18,33,49,32,53,57,41,63,4,97,79,62,10,26,45,9,8,18,19,26,28,17,17,30,72,17,25,51,29,18,52,6,16,26,20,3,54]
tiempo_ultimo_agente_goal 103
tiempo_en_acabar 103
tiempo_promedio 35.779999
agentes_en_goal 50
push_out_count 0
RUN 12
valores_ideales [0,0,0,0,0,0,0,0,0,0,0,0,0,0,0,0,0,0,0,0,0,0,0,0,0,0,0,0,0,0,0,0,0,0,0,0,0,0,0,0,0,0,0,0,0,0,0,0,0,0]
costo_por_agente [64,84,14,22,10,19,38,10,15,15,79,26,34,15,36,56,31,39,54,37,50,3,107,96,42,11,27,56,8,7,17,18,25,25,16,20,29,67,16,24,55,28,17,44,5,15,23,19,2,45]
completion_time_por_agente [65,85,15,23,11,20,40,11,16,16,80,27,36,16,38,57,32,40,55,40,52,4,108,97,43,12,28,57,9,8,18,19,26,26,17,21,30,68,17,25,58,29,18,47,6,16,24,20,3,46]
tiempo_ultimo_agente_goal 108
tiempo_en_acabar 108
tiempo_promedio 33.500000
agentes_en_goal 50
push_out_count 0
RUN 13
valores_ideales [0,0,0,0,0,0,0,0,0,0,0,0,0,0,0,0,0,0,0,0,0,0,0,0,0,0,0,0,0,0,0,0,0,0,0,0,0,0,0,0,0,0,0,0,0,0,0,0,0,0]
costo_por_agente [48,112,10,30,10,21,36,10,15,15,41,26,42,15,42,48,31,25,44,35,88,3,117,58,104,13,25,36,8,7,17,18,27,25,16,16,31,65,16,22,47,28,17,38,5,15,27,19,2,37]
completion_time_por_agente [49,113,11,32,11,22,37,11,17,16,43,27,45,16,44,49,32,28,45,37,89,4,119,59,105,14,26,37,9,8,18,19,28,26,17,17,32,66,17,23,48,29,18,41,6,16,28,20,3,38]
tiempo_ultimo_agente_goal 119
tiempo_en_acabar 119
tiempo_promedio 33.299999
agentes_en_goal 50
push_out_count 0
RUN 14
valores_ideales [0,0,0,0,0,0,0,0,0,0,0,0,0,0,0,0,0,0,0,0,0,0,0,0,0,0,0,0,0,0,0,0,0,0,0,0,0,0,0,0,0,0,0,0,0,0,0,0,0,0]
costo_por_agente [54,66,10,22,10,19,86,10,15,15,51,26,42,15,34,50,31,31,44,29,54,3,87,76,108,9,25,66,8,7,17,18,27,27,16,16,29,125,16,22,31,28,17,46,5,15,39,23,2,59]
completion_time_por_agente [55,67,11,23,11,20,90,11,16,16,59,27,45,16,37,51,32,34,46,33,55,4,88,77,109,10,26,74,9,8,18,19,28,28,17,17,30,126,17,23,34,29,18,47,6,16,42,24,3,60]
tiempo_ultimo_agente_goal 126
tiempo_en_acabar 126
tiempo_promedio 35.240002
agentes_en_goal 50
push_out_count 0
RUN 15
valores_ideales [0,0,0,0,0,0,0,0,0,0,0,0,0,0,0,0,0,0,0,0,0,0,0,0,0,0,0,0,0,0,0,0,0,0,0,0,0,0,0,0,0,0,0,0,0,0,0,0,0,0]
costo_por_agente [56,72,12,22,10,19,50,10,17,15,39,26,42,15,52,66,31,29,48,33,72,3,99,66,42,11,25,50,8,7,19,18,27,25,22,14,29,113,16,22,33,28,17,62,5,15,31,19,2,59]
completion_time_por_agente [57,73,13,23,11,20,54,11,18,16,49,27,45,16,57,67,32,31,51,37,73,4,100,67,44,12,26,55,9,8,20,19,28,26,23,15,30,114,17,23,36,29,18,63,6,16,38,20,3,60]
tiempo_ultimo_agente_goal 114
tiempo_en_acabar 114
tiempo_promedio 34.200001
agentes_en_goal 50
push_out_count 0
RUN 16
valores_ideales [0,0,0,0,0,0,0,0,0,0,0,0,0,0,0,0,0,0,0,0,0,0,0,0,0,0,0,0,0,0,0,0,0,0,0,0,0,0,0,0,0,0,0,0,0,0,0,0,0,0]
costo_por_agente [74,78,14,22,10,19,42,10,15,15,35,26,60,17,34,44,31,33,80,79,84,3,99,84,46,9,25,64,8,7,17,18,25,25,16,16,29,97,16,24,33,28,17,54,5,15,29,19,2,43]
completion_time_por_agente [79,81,15,23,11,20,71,11,16,16,36,27,64,18,35,66,32,62,81,81,89,4,100,87,68,10,26,74,9,8,18,19,26,26,17,17,30,100,17,25,35,29,18,79,6,16,35,20,3,66]
tiempo_ultimo_agente_goal 100
tiempo_en_acabar 100
tiempo_promedio 38.439999
agentes_en_goal 50
push_out_count 0
RUN 17
valores_ideales [0,0,0,0,0,0,0,0,0,0,0,0,0,0,0,0,0,0,0,0,0,0,0,0,0,0,0,0,0,0,0,0,0,0,0,0,0,0,0,0,0,0,0,0,0,0,0,0,0,0]
costo_por_agente [46,62,18,22,10,19,68,10,17,15,37,26,38,15,36,50,31,33,62,27,64,3,115,58,48,19,25,26,8,7,17,18,29,25,16,14,29,67,18,22,45,28,17,32,9,15,23,19,2,49]
completion_time_por_agente [48,63,19,23,11,20,69,11,18,16,40,27,39,16,37,51,32,35,63,29,65,4,116,59,49,20,26,28,9,8,18,19,30,26,17,15,30,68,19,23,46,29,18,33,10,16,24,20,3,50]
tiempo_ultimo_agente_goal 116
tiempo_en_acabar 116
tiempo_promedio 31.299999
agentes_en_goal 50
push_out_count 0
RUN 18
valores_ideales [0,0,0,0,0,0,0,0,0,0,0,0,0,0,0,0,0,0,0,0,0,0,0,0,0,0,0,0,0,0,0,0,0,0,0,0,0,0,0,0,0,0,0,0,0,0,0,0,0,0]
costo_por_agente [48,102,14,22,10,19,82,10,17,15,49,26,34,15,40,50,31,25,50,39,60,3,121,60,94,9,25,24,8,7,17,18,27,27,16,16,29,75,16,22,43,28,17,40,5,15,27,19,2,49]
completion_time_por_agente [49,103,15,23,11,20,83,11,19,16,51,27,35,16,42,51,32,27,51,42,61,4,122,61,95,10,26,25,9,8,18,19,28,28,17,17,30,76,17,23,45,29,18,44,6,16,29,20,3,50]
tiempo_ultimo_agente_goal 122
tiempo_en_acabar 122
tiempo_promedio 33.560001
agentes_en_goal 50
push_out_count 0
RUN 19
valores_ideales [0,0,0,0,0,0,0,0,0,0,0,0,0,0,0,0,0,0,0,0,0,0,0,0,0,0,0,0,0,0,0,0,0,0,0,0,0,0,0,0,0,0,0,0,0,0,0,0,0,0]
costo_por_agente [54,112,10,22,10,19,46,10,15,15,75,26,34,17,32,56,31,23,62,55,56,3,137,92,46,11,27,34,8,7,19,18,25,25,16,18,29,87,16,22,33,28,17,44,5,15,35,19,2,55]
completion_time_por_agente [56,113,11,23,11,20,47,11,16,16,76,27,35,18,35,57,32,25,63,58,58,4,138,93,47,12,28,37,9,8,20,19,26,26,17,19,30,88,17,23,35,29,18,46,6,16,37,20,3,56]
tiempo_ultimo_agente_goal 138
tiempo_en_acabar 138
tiempo_promedio 34.700001
agentes_en_goal 50
push_out_count 0
RUN 20
valores_ideales [0,0,0,0,0,0,0,0,0,0,0,0,0,0,0,0,0,0,0,0,0,0,0,0,0,0,0,0,0,0,0,0,0,0,0,0,0,0,0,0,0,0,0,0,0,0,0,0,0,0]
costo_por_agente [54,68,10,22,10,19,36,10,15,15,121,26,40,15,34,48,31,35,86,45,56,3,101,48,48,9,25,30,8,7,17,18,31,27,16,14,29,73,18,22,47,30,19,32,5,15,23,21,2,41]
completion_time_por_agente [56,69,11,23,11,20,38,11,17,16,122,27,42,16,35,49,32,36,87,46,57,4,103,50,49,10,26,32,9,8,18,19,32,28,17,16,30,74,19,23,49,31,20,34,6,16,24,22,3,44]
tiempo_ultimo_agente_goal 122
tiempo_en_acabar 122
tiempo_promedio 32.740002
agentes_en_goal 50
push_out_count 0
RUN 21
valores_ideales [0,0,0,0,0,0,0,0,0,0,0,0,0,0,0,0,0,0,0,0,0,0,0,0,0,0,0,0,0,0,0,0,0,0,0,0,0,0,0,0,0,0,0,0,0,0,0,0,0,0]
costo_por_agente [52,72,14,22,10,19,92,10,15,15,37,32,38,17,36,44,31,25,42,27,84,3,123,62,42,13,23,34,8,7,17,18,25,25,16,18,29,91,16,22,45,28,17,46,5,15,29,19,2,41]
completion_time_por_agente [53,73,15,23,11,20,93,11,17,16,38,33,39,18,40,46,32,27,43,30,85,4,124,63,44,14,24,35,9,8,18,19,26,26,17,19,30,92,17,23,46,29,18,48,6,16,32,20,3,42]
tiempo_ultimo_agente_goal 124
tiempo_en_acabar 124
tiempo_promedio 32.700001
agentes_en_goal 50
push_out_count 0
RUN 22
valores_ideales [0,0,0,0,0,0,0,0,0,0,0,0,0,0,0,0,0,0,0,0,0,0,0,0,0,0,0,0,0,0,0,0,0,0,0,0,0,0,0,0,0,0,0,0,0,0,0,0,0,0]
costo_por_agente [58,80,12,22,10,19,38,10,17,15,105,26,46,15,32,50,31,43,46,29,88,3,95,64,44,9,25,36,8,7,17,18,25,25,16,16,29,67,16,22,41,28,17,30,5,15,25,19,2,39]
completion_time_por_agente [59,81,13,23,11,20,39,11,18,16,106,27,48,16,34,51,32,45,47,30,89,4,97,65,45,10,26,37,9,8,18,19,26,26,17,17,30,68,17,23,42,29,18,31,6,16,26,20,3,40]
tiempo_ultimo_agente_goal 106
tiempo_en_acabar 106
tiempo_promedio 32.180000
agentes_en_goal 50
push_out_count 0
RUN 23
valores_ideales [0,0,0,0,0,0,0,0,0,0,0,0,0,0,0,0,0,0,0,0,0,0,0,0,0,0,0,0,0,0,0,0,0,0,0,0,0,0,0,0,0,0,0,0,0,0,0,0,0,0]
costo_por_agente [56,92,14,22,10,19,50,10,15,15,101,26,34,17,34,40,31,41,66,29,88,3,105,90,96,11,25,36,8,7,17,18,25,25,16,14,29,65,16,22,33,28,17,50,5,15,27,23,2,47]
completion_time_por_agente [57,93,15,23,11,20,52,11,16,16,102,27,40,18,40,42,32,42,67,35,89,4,106,91,98,12,26,37,9,8,18,19,26,26,17,15,30,66,17,23,36,29,18,51,6,16,32,24,3,48]
tiempo_ultimo_agente_goal 106
tiempo_en_acabar 106
tiempo_promedio 35.180000
agentes_en_goal 50
push_out_count 0
RUN 24
valores_ideales [0,0,0,0,0,0,0,0,0,0,0,0,0,0,0,0,0,0,0,0,0,0,0,0,0,0,0,0,0,0,0,0,0,0,0,0,0,0,0,0,0,0,0,0,0,0,0,0,0,0]
costo_por_agente [50,54,16,22,12,19,74,10,15,15,35,26,38,15,36,50,31,23,84,41,86,3,49,82,42,9,25,50,8,7,17,18,25,27,16,16,29,67,16,22,37,28,17,44,5,15,37,21,2,45]
completion_time_por_agente [51,55,17,23,13,20,75,11,16,16,36,27,40,16,38,51,32,26,85,42,87,4,51,83,43,10,26,51,9,8,18,19,26,28,17,17,30,68,17,23,40,29,18,46,6,16,40,22,3,46]
tiempo_ultimo_agente_goal 87
tiempo_en_acabar 87
tiempo_promedio 31.820000
agentes_en_goal 50
push_out_count 0
RUN 25
valores_ideales [0,0,0,0,0,0,0,0,0,0,0,0,0,0,0,0,0,0,0,0,0,0,0,0,0,0,0,0,0,0,0,0,0,0,0,0,0,0,0,0,0,0,0,0,0,0,0,0,0,0]
costo_por_agente [46,92,10,22,10,19,64,10,19,15,37,30,32,15,46,58,31,27,56,33,48,3,75,78,46,11,23,68,8,7,19,18,25,25,16,20,29,63,16,24,37,28,17,54,5,15,23,19,2,49]
completion_time_por_agente [47,93,11,23,11,20,65,11,20,16,38,31,36,16,47,59,32,29,57,35,50,4,77,79,49,12,24,69,9,8,20,19,26,26,17,21,30,64,17,25,39,29,18,55,6,16,24,20,3,50]
tiempo_ultimo_agente_goal 93
tiempo_en_acabar 93
tiempo_promedio 32.060001
agentes_en_goal 50
push_out_count 0
RUN 26
valores_ideales [0,0,0,0,0,0,0,0,0,0,0,0,0,0,0,0,0,0,0,0,0,0,0,0,0,0,0,0,0,0,0,0,0,0,0,0,0,0,0,0,0,0,0,0,0,0,0,0,0,0]
costo_por_agente [36,114,10,22,12,23,40,10,15,15,87,26,36,17,32,58,31,29,50,29,62,3,119,70,42,9,25,44,8,7,17,18,25,27,16,16,29,67,16,22,57,28,17,40,37,15,23,21,2,47]
completion_time_por_agente [38,115,12,23,13,24,42,11,16,16,88,27,37,18,33,59,32,31,52,30,63,4,120,71,43,10,26,45,9,8,18,19,26,28,17,17,30,68,17,23,58,29,18,41,39,16,24,22,3,48]
tiempo_ultimo_agente_goal 120
tiempo_en_acabar 120
tiempo_promedio 33.540001
agentes_en_goal 50
push_out_count 0
RUN 27
valores_ideales [0,0,0,0,0,0,0,0,0,0,0,0,0,0,0,0,0,0,0,0,0,0,0,0,0,0,0,0,0,0,0,0,0,0,0,0,0,0,0,0,0,0,0,0,0,0,0,0,0,0]
costo_por_agente [52,56,14,22,10,23,70,10,15,15,83,26,58,15,44,48,31,35,60,31,62,3,87,66,46,11,25,58,8,7,17,18,25,27,16,14,29,85,18,22,31,30,17,52,19,17,29,19,2,51]
completion_time_por_agente [53,57,15,23,11,24,71,11,16,16,84,27,59,16,46,50,32,36,61,36,63,4,88,67,48,12,26,59,9,8,18,19,26,28,17,15,30,86,19,23,34,31,18,53,23,18,31,20,3,52]
tiempo_ultimo_agente_goal 88
tiempo_en_acabar 88
tiempo_promedio 33.840000
agentes_en_goal 50
push_out_count 0
RUN 28
valores_ideales [0,0,0,0,0,0,0,0,0,0,0,0,0,0,0,0,0,0,0,0,0,0,0,0,0,0,0,0,0,0,0,0,0,0,0,0,0,0,0,0,0,0,0,0,0,0,0,0,0,0]
costo_por_agente [52,104,10,22,12,21,42,10,15,15,35,26,52,15,32,50,31,29,42,31,32,3,109,60,44,9,23,44,8,7,19,18,25,25,16,16,29,75,16,22,49,28,17,44,5,15,25,19,2,59]
completion_time_por_agente [56,105,12,23,13,22,44,11,16,16,36,27,53,16,33,52,32,32,43,33,34,4,110,62,45,10,25,45,9,8,20,19,26,26,17,17,30,76,17,23,53,29,18,47,6,16,26,20,3,60]
tiempo_ultimo_agente_goal 110
tiempo_en_acabar 110
tiempo_promedio 31.520000
agentes_en_goal 50
push_out_count 0
RUN 29
valores_ideales [0,0,0,0,0,0,0,0,0,0,0,0,0,0,0,0,0,0,0,0,0,0,0,0,0,0,0,0,0,0,0,0,0,0,0,0,0,0,0,0,0,0,0,0,0,0,0,0,0,0]
costo_por_agente [54,116,14,22,10,21,80,10,15,15,89,26,62,15,36,52,31,41,44,31,80,3,75,56,44,9,25,54,8,7,19,18,25,27,16,14,29,85,18,22,53,28,17,48,5,15,23,19,2,43]
completion_time_por_agente [56,117,15,23,11,22,81,11,16,16,90,27,65,16,38,54,32,44,46,37,81,4,76,57,46,10,26,59,9,8,20,19,26,28,17,15,30,86,19,23,55,29,18,50,6,16,24,20,3,45]
tiempo_ultimo_agente_goal 117
tiempo_en_acabar 117
tiempo_promedio 34.840000
agentes_en_goal 50
push_out_count 0
RUN 30
valores_ideales [0,0,0,0,0,0,0,0,0,0,0,0,0,0,0,0,0,0,0,0,0,0,0,0,0,0,0,0,0,0,0,0,0,0,0,0,0,0,0,0,0,0,0,0,0,0,0,0,0,0]
costo_por_agente [46,58,10,22,10,19,38,10,15,15,49,26,50,15,36,42,31,51,62,45,68,3,121,64,42,9,25,36,8,7,17,18,25,25,16,16,29,83,16,22,57,28,17,38,5,15,23,19,2,39]
completion_time_por_agente [47,59,11,23,11,20,42,11,16,16,50,27,51,16,42,44,32,52,63,49,69,4,122,65,44,10,26,37,9,8,18,19,26,26,17,17,30,84,17,23,58,29,18,42,6,16,24,20,3,44]
tiempo_ultimo_agente_goal 122
tiempo_en_acabar 122
tiempo_promedio 32.259998
agentes_en_goal 50
push_out_count 0
RUN 31
valores_ideales [0,0,0,0,0,0,0,0,0,0,0,0,0,0,0,0,0,0,0,0,0,0,0,0,0,0,0,0,0,0,0,0,0,0,0,0,0,0,0,0,0,0,0,0,0,0,0,0,0,0]
costo_por_agente [52,106,14,22,10,19,36,10,15,15,35,28,34,17,32,60,31,31,54,27,50,3,79,66,106,11,25,60,8,7,17,18,25,25,16,16,29,79,16,22,37,28,17,48,5,15,23,19,2,49]
completion_time_por_agente [53,107,15,23,11,20,39,11,16,16,37,29,36,18,34,61,32,34,56,29,51,4,80,67,107,12,26,62,9,8,18,19,26,26,17,17,30,80,17,23,38,29,18,49,6,16,26,20,3,50]
tiempo_ultimo_agente_goal 107
tiempo_en_acabar 107
tiempo_promedio 32.619999
agentes_en_goal 50
push_out_count 0
RUN 32
valores_ideales [0,0,0,0,0,0,0,0,0,0,0,0,0,0,0,0,0,0,0,0,0,0,0,0,0,0,0,0,0,0,0,0,0,0,0,0,0,0,0,0,0,0,0,0,0,0,0,0,0,0]
costo_por_agente [44,96,10,22,12,19,36,10,15,15,41,26,58,15,62,72,31,37,58,49,58,3,101,72,48,9,25,32,8,7,17,18,25,27,16,16,29,71,16,22,33,28,17,48,5,15,39,19,2,57]
completion_time_por_agente [47,97,12,23,13,20,41,11,16,16,46,27,59,16,64,74,32,44,59,52,59,4,102,73,56,10,26,35,9,8,18,19,26,28,17,17,30,72,17,23,36,29,18,52,6,16,46,20,3,59]
tiempo_ultimo_agente_goal 102
tiempo_en_acabar 102
tiempo_promedio 34.060001
agentes_en_goal 50
push_out_count 0
RUN 33
valores_ideales [0,0,0,0,0,0,0,0,0,0,0,0,0,0,0,0,0,0,0,0,0,0,0,0,0,0,0,0,0,0,0,0,0,0,0,0,0,0,0,0,0,0,0,0,0,0,0,0,0,0]
costo_por_agente [50,60,14,22,10,19,38,10,19,15,47,26,34,15,32,58,31,47,72,45,42,3,91,76,42,11,25,34,8,7,17,18,25,27,16,16,29,75,16,26,51,28,17,32,5,15,23,19,2,47]
completion_time_por_agente [51,61,15,23,11,20,39,11,21,16,48,27,35,16,33,59,32,48,73,46,43,4,92,77,43,12,26,35,9,8,18,19,26,28,17,17,30,76,17,27,52,29,18,33,6,16,24,20,3,48]
tiempo_ultimo_agente_goal 92
tiempo_en_acabar 92
tiempo_promedio 31.160000
agentes_en_goal 50
push_out_count 0
RUN 34
valores_ideales [0,0,0,0,0,0,0,0,0,0,0,0,0,0,0,0,0,0,0,0,0,0,0,0,0,0,0,0,0,0,0,0,0,0,0,0,0,0,0,0,0,0,0,0,0,0,0,0,0,0]
costo_por_agente [66,70,14,22,10,19,38,10,15,15,43,26,56,15,32,46,31,49,50,27,70,3,103,82,42,9,25,62,8,7,19,18,25,27,16,16,31,63,18,22,53,30,17,42,5,15,27,19,2,45]
completion_time_por_agente [67,71,15,23,11,20,39,11,16,16,46,27,57,16,34,47,32,55,51,29,71,4,104,83,44,10,26,64,9,8,20,19,26,28,17,17,32,67,19,23,56,31,18,43,6,16,32,20,3,46]
tiempo_ultimo_agente_goal 104
tiempo_en_acabar 104
tiempo_promedio 32.900002
agentes_en_goal 50
push_out_count 0
RUN 35
valores_ideales [0,0,0,0,0,0,0,0,0,0,0,0,0,0,0,0,0,0,0,0,0,0,0,0,0,0,0,0,0,0,0,0,0,0,0,0,0,0,0,0,0,0,0,0,0,0,0,0,0,0]
costo_por_agente [56,68,10,22,12,19,42,10,17,15,41,26,36,15,32,58,31,23,64,37,84,3,109,70,124,9,25,38,8,7,17,18,25,31,16,14,29,95,16,22,33,28,17,50,5,15,35,19,2,55]
completion_time_por_agente [57,69,12,23,13,20,44,11,18,16,42,27,37,16,33,59,32,25,65,41,85,4,111,71,126,10,26,39,9,8,18,19,26,32,17,15,30,96,17,23,35,29,18,51,6,16,40,20,3,58]
tiempo_ultimo_agente_goal 126
tiempo_en_acabar 126
tiempo_promedio 34.360001
agentes_en_goal 50
push_out_count 0
RUN 36
valores_ideales [0,0,0,0,0,0,0,0,0,0,0,0,0,0,0,0,0,0,0,0,0,0,0,0,0,0,0,0,0,0,0,0,0,0,0,0,0,0,0,0,0,0,0,0,0,0,0,0,0,0]
costo_por_agente [760,878,10,22,10,19,720,10,15,15,889,26,917,15,18,688,31,25,893,17,901,3,915,906,925,11,25,18,8,7,17,18,25,27,16,16,29,904,18,24,925,30,17,665,5,15,17,19,2,877]
completion_time_por_agente [1000,999,11,23,11,20,999,11,16,16,999,27,999,16,999,999,32,29,999,999,999,4,999,999,999,12,26,999,9,8,18,19,26,28,17,17,30,999,19,25,999,31,18,999,6,16,999,20,3,999]
tiempo_ultimo_agente_goal 32
tiempo_en_acabar 1000
tiempo_promedio 390.920013
agentes_en_goal 31
push_out_count 0
RUN 37
valores_ideales [0,0,0,0,0,0,0,0,0,0,0,0,0,0,0,0,0,0,0,0,0,0,0,0,0,0,0,0,0,0,0,0,0,0,0,0,0,0,0,0,0,0,0,0,0,0,0,0,0,0]
costo_por_agente [34,88,14,22,10,19,38,10,15,15,87,26,40,15,32,58,31,41,70,27,70,3,91,60,44,9,25,48,8,7,21,18,25,25,16,16,31,79,16,24,47,28,17,30,5,15,23,19,2,47]
completion_time_por_agente [37,89,15,23,11,20,39,11,16,16,88,27,41,16,33,59,32,42,71,28,71,4,92,61,45,10,26,49,9,8,22,19,26,26,17,17,32,80,17,25,48,29,18,33,6,16,24,20,3,48]
tiempo_ultimo_agente_goal 92
tiempo_en_acabar 92
tiempo_promedio 32.299999
agentes_en_goal 50
push_out_count 0
RUN 38
valores_ideales [0,0,0,0,0,0,0,0,0,0,0,0,0,0,0,0,0,0,0,0,0,0,0,0,0,0,0,0,0,0,0,0,0,0,0,0,0,0,0,0,0,0,0,0,0,0,0,0,0,0]
costo_por_agente [36,60,10,22,10,19,38,10,23,15,37,26,44,17,34,52,31,37,54,27,56,3,89,58,96,13,25,24,8,7,19,18,25,25,16,16,29,77,16,22,37,28,17,34,5,17,27,19,2,53]
completion_time_por_agente [37,61,11,23,11,20,39,11,24,16,38,27,45,18,35,53,32,38,55,29,57,4,90,59,97,14,26,27,9,8,20,19,26,26,17,17,30,78,17,23,38,29,18,36,6,18,28,20,3,54]
tiempo_ultimo_agente_goal 97
tiempo_en_acabar 97
tiempo_promedio 30.740000
agentes_en_goal 50
push_out_count 0
RUN 39
valores_ideales [0,0,0,0,0,0,0,0,0,0,0,0,0,0,0,0,0,0,0,0,0,0,0,0,0,0,0,0,0,0,0,0,0,0,0,0,0,0,0,0,0,0,0,0,0,0,0,0,0,0]
costo_por_agente [54,60,12,22,10,19,40,10,15,15,37,26,42,15,36,58,31,53,48,35,54,3,97,72,48,13,23,60,8,7,17,18,25,25,16,18,29,91,16,22,37,28,17,54,5,15,23,19,2,45]
completion_time_por_agente [55,61,13,23,11,20,46,11,16,16,39,27,47,16,37,59,32,55,49,39,55,4,99,73,49,15,25,64,9,8,18,19,26,26,17,19,30,92,17,23,40,29,18,55,6,16,24,20,3,46]
tiempo_ultimo_agente_goal 99
tiempo_en_acabar 99
tiempo_promedio 32.340000
agentes_en_goal 50
push_out_count 0
