RUN 0
valores_ideales [0,0,0,0,0,0,0,0,0,0,0,0,0,0,0,0,0,0,0,0,0,0,0,0,0,0,0,0,0,0,0,0,0,0,0,0,0,0,0,0,0,0,0,0,0,0,0,0,0,0]
costo_por_agente [52,88,10,22,10,19,100,10,15,15,35,26,34,15,32,50,31,49,62,27,74,3,69,52,42,9,25,34,8,7,19,18,25,27,16,16,29,69,16,22,39,28,17,36,5,15,23,19,2,41]
completion_time_por_agente [53,89,11,23,11,20,101,11,16,16,36,27,39,16,33,51,32,51,63,30,75,4,70,54,45,10,26,36,9,8,20,19,26,28,17,17,30,70,17,23,40,29,18,42,6,16,24,20,3,45]
tiempo_ultimo_agente_goal 101
tiempo_en_acabar 101
tiempo_promedio 31.520000
agentes_en_goal 50
push_out_count 0
RUN 1
valores_ideales [0,0,0,0,0,0,0,0,0,0,0,0,0,0,0,0,0,0,0,0,0,0,0,0,0,0,0,0,0,0,0,0,0,0,0,0,0,0,0,0,0,0,0,0,0,0,0,0,0,0]
costo_por_agente [52,98,10,22,10,21,64,10,15,15,35,26,48,15,32,58,31,37,54,41,50,3,81,70,42,11,25,24,8,7,17,18,25,27,16,16,29,81,18,22,49,30,17,34,9,15,45,19,2,41]
completion_time_por_agente [56,99,11,23,11,22,66,11,16,16,36,27,57,16,33,59,32,40,57,42,54,4,82,71,45,12,26,29,9,8,18,19,26,28,17,17,30,82,19,23,51,31,18,38,10,16,52,20,3,43]
tiempo_ultimo_agente_goal 99
tiempo_en_acabar 99
tiempo_promedio 32.619999
agentes_en_goal 50
push_out_count 0
RUN 2
valores_ideales [0,0,0,0,0,0,0,0,0,0,0,0,0,0,0,0,0,0,0,0,0,0,0,0,0,0,0,0,0,0,0,0,0,0,0,0,0,0,0,0,0,0,0,0,0,0,0,0,0,0]
costo_por_agente [50,82,10,22,10,19,36,10,23,15,37,26,34,15,42,46,31,31,44,29,56,3,85,60,98,11,25,30,8,7,17,18,25,27,16,20,29,59,18,22,37,28,17,42,5,15,25,25,2,41]
completion_time_por_agente [51,83,11,23,11,20,38,11,24,16,38,27,35,16,43,48,32,32,45,31,57,4,86,61,99,12,26,32,9,8,18,19,26,28,17,21,30,60,19,23,38,29,18,45,6,16,26,26,3,42]
tiempo_ultimo_agente_goal 99
tiempo_en_acabar 99
tiempo_promedio 30.780001
agentes_en_goal 50
push_out_count 0
RUN 3
valores_ideales [0,0,0,0,0,0,0,0,0,0,0,0,0,0,0,0,0,0,0,0,0,0,0,0,0,0,0,0,0,0,0,0,0,0,0,0,0,0,0,0,0,0,0,0,0,0,0,0,0,0]
costo_por_agente [50,58,10,22,10,19,40,10,15,15,59,26,36,15,32,44,31,45,58,29,48,3,49,70,92,11,25,32,8,7,17,18,25,27,16,16,31,97,16,24,35,28,17,34,5,15,47,19,2,51]
completion_time_por_agente [52,59,11,23,11,20,45,11,16,16,60,27,39,16,34,45,32,46,60,32,49,4,53,71,94,12,26,39,9,8,18,19,26,28,17,17,32,98,17,25,37,29,18,38,6,16,49,20,3,53]
tiempo_ultimo_agente_goal 98
tiempo_en_acabar 98
tiempo_promedio 31.719999
agentes_en_goal 50
push_out_count 0
RUN 4
valores_ideales [0,0,0,0,0,0,0,0,0,0,0,0,0,0,0,0,0,0,0,0,0,0,0,0,0,0,0,0,0,0,0,0,0,0,0,0,0,0,0,0,0,0,0,0,0,0,0,0,0,0]
costo_por_agente [30,52,10,22,10,19,48,10,15,15,51,26,34,15,32,52,31,31,44,27,78,3,97,62,42,9,25,36,8,7,17,18,25,27,16,16,29,71,18,24,47,30,17,30,5,15,23,19,2,57]
completion_time_por_agente [31,53,11,23,11,20,50,11,16,16,55,27,35,16,33,53,32,32,45,28,79,4,98,63,43,10,26,38,9,8,18,19,26,28,17,17,30,72,19,25,48,31,18,31,6,16,24,20,3,58]
tiempo_ultimo_agente_goal 98
tiempo_en_acabar 98
tiempo_promedio 30.040001
agentes_en_goal 50
push_out_count 0
RUN 5
valores_ideales [0,0,0,0,0,0,0,0,0,0,0,0,0,0,0,0,0,0,0,0,0,0,0,0,0,0,0,0,0,0,0,0,0,0,0,0,0,0,0,0,0,0,0,0,0,0,0,0,0,0]
costo_por_agente [36,70,14,22,10,21,76,10,17,15,37,26,40,15,44,56,31,31,50,35,58,3,75,54,64,11,25,52,8,7,17,18,25,27,16,16,29,75,18,22,37,30,17,50,5,15,31,19,2,47]
completion_time_por_agente [38,71,15,23,11,22,77,11,18,16,40,27,43,16,46,57,32,32,51,36,59,4,77,55,65,12,26,53,9,8,18,19,26,28,17,17,30,77,19,23,40,31,18,54,6,16,34,20,3,50]
tiempo_ultimo_agente_goal 77
tiempo_en_acabar 77
tiempo_promedio 31.920000
agentes_en_goal 50
push_out_count 0
RUN 6
valores_ideales [0,0,0,0,0,0,0,0,0,0,0,0,0,0,0,0,0,0,0,0,0,0,0,0,0,0,0,0,0,0,0,0,0,0,0,0,0,0,0,0,0,0,0,0,0,0,0,0,0,0]
costo_por_agente [84,94,10,22,10,19,78,10,15,15,45,26,38,15,34,66,31,57,68,31,64,3,121,78,44,9,25,56,8,7,17,18,25,27,16,16,29,83,16,22,35,28,17,36,57,15,59,19,2,63]
completion_time_por_agente [85,95,11,23,11,20,86,11,16,16,67,27,54,16,37,71,32,62,74,50,65,4,123,84,45,10,26,75,9,8,18,19,26,28,17,17,30,85,17,23,40,29,18,57,71,16,77,20,3,69]
tiempo_ultimo_agente_goal 123
tiempo_en_acabar 123
tiempo_promedio 39.860001
agentes_en_goal 50
push_out_count 0
RUN 7
valores_ideales [0,0,0,0,0,0,0,0,0,0,0,0,0,0,0,0,0,0,0,0,0,0,0,0,0,0,0,0,0,0,0,0,0,0,0,0,0,0,0,0,0,0,0,0,0,0,0,0,0,0]
costo_por_agente [36,66,10,22,12,19,56,10,15,15,81,26,44,15,34,46,31,27,64,57,60,3,91,70,52,11,25,32,8,7,17,18,25,27,16,16,31,81,18,22,55,30,17,76,5,15,23,19,2,59]
completion_time_por_agente [38,69,11,23,13,20,58,11,16,16,82,27,47,16,36,47,32,30,65,58,61,4,92,72,55,12,26,35,9,8,18,19,26,28,17,17,32,82,19,23,58,31,18,78,6,16,24,20,3,62]
tiempo_ultimo_agente_goal 92
tiempo_en_acabar 92
tiempo_promedio 33.720001
agentes_en_goal 50
push_out_count 0
RUN 8
valores_ideales [0,0,0,0,0,0,0,0,0,0,0,0,0,0,0,0,0,0,0,0,0,0,0,0,0,0,0,0,0,0,0,0,0,0,0,0,0,0,0,0,0,0,0,0,0,0,0,0,0,0]
costo_por_agente [50,62,14,22,10,21,36,10,15,15,53,26,38,15,36,60,31,23,52,57,34,3,81,74,46,9,25,24,8,7,17,18,25,27,16,18,29,81,18,22,33,30,17,58,5,15,45,19,2,49]
completion_time_por_agente [54,63,15,23,11,22,42,11,16,16,54,27,43,16,42,61,32,25,53,58,41,4,82,75,49,10,26,30,9,8,18,19,26,28,17,19,30,83,19,23,35,31,18,61,6,16,50,20,3,53]
tiempo_ultimo_agente_goal 83
tiempo_en_acabar 83
tiempo_promedio 31.860001
agentes_en_goal 50
push_out_count 0
RUN 9
valores_ideales [0,0,0,0,0,0,0,0,0,0,0,0,0,0,0,0,0,0,0,0,0,0,0,0,0,0,0,0,0,0,0,0,0,0,0,0,0,0,0,0,0,0,0,0,0,0,0,0,0,0]
costo_por_agente [34,72,10,22,10,19,80,10,15,15,37,26,36,15,40,58,31,41,62,39,50,3,97,78,44,13,25,24,8,7,17,18,25,25,16,14,29,75,16,22,33,28,17,34,5,15,33,19,2,47]
completion_time_por_agente [36,73,11,23,11,20,81,11,16,16,39,27,37,16,42,59,32,42,63,40,51,4,98,79,45,14,26,26,9,8,18,19,26,26,17,15,30,76,17,23,35,29,18,35,6,16,35,20,3,48]
tiempo_ultimo_agente_goal 98
tiempo_en_acabar 98
tiempo_promedio 31.340000
agentes_en_goal 50
push_out_count 0
RUN 10
valores_ideales [0,0,0,0,0,0,0,0,0,0,0,0,0,0,0,0,0,0,0,0,0,0,0,0,0,0,0,0,0,0,0,0,0,0,0,0,0,0,0,0,0,0,0,0,0,0,0,0,0,0]
costo_por_agente [48,62,20,22,12,19,38,10,17,15,127,26,48,15,36,58,31,59,54,57,58,3,51,54,42,9,25,36,8,7,17,18,25,25,16,14,29,67,16,24,49,28,17,30,5,15,23,19,2,45]
completion_time_por_agente [50,63,21,23,13,20,40,11,18,16,128,27,49,16,38,59,32,60,55,58,59,4,52,55,43,10,26,39,9,8,18,19,26,26,17,15,30,68,17,25,51,29,18,33,6,16,24,20,3,46]
tiempo_ultimo_agente_goal 128
tiempo_en_acabar 128
tiempo_promedio 32.180000
agentes_en_goal 50
push_out_count 0
RUN 11
valores_ideales [0,0,0,0,0,0,0,0,0,0,0,0,0,0,0,0,0,0,0,0,0,0,0,0,0,0,0,0,0,0,0,0,0,0,0,0,0,0,0,0,0,0,0,0,0,0,0,0,0,0]
costo_por_agente [64,106,16,22,12,19,94,10,15,15,37,26,36,15,36,38,31,35,54,41,66,3,111,52,46,11,23,52,8,7,17,18,25,25,16,16,29,65,16,24,39,28,17,42,5,15,27,19,2,49]
completion_time_por_agente [65,107,17,23,13,20,95,11,16,16,39,27,38,16,38,45,32,41,55,44,67,4,113,54,51,12,24,54,9,8,18,19,26,26,17,17,30,66,17,25,41,29,18,47,6,16,28,20,3,51]
tiempo_ultimo_agente_goal 113
tiempo_en_acabar 113
tiempo_promedio 33.480000
agentes_en_goal 50
push_out_count 0
RUN 12
valores_ideales [0,0,0,0,0,0,0,0,0,0,0,0,0,0,0,0,0,0,0,0,0,0,0,0,0,0,0,0,0,0,0,0,0,0,0,0,0,0,0,0,0,0,0,0,0,0,0,0,0,0]
costo_por_agente [54,66,12,22,10,19,68,10,15,15,43,28,38,15,32,54,31,37,74,31,48,3,83,70,44,11,23,38,8,7,17,18,25,27,16,16,29,67,16,24,41,28,17,32,5,15,25,19,2,49]
completion_time_por_agente [55,67,13,23,11,20,69,11,16,16,46,29,40,16,33,57,32,38,75,33,49,4,84,71,47,12,24,39,9,8,18,19,26,28,17,17,30,68,17,25,44,29,18,33,6,16,27,20,3,50]
tiempo_ultimo_agente_goal 84
tiempo_en_acabar 84
tiempo_promedio 31.160000
agentes_en_goal 50
push_out_count 0
RUN 13
valores_ideales [0,0,0,0,0,0,0,0,0,0,0,0,0,0,0,0,0,0,0,0,0,0,0,0,0,0,0,0,0,0,0,0,0,0,0,0,0,0,0,0,0,0,0,0,0,0,0,0,0,0]
costo_por_agente [62,76,12,22,12,21,42,10,15,15,93,26,44,17,32,62,31,25,44,27,70,3,41,86,42,13,25,32,8,7,19,18,25,25,16,16,29,71,16,22,37,28,17,38,5,15,25,19,2,51]
completion_time_por_agente [63,77,13,23,13,22,43,11,16,16,94,27,45,18,33,63,32,26,45,28,71,4,42,87,43,14,26,33,9,8,20,19,26,26,17,17,30,72,17,23,38,29,18,39,6,16,27,20,3,52]
tiempo_ultimo_agente_goal 94
tiempo_en_acabar 94
tiempo_promedio 31.200001
agentes_en_goal 50
push_out_count 0
RUN 14
valores_ideales [0,0,0,0,0,0,0,0,0,0,0,0,0,0,0,0,0,0,0,0,0,0,0,0,0,0,0,0,0,0,0,0,0,0,0,0,0,0,0,0,0,0,0,0,0,0,0,0,0,0]
costo_por_agente [30,84,14,22,10,19,70,10,15,15,89,26,48,15,32,34,31,45,46,27,74,3,75,68,42,11,25,36,8,7,17,18,25,31,16,20,29,65,16,28,51,28,17,40,5,15,25,19,2,45]
completion_time_por_agente [31,85,15,23,11,20,71,11,16,16,90,27,49,16,33,37,32,47,47,30,75,4,76,69,43,12,26,37,9,8,18,19,26,32,17,21,30,66,17,29,52,29,18,41,6,16,27,20,3,46]
tiempo_ultimo_agente_goal 90
tiempo_en_acabar 90
tiempo_promedio 31.980000
agentes_en_goal 50
push_out_count 0
RUN 15
valores_ideales [0,0,0,0,0,0,0,0,0,0,0,0,0,0,0,0,0,0,0,0,0,0,0,0,0,0,0,0,0,0,0,0,0,0,0,0,0,0,0,0,0,0,0,0,0,0,0,0,0,0]
costo_por_agente [48,84,10,22,10,19,38,10,21,15,37,26,52,15,34,46,31,53,60,51,88,3,97,64,42,11,25,32,8,7,17,18,25,25,16,16,31,63,16,22,37,28,17,38,5,15,27,19,2,59]
completion_time_por_agente [49,85,11,23,11,20,39,11,22,16,38,27,54,16,35,47,32,55,61,53,89,4,98,65,43,12,26,33,9,8,18,19,26,26,17,17,32,64,17,23,40,29,18,39,6,16,30,20,3,60]
tiempo_ultimo_agente_goal 98
tiempo_en_acabar 98
tiempo_promedio 32.240002
agentes_en_goal 50
push_out_count 0
RUN 16
valores_ideales [0,0,0,0,0,0,0,0,0,0,0,0,0,0,0,0,0,0,0,0,0,0,0,0,0,0,0,0,0,0,0,0,0,0,0,0,0,0,0,0,0,0,0,0,0,0,0,0,0,0]
costo_por_agente [42,112,14,22,10,19,48,10,15,15,95,26,32,17,34,44,31,55,60,41,64,3,95,80,52,9,25,54,8,7,17,18,25,25,16,16,29,89,16,22,67,28,17,30,5,15,23,19,2,55]
completion_time_por_agente [50,113,15,23,11,20,58,11,16,16,98,27,35,18,36,50,32,56,62,51,65,4,97,81,59,10,26,58,9,8,18,19,26,26,17,17,30,90,17,23,70,29,18,31,6,16,24,20,3,56]
tiempo_ultimo_agente_goal 113
tiempo_en_acabar 113
tiempo_promedio 35.419998
agentes_en_goal 50
push_out_count 0
RUN 17
valores_ideales [0,0,0,0,0,0,0,0,0,0,0,0,0,0,0,0,0,0,0,0,0,0,0,0,0,0,0,0,0,0,0,0,0,0,0,0,0,0,0,0,0,0,0,0,0,0,0,0,0,0]
costo_por_agente [42,76,10,22,12,21,36,10,15,15,35,26,44,15,32,60,31,25,38,31,32,3,137,86,106,9,25,44,8,7,17,18,25,27,16,16,29,63,18,22,41,28,17,50,5,15,23,23,2,47]
completion_time_por_agente [46,77,12,23,13,22,39,11,16,16,36,27,45,16,33,61,32,26,41,37,34,4,138,87,109,10,26,45,9,8,18,19,26,28,17,17,30,64,19,23,44,29,18,53,6,16,26,24,3,48]
tiempo_ultimo_agente_goal 138
tiempo_en_acabar 138
tiempo_promedio 32.540001
agentes_en_goal 50
push_out_count 0
RUN 18
valores_ideales [0,0,0,0,0,0,0,0,0,0,0,0,0,0,0,0,0,0,0,0,0,0,0,0,0,0,0,0,0,0,0,0,0,0,0,0,0,0,0,0,0,0,0,0,0,0,0,0,0,0]
costo_por_agente [58,58,14,22,10,19,44,10,15,15,95,26,32,15,36,48,31,33,54,29,58,3,95,60,54,9,25,32,8,7,17,18,25,27,16,14,29,73,16,22,41,28,17,32,5,15,23,19,2,51]
completion_time_por_agente [59,59,15,23,11,20,46,11,16,16,96,27,35,16,37,49,32,35,55,31,59,4,97,61,56,10,26,34,9,8,18,19,26,28,17,15,30,74,17,23,42,29,18,35,6,16,24,20,3,52]
tiempo_ultimo_agente_goal 97
tiempo_en_acabar 97
tiempo_promedio 31.299999
agentes_en_goal 50
push_out_count 0
RUN 19
valores_ideales [0,0,0,0,0,0,0,0,0,0,0,0,0,0,0,0,0,0,0,0,0,0,0,0,0,0,0,0,0,0,0,0,0,0,0,0,0,0,0,0,0,0,0,0,0,0,0,0,0,0]
costo_por_agente [50,70,14,22,10,21,66,10,15,15,93,26,44,15,34,56,31,45,42,45,72,3,75,90,42,9,25,28,8,7,19,18,25,25,16,16,29,67,16,22,37,28,17,44,5,15,23,19,2,41]
completion_time_por_agente [52,71,15,23,11,22,67,11,16,16,94,27,47,16,35,57,32,46,43,46,73,4,76,91,43,10,26,29,9,8,20,19,26,26,17,17,30,68,17,23,38,29,18,45,6,16,24,20,3,42]
tiempo_ultimo_agente_goal 94
tiempo_en_acabar 94
tiempo_promedio 32.400002
agentes_en_goal 50
push_out_count 0
RUN 20
valores_ideales [0,0,0,0,0,0,0,0,0,0,0,0,0,0,0,0,0,0,0,0,0,0,0,0,0,0,0,0,0,0,0,0,0,0,0,0,0,0,0,0,0,0,0,0,0,0,0,0,0,0]
costo_por_agente [38,68,12,22,14,19,62,10,15,15,85,26,36,15,32,38,31,41,50,39,60,3,73,62,90,15,25,60,8,7,17,18,25,27,20,14,29,81,18,26,57,30,17,40,5,15,23,19,2,53]
completion_time_por_agente [44,69,14,23,15,20,64,11,16,16,86,27,45,16,33,47,32,46,52,48,61,4,75,63,91,16,26,63,9,8,18,19,26,28,21,15,30,82,19,27,58,31,18,44,6,16,24,20,3,59]
tiempo_ultimo_agente_goal 91
tiempo_en_acabar 91
tiempo_promedio 34.080002
agentes_en_goal 50
push_out_count 0
RUN 21
valores_ideales [0,0,0,0,0,0,0,0,0,0,0,0,0,0,0,0,0,0,0,0,0,0,0,0,0,0,0,0,0,0,0,0,0,0,0,0,0,0,0,0,0,0,0,0,0,0,0,0,0,0]
costo_por_agente [62,70,16,22,12,19,72,10,15,15,77,26,54,17,42,60,31,31,80,33,62,3,93,58,102,9,25,58,8,7,17,18,25,27,16,20,31,73,18,24,37,30,17,48,5,15,27,19,2,51]
completion_time_por_agente [63,72,17,23,13,20,74,11,16,16,78,27,56,18,49,64,32,37,81,36,63,4,94,60,103,10,26,65,9,8,18,19,26,28,17,21,32,76,19,25,43,31,18,55,6,16,31,20,3,56]
tiempo_ultimo_agente_goal 103
tiempo_en_acabar 103
tiempo_promedio 36.099998
agentes_en_goal 50
push_out_count 0
RUN 22
valores_ideales [0,0,0,0,0,0,0,0,0,0,0,0,0,0,0,0,0,0,0,0,0,0,0,0,0,0,0,0,0,0,0,0,0,0,0,0,0,0,0,0,0,0,0,0,0,0,0,0,0,0]
costo_por_agente [56,92,12,22,10,21,50,10,17,15,103,26,52,15,34,58,31,41,38,29,80,3,51,62,114,9,25,44,8,7,17,18,27,25,16,14,29,75,16,22,41,28,17,32,5,15,23,19,2,53]
completion_time_por_agente [58,93,13,23,11,22,52,11,18,16,104,27,53,16,37,59,32,42,40,31,81,4,53,63,116,10,26,48,9,8,18,19,28,26,17,15,30,76,17,23,46,29,18,39,6,16,24,20,3,54]
tiempo_ultimo_agente_goal 116
tiempo_en_acabar 116
tiempo_promedio 34.000000
agentes_en_goal 50
push_out_count 0
RUN 23
valores_ideales [0,0,0,0,0,0,0,0,0,0,0,0,0,0,0,0,0,0,0,0,0,0,0,0,0,0,0,0,0,0,0,0,0,0,0,0,0,0,0,0,0,0,0,0,0,0,0,0,0,0]
costo_por_agente [60,68,14,22,12,21,110,10,15,15,47,26,38,15,34,46,31,57,56,27,54,3,83,62,52,11,25,26,8,7,17,18,25,27,16,16,29,85,16,22,37,28,17,36,5,15,53,19,2,51]
completion_time_por_agente [62,69,15,23,13,22,111,11,16,16,54,27,41,16,37,48,32,58,58,29,55,4,84,63,58,12,26,35,9,8,18,19,26,28,17,17,30,86,17,23,38,29,18,44,6,16,61,20,3,53]
tiempo_ultimo_agente_goal 111
tiempo_en_acabar 111
tiempo_promedio 33.619999
agentes_en_goal 50
push_out_count 0
RUN 24
valores_ideales [0,0,0,0,0,0,0,0,0,0,0,0,0,0,0,0,0,0,0,0,0,0,0,0,0,0,0,0,0,0,0,0,0,0,0,0,0,0,0,0,0,0,0,0,0,0,0,0,0,0]
costo_por_agente [66,76,14,22,10,19,90,10,15,15,37,30,40,17,32,46,31,23,50,27,52,3,85,78,54,9,25,22,8,7,17,18,25,25,16,20,29,67,16,22,35,28,17,54,5,15,45,19,2,49]
completion_time_por_agente [67,77,15,23,11,20,91,11,16,16,39,31,43,18,33,49,32,28,51,30,53,4,86,79,60,10,27,26,9,8,18,19,26,26,17,21,30,68,17,23,39,29,18,56,6,16,46,20,3,51]
tiempo_ultimo_agente_goal 91
tiempo_en_acabar 91
tiempo_promedio 32.240002
agentes_en_goal 50
push_out_count 0
RUN 25
valores_ideales [0,0,0,0,0,0,0,0,0,0,0,0,0,0,0,0,0,0,0,0,0,0,0,0,0,0,0,0,0,0,0,0,0,0,0,0,0,0,0,0,0,0,0,0,0,0,0,0,0,0]
costo_por_agente [30,100,14,24,10,19,54,10,15,15,35,28,58,15,34,48,31,45,60,35,66,3,73,90,42,11,25,44,8,7,17,18,25,25,16,14,29,65,16,22,45,28,17,36,5,15,23,19,2,47]
completion_time_por_agente [31,101,15,25,11,20,60,11,16,16,37,29,61,16,35,50,32,51,61,39,67,4,74,91,43,12,26,53,9,8,18,19,26,26,17,15,30,66,17,23,48,29,18,39,6,16,24,20,3,54]
tiempo_ultimo_agente_goal 101
tiempo_en_acabar 101
tiempo_promedio 32.360001
agentes_en_goal 50
push_out_count 0
RUN 26
valores_ideales [0,0,0,0,0,0,0,0,0,0,0,0,0,0,0,0,0,0,0,0,0,0,0,0,0,0,0,0,0,0,0,0,0,0,0,0,0,0,0,0,0,0,0,0,0,0,0,0,0,0]
costo_por_agente [50,116,12,22,10,19,48,10,19,15,35,26,54,15,32,54,31,35,72,27,42,3,93,78,44,11,25,52,8,7,17,18,25,27,16,18,29,75,18,22,41,30,17,50,5,15,27,19,2,59]
completion_time_por_agente [55,117,13,23,11,20,52,11,20,16,36,27,59,16,33,56,32,44,73,30,47,4,94,79,45,12,26,56,9,8,18,19,26,28,17,19,30,76,19,23,45,31,18,51,6,16,33,20,3,61]
tiempo_ultimo_agente_goal 117
tiempo_en_acabar 117
tiempo_promedio 33.660000
agentes_en_goal 50
push_out_count 0
RUN 27
valores_ideales [0,0,0,0,0,0,0,0,0,0,0,0,0,0,0,0,0,0,0,0,0,0,0,0,0,0,0,0,0,0,0,0,0,0,0,0,0,0,0,0,0,0,0,0,0,0,0,0,0,0]
costo_por_agente [70,72,14,22,12,19,40,10,17,15,105,26,42,15,48,54,31,55,50,41,56,3,97,70,50,11,25,24,8,7,17,18,25,25,16,14,31,77,16,22,55,28,17,32,5,15,23,19,2,51]
completion_time_por_agente [71,73,15,23,13,20,41,11,18,16,106,27,43,16,50,57,32,57,55,46,57,4,99,71,51,12,26,26,9,8,18,19,26,26,17,15,32,78,17,23,58,29,18,34,6,16,24,20,3,52]
tiempo_ultimo_agente_goal 106
tiempo_en_acabar 106
tiempo_promedio 33.680000
agentes_en_goal 50
push_out_count 0
RUN 28
valores_ideales [0,0,0,0,0,0,0,0,0,0,0,0,0,0,0,0,0,0,0,0,0,0,0,0,0,0,0,0,0,0,0,0,0,0,0,0,0,0,0,0,0,0,0,0,0,0,0,0,0,0]
costo_por_agente [46,76,10,22,12,19,36,10,15,15,35,26,32,17,32,36,31,45,56,27,62,3,119,82,46,9,25,22,8,7,17,18,25,27,16,16,29,75,18,22,49,30,17,32,5,15,23,19,2,55]
completion_time_por_agente [47,77,11,23,13,20,37,11,16,16,37,27,33,18,34,37,32,46,57,28,63,4,121,83,47,10,26,26,9,8,18,19,26,28,17,17,30,76,19,23,50,31,18,33,6,16,26,20,3,56]
tiempo_ultimo_agente_goal 121
tiempo_en_acabar 121
tiempo_promedio 30.980000
agentes_en_goal 50
push_out_count 0
RUN 29
valores_ideales [0,0,0,0,0,0,0,0,0,0,0,0,0,0,0,0,0,0,0,0,0,0,0,0,0,0,0,0,0,0,0,0,0,0,0,0,0,0,0,0,0,0,0,0,0,0,0,0,0,0]
costo_por_agente [42,76,12,22,12,19,38,10,15,15,37,26,44,15,34,44,31,41,60,43,64,3,95,80,44,9,25,36,8,7,17,18,25,25,16,20,31,87,16,22,53,28,17,38,5,15,25,19,2,53]
completion_time_por_agente [43,77,13,23,13,20,40,11,16,16,38,27,45,16,35,45,32,42,61,44,65,4,96,81,45,10,26,37,9,8,18,19,26,26,17,21,32,88,17,23,54,29,18,42,6,16,26,20,3,54]
tiempo_ultimo_agente_goal 96
tiempo_en_acabar 96
tiempo_promedio 31.860001
agentes_en_goal 50
push_out_count 0
RUN 30
valores_ideales [0,0,0,0,0,0,0,0,0,0,0,0,0,0,0,0,0,0,0,0,0,0,0,0,0,0,0,0,0,0,0,0,0,0,0,0,0,0,0,0,0,0,0,0,0,0,0,0,0,0]
costo_por_agente [42,74,14,22,10,19,72,10,15,15,35,26,38,15,32,50,31,25,60,29,48,3,57,60,46,9,25,52,8,7,17,18,25,27,16,16,31,71,18,22,49,30,17,36,23,15,25,21,2,55]
completion_time_por_agente [44,75,15,23,11,20,73,11,16,16,36,27,39,16,33,51,32,27,61,31,49,4,59,61,47,10,26,53,9,8,18,19,26,28,17,17,32,72,19,23,50,31,18,39,25,16,28,22,3,56]
tiempo_ultimo_agente_goal 75
tiempo_en_acabar 75
tiempo_promedio 30.840000
agentes_en_goal 50
push_out_count 0
RUN 31
valores_ideales [0,0,0,0,0,0,0,0,0,0,0,0,0,0,0,0,0,0,0,0,0,0,0,0,0,0,0,0,0,0,0,0,0,0,0,0,0,0,0,0,0,0,0,0,0,0,0,0,0,0]
costo_por_agente [54,82,10,22,10,19,72,10,17,15,99,26,50,15,32,34,31,35,72,27,58,3,41,70,42,9,25,40,8,7,17,18,25,27,16,16,29,73,16,22,47,28,17,34,5,15,23,19,2,45]
completion_time_por_agente [56,83,11,23,11,20,73,11,18,16,100,27,53,16,33,38,32,37,73,28,59,4,42,71,43,10,26,43,9,8,18,19,26,28,17,17,30,74,17,23,48,29,18,37,6,16,24,20,3,46]
tiempo_ultimo_agente_goal 100
tiempo_en_acabar 100
tiempo_promedio 31.799999
agentes_en_goal 50
push_out_count 0
RUN 32
valores_ideales [0,0,0,0,0,0,0,0,0,0,0,0,0,0,0,0,0,0,0,0,0,0,0,0,0,0,0,0,0,0,0,0,0,0,0,0,0,0,0,0,0,0,0,0,0,0,0,0,0,0]
costo_por_agente [54,60,14,22,10,21,90,10,17,15,43,26,32,15,32,42,31,23,50,27,54,3,115,78,86,11,25,40,8,7,17,18,25,27,16,16,29,77,16,22,45,28,17,48,5,15,31,21,2,49]
completion_time_por_agente [55,61,15,23,11,22,91,11,18,16,47,27,35,16,35,45,32,25,51,30,55,4,117,79,87,12,26,42,9,8,18,19,26,28,17,17,30,78,17,23,46,29,18,50,6,16,36,22,3,50]
tiempo_ultimo_agente_goal 117
tiempo_en_acabar 117
tiempo_promedio 33.080002
agentes_en_goal 50
push_out_count 0
RUN 33
valores_ideales [0,0,0,0,0,0,0,0,0,0,0,0,0,0,0,0,0,0,0,0,0,0,0,0,0,0,0,0,0,0,0,0,0,0,0,0,0,0,0,0,0,0,0,0,0,0,0,0,0,0]
costo_por_agente [54,112,10,22,12,19,40,10,15,15,43,26,42,15,38,68,31,51,66,43,56,3,79,80,44,13,25,46,8,7,17,18,25,25,16,16,29,73,16,22,31,28,17,60,5,15,29,19,2,49]
completion_time_por_agente [55,113,12,23,13,20,47,11,16,16,50,27,45,16,42,69,32,52,67,47,57,4,80,82,47,14,26,49,9,8,18,19,26,26,17,17,30,74,17,23,33,29,18,63,6,16,31,20,3,50]
tiempo_ultimo_agente_goal 113
tiempo_en_acabar 113
tiempo_promedio 33.700001
agentes_en_goal 50
push_out_count 0
RUN 34
valores_ideales [0,0,0,0,0,0,0,0,0,0,0,0,0,0,0,0,0,0,0,0,0,0,0,0,0,0,0,0,0,0,0,0,0,0,0,0,0,0,0,0,0,0,0,0,0,0,0,0,0,0]
costo_por_agente [56,64,12,22,10,21,86,10,15,15,47,26,40,15,32,52,31,41,38,29,52,3,99,68,42,9,25,58,8,7,17,18,25,25,16,14,29,65,16,22,41,28,17,42,5,15,23,19,2,51]
completion_time_por_agente [58,65,13,23,11,22,87,11,16,16,53,27,42,16,35,55,32,42,41,31,53,4,100,69,44,11,26,60,9,8,18,19,26,26,17,15,30,66,17,23,45,29,18,51,6,16,24,20,3,52]
tiempo_ultimo_agente_goal 100
tiempo_en_acabar 100
tiempo_promedio 32.020000
agentes_en_goal 50
push_out_count 0
RUN 35
valores_ideales [0,0,0,0,0,0,0,0,0,0,0,0,0,0,0,0,0,0,0,0,0,0,0,0,0,0,0,0,0,0,0,0,0,0,0,0,0,0,0,0,0,0,0,0,0,0,0,0,0,0]
costo_por_agente [50,80,14,22,10,23,42,10,15,15,97,26,36,15,34,46,31,41,52,37,44,3,95,90,44,11,25,24,8,7,17,18,27,25,16,14,29,75,18,22,49,28,17,30,5,15,23,19,2,55]
completion_time_por_agente [52,81,15,23,11,24,43,11,16,16,98,27,37,16,37,48,32,42,53,39,45,4,96,91,45,12,26,27,9,8,18,19,28,26,17,15,30,76,19,23,50,29,18,31,6,16,24,20,3,56]
tiempo_ultimo_agente_goal 98
tiempo_en_acabar 98
tiempo_promedio 32.160000
agentes_en_goal 50
push_out_count 0
RUN 36
valores_ideales [0,0,0,0,0,0,0,0,0,0,0,0,0,0,0,0,0,0,0,0,0,0,0,0,0,0,0,0,0,0,0,0,0,0,0,0,0,0,0,0,0,0,0,0,0,0,0,0,0,0]
costo_por_agente [76,58,14,22,10,19,42,10,15,15,55,26,62,15,38,54,31,23,42,39,72,3,41,74,44,11,25,46,8,7,17,18,25,27,16,16,31,71,18,22,39,28,17,38,5,15,29,19,2,41]
completion_time_por_agente [77,59,15,23,11,20,49,11,16,16,56,27,63,16,41,56,32,27,46,44,73,4,44,75,47,12,26,49,9,8,18,19,26,28,17,17,32,72,19,23,42,29,18,49,6,16,42,20,3,50]
tiempo_ultimo_agente_goal 77
tiempo_en_acabar 77
tiempo_promedio 31.959999
agentes_en_goal 50
push_out_count 0
RUN 37
valores_ideales [0,0,0,0,0,0,0,0,0,0,0,0,0,0,0,0,0,0,0,0,0,0,0,0,0,0,0,0,0,0,0,0,0,0,0,0,0,0,0,0,0,0,0,0,0,0,0,0,0,0]
costo_por_agente [50,102,14,22,10,19,38,10,15,15,39,26,46,15,32,50,31,57,58,53,56,3,99,62,108,17,25,40,8,7,21,18,25,27,16,20,29,71,16,22,45,28,17,36,5,15,27,19,2,61]
completion_time_por_agente [53,103,15,23,11,20,42,11,16,16,46,27,47,16,36,53,32,59,59,54,59,4,100,64,111,18,26,43,9,8,22,19,26,28,17,21,30,72,17,23,50,29,18,43,6,16,33,20,3,63]
tiempo_ultimo_agente_goal 111
tiempo_en_acabar 111
tiempo_promedio 34.740002
agentes_en_goal 50
push_out_count 0
RUN 38
valores_ideales [0,0,0,0,0,0,0,0,0,0,0,0,0,0,0,0,0,0,0,0,0,0,0,0,0,0,0,0,0,0,0,0,0,0,0,0,0,0,0,0,0,0,0,0,0,0,0,0,0,0]
costo_por_agente [48,62,14,22,10,19,44,10,15,15,85,26,60,17,36,54,31,35,56,51,56,3,43,78,46,11,25,64,8,7,17,18,25,25,16,16,29,85,16,24,61,28,17,46,5,15,27,19,2,37]
completion_time_por_agente [54,63,15,23,11,20,45,11,16,16,86,27,63,18,37,56,32,36,57,52,58,4,45,79,47,12,26,66,9,8,18,19,26,26,17,17,30,86,17,25,65,29,18,50,6,16,28,20,3,39]
tiempo_ultimo_agente_goal 86
tiempo_en_acabar 86
tiempo_promedio 32.939999
agentes_en_goal 50
push_out_count 0
RUN 39
valores_ideales [0,0,0,0,0,0,0,0,0,0,0,0,0,0,0,0,0,0,0,0,0,0,0,0,0,0,0,0,0,0,0,0,0,0,0,0,0,0,0,0,0,0,0,0,0,0,0,0,0,0]
costo_por_agente [40,62,10,22,10,19,82,10,17,15,101,26,34,17,48,52,31,31,76,29,66,3,81,80,106,9,25,28,8,7,17,18,25,25,16,16,31,91,16,24,31,28,17,38,5,15,25,23,2,37]
completion_time_por_agente [41,63,11,23,11,20,83,11,18,16,102,27,35,18,49,53,32,32,77,31,67,4,83,81,107,10,26,29,9,8,18,19,26,26,17,17,32,92,17,25,33,29,18,39,6,16,27,24,3,38]
tiempo_ultimo_agente_goal 107
tiempo_en_acabar 107
tiempo_promedio 33.980000
agentes_en_goal 50
push_out_count 0
