RUN 0
valores_ideales [40,23,42,9,45,27,14,28,37,14,4,32,14,26,23,6,19,22,46,24,18,24,42,8,31,32,33,28,10,20,18,28,29,39,15,36,51,14,45,10,25,16,22,34,47,28,40,46,24,31,21,10,44,5,34,26,32,24,9,22,19,36,32,23,14,32,18,2,3,31,47,20,9,7,27,35,8,24,21,18,12,18,17,15,18,21,17,42,18,10,7,12,35,24,39,33,28,38,41,36]
costo_por_agente [150,161,96,9,119,95,56,28,127,18,4,32,16,68,27,6,19,98,52,122,18,24,52,10,85,32,85,152,10,116,18,28,145,41,15,136,67,22,85,74,25,24,22,188,145,32,106,96,36,149,41,10,48,9,74,40,126,176,9,30,19,90,110,83,56,80,20,2,3,99,113,24,9,7,201,93,10,24,201,104,82,18,19,15,22,21,21,80,54,12,7,116,103,24,105,169,28,126,123,38]
completion_time_por_agente [295,269,168,9,175,166,108,28,206,18,5,32,18,107,31,6,19,189,78,171,19,24,94,10,175,36,151,266,10,224,18,33,251,44,16,219,102,26,131,161,25,42,22,320,227,32,158,139,37,262,58,10,73,9,100,53,213,289,10,39,19,151,157,111,102,134,20,2,3,155,198,24,9,7,341,135,12,26,307,181,157,19,21,15,27,21,26,124,96,16,7,199,196,24,191,246,28,248,224,48]
tiempo_ultimo_agente_goal 341
tiempo_en_acabar 341
tiempo_promedio 102.529999
agentes_en_goal 100
bad_good_total_rate_pred [51461,36124,87585,0.4]
push_out_count 884
RUN 1
valores_ideales [40,23,42,9,45,27,14,28,37,14,4,32,14,26,23,6,19,22,46,24,18,24,42,8,31,32,33,28,10,20,18,28,29,39,15,36,51,14,45,10,25,16,22,34,47,28,40,46,24,31,21,10,44,5,34,26,32,24,9,22,19,36,32,23,14,32,18,2,3,31,47,20,9,7,27,35,8,24,21,18,12,18,17,15,18,21,17,42,18,10,7,12,35,24,39,33,28,38,41,36]
costo_por_agente [174,221,86,9,185,113,132,28,205,24,4,32,20,120,29,8,19,226,76,216,22,24,42,12,201,84,131,122,10,128,18,28,123,47,15,166,57,38,71,98,25,36,22,150,101,30,236,88,66,205,59,12,76,5,228,26,136,184,9,156,21,228,164,77,110,70,20,2,3,225,207,20,9,7,247,67,8,24,249,226,200,18,25,15,24,21,17,54,28,10,7,124,281,24,139,171,28,176,159,38]
completion_time_por_agente [286,371,164,9,302,184,202,29,367,32,5,32,25,198,34,8,19,410,126,366,23,26,43,12,317,153,237,215,10,208,18,31,226,69,15,293,73,64,107,180,25,58,22,251,169,31,409,130,120,337,103,12,128,7,385,27,240,291,10,264,24,386,238,128,211,99,24,2,3,402,386,26,9,7,394,79,9,24,398,399,315,18,29,15,33,22,20,70,52,12,7,235,420,24,228,334,28,326,284,52]
tiempo_ultimo_agente_goal 420
tiempo_en_acabar 420
tiempo_promedio 142.800003
agentes_en_goal 100
bad_good_total_rate_pred [70678,45138,115816,0.4]
push_out_count 2332
RUN 2
valores_ideales [40,23,42,9,45,27,14,28,37,14,4,32,14,26,23,6,19,22,46,24,18,24,42,8,31,32,33,28,10,20,18,28,29,39,15,36,51,14,45,10,25,16,22,34,47,28,40,46,24,31,21,10,44,5,34,26,32,24,9,22,19,36,32,23,14,32,18,2,3,31,47,20,9,7,27,35,8,24,21,18,12,18,17,15,18,21,17,42,18,10,7,12,35,24,39,33,28,38,41,36]
costo_por_agente [56,49,88,11,79,101,18,28,113,16,4,32,14,94,29,6,19,56,152,70,78,28,58,10,171,38,89,78,10,146,18,32,143,41,15,120,65,16,141,136,25,60,24,112,49,28,90,134,24,67,85,10,44,7,94,26,146,48,9,122,19,64,124,155,42,74,18,2,3,103,107,20,9,7,47,75,10,24,129,126,76,18,21,15,20,21,25,142,72,10,7,88,87,24,145,111,28,82,163,42]
completion_time_por_agente [85,65,130,12,120,170,27,29,194,17,5,34,22,146,33,6,19,96,259,104,115,33,76,11,244,50,154,128,10,263,18,41,215,54,15,216,96,19,246,265,25,115,24,174,59,28,129,214,24,102,153,10,48,8,159,28,266,79,9,206,20,101,164,226,77,120,18,2,3,150,184,20,9,7,72,108,10,24,155,204,123,18,28,15,20,21,27,246,99,10,10,159,129,24,253,189,28,141,252,56]
tiempo_ultimo_agente_goal 266
tiempo_en_acabar 266
tiempo_promedio 92.239998
agentes_en_goal 100
bad_good_total_rate_pred [43197,29224,72421,0.4]
push_out_count 3081
RUN 3
valores_ideales [40,23,42,9,45,27,14,28,37,14,4,32,14,26,23,6,19,22,46,24,18,24,42,8,31,32,33,28,10,20,18,28,29,39,15,36,51,14,45,10,25,16,22,34,47,28,40,46,24,31,21,10,44,5,34,26,32,24,9,22,19,36,32,23,14,32,18,2,3,31,47,20,9,7,27,35,8,24,21,18,12,18,17,15,18,21,17,42,18,10,7,12,35,24,39,33,28,38,41,36]
costo_por_agente [84,125,72,9,45,157,70,28,159,16,4,32,18,64,59,6,19,120,50,176,34,24,42,8,71,38,83,138,10,134,18,50,45,43,15,102,57,32,85,38,25,26,22,144,51,28,82,62,26,207,69,10,170,5,162,26,200,74,9,22,19,60,60,71,50,86,20,2,3,111,75,32,9,7,205,71,10,26,179,110,114,18,19,19,20,21,17,52,80,10,7,140,109,24,63,85,28,152,73,38]
completion_time_por_agente [133,185,92,9,50,251,123,29,304,17,5,32,28,93,93,7,19,208,62,299,47,24,44,8,118,38,137,218,11,250,18,87,51,54,18,149,72,53,128,52,25,27,22,256,66,28,145,83,31,294,107,11,277,6,286,26,317,117,10,26,20,84,85,92,95,152,20,2,3,165,98,48,9,7,298,92,10,26,256,169,184,18,19,21,20,21,21,58,134,12,7,187,177,24,95,126,28,227,106,43]
tiempo_ultimo_agente_goal 317
tiempo_en_acabar 317
tiempo_promedio 90.349998
agentes_en_goal 100
bad_good_total_rate_pred [41307,26422,67729,0.4]
push_out_count 3847
RUN 4
valores_ideales [40,23,42,9,45,27,14,28,37,14,4,32,14,26,23,6,19,22,46,24,18,24,42,8,31,32,33,28,10,20,18,28,29,39,15,36,51,14,45,10,25,16,22,34,47,28,40,46,24,31,21,10,44,5,34,26,32,24,9,22,19,36,32,23,14,32,18,2,3,31,47,20,9,7,27,35,8,24,21,18,12,18,17,15,18,21,17,42,18,10,7,12,35,24,39,33,28,38,41,36]
costo_por_agente [60,133,166,9,149,181,64,28,179,14,4,32,24,76,45,6,19,210,52,164,20,24,48,8,167,140,175,94,10,98,18,28,169,59,15,110,61,16,203,72,25,30,22,166,101,28,154,104,54,193,159,10,70,5,122,26,180,76,9,62,19,108,202,139,118,32,18,2,3,231,141,26,11,7,119,95,10,24,127,148,94,20,17,15,18,21,21,172,20,10,7,88,161,24,207,183,28,116,95,182]
completion_time_por_agente [84,203,297,9,237,293,114,28,310,14,5,32,34,114,64,6,19,353,85,263,21,27,61,9,281,230,305,153,10,148,18,28,330,106,15,139,86,18,338,119,25,46,22,254,169,28,251,154,92,343,251,12,113,7,180,28,317,117,10,74,20,159,333,218,216,38,18,2,3,359,242,40,11,7,181,154,10,24,211,253,152,23,21,15,18,21,22,282,28,10,7,169,247,24,329,351,28,197,144,306]
tiempo_ultimo_agente_goal 359
tiempo_en_acabar 359
tiempo_promedio 123.919998
agentes_en_goal 100
bad_good_total_rate_pred [60309,38178,98487,0.4]
push_out_count 5017
RUN 5
valores_ideales [40,23,42,9,45,27,14,28,37,14,4,32,14,26,23,6,19,22,46,24,18,24,42,8,31,32,33,28,10,20,18,28,29,39,15,36,51,14,45,10,25,16,22,34,47,28,40,46,24,31,21,10,44,5,34,26,32,24,9,22,19,36,32,23,14,32,18,2,3,31,47,20,9,7,27,35,8,24,21,18,12,18,17,15,18,21,17,42,18,10,7,12,35,24,39,33,28,38,41,36]
costo_por_agente [96,57,120,9,53,169,38,28,143,16,6,32,22,172,37,6,19,116,48,82,88,24,62,8,167,38,141,178,10,138,18,34,143,45,15,180,59,48,89,90,25,26,22,130,139,32,86,56,82,131,69,10,52,5,48,106,166,120,9,172,19,128,180,187,30,58,24,2,3,113,165,24,9,7,47,103,8,24,133,80,130,28,45,15,18,21,19,104,36,10,7,36,183,24,57,109,28,146,179,68]
completion_time_por_agente [165,70,199,9,70,303,53,28,255,19,6,32,26,262,52,6,19,197,60,133,169,24,93,8,300,38,245,297,10,210,18,46,256,49,15,296,83,83,139,171,25,37,22,225,207,34,146,70,147,225,97,10,70,6,59,188,251,220,10,312,19,200,316,322,54,89,28,2,3,180,271,26,9,7,71,146,9,24,233,133,244,33,70,15,19,21,22,172,50,13,7,63,279,25,80,171,28,253,322,106]
tiempo_ultimo_agente_goal 322
tiempo_en_acabar 322
tiempo_promedio 110.099998
agentes_en_goal 100
bad_good_total_rate_pred [48039,36392,84431,0.4]
push_out_count 6135
RUN 6
valores_ideales [40,23,42,9,45,27,14,28,37,14,4,32,14,26,23,6,19,22,46,24,18,24,42,8,31,32,33,28,10,20,18,28,29,39,15,36,51,14,45,10,25,16,22,34,47,28,40,46,24,31,21,10,44,5,34,26,32,24,9,22,19,36,32,23,14,32,18,2,3,31,47,20,9,7,27,35,8,24,21,18,12,18,17,15,18,21,17,42,18,10,7,12,35,24,39,33,28,38,41,36]
costo_por_agente [160,201,144,9,207,177,38,30,155,26,4,32,14,86,35,8,19,194,50,214,228,24,50,8,39,108,41,90,10,224,18,30,137,47,15,120,51,16,137,80,25,30,22,184,129,28,128,76,52,115,75,10,54,21,192,26,264,122,9,24,19,182,166,71,86,58,26,2,3,75,85,30,9,7,35,121,8,24,57,208,76,20,17,15,20,21,19,96,136,10,7,88,247,24,109,91,28,126,81,58]
completion_time_por_agente [254,374,237,9,391,296,50,30,260,29,4,32,16,121,43,9,19,353,64,395,394,26,61,9,47,191,55,151,10,367,18,36,262,61,15,188,54,17,193,154,25,49,22,282,224,30,200,123,98,182,122,10,72,36,304,26,419,192,10,29,20,308,274,116,167,97,29,2,3,101,134,48,9,7,43,213,9,24,93,361,116,23,20,15,23,22,23,181,274,12,7,156,391,25,192,156,28,206,130,80]
tiempo_ultimo_agente_goal 419
tiempo_en_acabar 419
tiempo_promedio 118.879997
agentes_en_goal 100
bad_good_total_rate_pred [53585,35334,88919,0.4]
push_out_count 7301
RUN 7
valores_ideales [40,23,42,9,45,27,14,28,37,14,4,32,14,26,23,6,19,22,46,24,18,24,42,8,31,32,33,28,10,20,18,28,29,39,15,36,51,14,45,10,25,16,22,34,47,28,40,46,24,31,21,10,44,5,34,26,32,24,9,22,19,36,32,23,14,32,18,2,3,31,47,20,9,7,27,35,8,24,21,18,12,18,17,15,18,21,17,42,18,10,7,12,35,24,39,33,28,38,41,36]
costo_por_agente [144,163,70,9,59,145,56,28,127,14,4,32,16,96,45,6,19,102,92,94,18,24,42,8,45,38,113,134,10,60,18,32,83,43,15,150,61,18,59,48,25,44,22,158,89,28,136,54,56,157,75,10,120,7,154,26,204,122,9,48,19,94,116,47,34,160,18,2,3,145,51,30,9,7,133,113,10,24,143,74,168,18,23,15,18,21,85,124,30,10,7,126,131,26,139,101,28,144,101,78]
completion_time_por_agente [264,267,96,10,88,252,101,28,217,16,5,32,17,127,66,6,19,191,145,162,19,24,48,8,57,50,186,227,10,89,18,38,142,50,16,238,85,20,83,96,25,74,23,239,148,28,224,69,83,266,110,11,209,7,248,26,292,214,9,77,19,158,160,72,69,269,21,2,3,216,66,45,9,7,237,171,13,24,258,107,275,18,23,15,20,21,139,209,46,12,8,204,232,27,239,175,28,231,174,135]
tiempo_ultimo_agente_goal 292
tiempo_en_acabar 292
tiempo_promedio 101.519997
agentes_en_goal 100
bad_good_total_rate_pred [53564,34818,88382,0.4]
push_out_count 8196
RUN 8
valores_ideales [40,23,42,9,45,27,14,28,37,14,4,32,14,26,23,6,19,22,46,24,18,24,42,8,31,32,33,28,10,20,18,28,29,39,15,36,51,14,45,10,25,16,22,34,47,28,40,46,24,31,21,10,44,5,34,26,32,24,9,22,19,36,32,23,14,32,18,2,3,31,47,20,9,7,27,35,8,24,21,18,12,18,17,15,18,21,17,42,18,10,7,12,35,24,39,33,28,38,41,36]
costo_por_agente [132,221,94,9,97,115,34,28,233,14,4,32,24,66,29,6,19,196,112,116,22,24,116,10,179,74,203,192,10,238,18,30,83,53,17,154,73,20,129,96,25,22,22,188,161,28,136,140,42,241,71,10,60,29,186,26,124,64,9,88,19,206,186,45,54,90,18,2,3,239,81,20,9,7,203,121,8,24,141,192,256,20,23,15,20,21,79,78,72,10,7,76,217,24,171,55,28,188,171,66]
completion_time_por_agente [268,381,139,10,159,184,56,28,374,15,5,33,24,87,29,6,19,342,188,175,22,24,198,11,292,90,302,308,10,366,18,36,111,81,19,246,117,27,189,184,25,27,22,278,281,32,226,238,64,394,127,11,78,52,319,29,208,91,9,107,20,354,310,57,104,176,18,2,3,393,126,24,9,7,355,192,8,24,223,314,358,23,27,15,20,21,99,103,120,11,7,135,404,24,287,88,28,274,287,97]
tiempo_ultimo_agente_goal 404
tiempo_en_acabar 404
tiempo_promedio 129.380005
agentes_en_goal 100
bad_good_total_rate_pred [61990,39451,101441,0.4]
push_out_count 9438
RUN 9
valores_ideales [40,23,42,9,45,27,14,28,37,14,4,32,14,26,23,6,19,22,46,24,18,24,42,8,31,32,33,28,10,20,18,28,29,39,15,36,51,14,45,10,25,16,22,34,47,28,40,46,24,31,21,10,44,5,34,26,32,24,9,22,19,36,32,23,14,32,18,2,3,31,47,20,9,7,27,35,8,24,21,18,12,18,17,15,18,21,17,42,18,10,7,12,35,24,39,33,28,38,41,36]
costo_por_agente [258,263,166,9,47,157,98,28,139,14,4,32,20,86,83,8,19,182,196,166,226,24,96,10,75,130,117,100,10,150,18,34,53,67,15,130,63,56,157,42,25,32,22,90,95,28,228,118,50,95,87,10,206,21,36,30,228,98,11,24,21,174,148,75,220,106,20,2,3,201,157,74,9,7,147,69,8,24,161,214,114,20,19,15,20,21,17,142,46,10,7,100,159,24,83,115,28,140,125,38]
completion_time_por_agente [388,406,313,10,66,291,171,28,231,14,5,38,22,114,144,9,19,317,379,244,360,24,162,11,104,219,206,158,10,267,18,41,54,105,15,194,94,97,264,79,25,49,22,134,148,28,377,223,72,117,163,11,368,45,41,39,350,183,11,24,22,275,232,109,359,180,24,2,3,323,275,131,9,7,218,90,9,24,277,332,172,20,19,15,21,21,21,268,77,10,10,185,226,24,131,188,28,238,216,45]
tiempo_ultimo_agente_goal 406
tiempo_en_acabar 406
tiempo_promedio 129.570007
agentes_en_goal 100
bad_good_total_rate_pred [62358,42126,104484,0.4]
push_out_count 10688
RUN 10
valores_ideales [40,23,42,9,45,27,14,28,37,14,4,32,14,26,23,6,19,22,46,24,18,24,42,8,31,32,33,28,10,20,18,28,29,39,15,36,51,14,45,10,25,16,22,34,47,28,40,46,24,31,21,10,44,5,34,26,32,24,9,22,19,36,32,23,14,32,18,2,3,31,47,20,9,7,27,35,8,24,21,18,12,18,17,15,18,21,17,42,18,10,7,12,35,24,39,33,28,38,41,36]
costo_por_agente [142,141,54,9,87,91,52,28,77,14,4,32,20,126,51,8,19,124,46,134,18,24,42,10,147,38,43,88,10,142,18,42,137,45,17,86,51,18,123,92,25,72,22,102,113,28,152,102,24,77,41,10,66,7,98,26,60,110,9,22,19,70,120,39,18,60,18,2,3,143,65,56,15,7,79,127,8,24,103,118,128,18,43,15,20,21,19,64,52,10,7,64,77,24,57,125,28,154,107,42]
completion_time_por_agente [213,239,76,9,127,164,91,28,120,14,5,32,32,164,84,8,19,242,51,259,21,24,45,10,234,42,63,169,10,229,18,55,194,53,17,116,61,21,205,168,25,138,22,178,169,32,252,178,24,136,55,11,99,9,176,27,103,180,9,22,20,95,190,66,20,96,20,2,3,226,96,91,16,7,153,215,11,24,174,211,223,19,51,15,24,21,24,84,86,12,7,123,132,24,77,208,28,221,169,48]
tiempo_ultimo_agente_goal 259
tiempo_en_acabar 259
tiempo_promedio 89.089996
agentes_en_goal 100
bad_good_total_rate_pred [37346,27355,64701,0.4]
push_out_count 11488
RUN 11
valores_ideales [40,23,42,9,45,27,14,28,37,14,4,32,14,26,23,6,19,22,46,24,18,24,42,8,31,32,33,28,10,20,18,28,29,39,15,36,51,14,45,10,25,16,22,34,47,28,40,46,24,31,21,10,44,5,34,26,32,24,9,22,19,36,32,23,14,32,18,2,3,31,47,20,9,7,27,35,8,24,21,18,12,18,17,15,18,21,17,42,18,10,7,12,35,24,39,33,28,38,41,36]
costo_por_agente [72,149,126,9,223,191,14,28,173,14,4,32,20,100,25,8,19,254,204,188,216,24,70,8,243,64,165,176,10,260,18,36,93,139,15,108,55,20,89,100,25,90,22,188,135,28,90,102,26,191,101,14,66,13,142,26,200,134,9,262,21,266,106,41,36,56,18,2,3,221,151,22,9,7,217,251,10,26,121,116,192,18,21,17,20,21,21,66,64,10,7,68,237,24,207,115,28,84,115,232]
completion_time_por_agente [109,214,192,9,430,322,21,28,311,14,5,32,26,159,31,8,19,444,366,315,332,24,122,8,435,103,265,269,10,450,18,43,123,215,15,163,64,21,121,184,25,177,22,318,222,28,133,149,26,283,192,14,93,26,264,26,394,219,9,412,25,441,155,66,48,80,18,2,3,394,217,25,9,7,366,408,10,26,205,184,335,18,21,20,22,21,24,90,100,11,7,114,401,24,323,200,29,152,184,428]
tiempo_ultimo_agente_goal 450
tiempo_en_acabar 450
tiempo_promedio 142.850006
agentes_en_goal 100
bad_good_total_rate_pred [70885,43539,114424,0.4]
push_out_count 12931
RUN 12
valores_ideales [40,23,42,9,45,27,14,28,37,14,4,32,14,26,23,6,19,22,46,24,18,24,42,8,31,32,33,28,10,20,18,28,29,39,15,36,51,14,45,10,25,16,22,34,47,28,40,46,24,31,21,10,44,5,34,26,32,24,9,22,19,36,32,23,14,32,18,2,3,31,47,20,9,7,27,35,8,24,21,18,12,18,17,15,18,21,17,42,18,10,7,12,35,24,39,33,28,38,41,36]
costo_por_agente [124,157,88,9,75,105,82,28,129,14,6,32,16,184,37,12,19,184,96,158,72,24,62,10,201,68,215,120,10,110,18,44,171,51,15,74,61,246,101,58,25,22,22,202,123,28,198,214,24,143,45,10,152,5,116,26,120,112,9,22,19,218,76,119,84,104,20,2,3,105,213,22,9,7,129,85,8,24,83,142,132,22,101,15,18,21,21,210,50,12,9,48,167,24,143,113,28,168,111,216]
completion_time_por_agente [200,265,146,11,129,186,154,28,240,15,6,32,19,336,52,20,19,359,136,227,124,26,102,11,384,93,363,210,10,175,18,68,286,70,16,108,85,393,151,109,25,33,22,311,206,28,354,346,25,226,64,12,241,7,218,26,211,181,10,22,19,362,102,200,149,184,24,2,3,141,326,23,9,7,224,125,10,24,149,226,215,27,168,15,18,22,23,354,83,13,12,64,258,24,243,202,28,275,161,379]
tiempo_ultimo_agente_goal 393
tiempo_en_acabar 393
tiempo_promedio 128.429993
agentes_en_goal 100
bad_good_total_rate_pred [64942,40655,105597,0.4]
push_out_count 14129
RUN 13
valores_ideales [40,23,42,9,45,27,14,28,37,14,4,32,14,26,23,6,19,22,46,24,18,24,42,8,31,32,33,28,10,20,18,28,29,39,15,36,51,14,45,10,25,16,22,34,47,28,40,46,24,31,21,10,44,5,34,26,32,24,9,22,19,36,32,23,14,32,18,2,3,31,47,20,9,7,27,35,8,24,21,18,12,18,17,15,18,21,17,42,18,10,7,12,35,24,39,33,28,38,41,36]
costo_por_agente [84,195,80,9,53,201,102,28,91,20,4,32,18,132,29,8,19,140,164,152,28,24,54,8,79,32,159,188,10,98,18,28,85,49,15,112,57,48,163,26,25,22,22,110,77,28,124,118,42,105,99,10,178,5,88,28,138,130,9,118,19,180,148,75,100,92,18,2,3,167,81,34,9,7,185,95,10,24,85,150,176,20,17,15,20,21,23,158,80,22,9,14,129,24,135,121,28,112,183,36]
completion_time_por_agente [121,328,118,9,72,298,194,28,145,23,5,33,21,187,30,8,19,272,244,226,34,24,85,8,137,34,256,303,11,135,18,36,110,61,15,188,78,89,264,32,25,33,22,166,100,28,211,191,60,163,198,10,323,7,160,31,200,222,10,179,20,259,212,111,182,119,18,2,3,271,121,56,9,7,298,120,12,24,148,275,273,20,20,15,21,21,24,253,120,34,10,17,198,24,226,215,28,203,278,43]
tiempo_ultimo_agente_goal 328
tiempo_en_acabar 328
tiempo_promedio 109.480003
agentes_en_goal 100
bad_good_total_rate_pred [53043,33031,86074,0.4]
push_out_count 15143
RUN 14
valores_ideales [40,23,42,9,45,27,14,28,37,14,4,32,14,26,23,6,19,22,46,24,18,24,42,8,31,32,33,28,10,20,18,28,29,39,15,36,51,14,45,10,25,16,22,34,47,28,40,46,24,31,21,10,44,5,34,26,32,24,9,22,19,36,32,23,14,32,18,2,3,31,47,20,9,7,27,35,8,24,21,18,12,18,17,15,18,21,17,42,18,10,7,12,35,24,39,33,28,38,41,36]
costo_por_agente [202,163,94,13,57,151,70,28,163,14,4,32,16,120,101,14,19,106,66,114,80,24,44,10,131,44,121,202,10,162,18,36,109,45,15,200,51,38,107,68,25,32,22,194,63,28,138,84,24,173,41,10,180,5,162,26,204,34,9,100,21,114,160,153,170,58,18,2,3,79,55,24,9,7,163,93,8,26,153,106,188,20,37,15,18,21,25,82,40,10,7,158,167,26,85,89,28,192,77,52]
completion_time_por_agente [344,271,147,13,83,226,137,28,251,14,5,32,16,188,165,19,19,185,98,163,150,24,50,11,236,55,186,330,10,269,18,43,166,60,15,322,53,58,154,142,25,56,23,310,87,28,251,118,24,333,60,10,298,6,287,28,306,55,12,157,21,192,269,265,257,98,18,2,3,116,70,37,9,7,261,155,9,26,276,168,250,23,43,15,18,21,29,139,71,11,7,274,285,26,125,153,28,318,123,65]
tiempo_ultimo_agente_goal 344
tiempo_en_acabar 344
tiempo_promedio 115.129997
agentes_en_goal 100
bad_good_total_rate_pred [59375,35371,94746,0.4]
push_out_count 16181
RUN 15
valores_ideales [40,23,42,9,45,27,14,28,37,14,4,32,14,26,23,6,19,22,46,24,18,24,42,8,31,32,33,28,10,20,18,28,29,39,15,36,51,14,45,10,25,16,22,34,47,28,40,46,24,31,21,10,44,5,34,26,32,24,9,22,19,36,32,23,14,32,18,2,3,31,47,20,9,7,27,35,8,24,21,18,12,18,17,15,18,21,17,42,18,10,7,12,35,24,39,33,28,38,41,36]
costo_por_agente [162,297,110,9,115,187,276,28,287,14,4,32,18,90,27,6,19,212,118,114,22,24,46,10,197,54,99,248,10,232,18,28,225,41,19,226,53,42,73,98,25,28,22,190,67,28,210,58,56,231,95,14,190,5,80,44,222,126,9,28,19,124,224,127,20,74,18,2,3,245,97,26,9,7,293,187,8,24,255,188,138,18,27,15,20,21,17,58,42,10,7,14,249,24,199,167,28,266,119,38]
completion_time_por_agente [273,485,178,9,166,283,434,28,466,14,5,33,21,136,32,6,19,415,152,179,22,25,63,11,321,59,148,407,10,408,18,32,396,45,21,354,59,80,102,183,25,46,22,309,97,28,374,80,82,421,164,14,296,7,117,65,394,192,10,31,19,197,341,206,23,109,19,2,3,405,161,30,9,7,484,334,8,25,455,347,209,18,32,15,21,21,21,70,65,11,7,19,436,24,292,235,28,436,169,41]
tiempo_ultimo_agente_goal 485
tiempo_en_acabar 485
tiempo_promedio 142.259995
agentes_en_goal 100
bad_good_total_rate_pred [67778,40379,108157,0.4]
push_out_count 17597
RUN 16
valores_ideales [40,23,42,9,45,27,14,28,37,14,4,32,14,26,23,6,19,22,46,24,18,24,42,8,31,32,33,28,10,20,18,28,29,39,15,36,51,14,45,10,25,16,22,34,47,28,40,46,24,31,21,10,44,5,34,26,32,24,9,22,19,36,32,23,14,32,18,2,3,31,47,20,9,7,27,35,8,24,21,18,12,18,17,15,18,21,17,42,18,10,7,12,35,24,39,33,28,38,41,36]
costo_por_agente [166,179,60,9,51,121,56,28,191,18,4,32,16,46,31,8,19,132,66,116,18,24,52,8,117,46,91,128,10,112,18,36,41,43,15,106,61,56,85,112,25,22,22,160,67,28,136,82,84,137,71,10,76,7,140,26,74,86,9,120,21,56,148,85,114,94,18,2,3,109,105,40,11,7,137,103,10,24,151,96,146,18,17,15,18,21,19,62,66,10,7,60,111,24,67,129,28,120,99,44]
completion_time_por_agente [264,275,82,9,63,188,97,28,287,18,5,32,19,68,45,8,19,227,97,183,21,24,77,8,194,68,133,168,10,177,18,49,54,59,15,177,77,93,130,218,25,35,22,245,97,28,243,139,156,254,136,11,125,8,237,26,115,147,10,203,23,72,217,118,231,150,19,2,3,155,160,63,11,7,230,183,11,24,267,150,232,18,18,15,21,21,22,91,113,12,7,83,189,25,96,247,28,181,179,64]
tiempo_ultimo_agente_goal 287
tiempo_en_acabar 287
tiempo_promedio 98.040001
agentes_en_goal 100
bad_good_total_rate_pred [45781,29587,75368,0.4]
push_out_count 18482
RUN 17
valores_ideales [40,23,42,9,45,27,14,28,37,14,4,32,14,26,23,6,19,22,46,24,18,24,42,8,31,32,33,28,10,20,18,28,29,39,15,36,51,14,45,10,25,16,22,34,47,28,40,46,24,31,21,10,44,5,34,26,32,24,9,22,19,36,32,23,14,32,18,2,3,31,47,20,9,7,27,35,8,24,21,18,12,18,17,15,18,21,17,42,18,10,7,12,35,24,39,33,28,38,41,36]
costo_por_agente [52,215,82,9,101,111,48,28,185,14,4,34,20,132,25,14,19,90,74,164,88,24,50,8,87,118,97,128,10,102,18,32,127,45,17,142,57,16,115,24,25,22,22,192,131,28,174,96,60,159,43,10,50,5,62,36,38,34,9,24,19,84,110,27,40,58,18,2,3,145,89,22,9,7,39,91,8,26,171,102,76,18,21,15,18,21,21,86,36,12,7,32,93,24,155,85,28,198,87,40]
completion_time_por_agente [81,339,123,9,153,180,86,28,333,14,4,34,23,231,29,20,19,149,118,284,157,24,61,8,143,209,186,217,10,179,18,41,183,55,18,210,70,20,192,28,25,31,24,276,211,28,268,153,98,295,65,10,73,6,83,41,43,52,9,25,21,125,174,30,71,96,19,2,3,208,148,25,9,7,51,152,8,26,299,146,102,19,21,15,18,21,24,137,45,13,7,55,159,24,257,114,28,312,127,44]
tiempo_ultimo_agente_goal 339
tiempo_en_acabar 339
tiempo_promedio 92.639999
agentes_en_goal 100
bad_good_total_rate_pred [42031,28310,70341,0.4]
push_out_count 19315
RUN 18
valores_ideales [40,23,42,9,45,27,14,28,37,14,4,32,14,26,23,6,19,22,46,24,18,24,42,8,31,32,33,28,10,20,18,28,29,39,15,36,51,14,45,10,25,16,22,34,47,28,40,46,24,31,21,10,44,5,34,26,32,24,9,22,19,36,32,23,14,32,18,2,3,31,47,20,9,7,27,35,8,24,21,18,12,18,17,15,18,21,17,42,18,10,7,12,35,24,39,33,28,38,41,36]
costo_por_agente [54,71,108,9,45,125,188,28,179,14,4,32,14,110,29,8,19,162,74,146,38,26,46,12,207,38,115,122,10,220,18,30,85,47,15,66,53,20,157,24,25,28,22,222,67,28,120,98,44,121,37,10,64,5,118,26,214,86,9,24,19,110,126,147,226,64,26,2,3,115,83,28,9,7,197,127,8,26,175,214,54,24,21,15,20,21,19,162,22,10,7,102,217,24,185,113,28,80,99,52]
completion_time_por_agente [68,104,190,9,50,212,264,28,342,14,5,32,20,173,40,9,19,295,112,239,61,26,63,14,304,39,210,207,10,374,18,37,140,60,15,104,65,28,286,27,25,41,22,374,90,29,196,139,72,215,61,10,99,6,204,26,367,148,10,25,19,199,172,233,383,106,29,2,3,207,136,30,9,7,322,194,8,27,305,381,57,33,22,15,23,21,20,273,27,11,7,174,376,24,281,198,28,116,169,69]
tiempo_ultimo_agente_goal 383
tiempo_en_acabar 383
tiempo_promedio 111.879997
agentes_en_goal 100
bad_good_total_rate_pred [49503,33507,83010,0.4]
push_out_count 20387
RUN 19
valores_ideales [40,23,42,9,45,27,14,28,37,14,4,32,14,26,23,6,19,22,46,24,18,24,42,8,31,32,33,28,10,20,18,28,29,39,15,36,51,14,45,10,25,16,22,34,47,28,40,46,24,31,21,10,44,5,34,26,32,24,9,22,19,36,32,23,14,32,18,2,3,31,47,20,9,7,27,35,8,24,21,18,12,18,17,15,18,21,17,42,18,10,7,12,35,24,39,33,28,38,41,36]
costo_por_agente [142,25,74,9,55,97,58,28,83,16,10,32,16,144,27,6,19,166,160,166,20,24,42,8,187,38,155,94,10,148,18,28,113,45,15,108,77,34,139,56,25,18,22,96,85,28,122,170,26,113,51,10,60,5,44,62,88,106,9,22,19,172,106,45,108,32,20,2,3,117,149,20,9,7,109,79,10,24,103,78,46,18,21,15,20,21,17,74,108,10,7,22,115,24,75,159,28,130,97,86]
completion_time_por_agente [230,31,119,9,65,160,94,28,151,17,21,32,23,238,32,6,19,293,246,279,25,24,44,8,296,45,259,164,10,246,19,31,179,54,15,181,120,61,246,100,25,24,22,160,142,28,185,277,27,152,95,10,88,7,65,98,167,170,9,22,19,267,184,64,171,38,23,2,3,202,253,22,9,7,162,119,11,24,184,131,54,23,23,15,21,21,18,128,206,11,7,28,217,26,103,272,28,203,144,141]
tiempo_ultimo_agente_goal 296
tiempo_en_acabar 296
tiempo_promedio 95.769997
agentes_en_goal 100
bad_good_total_rate_pred [42331,30043,72374,0.4]
push_out_count 21260
RUN 20
valores_ideales [40,23,42,9,45,27,14,28,37,14,4,32,14,26,23,6,19,22,46,24,18,24,42,8,31,32,33,28,10,20,18,28,29,39,15,36,51,14,45,10,25,16,22,34,47,28,40,46,24,31,21,10,44,5,34,26,32,24,9,22,19,36,32,23,14,32,18,2,3,31,47,20,9,7,27,35,8,24,21,18,12,18,17,15,18,21,17,42,18,10,7,12,35,24,39,33,28,38,41,36]
costo_por_agente [104,165,116,9,67,113,104,28,197,14,4,32,14,150,31,6,19,114,50,118,76,24,80,8,161,180,107,46,10,198,18,30,203,61,15,222,79,16,105,196,25,32,36,114,121,28,76,102,28,181,51,10,54,5,202,26,80,122,9,110,21,190,84,25,182,42,18,2,3,195,93,22,9,7,205,137,8,24,177,176,104,20,57,15,24,21,27,88,18,10,7,138,135,24,97,91,28,156,127,38]
completion_time_por_agente [159,303,176,9,95,207,190,29,323,16,5,33,15,287,37,6,19,219,70,182,112,24,116,8,283,317,185,74,10,330,18,35,366,76,17,356,132,20,158,333,25,51,39,167,195,32,122,172,30,308,70,11,87,5,350,29,136,229,9,191,25,341,128,33,271,78,19,2,3,343,145,23,9,7,331,232,9,24,298,330,192,20,69,15,26,21,34,151,21,11,7,280,237,24,172,134,28,259,220,44]
tiempo_ultimo_agente_goal 366
tiempo_en_acabar 366
tiempo_promedio 122.239998
agentes_en_goal 100
bad_good_total_rate_pred [57474,37739,95213,0.4]
push_out_count 22470
RUN 21
valores_ideales [40,23,42,9,45,27,14,28,37,14,4,32,14,26,23,6,19,22,46,24,18,24,42,8,31,32,33,28,10,20,18,28,29,39,15,36,51,14,45,10,25,16,22,34,47,28,40,46,24,31,21,10,44,5,34,26,32,24,9,22,19,36,32,23,14,32,18,2,3,31,47,20,9,7,27,35,8,24,21,18,12,18,17,15,18,21,17,42,18,10,7,12,35,24,39,33,28,38,41,36]
costo_por_agente [188,161,90,9,93,131,62,32,183,24,4,32,36,120,25,8,19,104,60,220,18,24,46,8,117,140,131,76,10,140,18,32,75,85,15,92,77,48,129,14,25,24,26,110,169,28,178,58,26,181,41,10,164,5,182,26,208,166,9,22,19,122,114,39,96,170,18,2,3,183,89,30,9,7,177,131,8,24,149,78,80,18,19,15,30,21,19,144,54,10,7,18,179,26,135,115,28,194,89,100]
completion_time_por_agente [300,239,147,9,141,227,131,34,296,26,5,33,44,199,30,8,19,191,78,325,20,26,55,8,180,260,244,95,10,230,18,42,108,127,15,134,116,64,204,15,25,30,26,182,276,32,304,84,32,319,64,11,259,7,303,27,323,269,9,22,22,196,173,50,181,312,18,2,3,286,136,43,9,7,305,218,8,24,265,123,120,18,19,15,40,22,20,234,98,11,7,26,293,27,226,193,28,283,141,163]
tiempo_ultimo_agente_goal 325
tiempo_en_acabar 325
tiempo_promedio 114.220001
agentes_en_goal 100
bad_good_total_rate_pred [57858,37151,95009,0.4]
push_out_count 23507
RUN 22
valores_ideales [40,23,42,9,45,27,14,28,37,14,4,32,14,26,23,6,19,22,46,24,18,24,42,8,31,32,33,28,10,20,18,28,29,39,15,36,51,14,45,10,25,16,22,34,47,28,40,46,24,31,21,10,44,5,34,26,32,24,9,22,19,36,32,23,14,32,18,2,3,31,47,20,9,7,27,35,8,24,21,18,12,18,17,15,18,21,17,42,18,10,7,12,35,24,39,33,28,38,41,36]
costo_por_agente [82,73,60,13,53,79,26,28,123,14,4,34,26,48,25,8,19,146,50,84,160,24,46,10,81,58,103,114,10,108,18,32,67,45,15,112,51,16,117,82,25,36,22,140,59,28,66,132,30,55,131,10,72,7,140,28,150,66,9,22,19,100,148,45,96,32,18,2,3,85,133,26,11,7,109,93,10,24,53,124,132,18,17,17,20,21,27,122,34,10,7,12,99,26,111,109,28,174,119,64]
completion_time_por_agente [134,106,80,16,70,128,35,28,216,14,4,39,30,63,26,8,19,259,57,131,244,24,63,10,146,79,175,202,11,165,18,37,124,54,15,210,64,22,185,166,25,63,22,231,77,28,114,193,45,92,190,10,104,7,264,37,207,103,10,25,19,159,224,61,163,33,18,2,3,146,224,31,11,7,209,148,12,24,79,221,229,20,17,20,26,21,29,215,51,12,7,12,144,28,186,191,28,283,178,90]
tiempo_ultimo_agente_goal 283
tiempo_en_acabar 283
tiempo_promedio 89.050003
agentes_en_goal 100
bad_good_total_rate_pred [41002,26491,67493,0.4]
push_out_count 24262
RUN 23
valores_ideales [40,23,42,9,45,27,14,28,37,14,4,32,14,26,23,6,19,22,46,24,18,24,42,8,31,32,33,28,10,20,18,28,29,39,15,36,51,14,45,10,25,16,22,34,47,28,40,46,24,31,21,10,44,5,34,26,32,24,9,22,19,36,32,23,14,32,18,2,3,31,47,20,9,7,27,35,8,24,21,18,12,18,17,15,18,21,17,42,18,10,7,12,35,24,39,33,28,38,41,36]
costo_por_agente [224,117,64,9,55,115,44,28,189,16,4,34,24,120,31,6,19,106,54,180,22,24,44,10,103,76,131,150,10,156,18,32,63,55,15,122,51,26,79,34,25,44,22,118,79,28,174,58,44,107,49,14,48,5,146,26,152,118,9,34,19,94,80,31,28,40,18,2,3,121,73,28,9,7,169,53,8,24,121,136,170,18,21,15,22,21,23,106,38,12,7,34,177,24,123,77,28,106,89,90]
completion_time_por_agente [327,195,88,10,66,193,70,28,287,17,5,34,33,189,39,6,19,164,80,301,27,25,50,11,148,134,214,251,11,308,18,40,100,61,18,205,56,45,107,51,25,76,22,181,126,29,326,68,64,145,80,14,55,7,265,29,249,204,10,38,19,155,121,45,49,48,21,2,3,204,107,38,9,7,280,62,9,25,202,222,295,23,26,15,22,21,26,171,52,15,10,44,306,25,212,137,28,157,112,137]
tiempo_ultimo_agente_goal 327
tiempo_en_acabar 327
tiempo_promedio 95.059998
agentes_en_goal 100
bad_good_total_rate_pred [41749,28031,69780,0.4]
push_out_count 25093
RUN 24
valores_ideales [40,23,42,9,45,27,14,28,37,14,4,32,14,26,23,6,19,22,46,24,18,24,42,8,31,32,33,28,10,20,18,28,29,39,15,36,51,14,45,10,25,16,22,34,47,28,40,46,24,31,21,10,44,5,34,26,32,24,9,22,19,36,32,23,14,32,18,2,3,31,47,20,9,7,27,35,8,24,21,18,12,18,17,15,18,21,17,42,18,10,7,12,35,24,39,33,28,38,41,36]
costo_por_agente [198,23,190,9,179,169,30,28,75,20,20,32,14,162,27,6,19,166,130,98,18,24,44,10,177,86,83,120,12,142,18,34,165,53,17,88,53,36,77,182,25,52,22,122,85,28,126,164,38,127,79,14,72,5,102,28,124,72,9,22,19,178,58,193,110,32,18,2,3,113,127,28,9,7,45,115,8,24,99,144,176,20,29,15,20,21,17,134,62,10,9,26,123,24,89,57,28,130,145,160]
completion_time_por_agente [316,24,292,11,303,313,50,28,116,20,39,32,14,289,36,6,19,314,239,144,21,24,52,10,315,126,142,206,12,239,18,36,268,77,19,132,60,46,109,276,25,101,22,208,139,28,213,266,54,195,121,14,111,8,153,32,192,114,10,23,19,331,72,270,203,34,18,2,3,218,198,43,9,7,58,178,9,24,153,248,273,23,33,15,21,21,22,229,107,10,12,44,210,26,120,81,28,220,258,288]
tiempo_ultimo_agente_goal 331
tiempo_en_acabar 331
tiempo_promedio 109.599998
agentes_en_goal 100
bad_good_total_rate_pred [49993,34164,84157,0.4]
push_out_count 26085
RUN 25
valores_ideales [40,23,42,9,45,27,14,28,37,14,4,32,14,26,23,6,19,22,46,24,18,24,42,8,31,32,33,28,10,20,18,28,29,39,15,36,51,14,45,10,25,16,22,34,47,28,40,46,24,31,21,10,44,5,34,26,32,24,9,22,19,36,32,23,14,32,18,2,3,31,47,20,9,7,27,35,8,24,21,18,12,18,17,15,18,21,17,42,18,10,7,12,35,24,39,33,28,38,41,36]
costo_por_agente [192,253,76,9,153,163,22,28,199,14,4,32,22,136,23,6,19,136,52,130,24,30,64,8,125,34,123,198,10,148,18,34,79,47,17,210,73,24,91,48,31,28,28,138,51,28,230,210,62,217,59,10,200,5,222,26,202,104,9,190,19,112,136,107,214,82,18,2,3,159,91,22,9,7,193,59,12,24,131,96,222,20,21,15,22,21,19,92,56,16,7,102,187,24,145,79,28,200,125,114]
completion_time_por_agente [332,384,119,9,235,283,36,28,338,17,5,32,32,227,28,6,19,256,75,223,24,40,98,8,208,36,200,351,10,225,18,39,124,67,19,376,96,31,164,93,36,48,28,225,60,29,387,357,88,385,106,10,315,8,366,26,388,172,9,317,19,187,209,181,377,127,18,2,3,263,132,30,9,7,326,92,15,24,185,175,330,23,23,15,25,21,20,158,91,27,7,166,273,24,234,126,28,336,187,195]
tiempo_ultimo_agente_goal 388
tiempo_en_acabar 388
tiempo_promedio 129.610001
agentes_en_goal 100
bad_good_total_rate_pred [69568,40894,110462,0.4]
push_out_count 27300
RUN 26
valores_ideales [40,23,42,9,45,27,14,28,37,14,4,32,14,26,23,6,19,22,46,24,18,24,42,8,31,32,33,28,10,20,18,28,29,39,15,36,51,14,45,10,25,16,22,34,47,28,40,46,24,31,21,10,44,5,34,26,32,24,9,22,19,36,32,23,14,32,18,2,3,31,47,20,9,7,27,35,8,24,21,18,12,18,17,15,18,21,17,42,18,10,7,12,35,24,39,33,28,38,41,36]
costo_por_agente [172,167,106,9,97,145,188,28,143,24,4,32,22,200,51,6,19,76,66,138,108,24,54,8,103,34,191,150,10,82,18,38,71,53,19,88,53,16,131,176,25,16,24,152,79,28,98,96,38,125,61,10,134,5,146,26,102,52,9,22,19,66,192,35,36,44,18,2,3,125,127,34,9,7,149,109,12,24,61,198,144,20,19,15,18,21,21,86,70,10,7,44,131,24,157,81,28,150,157,150]
completion_time_por_agente [307,254,141,11,161,256,292,28,207,35,5,32,25,326,78,6,19,103,85,230,162,24,74,9,184,35,259,266,10,133,18,53,102,72,21,130,67,24,223,291,25,18,29,234,112,30,142,152,54,206,79,11,264,5,227,27,150,86,10,22,20,113,327,52,68,67,21,2,3,170,184,55,9,7,264,201,12,24,96,337,232,23,22,15,22,21,23,147,110,10,10,60,233,24,263,117,28,272,255,288]
tiempo_ultimo_agente_goal 337
tiempo_en_acabar 337
tiempo_promedio 108.480003
agentes_en_goal 100
bad_good_total_rate_pred [51919,31724,83643,0.4]
push_out_count 28268
RUN 27
valores_ideales [40,23,42,9,45,27,14,28,37,14,4,32,14,26,23,6,19,22,46,24,18,24,42,8,31,32,33,28,10,20,18,28,29,39,15,36,51,14,45,10,25,16,22,34,47,28,40,46,24,31,21,10,44,5,34,26,32,24,9,22,19,36,32,23,14,32,18,2,3,31,47,20,9,7,27,35,8,24,21,18,12,18,17,15,18,21,17,42,18,10,7,12,35,24,39,33,28,38,41,36]
costo_por_agente [124,65,148,9,153,121,50,28,107,14,4,32,18,136,27,8,19,126,176,134,22,24,42,8,199,44,169,94,10,182,18,36,103,79,15,148,57,30,185,180,25,136,22,130,67,28,84,54,72,107,81,10,62,5,74,48,82,102,9,22,19,144,178,33,18,76,24,2,3,187,217,30,9,7,81,103,10,24,91,146,140,20,23,15,24,21,19,158,66,12,7,56,105,24,159,197,28,100,153,154]
completion_time_por_agente [173,96,258,9,288,188,91,28,184,17,4,32,24,214,29,8,19,219,316,221,23,24,43,8,344,56,290,155,10,293,19,41,150,130,15,268,79,45,302,268,25,248,22,233,98,28,155,76,136,160,161,10,92,7,128,66,150,176,9,22,20,246,285,37,29,123,31,2,3,332,338,35,9,7,160,178,11,24,140,321,249,23,27,15,32,21,23,287,105,12,7,111,171,26,278,326,28,189,242,302]
tiempo_ultimo_agente_goal 344
tiempo_en_acabar 344
tiempo_promedio 117.879997
agentes_en_goal 100
bad_good_total_rate_pred [56122,38329,94451,0.4]
push_out_count 29438
RUN 28
valores_ideales [40,23,42,9,45,27,14,28,37,14,4,32,14,26,23,6,19,22,46,24,18,24,42,8,31,32,33,28,10,20,18,28,29,39,15,36,51,14,45,10,25,16,22,34,47,28,40,46,24,31,21,10,44,5,34,26,32,24,9,22,19,36,32,23,14,32,18,2,3,31,47,20,9,7,27,35,8,24,21,18,12,18,17,15,18,21,17,42,18,10,7,12,35,24,39,33,28,38,41,36]
costo_por_agente [178,175,90,9,91,123,60,28,125,14,6,34,16,62,27,8,19,150,46,66,86,24,132,10,115,112,79,110,10,106,18,30,95,49,19,104,57,42,67,40,25,28,22,116,69,32,182,88,54,61,61,10,68,23,120,26,158,168,21,22,19,144,132,145,140,32,20,2,3,97,81,40,11,7,81,161,10,24,103,108,50,20,19,15,20,21,39,68,42,12,7,18,113,24,89,127,28,122,93,140]
completion_time_por_agente [297,304,145,9,146,188,113,28,197,16,6,35,21,92,33,8,19,278,52,88,128,24,244,11,175,183,113,168,10,163,18,37,135,66,21,156,71,66,95,67,25,48,22,194,97,38,312,145,86,87,103,10,88,49,190,26,249,295,40,22,19,252,220,271,252,33,21,2,3,161,116,72,11,7,128,277,10,24,143,174,72,20,20,15,21,21,53,91,67,14,7,23,185,24,149,173,28,176,155,215]
tiempo_ultimo_agente_goal 312
tiempo_en_acabar 312
tiempo_promedio 98.769997
agentes_en_goal 100
bad_good_total_rate_pred [44583,28241,72824,0.4]
push_out_count 30332
RUN 29
valores_ideales [40,23,42,9,45,27,14,28,37,14,4,32,14,26,23,6,19,22,46,24,18,24,42,8,31,32,33,28,10,20,18,28,29,39,15,36,51,14,45,10,25,16,22,34,47,28,40,46,24,31,21,10,44,5,34,26,32,24,9,22,19,36,32,23,14,32,18,2,3,31,47,20,9,7,27,35,8,24,21,18,12,18,17,15,18,21,17,42,18,10,7,12,35,24,39,33,28,38,41,36]
costo_por_agente [170,211,70,9,51,131,46,28,191,30,4,32,16,86,33,6,19,194,100,140,196,26,42,10,189,104,111,212,10,114,18,30,53,47,15,168,53,16,135,34,25,28,22,86,111,28,160,192,46,185,33,12,132,5,214,26,202,164,9,50,23,76,118,67,56,80,22,2,3,75,159,22,9,7,187,91,8,26,101,94,174,20,55,15,18,21,49,70,108,10,7,86,195,24,69,61,28,202,117,110]
completion_time_por_agente [301,348,93,9,69,214,80,29,326,42,5,32,18,149,44,6,19,356,180,189,313,26,49,10,327,187,192,337,10,170,18,38,75,56,15,272,63,18,222,63,25,46,22,144,187,30,224,303,67,314,37,13,203,7,339,26,305,277,9,72,26,118,171,100,103,141,28,2,3,131,258,24,9,7,276,145,9,26,155,167,281,23,64,15,22,22,64,94,205,13,7,125,326,24,111,108,28,308,180,215]
tiempo_ultimo_agente_goal 356
tiempo_en_acabar 356
tiempo_promedio 117.540001
agentes_en_goal 100
bad_good_total_rate_pred [61202,37228,98430,0.4]
push_out_count 31326
RUN 30
valores_ideales [40,23,42,9,45,27,14,28,37,14,4,32,14,26,23,6,19,22,46,24,18,24,42,8,31,32,33,28,10,20,18,28,29,39,15,36,51,14,45,10,25,16,22,34,47,28,40,46,24,31,21,10,44,5,34,26,32,24,9,22,19,36,32,23,14,32,18,2,3,31,47,20,9,7,27,35,8,24,21,18,12,18,17,15,18,21,17,42,18,10,7,12,35,24,39,33,28,38,41,36]
costo_por_agente [106,197,56,9,45,91,44,28,139,16,4,32,22,66,41,6,19,84,56,174,22,24,44,10,75,128,121,164,10,168,18,30,57,51,15,168,61,18,105,46,25,26,28,124,75,28,82,88,24,125,71,10,162,7,136,26,176,178,9,124,19,170,64,43,44,58,18,2,3,63,85,30,11,7,169,141,12,24,49,144,122,18,21,15,24,21,29,100,98,10,7,120,149,24,121,139,28,98,77,38]
completion_time_por_agente [191,321,75,9,48,136,77,28,233,16,5,32,23,95,64,6,19,146,76,321,24,24,55,11,127,230,202,303,10,260,18,38,87,63,15,306,85,19,181,74,25,41,30,216,123,29,111,148,27,179,117,12,271,8,219,26,284,268,9,213,20,283,87,60,75,84,20,2,3,108,150,36,11,7,276,252,19,24,77,251,208,20,25,15,29,21,37,172,182,12,7,228,245,24,204,242,28,145,113,43]
tiempo_ultimo_agente_goal 321
tiempo_en_acabar 321
tiempo_promedio 102.540001
agentes_en_goal 100
bad_good_total_rate_pred [47236,29899,77135,0.4]
push_out_count 32282
RUN 31
valores_ideales [40,23,42,9,45,27,14,28,37,14,4,32,14,26,23,6,19,22,46,24,18,24,42,8,31,32,33,28,10,20,18,28,29,39,15,36,51,14,45,10,25,16,22,34,47,28,40,46,24,31,21,10,44,5,34,26,32,24,9,22,19,36,32,23,14,32,18,2,3,31,47,20,9,7,27,35,8,24,21,18,12,18,17,15,18,21,17,42,18,10,7,12,35,24,39,33,28,38,41,36]
costo_por_agente [150,167,94,9,237,119,56,28,181,18,4,32,18,154,31,6,19,190,130,154,24,24,42,8,147,86,213,108,10,140,18,32,91,59,17,196,55,18,141,124,25,26,22,172,57,30,50,64,42,179,53,10,88,7,110,72,74,136,9,22,19,192,138,165,44,32,18,2,3,161,113,42,9,7,37,83,8,24,163,196,66,18,19,15,26,21,21,124,52,12,7,142,109,24,111,197,28,80,151,48]
completion_time_por_agente [251,283,153,9,352,188,98,28,279,22,5,32,23,261,48,7,19,309,213,219,28,24,56,8,232,144,326,160,10,248,19,43,159,102,18,300,63,21,224,207,25,38,22,293,81,30,64,76,56,300,88,10,150,7,199,114,116,239,9,22,19,344,230,270,74,37,19,2,3,285,183,67,9,7,41,126,11,24,266,323,81,18,19,15,27,21,27,197,90,12,7,235,194,25,167,318,28,116,253,54]
tiempo_ultimo_agente_goal 352
tiempo_en_acabar 352
tiempo_promedio 113.739998
agentes_en_goal 100
bad_good_total_rate_pred [53737,33866,87603,0.4]
push_out_count 33377
RUN 32
valores_ideales [40,23,42,9,45,27,14,28,37,14,4,32,14,26,23,6,19,22,46,24,18,24,42,8,31,32,33,28,10,20,18,28,29,39,15,36,51,14,45,10,25,16,22,34,47,28,40,46,24,31,21,10,44,5,34,26,32,24,9,22,19,36,32,23,14,32,18,2,3,31,47,20,9,7,27,35,8,24,21,18,12,18,17,15,18,21,17,42,18,10,7,12,35,24,39,33,28,38,41,36]
costo_por_agente [80,37,68,9,67,131,92,28,125,14,4,32,16,84,31,6,19,96,46,130,66,24,42,8,143,114,141,64,10,118,18,42,89,55,15,92,51,20,125,54,25,28,22,102,143,30,106,116,24,139,83,10,94,5,126,60,140,32,9,22,19,114,96,81,86,60,18,2,3,119,55,28,9,7,39,113,10,24,161,124,86,20,19,15,22,21,17,64,64,10,7,150,135,24,87,81,28,124,77,38]
completion_time_por_agente [115,53,104,10,110,220,162,28,214,15,4,32,17,131,48,6,19,170,47,216,95,24,44,8,250,189,243,101,10,215,18,55,137,60,20,152,55,22,190,87,25,31,22,159,202,30,156,205,27,231,153,10,144,7,218,104,204,48,10,22,19,193,143,98,129,85,22,2,3,160,70,43,11,7,48,187,10,24,237,242,127,23,22,15,28,21,21,84,122,13,10,225,195,25,158,128,28,174,118,41]
tiempo_ultimo_agente_goal 250
tiempo_en_acabar 250
tiempo_promedio 90.150002
agentes_en_goal 100
bad_good_total_rate_pred [40712,26116,66828,0.4]
push_out_count 34129
RUN 33
valores_ideales [40,23,42,9,45,27,14,28,37,14,4,32,14,26,23,6,19,22,46,24,18,24,42,8,31,32,33,28,10,20,18,28,29,39,15,36,51,14,45,10,25,16,22,34,47,28,40,46,24,31,21,10,44,5,34,26,32,24,9,22,19,36,32,23,14,32,18,2,3,31,47,20,9,7,27,35,8,24,21,18,12,18,17,15,18,21,17,42,18,10,7,12,35,24,39,33,28,38,41,36]
costo_por_agente [186,209,120,9,75,159,46,28,143,14,6,32,18,160,33,6,19,186,164,154,18,24,88,8,67,58,147,76,10,60,18,46,123,71,15,122,59,18,101,144,25,36,22,84,149,28,80,70,24,65,111,12,118,5,214,26,70,58,9,180,19,162,140,129,64,92,24,2,3,83,51,28,9,7,99,159,10,24,101,138,122,20,23,15,18,21,29,84,90,12,9,186,207,26,105,179,28,106,171,78]
completion_time_por_agente [302,309,199,10,112,281,70,29,244,14,8,32,26,237,43,6,19,300,272,255,21,24,155,8,96,87,217,121,10,92,18,62,186,114,15,217,85,18,170,277,25,46,22,132,262,29,126,95,25,102,207,13,229,11,335,26,120,114,9,252,22,298,241,183,109,176,25,2,3,153,61,35,10,7,169,261,11,24,177,216,235,23,27,15,21,21,39,119,179,12,10,335,346,27,146,295,28,172,286,114]
tiempo_ultimo_agente_goal 346
tiempo_en_acabar 346
tiempo_promedio 115.739998
agentes_en_goal 100
bad_good_total_rate_pred [56783,37886,94669,0.4]
push_out_count 35191
RUN 34
valores_ideales [40,23,42,9,45,27,14,28,37,14,4,32,14,26,23,6,19,22,46,24,18,24,42,8,31,32,33,28,10,20,18,28,29,39,15,36,51,14,45,10,25,16,22,34,47,28,40,46,24,31,21,10,44,5,34,26,32,24,9,22,19,36,32,23,14,32,18,2,3,31,47,20,9,7,27,35,8,24,21,18,12,18,17,15,18,21,17,42,18,10,7,12,35,24,39,33,28,38,41,36]
costo_por_agente [174,227,60,9,47,117,34,28,55,14,4,32,18,162,25,8,19,102,88,82,18,28,42,10,183,56,91,100,10,176,18,36,123,43,17,50,63,18,75,62,25,30,22,186,83,28,130,78,48,141,61,10,68,13,58,64,140,84,9,26,19,60,60,83,32,34,18,2,3,131,75,32,9,7,143,93,10,24,57,122,170,18,25,15,20,21,31,88,18,10,7,150,115,24,69,87,28,176,157,36]
completion_time_por_agente [322,342,74,11,54,190,46,28,60,14,5,32,24,304,29,8,19,157,130,135,21,30,51,10,311,70,138,159,10,316,18,48,204,53,18,65,76,19,113,83,25,51,24,317,121,33,223,125,75,247,92,10,100,23,70,102,253,138,9,29,21,87,73,118,55,48,19,2,3,225,115,39,9,7,271,137,10,24,79,221,249,18,26,15,23,21,42,137,19,12,7,285,162,25,100,144,28,297,269,43]
tiempo_ultimo_agente_goal 342
tiempo_en_acabar 342
tiempo_promedio 93.489998
agentes_en_goal 100
bad_good_total_rate_pred [43286,28521,71807,0.4]
push_out_count 36019
RUN 35
valores_ideales [40,23,42,9,45,27,14,28,37,14,4,32,14,26,23,6,19,22,46,24,18,24,42,8,31,32,33,28,10,20,18,28,29,39,15,36,51,14,45,10,25,16,22,34,47,28,40,46,24,31,21,10,44,5,34,26,32,24,9,22,19,36,32,23,14,32,18,2,3,31,47,20,9,7,27,35,8,24,21,18,12,18,17,15,18,21,17,42,18,10,7,12,35,24,39,33,28,38,41,36]
costo_por_agente [78,35,100,9,73,121,58,28,177,14,4,32,24,128,33,6,19,74,46,98,20,24,42,8,179,48,125,78,10,108,18,42,113,61,15,132,51,20,109,120,25,28,24,78,91,28,172,156,48,75,43,10,136,23,100,68,84,168,9,22,21,92,114,171,200,58,18,2,3,119,87,22,9,7,189,79,8,24,165,156,78,18,97,15,28,21,23,110,106,10,7,142,133,24,127,85,28,178,99,38]
completion_time_por_agente [104,38,180,10,103,216,106,28,329,14,5,32,34,184,45,6,19,133,52,157,22,24,47,8,290,62,191,101,10,177,18,55,194,94,15,200,58,28,181,214,25,40,25,122,136,28,263,246,98,96,72,10,255,36,174,105,124,265,10,23,21,147,200,327,309,95,18,2,3,192,128,29,9,7,350,124,8,24,269,285,112,19,176,15,41,21,33,170,166,12,7,265,248,25,221,128,28,307,156,43]
tiempo_ultimo_agente_goal 350
tiempo_en_acabar 350
tiempo_promedio 106.769997
agentes_en_goal 100
bad_good_total_rate_pred [47631,32155,79786,0.4]
push_out_count 37002
RUN 36
valores_ideales [40,23,42,9,45,27,14,28,37,14,4,32,14,26,23,6,19,22,46,24,18,24,42,8,31,32,33,28,10,20,18,28,29,39,15,36,51,14,45,10,25,16,22,34,47,28,40,46,24,31,21,10,44,5,34,26,32,24,9,22,19,36,32,23,14,32,18,2,3,31,47,20,9,7,27,35,8,24,21,18,12,18,17,15,18,21,17,42,18,10,7,12,35,24,39,33,28,38,41,36]
costo_por_agente [162,151,86,9,113,167,102,30,189,14,4,34,16,70,79,10,19,112,60,58,68,24,48,10,181,80,77,208,10,116,20,34,127,51,15,170,105,38,103,112,25,94,22,186,99,30,126,102,98,131,89,10,88,93,168,26,144,134,9,24,19,188,100,83,92,96,18,2,3,175,213,34,9,7,129,85,8,24,155,100,150,18,19,15,22,21,23,48,118,18,7,130,165,26,149,165,28,180,149,36]
completion_time_por_agente [283,218,138,9,172,297,185,30,312,16,5,36,16,116,133,12,19,186,77,61,116,24,69,11,314,126,123,311,10,180,20,47,187,80,17,293,176,57,167,224,25,166,22,297,183,30,221,149,182,206,156,11,138,187,323,30,265,237,10,28,19,336,154,124,184,162,20,2,3,281,308,51,9,7,177,110,9,24,227,169,225,18,20,15,24,21,39,58,201,27,7,190,250,26,244,329,28,318,232,38]
tiempo_ultimo_agente_goal 336
tiempo_en_acabar 336
tiempo_promedio 124.250000
agentes_en_goal 100
bad_good_total_rate_pred [60753,39989,100742,0.4]
push_out_count 38185
RUN 37
valores_ideales [40,23,42,9,45,27,14,28,37,14,4,32,14,26,23,6,19,22,46,24,18,24,42,8,31,32,33,28,10,20,18,28,29,39,15,36,51,14,45,10,25,16,22,34,47,28,40,46,24,31,21,10,44,5,34,26,32,24,9,22,19,36,32,23,14,32,18,2,3,31,47,20,9,7,27,35,8,24,21,18,12,18,17,15,18,21,17,42,18,10,7,12,35,24,39,33,28,38,41,36]
costo_por_agente [88,43,50,9,51,107,92,28,131,14,4,32,18,62,27,8,19,96,74,116,82,26,42,8,103,36,63,32,10,114,18,30,49,41,15,116,57,18,65,82,25,26,22,100,89,30,68,72,72,79,59,10,108,5,124,68,104,80,9,30,19,92,54,65,46,46,22,2,5,113,55,28,9,7,105,53,8,24,103,96,96,18,21,15,18,21,29,70,94,10,7,16,101,24,69,65,28,112,73,56]
completion_time_por_agente [138,48,74,11,61,204,183,28,222,15,4,32,25,89,34,8,19,158,112,206,118,27,48,8,169,38,109,37,10,168,18,33,65,46,15,194,74,24,96,156,25,39,22,151,146,36,107,101,131,146,98,11,161,10,216,102,180,126,9,33,20,164,76,94,80,68,26,2,5,191,71,37,9,7,169,78,8,24,172,158,148,23,22,15,19,21,36,109,159,10,9,16,183,24,97,101,28,190,85,70]
tiempo_ultimo_agente_goal 222
tiempo_en_acabar 222
tiempo_promedio 77.980003
agentes_en_goal 100
bad_good_total_rate_pred [35418,23051,58469,0.4]
push_out_count 38846
RUN 38
valores_ideales [40,23,42,9,45,27,14,28,37,14,4,32,14,26,23,6,19,22,46,24,18,24,42,8,31,32,33,28,10,20,18,28,29,39,15,36,51,14,45,10,25,16,22,34,47,28,40,46,24,31,21,10,44,5,34,26,32,24,9,22,19,36,32,23,14,32,18,2,3,31,47,20,9,7,27,35,8,24,21,18,12,18,17,15,18,21,17,42,18,10,7,12,35,24,39,33,28,38,41,36]
costo_por_agente [134,141,58,9,67,119,54,28,123,14,4,32,16,146,45,6,19,150,48,112,20,24,42,8,67,68,47,160,10,156,18,30,93,39,15,136,65,64,107,32,25,40,22,108,47,28,130,96,26,97,43,10,112,5,106,26,64,58,9,48,19,136,112,39,36,34,18,2,3,61,53,28,9,7,163,61,12,24,63,132,146,20,17,15,24,21,19,54,72,10,9,96,147,24,123,57,28,80,93,62]
completion_time_por_agente [235,223,86,10,101,218,101,28,208,14,4,32,16,249,65,6,19,264,58,140,20,26,47,9,117,121,60,255,10,248,18,33,138,40,15,205,99,105,147,47,25,70,22,181,54,28,215,168,32,170,60,10,180,6,179,26,121,97,10,63,20,216,183,48,68,39,18,2,3,89,78,41,9,7,242,81,12,24,98,241,261,20,17,15,28,21,28,74,147,12,10,168,258,24,197,71,28,130,139,86]
tiempo_ultimo_agente_goal 264
tiempo_en_acabar 264
tiempo_promedio 88.070000
agentes_en_goal 100
bad_good_total_rate_pred [38781,26832,65613,0.4]
push_out_count 39591
RUN 39
valores_ideales [40,23,42,9,45,27,14,28,37,14,4,32,14,26,23,6,19,22,46,24,18,24,42,8,31,32,33,28,10,20,18,28,29,39,15,36,51,14,45,10,25,16,22,34,47,28,40,46,24,31,21,10,44,5,34,26,32,24,9,22,19,36,32,23,14,32,18,2,3,31,47,20,9,7,27,35,8,24,21,18,12,18,17,15,18,21,17,42,18,10,7,12,35,24,39,33,28,38,41,36]
costo_por_agente [88,107,60,9,195,145,126,28,109,14,4,32,14,132,39,6,19,138,80,92,24,24,42,8,75,100,121,148,10,156,18,36,147,39,17,176,65,24,187,104,25,20,22,206,223,30,272,56,100,117,277,10,74,5,266,28,304,182,9,22,21,110,176,169,152,82,18,2,3,203,119,36,11,7,257,79,8,26,51,142,218,18,17,17,20,21,19,42,64,10,7,12,191,24,161,125,28,104,107,46]
completion_time_por_agente [150,172,82,9,337,251,229,28,168,14,5,32,15,204,58,6,19,237,113,161,24,24,48,8,113,178,212,218,11,249,18,49,267,40,17,310,79,27,308,186,25,26,23,340,408,30,483,68,179,206,396,11,105,7,461,38,505,313,10,23,22,167,274,277,261,141,18,2,3,333,205,54,11,7,450,120,9,26,76,234,341,20,18,20,20,21,24,51,118,10,7,12,341,24,236,212,28,178,186,59]
tiempo_ultimo_agente_goal 505
tiempo_en_acabar 505
tiempo_promedio 129.490005
agentes_en_goal 100
bad_good_total_rate_pred [58433,39044,97477,0.4]
push_out_count 40927
