RUN 0
valores_ideales [43,4,29,9,20,34,19,45,32,12,28,19,39,19,33,11,21,42,35,18,43,33,39,41,10,23,20,10,34,2,12,23,13,7,29,33,5,50,29,21,21,23,7,28,21,14,16,4,43,28,38,42,46,33,40,30,36,27,30,7,52,23,17,15,11,5,25,14,31,22,31,15,30,46,2,30,11,31,34,20,3,14,13,19,36,39,11,22,24,3,12,7,43,19,1,24,18,5,33,21,35,5,25,21,12,3,26,29,33,31]
costo_por_agente [65,4,29,41,32,42,61,45,54,92,32,21,39,61,35,23,37,50,51,18,47,49,83,55,10,25,76,14,48,24,44,29,13,7,29,87,5,72,45,23,89,23,9,28,67,14,18,6,99,46,38,42,82,35,60,32,66,39,42,9,100,27,17,15,15,5,37,18,79,22,87,15,62,54,2,68,13,41,58,98,7,24,23,27,46,39,11,28,24,3,26,7,53,59,1,24,24,5,33,23,59,5,33,61,12,11,26,75,55,73]
completion_time_por_agente [99,4,31,77,38,64,100,49,78,175,35,25,41,107,37,36,49,71,82,18,51,63,134,86,10,27,154,22,67,36,71,38,14,7,29,160,5,103,80,25,162,26,12,30,113,18,19,6,168,73,38,42,138,40,93,37,102,42,47,10,162,31,17,15,16,5,48,25,136,23,160,16,109,68,2,104,13,63,97,172,13,28,34,28,73,39,12,39,24,3,31,7,70,96,1,24,29,6,36,27,91,5,37,112,12,16,28,147,82,128]
tiempo_ultimo_agente_goal 175
tiempo_en_acabar 175
tiempo_promedio 56.127274
agentes_en_goal 110
bad_good_total_rate_pred [17077,18692,35769,0.5]
push_out_count 437
RUN 1
valores_ideales [43,4,29,9,20,34,19,45,32,12,28,19,39,19,33,11,21,42,35,18,43,33,39,41,10,23,20,10,34,2,12,23,13,7,29,33,5,50,29,21,21,23,7,28,21,14,16,4,43,28,38,42,46,33,40,30,36,27,30,7,52,23,17,15,11,5,25,14,31,22,31,15,30,46,2,30,11,31,34,20,3,14,13,19,36,39,11,22,24,3,12,7,43,19,1,24,18,5,33,21,35,5,25,21,12,3,26,29,33,31]
costo_por_agente [59,4,29,31,32,60,39,47,50,58,28,21,39,47,45,27,29,50,43,18,45,43,69,45,10,25,46,10,38,28,14,23,23,7,29,73,5,50,65,27,61,27,7,32,49,16,16,4,57,42,42,42,46,73,46,46,42,31,44,7,52,37,17,15,11,5,35,24,61,26,67,15,38,52,4,32,13,33,52,78,3,24,17,31,38,41,11,34,24,3,18,9,51,21,1,24,38,7,33,25,41,5,31,37,14,3,30,45,41,53]
completion_time_por_agente [85,4,29,49,48,81,59,51,76,106,28,21,42,74,56,37,37,62,53,18,50,54,107,53,11,27,77,10,49,52,23,23,27,9,29,111,5,50,105,31,117,28,7,41,67,19,17,4,81,54,45,42,47,110,59,66,54,34,67,7,53,53,17,15,11,5,43,29,90,28,113,16,45,59,4,38,13,36,73,120,3,37,23,38,41,41,11,40,26,3,18,9,59,25,1,25,52,7,33,27,56,5,34,44,14,3,31,69,50,76]
tiempo_ultimo_agente_goal 120
tiempo_en_acabar 120
tiempo_promedio 42.245453
agentes_en_goal 110
bad_good_total_rate_pred [11240,10438,21678,0.5]
push_out_count 668
RUN 2
valores_ideales [43,4,29,9,20,34,19,45,32,12,28,19,39,19,33,11,21,42,35,18,43,33,39,41,10,23,20,10,34,2,12,23,13,7,29,33,5,50,29,21,21,23,7,28,21,14,16,4,43,28,38,42,46,33,40,30,36,27,30,7,52,23,17,15,11,5,25,14,31,22,31,15,30,46,2,30,11,31,34,20,3,14,13,19,36,39,11,22,24,3,12,7,43,19,1,24,18,5,33,21,35,5,25,21,12,3,26,29,33,31]
costo_por_agente [47,6,29,13,36,50,25,45,54,80,30,19,39,57,37,25,23,44,71,18,47,37,61,45,10,25,72,24,46,10,52,23,17,7,29,61,5,56,75,25,79,27,7,28,63,14,16,4,87,50,42,42,64,33,52,38,40,37,32,7,60,37,17,17,13,5,37,24,65,26,77,15,54,58,2,60,11,67,58,68,3,26,15,19,42,39,13,38,30,3,20,7,57,63,1,24,28,5,33,27,45,5,29,47,12,5,26,61,39,73]
completion_time_por_agente [71,6,32,17,46,79,31,47,85,119,30,22,42,88,40,38,28,48,103,18,50,38,89,57,11,32,138,37,68,16,100,24,18,7,29,104,5,66,126,31,143,30,7,34,96,19,17,4,139,79,50,42,103,34,73,56,48,38,36,8,75,52,17,18,14,5,49,29,116,28,104,16,87,73,2,98,13,98,87,115,3,32,17,19,48,39,13,55,35,3,26,7,76,101,1,30,33,6,33,36,64,5,31,86,12,6,26,84,49,110]
tiempo_ultimo_agente_goal 143
tiempo_en_acabar 143
tiempo_promedio 47.945454
agentes_en_goal 110
bad_good_total_rate_pred [13969,12382,26351,0.5]
push_out_count 968
RUN 3
valores_ideales [43,4,29,9,20,34,19,45,32,12,28,19,39,19,33,11,21,42,35,18,43,33,39,41,10,23,20,10,34,2,12,23,13,7,29,33,5,50,29,21,21,23,7,28,21,14,16,4,43,28,38,42,46,33,40,30,36,27,30,7,52,23,17,15,11,5,25,14,31,22,31,15,30,46,2,30,11,31,34,20,3,14,13,19,36,39,11,22,24,3,12,7,43,19,1,24,18,5,33,21,35,5,25,21,12,3,26,29,33,31]
costo_por_agente [79,4,31,11,54,38,45,45,58,72,30,19,49,45,33,11,29,58,71,18,45,35,71,49,10,25,68,22,52,4,64,23,63,7,29,53,5,52,59,31,73,31,11,42,29,20,16,4,73,40,52,44,62,89,46,72,38,39,50,7,52,37,17,15,13,7,31,30,59,24,71,15,46,50,2,38,15,79,64,62,3,20,19,21,54,41,11,56,24,3,18,13,51,71,1,24,46,5,33,25,53,5,27,83,14,3,26,33,45,57]
completion_time_por_agente [112,5,34,16,87,42,67,46,97,115,32,21,57,74,34,16,38,77,87,18,47,40,119,61,10,29,110,44,103,6,117,24,142,7,29,69,5,61,87,39,125,33,20,64,41,29,18,4,124,72,65,44,87,124,59,120,43,48,69,7,57,52,17,15,13,8,34,41,88,27,100,16,72,59,2,58,17,133,101,91,3,27,29,22,71,43,11,99,27,3,20,23,64,116,1,24,68,6,33,33,85,5,31,135,14,4,26,36,50,97]
tiempo_ultimo_agente_goal 142
tiempo_en_acabar 142
tiempo_promedio 51.154545
agentes_en_goal 110
bad_good_total_rate_pred [14942,12983,27925,0.5]
push_out_count 1308
RUN 4
valores_ideales [43,4,29,9,20,34,19,45,32,12,28,19,39,19,33,11,21,42,35,18,43,33,39,41,10,23,20,10,34,2,12,23,13,7,29,33,5,50,29,21,21,23,7,28,21,14,16,4,43,28,38,42,46,33,40,30,36,27,30,7,52,23,17,15,11,5,25,14,31,22,31,15,30,46,2,30,11,31,34,20,3,14,13,19,36,39,11,22,24,3,12,7,43,19,1,24,18,5,33,21,35,5,25,21,12,3,26,29,33,31]
costo_por_agente [51,4,29,25,36,44,23,45,46,58,30,19,41,57,43,17,29,46,57,18,45,39,47,47,10,25,52,12,52,20,12,29,23,7,29,57,5,52,57,25,25,27,7,40,35,14,16,4,65,38,40,42,64,33,70,42,40,35,44,7,54,55,17,17,35,5,39,18,57,24,53,23,60,52,2,38,15,43,56,58,5,34,29,37,36,39,11,58,30,3,22,7,57,25,1,56,30,5,39,29,43,5,31,25,12,3,28,37,71,51]
completion_time_por_agente [59,5,31,41,52,58,27,49,67,95,30,22,43,94,50,21,46,53,82,18,47,41,58,61,11,25,85,17,84,34,14,38,35,7,29,90,6,57,79,32,29,28,8,53,46,19,17,4,92,56,43,42,84,37,112,57,54,44,62,7,66,83,17,17,67,5,56,19,87,24,71,28,92,59,2,44,17,62,84,81,5,61,43,47,37,39,11,86,35,3,30,7,73,29,1,78,42,6,51,35,50,5,41,31,12,4,28,47,112,68]
tiempo_ultimo_agente_goal 112
tiempo_en_acabar 112
tiempo_promedio 43.500000
agentes_en_goal 110
bad_good_total_rate_pred [11657,10326,21983,0.5]
push_out_count 1558
RUN 5
valores_ideales [43,4,29,9,20,34,19,45,32,12,28,19,39,19,33,11,21,42,35,18,43,33,39,41,10,23,20,10,34,2,12,23,13,7,29,33,5,50,29,21,21,23,7,28,21,14,16,4,43,28,38,42,46,33,40,30,36,27,30,7,52,23,17,15,11,5,25,14,31,22,31,15,30,46,2,30,11,31,34,20,3,14,13,19,36,39,11,22,24,3,12,7,43,19,1,24,18,5,33,21,35,5,25,21,12,3,26,29,33,31]
costo_por_agente [65,4,29,15,38,36,21,49,62,52,32,21,41,55,43,15,21,54,63,18,49,41,73,41,10,29,52,14,44,2,28,23,43,7,29,81,5,54,81,23,71,29,9,52,63,14,16,4,69,52,46,42,56,35,42,30,52,31,34,7,52,27,17,19,11,5,31,20,81,24,61,15,42,54,2,32,17,51,58,82,3,16,23,21,48,39,13,56,38,3,18,7,51,61,1,24,50,9,33,23,65,5,31,65,14,3,28,37,53,51]
completion_time_por_agente [93,4,30,15,63,36,27,54,90,101,33,26,43,91,53,22,22,73,83,18,50,48,98,46,10,30,86,16,72,3,33,23,72,7,29,130,5,65,119,23,137,31,9,67,85,17,18,4,102,83,56,42,68,38,52,30,62,37,37,8,56,32,17,21,11,5,35,23,128,29,94,16,51,59,2,36,18,74,90,124,4,18,27,23,59,39,14,69,56,3,20,7,65,86,1,25,97,9,33,23,104,5,35,96,14,3,31,53,78,68]
tiempo_ultimo_agente_goal 137
tiempo_en_acabar 137
tiempo_promedio 45.554546
agentes_en_goal 110
bad_good_total_rate_pred [13101,11338,24439,0.5]
push_out_count 1803
RUN 6
valores_ideales [43,4,29,9,20,34,19,45,32,12,28,19,39,19,33,11,21,42,35,18,43,33,39,41,10,23,20,10,34,2,12,23,13,7,29,33,5,50,29,21,21,23,7,28,21,14,16,4,43,28,38,42,46,33,40,30,36,27,30,7,52,23,17,15,11,5,25,14,31,22,31,15,30,46,2,30,11,31,34,20,3,14,13,19,36,39,11,22,24,3,12,7,43,19,1,24,18,5,33,21,35,5,25,21,12,3,26,29,33,31]
costo_por_agente [77,4,31,13,48,54,33,45,80,42,30,21,51,71,39,23,29,74,93,18,49,47,103,81,10,27,104,16,62,4,78,23,65,7,29,77,5,56,99,29,87,31,7,52,83,16,16,4,105,40,60,44,100,69,60,68,52,33,34,7,52,31,17,15,17,5,31,18,83,28,101,15,76,70,2,86,15,103,74,116,9,24,17,27,56,43,13,70,24,3,16,9,59,63,1,30,66,5,35,25,77,5,33,45,12,9,32,37,55,105]
completion_time_por_agente [104,4,32,20,76,88,39,46,127,77,32,25,69,113,45,32,46,110,143,20,50,52,172,124,10,29,189,19,99,5,130,24,125,7,30,120,5,69,184,34,171,45,8,84,143,18,17,4,169,53,93,44,171,114,91,110,61,39,36,7,55,40,17,15,25,5,36,20,150,28,180,18,121,93,2,148,17,169,128,188,19,33,19,28,87,44,16,125,25,3,16,9,81,103,1,35,120,8,39,37,149,5,45,68,13,9,35,44,70,147]
tiempo_ultimo_agente_goal 189
tiempo_en_acabar 189
tiempo_promedio 64.463638
agentes_en_goal 110
bad_good_total_rate_pred [20083,18985,39068,0.5]
push_out_count 2363
RUN 7
valores_ideales [43,4,29,9,20,34,19,45,32,12,28,19,39,19,33,11,21,42,35,18,43,33,39,41,10,23,20,10,34,2,12,23,13,7,29,33,5,50,29,21,21,23,7,28,21,14,16,4,43,28,38,42,46,33,40,30,36,27,30,7,52,23,17,15,11,5,25,14,31,22,31,15,30,46,2,30,11,31,34,20,3,14,13,19,36,39,11,22,24,3,12,7,43,19,1,24,18,5,33,21,35,5,25,21,12,3,26,29,33,31]
costo_por_agente [79,4,29,15,30,42,21,45,70,64,30,25,41,49,35,11,23,50,43,18,49,39,65,47,10,25,70,14,80,24,12,25,29,7,29,63,5,50,75,21,81,25,11,62,29,14,16,4,79,38,70,44,70,61,62,36,38,33,44,9,52,41,17,15,13,7,35,20,51,28,67,15,64,62,2,48,13,81,76,30,3,16,15,25,56,39,11,70,26,3,18,9,47,69,1,24,50,7,33,21,71,5,33,55,14,7,26,71,43,75]
completion_time_por_agente [107,4,29,17,40,48,26,46,114,130,31,31,51,78,41,17,27,64,60,19,49,43,107,62,11,29,131,20,117,31,14,27,43,7,29,89,5,51,129,21,144,28,14,105,42,16,17,4,119,54,105,46,94,94,88,38,44,35,56,9,55,61,17,15,18,8,49,21,77,34,98,18,100,77,2,60,18,134,116,32,3,17,16,26,73,42,11,112,30,3,19,9,60,110,1,24,86,7,33,26,112,5,36,96,14,10,30,104,54,119]
tiempo_ultimo_agente_goal 144
tiempo_en_acabar 144
tiempo_promedio 49.500000
agentes_en_goal 110
bad_good_total_rate_pred [13683,12835,26518,0.5]
push_out_count 2678
RUN 8
valores_ideales [43,4,29,9,20,34,19,45,32,12,28,19,39,19,33,11,21,42,35,18,43,33,39,41,10,23,20,10,34,2,12,23,13,7,29,33,5,50,29,21,21,23,7,28,21,14,16,4,43,28,38,42,46,33,40,30,36,27,30,7,52,23,17,15,11,5,25,14,31,22,31,15,30,46,2,30,11,31,34,20,3,14,13,19,36,39,11,22,24,3,12,7,43,19,1,24,18,5,33,21,35,5,25,21,12,3,26,29,33,31]
costo_por_agente [67,4,31,11,30,48,27,45,52,48,30,25,39,45,39,19,23,52,59,18,45,37,43,49,10,29,94,14,56,12,14,27,31,9,29,75,5,76,41,23,63,25,11,32,47,24,18,4,101,40,38,42,52,97,50,32,40,33,46,7,84,51,17,17,25,5,35,22,83,30,71,15,62,48,2,52,13,85,66,76,3,24,27,25,54,39,11,82,24,3,20,7,47,43,1,24,30,45,33,21,61,7,39,55,12,5,30,75,59,47]
completion_time_por_agente [98,4,33,16,36,72,36,45,66,64,30,29,42,63,44,28,26,68,89,18,46,43,55,66,10,32,147,19,77,22,18,37,49,11,29,136,6,122,59,23,108,27,14,41,67,30,19,4,148,51,43,42,65,161,64,38,52,38,66,7,126,77,17,17,47,5,43,30,152,39,114,16,93,50,2,75,17,146,95,117,3,35,34,26,79,40,12,144,29,3,27,8,66,58,1,24,39,96,35,22,95,7,48,94,13,5,32,130,80,60]
tiempo_ultimo_agente_goal 161
tiempo_en_acabar 161
tiempo_promedio 51.109093
agentes_en_goal 110
bad_good_total_rate_pred [14440,14276,28716,0.5]
push_out_count 3049
RUN 9
valores_ideales [43,4,29,9,20,34,19,45,32,12,28,19,39,19,33,11,21,42,35,18,43,33,39,41,10,23,20,10,34,2,12,23,13,7,29,33,5,50,29,21,21,23,7,28,21,14,16,4,43,28,38,42,46,33,40,30,36,27,30,7,52,23,17,15,11,5,25,14,31,22,31,15,30,46,2,30,11,31,34,20,3,14,13,19,36,39,11,22,24,3,12,7,43,19,1,24,18,5,33,21,35,5,25,21,12,3,26,29,33,31]
costo_por_agente [63,4,31,15,32,54,27,71,48,88,28,21,39,45,35,19,33,46,45,18,47,41,47,53,10,27,84,20,54,2,26,23,17,7,29,87,5,64,71,23,79,27,7,34,73,16,16,4,93,30,60,42,46,71,46,32,54,29,32,7,74,25,17,17,23,5,45,20,73,28,61,15,42,58,2,44,15,89,62,70,3,20,21,25,46,39,11,34,24,3,22,7,49,39,1,24,34,5,33,25,85,5,25,35,12,5,26,73,39,45]
completion_time_por_agente [85,4,31,18,41,73,37,94,71,151,29,23,43,79,39,23,40,56,57,18,49,47,65,73,10,28,142,30,75,4,43,23,18,7,29,154,5,88,119,24,150,28,7,43,133,22,18,5,157,36,82,42,47,103,50,33,79,34,36,8,114,26,17,17,35,5,62,29,120,30,92,16,54,63,2,53,18,154,85,112,3,25,28,25,66,41,11,45,25,3,25,7,54,63,1,24,53,6,34,28,144,5,29,57,12,6,26,113,49,62]
tiempo_ultimo_agente_goal 157
tiempo_en_acabar 157
tiempo_promedio 48.472729
agentes_en_goal 110
bad_good_total_rate_pred [12913,13090,26003,0.5]
push_out_count 3385
RUN 10
valores_ideales [43,4,29,9,20,34,19,45,32,12,28,19,39,19,33,11,21,42,35,18,43,33,39,41,10,23,20,10,34,2,12,23,13,7,29,33,5,50,29,21,21,23,7,28,21,14,16,4,43,28,38,42,46,33,40,30,36,27,30,7,52,23,17,15,11,5,25,14,31,22,31,15,30,46,2,30,11,31,34,20,3,14,13,19,36,39,11,22,24,3,12,7,43,19,1,24,18,5,33,21,35,5,25,21,12,3,26,29,33,31]
costo_por_agente [63,4,29,13,22,46,25,47,44,90,28,19,39,37,37,33,35,46,59,18,43,41,51,69,10,25,46,28,52,2,16,29,23,7,29,63,5,50,71,31,55,25,9,48,71,14,16,4,63,30,60,42,52,33,44,34,46,29,34,7,52,41,17,15,13,5,29,18,75,26,57,15,46,56,2,50,11,81,46,46,3,30,25,21,38,43,11,76,24,3,18,7,55,43,1,24,48,5,33,21,55,7,25,43,12,3,26,55,43,49]
completion_time_por_agente [86,4,29,16,32,63,28,49,59,134,28,19,44,47,38,45,47,57,76,18,46,50,63,117,13,29,80,41,67,4,24,33,31,8,29,104,7,52,120,35,88,29,12,66,126,16,17,4,102,37,82,42,66,36,51,41,58,32,42,9,53,57,17,15,13,5,33,23,109,27,94,16,68,81,2,69,11,143,66,77,4,38,37,21,44,43,11,135,26,3,20,7,64,69,1,25,69,5,33,21,78,7,29,71,12,5,26,88,48,68]
tiempo_ultimo_agente_goal 143
tiempo_en_acabar 143
tiempo_promedio 44.681820
agentes_en_goal 110
bad_good_total_rate_pred [12621,11582,24203,0.5]
push_out_count 3631
RUN 11
valores_ideales [43,4,29,9,20,34,19,45,32,12,28,19,39,19,33,11,21,42,35,18,43,33,39,41,10,23,20,10,34,2,12,23,13,7,29,33,5,50,29,21,21,23,7,28,21,14,16,4,43,28,38,42,46,33,40,30,36,27,30,7,52,23,17,15,11,5,25,14,31,22,31,15,30,46,2,30,11,31,34,20,3,14,13,19,36,39,11,22,24,3,12,7,43,19,1,24,18,5,33,21,35,5,25,21,12,3,26,29,33,31]
costo_por_agente [67,4,29,31,26,50,21,51,64,42,30,19,39,57,37,21,27,48,41,34,45,41,53,51,10,25,56,16,48,16,22,23,39,7,29,55,7,50,51,23,31,31,9,30,31,16,18,4,51,34,58,42,66,59,64,32,38,35,52,7,52,37,17,17,11,5,35,16,55,26,65,15,50,50,2,50,13,53,52,68,7,20,17,25,42,39,11,34,26,3,18,7,63,55,1,24,20,5,33,21,63,5,31,49,12,5,32,53,41,51]
completion_time_por_agente [102,5,30,47,29,72,21,52,94,66,30,22,40,91,41,30,29,54,55,59,46,54,74,59,10,27,93,22,63,21,35,25,63,7,29,79,7,53,78,28,41,40,9,35,39,20,19,4,71,43,77,42,97,89,97,34,43,39,74,9,53,50,17,17,15,5,46,20,91,28,98,16,75,61,2,64,16,70,80,91,15,23,24,26,43,39,11,46,29,3,21,7,88,83,1,25,23,5,33,21,95,5,36,73,14,5,34,76,45,76]
tiempo_ultimo_agente_goal 102
tiempo_en_acabar 102
tiempo_promedio 42.763638
agentes_en_goal 110
bad_good_total_rate_pred [11921,10832,22753,0.5]
push_out_count 3863
RUN 12
valores_ideales [43,4,29,9,20,34,19,45,32,12,28,19,39,19,33,11,21,42,35,18,43,33,39,41,10,23,20,10,34,2,12,23,13,7,29,33,5,50,29,21,21,23,7,28,21,14,16,4,43,28,38,42,46,33,40,30,36,27,30,7,52,23,17,15,11,5,25,14,31,22,31,15,30,46,2,30,11,31,34,20,3,14,13,19,36,39,11,22,24,3,12,7,43,19,1,24,18,5,33,21,35,5,25,21,12,3,26,29,33,31]
costo_por_agente [85,4,31,19,46,48,23,45,76,62,42,19,45,49,35,17,21,54,77,20,47,41,57,65,10,23,50,30,58,24,62,23,25,7,29,77,5,50,45,23,37,29,9,42,63,14,16,4,67,66,44,42,46,55,50,32,42,33,34,7,58,27,17,17,45,5,31,32,73,24,67,17,46,66,2,70,23,43,74,72,3,34,17,21,72,39,11,52,26,3,16,9,65,21,1,24,20,5,41,29,69,5,37,55,14,3,38,73,49,61]
completion_time_por_agente [125,5,38,36,76,74,30,46,123,118,52,22,50,63,40,26,24,76,118,26,49,54,77,100,10,27,95,47,82,38,120,26,27,7,30,117,5,53,71,23,50,30,9,62,102,18,17,4,93,123,51,42,47,93,67,36,54,40,41,7,70,30,17,17,74,5,42,45,110,25,113,21,78,93,2,114,23,52,120,121,3,50,21,21,109,40,11,82,29,3,18,9,83,23,1,24,23,6,45,34,91,5,46,86,15,3,56,117,55,89]
tiempo_ultimo_agente_goal 125
tiempo_en_acabar 125
tiempo_promedio 50.745453
agentes_en_goal 110
bad_good_total_rate_pred [14337,14430,28767,0.5]
push_out_count 4227
RUN 13
valores_ideales [43,4,29,9,20,34,19,45,32,12,28,19,39,19,33,11,21,42,35,18,43,33,39,41,10,23,20,10,34,2,12,23,13,7,29,33,5,50,29,21,21,23,7,28,21,14,16,4,43,28,38,42,46,33,40,30,36,27,30,7,52,23,17,15,11,5,25,14,31,22,31,15,30,46,2,30,11,31,34,20,3,14,13,19,36,39,11,22,24,3,12,7,43,19,1,24,18,5,33,21,35,5,25,21,12,3,26,29,33,31]
costo_por_agente [97,4,31,9,28,60,31,49,72,48,30,19,39,95,37,21,31,58,99,18,45,39,47,61,10,27,92,18,86,18,16,23,97,7,29,87,5,78,85,29,31,25,7,50,39,16,16,4,95,66,46,42,46,35,86,76,70,39,32,7,84,33,19,17,11,5,37,26,73,24,41,15,96,76,2,50,17,77,74,90,3,20,27,21,64,41,17,42,24,3,18,7,59,77,1,24,20,5,33,25,45,5,31,65,14,3,30,107,41,87]
completion_time_por_agente [157,6,33,13,31,91,38,52,126,75,30,21,48,157,38,31,41,84,175,18,46,48,55,74,10,30,154,30,145,37,23,23,168,7,29,139,6,109,139,33,40,28,8,90,52,17,17,4,145,99,54,42,49,40,133,126,113,43,34,7,133,38,24,18,18,5,47,40,127,29,51,16,180,117,2,73,18,140,127,164,5,26,41,21,105,41,22,66,25,3,20,7,77,165,1,24,23,6,36,34,55,5,37,130,14,3,34,176,56,149]
tiempo_ultimo_agente_goal 180
tiempo_en_acabar 180
tiempo_promedio 58.954544
agentes_en_goal 110
bad_good_total_rate_pred [18407,18517,36924,0.5]
push_out_count 4707
RUN 14
valores_ideales [43,4,29,9,20,34,19,45,32,12,28,19,39,19,33,11,21,42,35,18,43,33,39,41,10,23,20,10,34,2,12,23,13,7,29,33,5,50,29,21,21,23,7,28,21,14,16,4,43,28,38,42,46,33,40,30,36,27,30,7,52,23,17,15,11,5,25,14,31,22,31,15,30,46,2,30,11,31,34,20,3,14,13,19,36,39,11,22,24,3,12,7,43,19,1,24,18,5,33,21,35,5,25,21,12,3,26,29,33,31]
costo_por_agente [55,4,29,33,20,90,37,45,46,76,28,19,39,75,33,25,29,58,71,18,45,73,57,47,10,23,44,20,36,56,58,29,57,11,29,69,5,72,93,23,83,25,7,32,39,16,16,4,81,38,48,44,58,35,84,46,64,55,52,9,74,45,17,17,53,7,29,18,75,24,87,17,40,48,2,48,11,75,60,44,3,26,13,27,40,39,13,50,24,3,18,7,63,69,1,24,22,5,33,33,47,5,27,83,14,5,32,61,43,95]
completion_time_por_agente [75,5,32,59,22,142,59,45,65,156,29,19,41,125,34,40,31,88,106,18,50,101,84,61,12,24,72,28,52,103,90,31,74,12,29,113,6,105,151,24,139,25,8,34,75,17,17,4,117,57,74,45,78,36,144,50,103,87,77,10,106,70,17,19,106,8,33,24,130,29,152,18,51,53,2,70,14,118,85,82,4,42,14,30,55,39,14,83,26,3,20,7,80,121,1,24,36,5,33,47,62,5,30,137,16,8,40,105,58,150]
tiempo_ultimo_agente_goal 156
tiempo_en_acabar 156
tiempo_promedio 55.381817
agentes_en_goal 110
bad_good_total_rate_pred [16980,15461,32441,0.5]
push_out_count 5130
RUN 15
valores_ideales [43,4,29,9,20,34,19,45,32,12,28,19,39,19,33,11,21,42,35,18,43,33,39,41,10,23,20,10,34,2,12,23,13,7,29,33,5,50,29,21,21,23,7,28,21,14,16,4,43,28,38,42,46,33,40,30,36,27,30,7,52,23,17,15,11,5,25,14,31,22,31,15,30,46,2,30,11,31,34,20,3,14,13,19,36,39,11,22,24,3,12,7,43,19,1,24,18,5,33,21,35,5,25,21,12,3,26,29,33,31]
costo_por_agente [65,6,29,39,24,44,43,45,50,74,30,25,41,23,41,13,35,46,65,18,43,41,75,45,10,33,68,24,62,10,20,23,35,7,29,67,5,78,61,25,95,29,7,34,67,16,16,4,85,32,54,42,48,47,48,36,54,29,52,7,62,25,17,17,13,5,33,30,61,24,63,17,50,56,2,82,13,77,50,32,3,24,17,21,40,39,11,46,26,3,18,7,47,35,1,26,68,5,33,25,55,5,27,49,12,3,28,55,47,47]
completion_time_por_agente [85,6,29,58,33,52,67,45,80,135,31,28,46,31,52,14,46,50,90,18,43,56,118,57,11,39,84,33,90,20,30,25,63,7,30,113,5,111,97,26,133,30,7,46,100,22,18,5,121,38,67,42,56,55,62,38,85,35,76,7,86,30,17,18,19,5,42,38,97,25,98,17,77,61,2,144,15,126,73,47,4,37,27,22,53,41,14,76,29,3,18,7,57,52,1,27,110,6,33,26,75,5,35,83,13,6,28,71,61,75]
tiempo_ultimo_agente_goal 144
tiempo_en_acabar 144
tiempo_promedio 47.536366
agentes_en_goal 110
bad_good_total_rate_pred [13125,12558,25683,0.5]
push_out_count 5425
RUN 16
valores_ideales [43,4,29,9,20,34,19,45,32,12,28,19,39,19,33,11,21,42,35,18,43,33,39,41,10,23,20,10,34,2,12,23,13,7,29,33,5,50,29,21,21,23,7,28,21,14,16,4,43,28,38,42,46,33,40,30,36,27,30,7,52,23,17,15,11,5,25,14,31,22,31,15,30,46,2,30,11,31,34,20,3,14,13,19,36,39,11,22,24,3,12,7,43,19,1,24,18,5,33,21,35,5,25,21,12,3,26,29,33,31]
costo_por_agente [87,4,29,17,26,52,23,45,74,52,30,19,39,65,41,11,27,48,83,18,53,75,41,55,10,31,44,12,40,12,24,25,77,7,29,63,5,66,51,23,67,25,7,66,51,14,16,6,63,64,38,42,46,33,56,50,52,33,30,9,52,33,17,17,33,5,29,24,71,24,71,15,62,54,2,56,13,69,54,26,3,18,27,35,38,43,11,58,24,3,18,7,55,73,1,24,26,5,33,33,41,5,33,69,12,5,30,37,63,39]
completion_time_por_agente [140,4,29,23,39,81,25,47,109,96,30,21,48,110,46,16,29,52,125,18,62,115,43,78,10,34,72,18,46,18,34,26,128,7,29,98,5,79,73,25,109,27,8,109,90,17,17,6,85,95,44,42,46,35,80,67,71,38,32,9,55,44,17,17,53,5,31,25,107,29,88,16,106,65,2,81,16,114,71,29,3,22,41,44,46,47,12,100,24,3,18,7,76,124,1,24,27,5,33,40,56,5,43,110,13,5,40,45,103,54]
tiempo_ultimo_agente_goal 140
tiempo_en_acabar 140
tiempo_promedio 47.790909
agentes_en_goal 110
bad_good_total_rate_pred [13758,13301,27059,0.5]
push_out_count 5738
RUN 17
valores_ideales [43,4,29,9,20,34,19,45,32,12,28,19,39,19,33,11,21,42,35,18,43,33,39,41,10,23,20,10,34,2,12,23,13,7,29,33,5,50,29,21,21,23,7,28,21,14,16,4,43,28,38,42,46,33,40,30,36,27,30,7,52,23,17,15,11,5,25,14,31,22,31,15,30,46,2,30,11,31,34,20,3,14,13,19,36,39,11,22,24,3,12,7,43,19,1,24,18,5,33,21,35,5,25,21,12,3,26,29,33,31]
costo_por_agente [57,4,31,13,42,42,21,45,82,38,32,23,55,59,41,23,23,46,93,28,45,41,53,49,10,23,44,12,96,4,62,25,93,7,29,63,5,56,43,23,45,27,13,32,57,14,18,4,49,50,52,42,46,35,76,92,44,37,34,9,54,39,17,17,13,5,33,20,45,26,47,15,98,48,2,64,13,47,50,38,5,18,15,21,64,41,13,62,24,3,16,7,65,47,1,24,20,5,33,21,39,5,31,69,14,11,26,55,43,55]
completion_time_por_agente [96,4,31,17,75,62,26,51,130,58,33,25,83,98,44,30,27,48,142,41,46,52,61,63,11,28,75,14,157,10,122,27,169,7,29,98,5,62,67,24,54,31,14,45,89,18,19,4,60,86,68,43,47,38,119,169,57,45,43,9,62,70,17,17,13,5,42,25,61,29,67,15,160,49,2,103,13,67,83,58,8,21,20,22,105,47,13,90,27,3,18,7,97,66,1,26,21,5,33,22,44,5,33,110,14,18,30,82,60,74]
tiempo_ultimo_agente_goal 169
tiempo_en_acabar 169
tiempo_promedio 48.963634
agentes_en_goal 110
bad_good_total_rate_pred [15165,13505,28670,0.5]
push_out_count 6070
RUN 18
valores_ideales [43,4,29,9,20,34,19,45,32,12,28,19,39,19,33,11,21,42,35,18,43,33,39,41,10,23,20,10,34,2,12,23,13,7,29,33,5,50,29,21,21,23,7,28,21,14,16,4,43,28,38,42,46,33,40,30,36,27,30,7,52,23,17,15,11,5,25,14,31,22,31,15,30,46,2,30,11,31,34,20,3,14,13,19,36,39,11,22,24,3,12,7,43,19,1,24,18,5,33,21,35,5,25,21,12,3,26,29,33,31]
costo_por_agente [61,4,31,39,28,42,35,47,74,88,28,19,49,61,37,15,21,66,81,18,45,39,67,45,10,25,54,10,58,6,38,23,67,7,29,79,5,66,93,23,103,25,7,62,57,18,16,4,65,40,102,42,48,33,52,76,54,33,36,7,68,45,17,15,15,5,37,20,69,26,67,15,64,70,2,42,13,55,82,76,3,24,17,21,46,39,11,48,28,3,20,7,47,67,1,26,24,5,35,25,113,9,27,91,12,5,26,57,51,87]
completion_time_por_agente [78,4,31,67,51,62,48,51,116,167,28,21,63,109,46,16,24,104,118,18,51,44,108,56,10,27,75,10,90,8,45,23,137,8,29,122,5,93,161,23,178,30,7,103,84,22,17,4,91,57,168,42,63,39,69,134,75,36,41,7,97,65,17,15,20,5,42,22,102,29,91,16,109,92,2,58,17,85,126,155,3,39,22,21,58,41,12,59,32,3,20,8,57,100,1,28,28,6,40,39,196,9,34,142,12,5,26,74,59,148]
tiempo_ultimo_agente_goal 196
tiempo_en_acabar 196
tiempo_promedio 55.463634
agentes_en_goal 110
bad_good_total_rate_pred [15891,15994,31885,0.5]
push_out_count 6489
RUN 19
valores_ideales [43,4,29,9,20,34,19,45,32,12,28,19,39,19,33,11,21,42,35,18,43,33,39,41,10,23,20,10,34,2,12,23,13,7,29,33,5,50,29,21,21,23,7,28,21,14,16,4,43,28,38,42,46,33,40,30,36,27,30,7,52,23,17,15,11,5,25,14,31,22,31,15,30,46,2,30,11,31,34,20,3,14,13,19,36,39,11,22,24,3,12,7,43,19,1,24,18,5,33,21,35,5,25,21,12,3,26,29,33,31]
costo_por_agente [101,4,45,13,78,60,35,49,62,82,28,21,45,49,35,19,25,46,63,18,45,57,79,71,10,23,76,10,74,6,90,31,85,7,29,73,7,52,41,39,97,27,13,66,59,16,16,4,87,94,64,42,46,39,42,92,52,33,48,7,54,35,17,17,11,5,59,18,81,24,49,15,44,60,2,66,13,39,54,84,5,16,15,35,66,67,11,52,32,3,20,7,75,67,1,26,24,5,33,25,59,5,31,85,12,5,28,75,43,47]
completion_time_por_agente [153,4,60,16,139,91,52,51,91,155,28,23,54,84,42,30,27,54,107,18,45,86,128,116,10,25,134,11,144,9,168,35,159,7,29,114,7,62,66,47,163,29,16,110,111,17,17,4,144,165,80,42,48,51,48,145,81,47,70,7,62,49,17,17,11,5,88,22,155,26,86,17,57,66,2,113,16,44,69,148,5,16,16,42,112,99,14,93,45,3,25,7,120,113,1,31,24,5,33,27,85,5,35,138,12,5,28,125,47,51]
tiempo_ultimo_agente_goal 168
tiempo_en_acabar 168
tiempo_promedio 59.163635
agentes_en_goal 110
bad_good_total_rate_pred [18515,17840,36355,0.5]
push_out_count 7000
RUN 20
valores_ideales [43,4,29,9,20,34,19,45,32,12,28,19,39,19,33,11,21,42,35,18,43,33,39,41,10,23,20,10,34,2,12,23,13,7,29,33,5,50,29,21,21,23,7,28,21,14,16,4,43,28,38,42,46,33,40,30,36,27,30,7,52,23,17,15,11,5,25,14,31,22,31,15,30,46,2,30,11,31,34,20,3,14,13,19,36,39,11,22,24,3,12,7,43,19,1,24,18,5,33,21,35,5,25,21,12,3,26,29,33,31]
costo_por_agente [57,6,39,23,26,72,33,45,70,90,30,27,45,39,33,33,25,104,73,18,63,37,75,75,10,27,70,12,66,14,60,23,91,7,29,81,5,72,67,31,77,25,7,44,57,22,16,4,81,30,76,46,48,43,48,46,44,49,38,7,52,29,17,19,13,5,29,28,77,22,61,15,58,70,2,54,13,111,62,90,3,30,15,23,58,45,11,94,28,3,18,9,63,69,1,28,76,5,35,29,43,5,31,67,12,5,30,71,69,63]
completion_time_por_agente [72,6,43,30,31,111,45,47,99,128,30,33,59,63,35,44,33,192,110,18,106,43,116,124,11,29,119,15,87,19,115,25,134,7,30,119,6,106,128,40,133,27,7,63,66,23,17,4,124,38,114,47,60,54,60,51,58,55,51,7,53,33,19,19,16,5,35,38,115,22,83,15,95,104,2,93,16,208,95,144,4,43,18,27,88,56,15,158,34,3,22,9,97,124,1,35,129,6,36,40,54,5,41,124,13,7,35,104,99,104]
tiempo_ultimo_agente_goal 208
tiempo_en_acabar 208
tiempo_promedio 58.254547
agentes_en_goal 110
bad_good_total_rate_pred [18702,16494,35196,0.5]
push_out_count 7478
RUN 21
valores_ideales [43,4,29,9,20,34,19,45,32,12,28,19,39,19,33,11,21,42,35,18,43,33,39,41,10,23,20,10,34,2,12,23,13,7,29,33,5,50,29,21,21,23,7,28,21,14,16,4,43,28,38,42,46,33,40,30,36,27,30,7,52,23,17,15,11,5,25,14,31,22,31,15,30,46,2,30,11,31,34,20,3,14,13,19,36,39,11,22,24,3,12,7,43,19,1,24,18,5,33,21,35,5,25,21,12,3,26,29,33,31]
costo_por_agente [77,4,31,15,38,50,29,45,56,40,34,23,41,53,37,23,27,46,69,18,45,39,49,61,10,33,22,10,50,2,70,29,73,7,29,59,5,50,45,35,89,25,9,44,61,14,18,6,91,46,64,42,72,33,54,70,52,29,34,7,52,31,17,15,11,5,29,20,55,32,51,15,58,48,2,66,13,35,84,90,3,14,25,27,72,47,13,48,32,3,18,7,65,69,1,24,34,5,37,23,93,5,29,73,14,5,26,59,41,59]
completion_time_por_agente [101,4,32,22,58,83,34,45,95,59,37,24,48,77,43,28,32,48,112,18,47,43,63,101,11,37,25,11,60,4,143,36,138,7,29,84,5,58,64,45,136,30,9,68,105,17,19,6,145,77,91,42,109,33,82,112,65,37,41,10,60,42,17,15,11,5,32,31,83,42,71,17,104,53,2,108,14,41,130,162,4,16,42,28,118,60,13,65,36,3,20,8,106,131,1,24,44,6,41,30,164,5,33,134,15,6,27,90,48,95]
tiempo_ultimo_agente_goal 164
tiempo_en_acabar 164
tiempo_promedio 51.799999
agentes_en_goal 110
bad_good_total_rate_pred [15985,14676,30661,0.5]
push_out_count 7850
RUN 22
valores_ideales [43,4,29,9,20,34,19,45,32,12,28,19,39,19,33,11,21,42,35,18,43,33,39,41,10,23,20,10,34,2,12,23,13,7,29,33,5,50,29,21,21,23,7,28,21,14,16,4,43,28,38,42,46,33,40,30,36,27,30,7,52,23,17,15,11,5,25,14,31,22,31,15,30,46,2,30,11,31,34,20,3,14,13,19,36,39,11,22,24,3,12,7,43,19,1,24,18,5,33,21,35,5,25,21,12,3,26,29,33,31]
costo_por_agente [79,4,31,35,24,52,29,45,72,106,32,19,39,51,33,13,27,66,67,18,43,35,59,65,10,31,98,12,50,6,18,25,57,7,29,49,5,106,91,25,107,29,7,28,89,18,16,4,77,54,42,42,50,83,60,36,66,29,38,7,80,31,17,15,15,7,33,16,89,24,91,17,84,54,2,78,13,89,64,110,5,26,27,25,60,39,13,30,24,3,28,7,59,59,1,24,62,5,35,23,39,5,33,23,14,5,26,71,39,43]
completion_time_por_agente [119,4,31,51,27,72,31,49,110,186,32,21,40,74,36,17,38,99,98,18,45,36,88,111,10,34,192,19,64,6,26,25,98,7,29,80,5,180,155,27,176,37,8,31,169,25,17,4,109,81,43,42,58,134,92,49,104,34,56,7,119,36,17,15,23,8,47,18,137,26,169,18,117,71,2,126,15,115,103,176,8,39,45,27,84,41,13,45,24,3,38,9,80,89,1,24,107,6,36,24,44,5,39,23,15,5,27,108,49,57]
tiempo_ultimo_agente_goal 192
tiempo_en_acabar 192
tiempo_promedio 55.809090
agentes_en_goal 110
bad_good_total_rate_pred [17392,16794,34186,0.5]
push_out_count 8274
RUN 23
valores_ideales [43,4,29,9,20,34,19,45,32,12,28,19,39,19,33,11,21,42,35,18,43,33,39,41,10,23,20,10,34,2,12,23,13,7,29,33,5,50,29,21,21,23,7,28,21,14,16,4,43,28,38,42,46,33,40,30,36,27,30,7,52,23,17,15,11,5,25,14,31,22,31,15,30,46,2,30,11,31,34,20,3,14,13,19,36,39,11,22,24,3,12,7,43,19,1,24,18,5,33,21,35,5,25,21,12,3,26,29,33,31]
costo_por_agente [77,4,29,29,50,36,37,45,80,62,28,19,43,71,37,15,21,64,53,18,53,41,81,55,10,23,26,10,64,18,78,23,13,7,29,83,5,96,77,35,57,25,11,56,65,16,16,4,91,74,42,42,48,33,66,86,44,37,32,7,88,33,17,15,15,7,27,24,57,24,53,15,48,68,2,38,11,63,82,32,3,22,17,21,66,41,11,40,24,3,18,7,45,63,1,24,28,5,35,27,69,5,33,77,12,15,30,65,43,79]
completion_time_por_agente [101,4,29,36,79,41,59,48,137,84,28,22,50,132,39,24,24,93,76,18,58,47,125,80,13,25,26,13,108,27,133,25,14,7,29,122,5,151,122,43,88,29,18,81,126,21,18,4,139,123,44,42,53,34,100,132,61,49,40,7,129,49,17,15,21,9,31,33,80,26,76,17,60,105,2,50,13,109,125,35,4,33,24,23,108,42,12,53,27,3,27,7,53,109,1,24,33,5,38,40,95,5,37,131,12,21,34,90,54,144]
tiempo_ultimo_agente_goal 151
tiempo_en_acabar 151
tiempo_promedio 52.700001
agentes_en_goal 110
bad_good_total_rate_pred [15242,14701,29943,0.5]
push_out_count 8661
RUN 24
valores_ideales [43,4,29,9,20,34,19,45,32,12,28,19,39,19,33,11,21,42,35,18,43,33,39,41,10,23,20,10,34,2,12,23,13,7,29,33,5,50,29,21,21,23,7,28,21,14,16,4,43,28,38,42,46,33,40,30,36,27,30,7,52,23,17,15,11,5,25,14,31,22,31,15,30,46,2,30,11,31,34,20,3,14,13,19,36,39,11,22,24,3,12,7,43,19,1,24,18,5,33,21,35,5,25,21,12,3,26,29,33,31]
costo_por_agente [63,4,31,11,36,54,27,47,58,42,32,21,61,55,41,19,39,72,43,18,51,41,47,59,10,25,66,20,58,22,60,23,19,7,29,57,5,50,31,25,81,27,7,34,43,16,16,4,73,36,40,42,70,41,48,42,46,59,32,7,52,27,17,15,13,5,33,28,61,24,67,15,40,48,2,52,11,53,52,82,3,30,27,23,50,41,11,56,34,3,18,7,49,45,1,24,74,5,35,23,61,5,29,41,12,3,28,53,63,63]
completion_time_por_agente [87,4,32,16,49,75,32,49,88,69,32,23,95,81,45,33,52,86,53,18,61,45,54,83,10,28,113,34,83,36,89,25,23,7,29,85,5,58,42,30,134,28,8,39,56,17,17,4,108,50,47,42,101,51,63,55,69,67,34,8,55,29,17,16,17,5,45,39,90,29,101,16,54,52,2,73,12,75,69,147,4,46,42,24,78,45,12,79,44,3,20,7,59,70,1,24,137,8,41,36,96,5,33,61,12,5,29,76,82,87]
tiempo_ultimo_agente_goal 147
tiempo_en_acabar 147
tiempo_promedio 46.963634
agentes_en_goal 110
bad_good_total_rate_pred [14202,12439,26641,0.5]
push_out_count 8927
RUN 25
valores_ideales [43,4,29,9,20,34,19,45,32,12,28,19,39,19,33,11,21,42,35,18,43,33,39,41,10,23,20,10,34,2,12,23,13,7,29,33,5,50,29,21,21,23,7,28,21,14,16,4,43,28,38,42,46,33,40,30,36,27,30,7,52,23,17,15,11,5,25,14,31,22,31,15,30,46,2,30,11,31,34,20,3,14,13,19,36,39,11,22,24,3,12,7,43,19,1,24,18,5,33,21,35,5,25,21,12,3,26,29,33,31]
costo_por_agente [67,4,29,13,38,56,25,45,62,52,28,19,41,49,39,13,27,56,49,18,71,71,55,69,10,23,50,14,70,20,42,23,37,7,29,89,5,82,53,21,53,25,11,42,57,18,18,4,87,48,38,42,58,37,46,44,52,35,34,7,52,27,17,17,11,7,27,24,67,26,87,15,38,50,2,60,11,71,52,24,3,30,25,21,40,41,11,30,24,3,16,7,55,27,1,24,76,5,33,35,99,5,31,55,14,3,26,69,83,71]
completion_time_por_agente [95,4,31,18,54,79,32,46,90,105,28,21,45,98,43,14,36,81,65,18,104,107,76,92,11,25,77,22,104,33,83,24,49,7,29,138,5,118,78,21,82,28,16,54,93,23,19,4,141,77,42,42,76,38,59,62,69,44,39,7,55,28,17,17,14,8,29,38,103,29,142,17,47,56,2,113,13,107,81,38,3,43,39,21,41,41,11,38,27,3,19,8,75,35,1,24,116,6,36,54,138,5,37,84,15,3,26,124,131,128]
tiempo_ultimo_agente_goal 142
tiempo_en_acabar 142
tiempo_promedio 50.063637
agentes_en_goal 110
bad_good_total_rate_pred [14679,14602,29281,0.5]
push_out_count 9284
RUN 26
valores_ideales [43,4,29,9,20,34,19,45,32,12,28,19,39,19,33,11,21,42,35,18,43,33,39,41,10,23,20,10,34,2,12,23,13,7,29,33,5,50,29,21,21,23,7,28,21,14,16,4,43,28,38,42,46,33,40,30,36,27,30,7,52,23,17,15,11,5,25,14,31,22,31,15,30,46,2,30,11,31,34,20,3,14,13,19,36,39,11,22,24,3,12,7,43,19,1,24,18,5,33,21,35,5,25,21,12,3,26,29,33,31]
costo_por_agente [59,4,31,15,44,46,23,59,42,110,30,19,41,33,37,17,31,68,49,18,53,35,49,101,10,29,50,26,94,22,72,23,77,7,29,55,5,54,99,29,113,27,7,40,89,14,18,4,113,38,40,42,46,33,50,38,76,33,32,7,78,31,21,15,13,7,33,18,103,28,59,15,88,58,2,88,13,103,54,118,3,26,13,31,52,39,11,32,36,3,16,7,47,69,1,28,26,5,33,27,49,5,27,81,12,3,36,77,43,113]
completion_time_por_agente [86,5,31,16,63,58,34,83,58,200,30,21,51,59,38,24,43,98,62,18,65,35,66,174,11,31,72,37,150,33,136,24,122,8,29,79,6,62,191,31,200,30,7,54,165,19,19,4,186,50,44,42,46,33,70,47,121,34,39,7,112,53,21,15,14,8,36,21,188,31,84,16,141,74,2,153,15,178,81,194,3,41,13,32,74,39,11,43,54,3,17,7,59,135,1,36,31,7,34,35,54,5,29,135,13,4,44,122,62,201]
tiempo_ultimo_agente_goal 201
tiempo_en_acabar 201
tiempo_promedio 58.527271
agentes_en_goal 110
bad_good_total_rate_pred [15861,18038,33899,0.5]
push_out_count 9810
RUN 27
valores_ideales [43,4,29,9,20,34,19,45,32,12,28,19,39,19,33,11,21,42,35,18,43,33,39,41,10,23,20,10,34,2,12,23,13,7,29,33,5,50,29,21,21,23,7,28,21,14,16,4,43,28,38,42,46,33,40,30,36,27,30,7,52,23,17,15,11,5,25,14,31,22,31,15,30,46,2,30,11,31,34,20,3,14,13,19,36,39,11,22,24,3,12,7,43,19,1,24,18,5,33,21,35,5,25,21,12,3,26,29,33,31]
costo_por_agente [55,4,29,15,46,46,23,45,44,102,34,25,41,39,35,29,23,50,47,18,47,51,73,75,12,29,90,22,50,2,46,23,49,7,31,89,5,50,65,29,77,25,13,30,59,20,18,4,103,50,38,42,46,55,42,48,48,33,46,7,110,45,17,17,11,5,39,24,61,22,123,15,54,50,2,72,11,83,54,102,3,26,19,31,46,39,13,74,26,3,18,7,55,27,1,24,38,7,35,23,49,5,35,23,12,3,26,33,41,87]
completion_time_por_agente [73,4,29,18,68,56,30,46,60,181,35,30,45,64,36,40,33,59,68,18,53,65,115,110,12,32,127,36,71,4,76,23,87,7,33,152,5,54,113,32,134,26,17,36,75,23,19,4,163,63,38,42,47,83,58,73,58,36,70,7,165,69,17,18,11,5,49,28,94,24,191,16,72,56,2,144,14,126,80,185,3,40,35,34,54,39,15,142,30,3,18,7,72,31,1,24,42,7,43,35,70,5,37,27,13,3,28,40,45,160]
tiempo_ultimo_agente_goal 191
tiempo_en_acabar 191
tiempo_promedio 52.190910
agentes_en_goal 110
bad_good_total_rate_pred [14495,14971,29466,0.5]
push_out_count 10202
RUN 28
valores_ideales [43,4,29,9,20,34,19,45,32,12,28,19,39,19,33,11,21,42,35,18,43,33,39,41,10,23,20,10,34,2,12,23,13,7,29,33,5,50,29,21,21,23,7,28,21,14,16,4,43,28,38,42,46,33,40,30,36,27,30,7,52,23,17,15,11,5,25,14,31,22,31,15,30,46,2,30,11,31,34,20,3,14,13,19,36,39,11,22,24,3,12,7,43,19,1,24,18,5,33,21,35,5,25,21,12,3,26,29,33,31]
costo_por_agente [63,8,35,13,32,38,19,45,70,66,30,21,39,57,35,13,25,50,47,18,67,35,59,51,10,25,48,28,58,4,54,27,49,7,29,99,5,60,81,27,93,35,7,34,49,14,16,6,83,38,40,42,52,39,58,36,40,33,32,11,62,39,17,17,11,5,33,20,83,26,81,15,36,66,2,40,15,65,62,72,3,16,15,23,58,39,11,68,24,3,14,7,45,29,1,24,32,5,33,23,59,5,33,51,12,9,44,77,47,53]
completion_time_por_agente [90,8,38,14,42,40,21,49,109,117,32,23,42,103,40,14,29,63,65,18,86,35,85,64,10,30,68,45,82,6,105,32,106,7,29,149,5,82,134,33,138,44,8,45,85,17,17,6,124,50,47,42,60,45,95,47,53,35,38,14,76,58,17,18,11,5,36,20,144,29,114,16,50,78,2,46,15,84,104,103,3,17,15,24,89,39,14,117,24,3,16,8,52,37,1,24,33,6,33,28,89,5,40,96,12,15,66,113,58,72]
tiempo_ultimo_agente_goal 149
tiempo_en_acabar 149
tiempo_promedio 48.500000
agentes_en_goal 110
bad_good_total_rate_pred [13040,12756,25796,0.5]
push_out_count 10518
RUN 29
valores_ideales [43,4,29,9,20,34,19,45,32,12,28,19,39,19,33,11,21,42,35,18,43,33,39,41,10,23,20,10,34,2,12,23,13,7,29,33,5,50,29,21,21,23,7,28,21,14,16,4,43,28,38,42,46,33,40,30,36,27,30,7,52,23,17,15,11,5,25,14,31,22,31,15,30,46,2,30,11,31,34,20,3,14,13,19,36,39,11,22,24,3,12,7,43,19,1,24,18,5,33,21,35,5,25,21,12,3,26,29,33,31]
costo_por_agente [57,4,31,13,26,52,25,45,52,68,32,19,47,31,37,13,23,44,51,18,59,51,67,71,10,25,66,16,42,8,32,25,17,7,31,51,5,74,69,27,27,27,7,54,23,16,16,4,61,30,64,42,50,67,54,40,42,37,32,7,52,51,17,15,11,5,33,28,63,26,61,15,52,56,2,80,13,33,58,58,3,16,19,21,38,41,11,80,24,3,16,9,59,27,1,24,30,7,33,21,55,5,43,43,12,7,26,31,61,65]
completion_time_por_agente [77,4,31,16,34,65,31,51,87,112,32,22,61,37,39,15,27,48,72,18,78,78,100,116,10,30,111,21,51,11,45,25,21,7,34,63,5,114,94,28,32,29,7,92,24,19,17,4,78,40,93,42,52,104,82,56,51,46,37,9,53,81,17,15,13,5,50,34,97,28,101,16,72,67,2,126,15,37,91,107,4,17,26,21,44,41,11,144,27,3,20,10,74,36,1,24,36,13,33,21,81,5,55,61,12,9,33,33,80,111]
tiempo_ultimo_agente_goal 144
tiempo_en_acabar 144
tiempo_promedio 44.981819
agentes_en_goal 110
bad_good_total_rate_pred [12316,11681,23997,0.5]
push_out_count 10797
RUN 30
valores_ideales [43,4,29,9,20,34,19,45,32,12,28,19,39,19,33,11,21,42,35,18,43,33,39,41,10,23,20,10,34,2,12,23,13,7,29,33,5,50,29,21,21,23,7,28,21,14,16,4,43,28,38,42,46,33,40,30,36,27,30,7,52,23,17,15,11,5,25,14,31,22,31,15,30,46,2,30,11,31,34,20,3,14,13,19,36,39,11,22,24,3,12,7,43,19,1,24,18,5,33,21,35,5,25,21,12,3,26,29,33,31]
costo_por_agente [67,4,31,13,32,46,21,47,60,72,30,21,39,59,35,17,23,46,43,18,51,43,61,71,10,25,44,12,54,20,44,23,39,7,29,95,5,68,69,29,77,25,11,44,49,18,16,6,65,36,74,42,68,63,62,40,38,59,34,7,54,29,17,15,11,5,33,32,75,28,51,15,46,50,2,48,13,33,50,94,5,40,25,21,42,39,11,50,30,3,18,7,61,53,1,24,54,7,33,29,61,5,31,57,12,5,26,55,41,69]
completion_time_por_agente [98,5,32,15,41,55,26,59,93,104,30,26,42,85,41,22,24,55,57,18,55,53,84,112,10,29,72,13,74,27,68,23,61,7,29,155,6,84,118,35,150,29,16,58,82,19,17,6,93,52,93,42,94,87,93,51,42,75,38,7,63,34,17,15,11,5,40,42,119,31,67,16,50,64,2,77,17,37,70,148,5,50,43,22,51,39,11,70,38,3,22,7,87,73,1,24,83,7,33,43,90,5,40,102,16,6,27,80,46,106]
tiempo_ultimo_agente_goal 155
tiempo_en_acabar 155
tiempo_promedio 48.563637
agentes_en_goal 110
bad_good_total_rate_pred [14516,11970,26486,0.5]
push_out_count 11073
RUN 31
valores_ideales [43,4,29,9,20,34,19,45,32,12,28,19,39,19,33,11,21,42,35,18,43,33,39,41,10,23,20,10,34,2,12,23,13,7,29,33,5,50,29,21,21,23,7,28,21,14,16,4,43,28,38,42,46,33,40,30,36,27,30,7,52,23,17,15,11,5,25,14,31,22,31,15,30,46,2,30,11,31,34,20,3,14,13,19,36,39,11,22,24,3,12,7,43,19,1,24,18,5,33,21,35,5,25,21,12,3,26,29,33,31]
costo_por_agente [55,4,29,21,30,38,25,93,64,82,30,19,39,29,33,11,25,100,53,18,45,37,69,65,10,27,82,18,62,18,40,25,25,7,29,95,5,58,119,31,25,25,21,48,33,16,16,4,89,34,100,42,48,83,52,40,46,31,34,7,58,45,17,15,11,7,31,18,97,32,83,15,60,50,2,78,13,33,58,96,3,18,13,19,44,39,11,92,24,3,16,7,61,51,1,26,42,5,33,27,105,7,33,51,12,7,26,69,37,97]
completion_time_por_agente [73,5,29,34,41,44,29,165,90,167,35,21,43,36,34,12,28,164,84,18,46,38,104,95,10,34,169,26,81,28,65,27,31,8,30,155,5,72,190,36,28,27,39,81,43,22,18,4,145,46,184,42,55,137,69,52,72,35,35,7,68,85,17,15,11,8,38,22,177,45,154,15,101,56,2,141,15,42,83,164,3,21,14,19,55,39,11,145,24,3,24,7,93,87,1,32,68,5,33,33,181,8,43,69,12,7,26,121,42,157]
tiempo_ultimo_agente_goal 190
tiempo_en_acabar 190
tiempo_promedio 56.227272
agentes_en_goal 110
bad_good_total_rate_pred [17315,16183,33498,0.5]
push_out_count 11540
RUN 32
valores_ideales [43,4,29,9,20,34,19,45,32,12,28,19,39,19,33,11,21,42,35,18,43,33,39,41,10,23,20,10,34,2,12,23,13,7,29,33,5,50,29,21,21,23,7,28,21,14,16,4,43,28,38,42,46,33,40,30,36,27,30,7,52,23,17,15,11,5,25,14,31,22,31,15,30,46,2,30,11,31,34,20,3,14,13,19,36,39,11,22,24,3,12,7,43,19,1,24,18,5,33,21,35,5,25,21,12,3,26,29,33,31]
costo_por_agente [67,6,31,9,30,42,25,45,58,64,34,19,41,41,35,15,25,48,59,18,47,39,43,41,10,27,56,14,36,22,50,23,27,7,29,59,5,70,57,23,53,25,7,50,53,14,16,4,75,48,40,44,46,45,48,62,58,29,34,7,72,43,17,17,11,5,35,18,67,22,59,15,36,60,2,72,15,41,60,26,3,16,17,21,36,39,13,70,24,3,18,7,57,27,1,30,50,5,33,27,51,5,27,37,14,3,26,33,63,49]
completion_time_por_agente [91,6,31,13,43,50,29,46,96,111,35,23,47,58,41,21,31,54,85,18,48,44,49,51,13,30,102,23,41,37,77,24,39,7,29,94,6,95,92,23,84,26,8,75,82,17,17,4,105,69,43,44,47,55,65,98,88,34,37,7,112,64,17,17,11,5,52,24,110,27,84,16,48,78,2,115,15,57,96,34,4,18,20,23,38,42,14,130,25,3,23,8,83,29,1,34,72,7,34,36,67,5,31,54,14,3,31,41,111,67]
tiempo_ultimo_agente_goal 130
tiempo_en_acabar 130
tiempo_promedio 44.636364
agentes_en_goal 110
bad_good_total_rate_pred [13075,11569,24644,0.5]
push_out_count 11811
RUN 33
valores_ideales [43,4,29,9,20,34,19,45,32,12,28,19,39,19,33,11,21,42,35,18,43,33,39,41,10,23,20,10,34,2,12,23,13,7,29,33,5,50,29,21,21,23,7,28,21,14,16,4,43,28,38,42,46,33,40,30,36,27,30,7,52,23,17,15,11,5,25,14,31,22,31,15,30,46,2,30,11,31,34,20,3,14,13,19,36,39,11,22,24,3,12,7,43,19,1,24,18,5,33,21,35,5,25,21,12,3,26,29,33,31]
costo_por_agente [79,6,29,21,30,52,25,47,70,66,28,21,41,73,43,13,23,66,61,18,45,41,61,71,10,23,72,14,52,4,22,25,71,7,29,77,5,56,75,31,91,27,7,32,53,16,16,4,91,32,44,42,46,45,54,68,38,31,32,7,52,35,17,15,11,5,29,18,65,24,67,17,52,60,2,88,15,57,60,54,3,16,13,23,36,39,11,36,26,3,18,7,53,63,1,28,28,5,33,21,71,5,29,59,12,3,26,73,37,83]
completion_time_por_agente [120,6,30,29,34,71,31,52,113,126,28,23,48,116,45,17,23,102,90,18,46,44,82,96,10,26,129,23,76,5,29,25,109,8,29,116,5,70,114,40,149,28,8,39,69,20,17,4,132,43,48,42,47,65,71,104,49,36,33,7,57,40,19,15,11,5,36,20,92,24,118,19,60,70,2,139,17,84,87,71,4,18,14,24,46,39,11,51,29,3,22,7,72,104,1,32,37,5,33,21,115,5,36,102,15,4,26,131,42,146]
tiempo_ultimo_agente_goal 149
tiempo_en_acabar 149
tiempo_promedio 49.054546
agentes_en_goal 110
bad_good_total_rate_pred [14294,13122,27416,0.5]
push_out_count 12111
RUN 34
valores_ideales [43,4,29,9,20,34,19,45,32,12,28,19,39,19,33,11,21,42,35,18,43,33,39,41,10,23,20,10,34,2,12,23,13,7,29,33,5,50,29,21,21,23,7,28,21,14,16,4,43,28,38,42,46,33,40,30,36,27,30,7,52,23,17,15,11,5,25,14,31,22,31,15,30,46,2,30,11,31,34,20,3,14,13,19,36,39,11,22,24,3,12,7,43,19,1,24,18,5,33,21,35,5,25,21,12,3,26,29,33,31]
costo_por_agente [67,4,35,21,20,36,21,45,58,16,32,31,39,65,37,19,23,84,49,18,47,37,53,43,10,25,56,16,66,12,52,25,17,7,29,95,5,54,49,51,23,25,7,38,67,16,16,4,65,40,38,44,72,35,48,66,40,41,30,9,52,35,17,15,13,5,35,22,91,34,75,15,56,64,2,76,13,99,48,88,3,28,23,39,54,39,11,44,26,3,18,7,71,59,1,24,52,5,33,25,39,5,37,41,12,5,36,73,59,95]
completion_time_por_agente [100,5,38,33,24,40,22,45,80,17,37,47,42,114,46,27,23,134,69,19,48,42,78,51,10,27,86,20,110,21,107,27,20,7,29,159,5,63,76,85,25,29,8,56,124,20,17,4,97,76,42,45,105,36,61,103,50,52,32,10,55,49,17,15,14,5,44,28,165,43,146,15,89,92,2,127,16,146,69,139,3,35,36,52,83,40,13,78,26,3,20,7,109,105,1,24,98,6,33,26,46,5,49,65,13,6,49,133,87,171]
tiempo_ultimo_agente_goal 171
tiempo_en_acabar 171
tiempo_promedio 52.027271
agentes_en_goal 110
bad_good_total_rate_pred [15536,14126,29662,0.5]
push_out_count 12512
RUN 35
valores_ideales [43,4,29,9,20,34,19,45,32,12,28,19,39,19,33,11,21,42,35,18,43,33,39,41,10,23,20,10,34,2,12,23,13,7,29,33,5,50,29,21,21,23,7,28,21,14,16,4,43,28,38,42,46,33,40,30,36,27,30,7,52,23,17,15,11,5,25,14,31,22,31,15,30,46,2,30,11,31,34,20,3,14,13,19,36,39,11,22,24,3,12,7,43,19,1,24,18,5,33,21,35,5,25,21,12,3,26,29,33,31]
costo_por_agente [63,4,35,21,34,44,25,89,68,40,30,37,39,53,43,27,31,82,69,36,43,33,61,61,10,27,58,16,52,14,46,23,53,11,29,71,7,58,89,37,95,27,9,42,73,30,16,6,91,52,98,42,70,33,44,56,54,31,62,7,52,39,17,17,23,5,27,26,69,24,77,15,44,60,2,44,13,31,60,100,3,28,27,31,52,39,11,38,28,3,26,7,57,23,1,24,34,5,33,29,81,5,39,61,14,3,40,35,41,79]
completion_time_por_agente [93,5,39,29,63,63,26,138,98,55,30,63,43,95,62,51,48,117,109,50,45,39,95,90,10,31,108,25,80,26,93,25,94,14,30,116,7,82,163,50,160,27,9,57,135,42,17,6,148,77,143,42,94,36,57,86,81,34,90,7,62,64,17,19,37,5,30,40,102,24,114,16,61,68,2,59,15,35,93,154,3,41,44,44,74,39,14,45,31,3,42,7,69,30,1,24,41,6,38,36,143,5,58,99,16,3,51,36,46,123]
tiempo_ultimo_agente_goal 163
tiempo_en_acabar 163
tiempo_promedio 55.245453
agentes_en_goal 110
bad_good_total_rate_pred [17561,14593,32154,0.5]
push_out_count 12941
RUN 36
valores_ideales [43,4,29,9,20,34,19,45,32,12,28,19,39,19,33,11,21,42,35,18,43,33,39,41,10,23,20,10,34,2,12,23,13,7,29,33,5,50,29,21,21,23,7,28,21,14,16,4,43,28,38,42,46,33,40,30,36,27,30,7,52,23,17,15,11,5,25,14,31,22,31,15,30,46,2,30,11,31,34,20,3,14,13,19,36,39,11,22,24,3,12,7,43,19,1,24,18,5,33,21,35,5,25,21,12,3,26,29,33,31]
costo_por_agente [85,4,31,31,38,50,25,45,88,34,32,21,41,83,41,13,31,62,97,18,45,43,53,47,12,25,46,14,74,10,40,23,85,7,29,59,5,54,61,63,23,25,9,64,37,16,18,4,65,78,38,42,46,45,48,52,40,33,44,7,52,33,17,15,11,9,33,18,59,28,51,15,66,100,2,42,13,49,68,22,5,26,29,27,56,43,11,42,26,3,16,7,55,23,1,30,36,7,33,23,39,5,33,31,12,5,26,41,57,39]
completion_time_por_agente [136,4,36,51,59,82,37,46,152,49,32,23,45,164,51,16,45,84,148,18,52,49,60,62,12,29,82,20,134,12,48,23,158,7,29,85,6,68,79,103,24,30,14,116,61,18,19,4,78,146,40,42,49,62,63,70,48,35,56,7,55,58,17,15,14,16,38,20,91,31,72,16,122,162,2,61,16,80,106,22,5,40,45,29,92,49,13,55,30,3,18,7,78,29,1,38,40,7,34,30,43,5,43,43,13,5,26,51,81,49]
tiempo_ultimo_agente_goal 164
tiempo_en_acabar 164
tiempo_promedio 49.036366
agentes_en_goal 110
bad_good_total_rate_pred [15193,13941,29134,0.5]
push_out_count 13285
RUN 37
valores_ideales [43,4,29,9,20,34,19,45,32,12,28,19,39,19,33,11,21,42,35,18,43,33,39,41,10,23,20,10,34,2,12,23,13,7,29,33,5,50,29,21,21,23,7,28,21,14,16,4,43,28,38,42,46,33,40,30,36,27,30,7,52,23,17,15,11,5,25,14,31,22,31,15,30,46,2,30,11,31,34,20,3,14,13,19,36,39,11,22,24,3,12,7,43,19,1,24,18,5,33,21,35,5,25,21,12,3,26,29,33,31]
costo_por_agente [79,4,29,11,28,36,27,45,76,78,30,25,41,67,37,15,29,46,61,24,43,39,47,45,10,33,70,10,66,6,56,25,33,7,31,67,5,72,73,57,71,27,7,56,37,16,16,4,99,50,38,44,46,37,44,68,44,73,34,9,54,43,17,15,15,7,37,32,71,26,83,15,40,68,2,46,13,63,76,78,3,20,25,21,62,41,11,82,24,3,18,7,53,67,1,30,32,5,35,21,41,5,31,23,12,5,34,67,55,73]
completion_time_por_agente [114,4,29,19,42,43,34,47,107,149,33,29,43,124,42,26,40,55,88,35,50,44,52,57,10,47,135,11,110,7,101,37,46,7,31,100,5,114,121,101,111,31,8,82,46,19,17,4,154,67,40,45,54,43,51,115,53,99,40,9,59,65,17,16,27,8,52,55,134,30,147,16,60,95,2,78,16,112,124,149,3,25,37,21,99,43,11,147,29,3,20,8,69,112,1,40,43,5,41,24,51,5,43,28,13,5,37,125,84,116]
tiempo_ultimo_agente_goal 154
tiempo_en_acabar 154
tiempo_promedio 53.881817
agentes_en_goal 110
bad_good_total_rate_pred [16326,15472,31798,0.5]
push_out_count 13698
RUN 38
valores_ideales [43,4,29,9,20,34,19,45,32,12,28,19,39,19,33,11,21,42,35,18,43,33,39,41,10,23,20,10,34,2,12,23,13,7,29,33,5,50,29,21,21,23,7,28,21,14,16,4,43,28,38,42,46,33,40,30,36,27,30,7,52,23,17,15,11,5,25,14,31,22,31,15,30,46,2,30,11,31,34,20,3,14,13,19,36,39,11,22,24,3,12,7,43,19,1,24,18,5,33,21,35,5,25,21,12,3,26,29,33,31]
costo_por_agente [69,4,29,11,26,36,23,45,56,72,32,19,41,61,41,11,21,46,55,18,43,35,67,45,10,27,54,10,46,10,68,23,77,7,33,75,5,66,47,73,77,25,9,38,37,14,16,4,83,46,44,42,46,103,48,42,40,29,38,7,54,27,17,17,11,5,33,22,71,30,51,15,40,54,2,56,17,71,60,66,3,20,23,23,38,39,11,28,28,3,18,7,49,55,1,26,60,7,37,29,55,5,39,81,14,3,34,49,53,85]
completion_time_por_agente [107,6,31,14,37,37,25,45,95,117,38,22,45,95,49,15,21,50,82,20,45,37,98,52,10,28,95,12,67,21,108,24,141,7,36,125,7,79,59,132,143,29,11,52,50,17,18,4,131,66,52,43,48,146,61,68,42,34,50,7,58,35,17,19,11,5,40,25,118,38,75,15,53,65,2,89,19,118,95,109,4,27,36,26,46,41,11,35,29,3,18,8,58,95,1,27,104,7,42,37,85,5,57,114,15,4,46,72,59,123]
tiempo_ultimo_agente_goal 146
tiempo_en_acabar 146
tiempo_promedio 49.518181
agentes_en_goal 110
bad_good_total_rate_pred [13407,13215,26622,0.5]
push_out_count 14028
RUN 39
valores_ideales [43,4,29,9,20,34,19,45,32,12,28,19,39,19,33,11,21,42,35,18,43,33,39,41,10,23,20,10,34,2,12,23,13,7,29,33,5,50,29,21,21,23,7,28,21,14,16,4,43,28,38,42,46,33,40,30,36,27,30,7,52,23,17,15,11,5,25,14,31,22,31,15,30,46,2,30,11,31,34,20,3,14,13,19,36,39,11,22,24,3,12,7,43,19,1,24,18,5,33,21,35,5,25,21,12,3,26,29,33,31]
costo_por_agente [83,4,29,19,44,46,29,45,66,52,28,19,41,53,37,15,31,54,61,18,55,47,53,49,10,25,70,12,56,16,52,25,53,9,29,47,5,64,47,21,23,25,7,60,35,20,18,4,83,30,38,42,46,35,66,30,48,31,34,7,58,43,17,15,19,5,39,18,53,26,85,15,36,58,2,38,13,33,60,22,3,22,17,19,52,39,11,78,24,3,18,7,51,25,1,26,74,5,33,21,39,5,33,47,12,5,26,69,57,75]
completion_time_por_agente [119,4,30,31,66,60,38,46,99,84,28,21,44,69,38,24,41,64,92,18,65,54,75,67,10,29,120,14,83,26,96,26,91,11,29,72,6,85,63,22,23,32,7,92,44,21,22,4,118,32,38,42,46,43,107,30,63,37,42,7,69,62,17,15,30,5,52,33,70,28,132,16,45,77,2,56,21,42,93,26,3,32,24,19,72,39,13,136,28,3,18,7,63,27,1,37,117,6,33,22,43,5,47,76,15,6,26,118,86,119]
tiempo_ultimo_agente_goal 136
tiempo_en_acabar 136
tiempo_promedio 45.836365
agentes_en_goal 110
bad_good_total_rate_pred [12890,11185,24075,0.5]
push_out_count 14317
