RUN 0
valores_ideales [30,38,8,22,10,19,36,10,15,15,35,26,32,15,32,22,31,21,38,25,28,3,33,46,42,9,23,22,8,7,17,18,25,23,16,14,27,33,16,20,31,28,17,30,5,15,23,19,2,35]
costo_por_agente [42,58,12,32,10,21,38,10,15,15,51,26,46,15,44,54,31,59,62,63,52,3,33,46,42,9,23,36,10,7,19,18,25,27,16,16,27,33,16,20,41,28,17,44,61,15,49,19,2,51]
completion_time_por_agente [59,92,12,57,10,23,54,10,15,15,74,26,72,15,61,67,31,91,97,102,88,3,34,51,48,10,24,66,12,7,19,18,25,41,16,19,29,34,17,22,65,28,17,73,95,15,71,19,2,75]
tiempo_ultimo_agente_goal 102
tiempo_en_acabar 102
tiempo_promedio 40.520000
agentes_en_goal 50
bad_good_total_rate_pred [4474,4372,8846,0.5]
push_out_count 96
RUN 1
valores_ideales [30,38,8,22,10,19,36,10,15,15,35,26,32,15,32,22,31,21,38,25,28,3,33,46,42,9,23,22,8,7,17,18,25,23,16,14,27,33,16,20,31,28,17,30,5,15,23,19,2,35]
costo_por_agente [50,42,10,46,10,29,44,10,17,15,37,26,62,15,62,72,31,71,54,83,70,3,33,46,42,9,23,70,8,9,19,18,25,23,16,14,27,33,16,20,65,28,17,62,51,15,71,19,2,43]
completion_time_por_agente [82,54,11,78,10,36,51,10,17,15,39,26,96,15,101,122,31,100,84,108,107,3,33,50,49,10,24,111,8,9,19,18,25,25,16,14,28,33,17,20,91,28,17,105,99,15,108,23,2,53]
tiempo_ultimo_agente_goal 122
tiempo_en_acabar 122
tiempo_promedio 44.919998
agentes_en_goal 50
bad_good_total_rate_pred [4815,4826,9641,0.5]
push_out_count 120
RUN 2
valores_ideales [30,38,8,22,10,19,36,10,15,15,35,26,32,15,32,22,31,21,38,25,28,3,33,46,42,9,23,22,8,7,17,18,25,23,16,14,27,33,16,20,31,28,17,30,5,15,23,19,2,35]
costo_por_agente [48,58,10,54,10,21,52,10,15,15,35,26,64,15,40,62,31,43,58,63,66,3,33,50,42,9,23,60,10,7,19,18,25,57,16,16,27,33,16,20,37,28,17,64,61,15,61,21,2,49]
completion_time_por_agente [75,90,11,73,10,22,71,10,15,15,38,26,95,16,53,108,31,48,91,103,111,3,33,63,43,9,24,88,12,7,19,18,25,75,16,17,28,35,16,24,46,28,17,112,93,15,100,21,2,70]
tiempo_ultimo_agente_goal 112
tiempo_en_acabar 112
tiempo_promedio 43.419998
agentes_en_goal 50
bad_good_total_rate_pred [4673,4793,9466,0.5]
push_out_count 125
RUN 3
valores_ideales [30,38,8,22,10,19,36,10,15,15,35,26,32,15,32,22,31,21,38,25,28,3,33,46,42,9,23,22,8,7,17,18,25,23,16,14,27,33,16,20,31,28,17,30,5,15,23,19,2,35]
costo_por_agente [42,48,10,64,10,25,44,10,15,15,37,26,60,15,34,60,31,57,58,63,56,3,33,46,42,9,23,56,10,7,19,18,25,35,16,18,27,33,16,20,55,28,17,50,51,15,67,31,2,43]
completion_time_por_agente [62,62,12,93,10,29,51,10,15,15,37,26,73,15,38,88,31,98,79,101,89,3,33,48,44,10,24,92,12,7,19,18,25,37,16,19,28,35,16,24,81,28,17,88,91,15,101,46,2,52]
tiempo_ultimo_agente_goal 101
tiempo_en_acabar 101
tiempo_promedio 41.299999
agentes_en_goal 50
bad_good_total_rate_pred [4234,3757,7991,0.5]
push_out_count 105
RUN 4
valores_ideales [30,38,8,22,10,19,36,10,15,15,35,26,32,15,32,22,31,21,38,25,28,3,33,46,42,9,23,22,8,7,17,18,25,23,16,14,27,33,16,20,31,28,17,30,5,15,23,19,2,35]
costo_por_agente [48,40,8,66,10,23,46,10,15,15,35,26,52,15,40,70,31,53,46,55,54,3,33,48,42,9,23,54,10,7,19,18,25,27,16,16,27,33,16,20,39,28,17,42,57,15,49,19,2,39]
completion_time_por_agente [75,48,9,112,10,26,58,10,15,15,36,26,63,15,51,95,31,93,60,91,77,3,34,62,44,9,24,80,12,7,19,18,25,35,16,17,29,34,17,24,51,28,17,61,93,15,74,21,2,50]
tiempo_ultimo_agente_goal 112
tiempo_en_acabar 112
tiempo_promedio 38.740002
agentes_en_goal 50
bad_good_total_rate_pred [3455,3567,7022,0.5]
push_out_count 96
RUN 5
valores_ideales [30,38,8,22,10,19,36,10,15,15,35,26,32,15,32,22,31,21,38,25,28,3,33,46,42,9,23,22,8,7,17,18,25,23,16,14,27,33,16,20,31,28,17,30,5,15,23,19,2,35]
costo_por_agente [46,52,12,58,10,21,48,10,15,15,35,26,42,15,72,56,31,69,42,45,54,3,33,50,42,9,23,60,10,7,19,18,25,75,16,16,27,33,16,20,39,28,17,62,27,15,51,19,2,35]
completion_time_por_agente [58,76,13,78,10,21,67,10,15,15,36,26,59,15,121,85,31,95,53,61,88,3,33,57,46,9,24,98,12,7,19,18,25,116,16,17,28,35,16,24,48,28,17,82,51,15,75,19,2,37]
tiempo_ultimo_agente_goal 121
tiempo_en_acabar 121
tiempo_promedio 40.200001
agentes_en_goal 50
bad_good_total_rate_pred [3912,3673,7585,0.5]
push_out_count 105
RUN 6
valores_ideales [30,38,8,22,10,19,36,10,15,15,35,26,32,15,32,22,31,21,38,25,28,3,33,46,42,9,23,22,8,7,17,18,25,23,16,14,27,33,16,20,31,28,17,30,5,15,23,19,2,35]
costo_por_agente [74,54,8,76,10,23,58,10,15,15,35,26,54,15,42,68,31,57,60,79,38,3,33,46,44,9,23,60,8,9,19,18,25,25,16,16,27,33,16,20,65,28,17,68,61,15,65,19,2,51]
completion_time_por_agente [118,67,10,127,10,23,88,10,15,16,37,26,70,16,47,112,31,92,92,120,48,3,33,51,50,9,24,114,8,9,19,18,25,27,16,17,28,33,16,24,102,28,17,114,117,15,122,19,2,67]
tiempo_ultimo_agente_goal 127
tiempo_en_acabar 127
tiempo_promedio 46.040001
agentes_en_goal 50
bad_good_total_rate_pred [5369,4859,10228,0.5]
push_out_count 137
RUN 7
valores_ideales [30,38,8,22,10,19,36,10,15,15,35,26,32,15,32,22,31,21,38,25,28,3,33,46,42,9,23,22,8,7,17,18,25,23,16,14,27,33,16,20,31,28,17,30,5,15,23,19,2,35]
costo_por_agente [46,80,8,48,10,21,58,10,15,15,37,26,84,15,50,88,31,33,44,79,52,3,33,48,44,9,23,62,8,7,19,18,25,29,16,18,27,33,16,20,109,28,17,80,85,15,57,19,2,35]
completion_time_por_agente [63,142,9,63,11,21,92,10,15,15,37,26,126,15,72,165,31,40,61,137,71,3,33,57,53,10,24,116,12,7,19,18,25,37,16,19,28,33,16,24,170,28,17,149,145,15,91,19,2,40]
tiempo_ultimo_agente_goal 170
tiempo_en_acabar 170
tiempo_promedio 48.959999
agentes_en_goal 50
bad_good_total_rate_pred [4870,5394,10264,0.5]
push_out_count 177
RUN 8
valores_ideales [30,38,8,22,10,19,36,10,15,15,35,26,32,15,32,22,31,21,38,25,28,3,33,46,42,9,23,22,8,7,17,18,25,23,16,14,27,33,16,20,31,28,17,30,5,15,23,19,2,35]
costo_por_agente [78,102,10,68,10,21,52,10,15,15,35,26,58,15,36,40,31,99,50,39,54,3,33,46,46,9,23,66,8,7,19,18,25,25,16,16,27,33,16,20,53,28,17,58,85,15,51,19,2,43]
completion_time_por_agente [130,173,13,110,10,21,68,10,15,15,39,28,76,15,43,57,31,154,72,48,85,3,33,47,54,10,26,120,8,7,19,18,25,28,16,17,28,33,16,20,64,28,17,85,135,15,78,19,2,59]
tiempo_ultimo_agente_goal 173
tiempo_en_acabar 173
tiempo_promedio 44.860001
agentes_en_goal 50
bad_good_total_rate_pred [4468,4263,8731,0.5]
push_out_count 139
RUN 9
valores_ideales [30,38,8,22,10,19,36,10,15,15,35,26,32,15,32,22,31,21,38,25,28,3,33,46,42,9,23,22,8,7,17,18,25,23,16,14,27,33,16,20,31,28,17,30,5,15,23,19,2,35]
costo_por_agente [44,44,8,52,10,21,38,10,17,15,37,28,44,15,34,58,31,41,38,51,42,3,33,46,48,9,23,54,8,9,19,18,25,25,16,18,27,33,16,20,33,28,17,48,49,15,53,19,2,37]
completion_time_por_agente [63,55,10,74,10,22,43,10,17,15,39,30,61,15,35,82,31,60,40,70,59,3,33,46,53,9,25,81,12,9,19,18,25,29,16,19,28,33,17,24,33,28,17,59,68,15,88,19,2,43]
tiempo_ultimo_agente_goal 88
tiempo_en_acabar 88
tiempo_promedio 34.240002
agentes_en_goal 50
bad_good_total_rate_pred [2716,2893,5609,0.5]
push_out_count 58
RUN 10
valores_ideales [30,38,8,22,10,19,36,10,15,15,35,26,32,15,32,22,31,21,38,25,28,3,33,46,42,9,23,22,8,7,17,18,25,23,16,14,27,33,16,20,31,28,17,30,5,15,23,19,2,35]
costo_por_agente [44,44,8,68,10,21,56,10,15,15,35,26,66,15,34,42,31,63,42,73,60,3,33,54,42,9,23,42,8,7,19,18,25,25,16,16,27,33,18,20,31,28,17,52,51,15,71,19,2,55]
completion_time_por_agente [63,52,9,101,10,22,72,10,15,15,37,26,90,15,38,63,31,115,53,114,98,3,33,69,44,10,23,59,12,7,19,18,25,27,16,17,28,33,20,20,31,28,17,71,84,15,111,20,2,72]
tiempo_ultimo_agente_goal 115
tiempo_en_acabar 115
tiempo_promedio 39.660000
agentes_en_goal 50
bad_good_total_rate_pred [3510,3671,7181,0.5]
push_out_count 96
RUN 11
valores_ideales [30,38,8,22,10,19,36,10,15,15,35,26,32,15,32,22,31,21,38,25,28,3,33,46,42,9,23,22,8,7,17,18,25,23,16,14,27,33,16,20,31,28,17,30,5,15,23,19,2,35]
costo_por_agente [44,82,8,46,10,21,60,10,15,15,35,26,76,15,46,46,31,79,66,77,82,3,33,48,42,9,23,84,8,9,19,18,25,25,16,16,27,33,16,20,53,28,17,72,77,17,73,19,2,41]
completion_time_por_agente [62,145,11,72,11,21,82,10,15,15,40,28,138,15,57,72,31,144,96,119,147,3,33,55,44,9,26,145,12,10,19,18,25,27,16,19,28,33,16,24,67,28,17,135,145,17,134,19,2,53]
tiempo_ultimo_agente_goal 147
tiempo_en_acabar 147
tiempo_promedio 50.200001
agentes_en_goal 50
bad_good_total_rate_pred [4786,5594,10380,0.5]
push_out_count 192
RUN 12
valores_ideales [30,38,8,22,10,19,36,10,15,15,35,26,32,15,32,22,31,21,38,25,28,3,33,46,42,9,23,22,8,7,17,18,25,23,16,14,27,33,16,20,31,28,17,30,5,15,23,19,2,35]
costo_por_agente [52,52,8,74,10,21,54,10,15,15,43,26,66,15,42,66,31,49,56,89,48,3,33,46,42,9,23,54,8,9,19,18,25,31,16,16,27,33,16,20,37,28,19,66,77,15,71,19,2,39]
completion_time_por_agente [77,72,12,129,10,21,79,10,15,15,49,26,97,15,57,111,31,77,85,140,68,3,33,54,43,9,24,82,8,10,19,18,25,33,16,18,29,33,16,20,42,28,19,116,129,15,128,19,2,43]
tiempo_ultimo_agente_goal 140
tiempo_en_acabar 140
tiempo_promedio 44.599998
agentes_en_goal 50
bad_good_total_rate_pred [4806,4363,9169,0.5]
push_out_count 133
RUN 13
valores_ideales [30,38,8,22,10,19,36,10,15,15,35,26,32,15,32,22,31,21,38,25,28,3,33,46,42,9,23,22,8,7,17,18,25,23,16,14,27,33,16,20,31,28,17,30,5,15,23,19,2,35]
costo_por_agente [44,54,10,46,10,21,46,10,15,15,35,26,80,15,34,62,31,81,60,85,72,3,33,48,42,9,23,54,10,7,19,18,25,41,16,16,27,33,16,20,41,28,17,70,77,15,89,19,2,51]
completion_time_por_agente [59,82,12,56,10,22,60,10,15,15,36,26,143,15,34,98,31,144,97,150,101,3,33,54,42,9,24,74,12,7,19,18,25,56,16,19,28,33,16,20,52,28,17,113,132,15,150,20,2,76]
tiempo_ultimo_agente_goal 150
tiempo_en_acabar 150
tiempo_promedio 46.580002
agentes_en_goal 50
bad_good_total_rate_pred [4647,4047,8694,0.5]
push_out_count 154
RUN 14
valores_ideales [30,38,8,22,10,19,36,10,15,15,35,26,32,15,32,22,31,21,38,25,28,3,33,46,42,9,23,22,8,7,17,18,25,23,16,14,27,33,16,20,31,28,17,30,5,15,23,19,2,35]
costo_por_agente [38,46,10,46,10,31,40,10,15,15,35,26,64,15,36,46,31,61,52,37,52,3,33,46,44,9,23,52,10,7,19,18,25,23,16,16,27,33,16,20,37,28,17,46,51,15,65,19,2,35]
completion_time_por_agente [51,61,11,59,10,39,45,10,15,15,37,26,86,15,38,62,31,74,68,42,77,3,33,49,45,10,26,80,12,7,19,18,25,24,16,19,28,33,16,24,43,28,17,70,82,15,97,19,2,36]
tiempo_ultimo_agente_goal 97
tiempo_en_acabar 97
tiempo_promedio 35.360001
agentes_en_goal 50
bad_good_total_rate_pred [3124,2873,5997,0.5]
push_out_count 62
RUN 15
valores_ideales [30,38,8,22,10,19,36,10,15,15,35,26,32,15,32,22,31,21,38,25,28,3,33,46,42,9,23,22,8,7,17,18,25,23,16,14,27,33,16,20,31,28,17,30,5,15,23,19,2,35]
costo_por_agente [42,50,10,60,10,21,44,10,15,15,35,26,50,15,38,44,31,35,50,35,50,3,33,46,42,9,23,34,10,7,19,18,25,25,16,16,27,33,16,20,31,28,17,58,37,15,47,19,2,39]
completion_time_por_agente [64,68,11,75,11,21,60,10,15,15,36,26,74,16,40,71,31,43,69,64,77,3,33,48,43,9,24,44,12,7,19,18,25,27,16,17,29,33,16,20,34,28,17,93,62,15,81,19,2,46]
tiempo_ultimo_agente_goal 93
tiempo_en_acabar 93
tiempo_promedio 34.740002
agentes_en_goal 50
bad_good_total_rate_pred [3155,2945,6100,0.5]
push_out_count 70
RUN 16
valores_ideales [30,38,8,22,10,19,36,10,15,15,35,26,32,15,32,22,31,21,38,25,28,3,33,46,42,9,23,22,8,7,17,18,25,23,16,14,27,33,16,20,31,28,17,30,5,15,23,19,2,35]
costo_por_agente [44,50,10,58,10,21,54,10,15,15,35,26,58,15,48,70,31,79,72,71,38,3,33,46,42,9,23,70,8,7,19,18,25,23,16,14,27,37,16,20,55,28,17,78,69,15,51,33,2,73]
completion_time_por_agente [66,61,10,87,10,21,70,10,16,15,36,26,86,15,72,119,31,123,114,99,41,3,33,49,44,9,26,119,8,7,20,18,25,24,16,15,28,44,16,21,84,28,17,136,118,15,75,50,2,114]
tiempo_ultimo_agente_goal 136
tiempo_en_acabar 136
tiempo_promedio 45.840000
agentes_en_goal 50
bad_good_total_rate_pred [4245,4621,8866,0.5]
push_out_count 154
RUN 17
valores_ideales [30,38,8,22,10,19,36,10,15,15,35,26,32,15,32,22,31,21,38,25,28,3,33,46,42,9,23,22,8,7,17,18,25,23,16,14,27,33,16,20,31,28,17,30,5,15,23,19,2,35]
costo_por_agente [58,50,8,82,10,21,62,10,15,15,37,26,66,15,42,68,31,73,58,85,70,3,33,46,42,9,23,64,8,7,19,18,25,23,16,16,27,33,16,20,87,28,17,78,83,15,75,19,2,71]
completion_time_por_agente [89,77,9,141,11,25,103,10,15,15,41,26,111,15,50,103,31,130,88,142,119,3,33,48,44,9,26,112,12,7,19,18,25,24,16,19,29,34,16,24,133,28,17,148,148,15,136,19,2,96]
tiempo_ultimo_agente_goal 148
tiempo_en_acabar 148
tiempo_promedio 52.220001
agentes_en_goal 50
bad_good_total_rate_pred [5843,5742,11585,0.5]
push_out_count 198
RUN 18
valores_ideales [30,38,8,22,10,19,36,10,15,15,35,26,32,15,32,22,31,21,38,25,28,3,33,46,42,9,23,22,8,7,17,18,25,23,16,14,27,33,16,20,31,28,17,30,5,15,23,19,2,35]
costo_por_agente [46,64,10,28,10,21,68,10,15,15,35,26,66,15,50,50,31,61,76,75,78,3,33,46,42,9,23,78,8,7,19,18,25,25,16,16,27,33,16,20,73,28,17,50,7,15,65,19,2,39]
completion_time_por_agente [72,96,12,31,10,21,107,10,15,15,39,26,119,15,58,75,31,119,112,110,130,3,33,47,45,9,24,130,12,7,19,18,25,33,16,17,28,37,16,20,105,30,17,72,8,15,100,19,2,48]
tiempo_ultimo_agente_goal 130
tiempo_en_acabar 130
tiempo_promedio 43.560001
agentes_en_goal 50
bad_good_total_rate_pred [4272,4448,8720,0.5]
push_out_count 145
RUN 19
valores_ideales [30,38,8,22,10,19,36,10,15,15,35,26,32,15,32,22,31,21,38,25,28,3,33,46,42,9,23,22,8,7,17,18,25,23,16,14,27,33,16,20,31,28,17,30,5,15,23,19,2,35]
costo_por_agente [68,52,8,70,10,21,50,10,15,15,35,26,60,15,48,34,31,61,50,57,36,3,33,48,46,9,23,66,8,9,19,18,25,31,16,18,27,33,16,20,35,28,17,60,57,15,59,21,2,35]
completion_time_por_agente [94,76,9,101,10,21,74,10,15,15,38,26,75,15,65,40,31,96,68,91,40,3,33,59,56,9,24,101,12,10,19,18,25,46,16,19,28,34,16,20,41,28,17,96,99,15,94,26,2,36]
tiempo_ultimo_agente_goal 101
tiempo_en_acabar 101
tiempo_promedio 40.240002
agentes_en_goal 50
bad_good_total_rate_pred [3866,3601,7467,0.5]
push_out_count 104
RUN 20
valores_ideales [30,38,8,22,10,19,36,10,15,15,35,26,32,15,32,22,31,21,38,25,28,3,33,46,42,9,23,22,8,7,17,18,25,23,16,14,27,33,16,20,31,28,17,30,5,15,23,19,2,35]
costo_por_agente [38,64,10,58,10,21,58,10,15,15,45,26,62,15,50,56,31,59,102,67,74,3,33,62,44,9,23,90,8,7,19,18,25,37,16,16,27,33,16,20,43,28,17,84,73,15,77,19,2,95]
completion_time_por_agente [48,92,13,89,10,26,87,10,15,15,62,26,110,15,77,103,31,100,185,111,127,3,33,94,51,9,24,149,12,7,19,18,25,41,16,17,28,33,16,24,68,28,17,112,154,15,126,22,2,171]
tiempo_ultimo_agente_goal 185
tiempo_en_acabar 185
tiempo_promedio 53.720001
agentes_en_goal 50
bad_good_total_rate_pred [6467,5717,12184,0.5]
push_out_count 198
RUN 21
valores_ideales [30,38,8,22,10,19,36,10,15,15,35,26,32,15,32,22,31,21,38,25,28,3,33,46,42,9,23,22,8,7,17,18,25,23,16,14,27,33,16,20,31,28,17,30,5,15,23,19,2,35]
costo_por_agente [76,48,12,30,10,21,74,10,15,15,35,26,80,15,46,54,31,69,52,53,68,3,33,46,42,9,23,52,10,7,19,18,25,39,16,16,27,33,16,20,81,28,17,44,49,15,55,19,2,51]
completion_time_por_agente [113,75,12,30,10,21,114,10,15,15,37,26,114,15,63,87,31,107,79,88,108,3,33,49,45,10,24,82,12,7,19,18,25,53,16,17,28,33,16,24,123,28,17,52,97,15,85,19,2,77]
tiempo_ultimo_agente_goal 123
tiempo_en_acabar 123
tiempo_promedio 43.980000
agentes_en_goal 50
bad_good_total_rate_pred [4688,4344,9032,0.5]
push_out_count 109
RUN 22
valores_ideales [30,38,8,22,10,19,36,10,15,15,35,26,32,15,32,22,31,21,38,25,28,3,33,46,42,9,23,22,8,7,17,18,25,23,16,14,27,33,16,20,31,28,17,30,5,15,23,19,2,35]
costo_por_agente [56,50,8,262,10,25,60,10,15,15,35,26,64,15,38,62,31,41,46,79,248,3,33,46,42,9,23,60,8,7,19,18,25,27,16,18,27,33,16,20,75,28,17,54,233,15,55,19,2,53]
completion_time_por_agente [91,72,9,475,10,27,92,10,16,15,36,26,113,15,41,100,31,51,61,122,465,3,33,49,43,9,24,97,12,7,19,18,25,27,16,19,28,33,16,24,113,28,17,95,464,15,80,19,2,70]
tiempo_ultimo_agente_goal 475
tiempo_en_acabar 475
tiempo_promedio 65.660004
agentes_en_goal 50
bad_good_total_rate_pred [4960,6670,11630,0.6]
push_out_count 383
RUN 23
valores_ideales [30,38,8,22,10,19,36,10,15,15,35,26,32,15,32,22,31,21,38,25,28,3,33,46,42,9,23,22,8,7,17,18,25,23,16,14,27,33,16,20,31,28,17,30,5,15,23,19,2,35]
costo_por_agente [62,38,8,32,10,21,46,10,15,15,35,26,58,15,62,46,31,65,62,53,70,3,33,46,42,9,23,56,10,7,19,18,25,67,16,16,27,33,16,20,41,28,17,34,53,15,65,19,2,51]
completion_time_por_agente [112,45,11,32,11,23,58,10,15,15,36,26,98,15,95,72,31,106,97,68,114,3,33,47,47,9,24,91,12,7,20,18,25,75,16,17,28,33,16,21,52,28,17,44,97,15,112,19,2,74]
tiempo_ultimo_agente_goal 114
tiempo_en_acabar 114
tiempo_promedio 41.840000
agentes_en_goal 50
bad_good_total_rate_pred [4173,3854,8027,0.5]
push_out_count 107
RUN 24
valores_ideales [30,38,8,22,10,19,36,10,15,15,35,26,32,15,32,22,31,21,38,25,28,3,33,46,42,9,23,22,8,7,17,18,25,23,16,14,27,33,16,20,31,28,17,30,5,15,23,19,2,35]
costo_por_agente [48,56,8,36,10,21,52,10,15,15,35,26,50,15,44,54,31,49,42,59,76,3,33,46,42,9,25,46,10,7,19,18,25,23,16,16,27,33,16,20,45,28,17,48,53,15,61,19,2,67]
completion_time_por_agente [62,85,11,42,11,22,84,10,15,15,36,26,75,15,53,80,31,61,50,90,114,3,33,50,48,9,25,78,12,7,19,18,25,24,16,17,28,33,17,24,60,28,17,61,95,15,103,19,2,97]
tiempo_ultimo_agente_goal 114
tiempo_en_acabar 114
tiempo_promedio 39.419998
agentes_en_goal 50
bad_good_total_rate_pred [3805,3671,7476,0.5]
push_out_count 87
RUN 25
valores_ideales [30,38,8,22,10,19,36,10,15,15,35,26,32,15,32,22,31,21,38,25,28,3,33,46,42,9,23,22,8,7,17,18,25,23,16,14,27,33,16,20,31,28,17,30,5,15,23,19,2,35]
costo_por_agente [74,76,8,68,10,21,38,10,15,15,35,26,88,15,40,44,31,99,58,67,94,3,33,46,52,9,25,72,8,7,19,18,25,27,16,16,27,33,16,20,39,28,17,80,83,15,55,19,2,37]
completion_time_por_agente [102,130,11,88,11,22,47,10,15,15,37,26,145,16,48,63,31,153,91,100,130,3,33,50,68,10,25,131,12,7,19,18,25,31,16,17,28,33,16,24,44,28,17,147,139,15,93,21,2,38]
tiempo_ultimo_agente_goal 153
tiempo_en_acabar 153
tiempo_promedio 48.020000
agentes_en_goal 50
bad_good_total_rate_pred [4464,4425,8889,0.5]
push_out_count 161
RUN 26
valores_ideales [30,38,8,22,10,19,36,10,15,15,35,26,32,15,32,22,31,21,38,25,28,3,33,46,42,9,23,22,8,7,17,18,25,23,16,14,27,33,16,20,31,28,17,30,5,15,23,19,2,35]
costo_por_agente [50,40,10,62,10,21,42,10,15,15,37,26,40,15,40,50,31,51,40,51,36,3,33,46,46,9,23,46,10,7,19,18,25,35,16,14,27,33,16,20,31,28,17,54,49,15,55,19,2,35]
completion_time_por_agente [77,42,12,82,10,21,57,10,15,15,43,26,57,16,46,73,31,70,46,69,46,3,33,57,58,9,24,62,12,7,19,18,25,40,16,14,28,33,16,24,35,28,17,82,83,15,83,19,2,38]
tiempo_ultimo_agente_goal 83
tiempo_en_acabar 83
tiempo_promedio 35.279999
agentes_en_goal 50
bad_good_total_rate_pred [3372,3021,6393,0.5]
push_out_count 68
RUN 27
valores_ideales [30,38,8,22,10,19,36,10,15,15,35,26,32,15,32,22,31,21,38,25,28,3,33,46,42,9,23,22,8,7,17,18,25,23,16,14,27,33,16,20,31,28,17,30,5,15,23,19,2,35]
costo_por_agente [58,54,10,48,10,21,60,10,15,15,35,26,56,15,34,62,31,41,44,75,44,3,33,56,42,9,23,70,8,7,19,18,25,25,16,16,27,33,16,20,41,28,17,62,63,15,63,27,2,51]
completion_time_por_agente [87,73,11,51,10,22,95,10,15,15,36,26,88,15,35,96,31,52,66,111,51,3,33,74,42,9,24,110,12,9,19,18,25,26,16,17,28,33,16,24,49,28,17,96,102,15,103,36,2,64]
tiempo_ultimo_agente_goal 111
tiempo_en_acabar 111
tiempo_promedio 40.919998
agentes_en_goal 50
bad_good_total_rate_pred [3950,3823,7773,0.5]
push_out_count 96
RUN 28
valores_ideales [30,38,8,22,10,19,36,10,15,15,35,26,32,15,32,22,31,21,38,25,28,3,33,46,42,9,23,22,8,7,17,18,25,23,16,14,27,33,16,20,31,28,17,30,5,15,23,19,2,35]
costo_por_agente [30,60,8,58,10,35,42,10,15,15,35,26,74,15,80,42,31,55,72,81,40,3,33,46,44,9,23,66,8,7,19,18,25,23,16,18,27,33,16,20,51,28,17,44,55,15,71,29,2,77]
completion_time_por_agente [41,93,9,98,10,52,51,10,15,15,37,26,130,15,138,58,31,104,122,140,49,3,33,48,47,9,26,125,9,7,19,18,25,24,16,19,28,33,16,20,83,28,17,70,95,15,131,41,2,130]
tiempo_ultimo_agente_goal 140
tiempo_en_acabar 140
tiempo_promedio 47.619999
agentes_en_goal 50
bad_good_total_rate_pred [4647,5252,9899,0.5]
push_out_count 171
RUN 29
valores_ideales [30,38,8,22,10,19,36,10,15,15,35,26,32,15,32,22,31,21,38,25,28,3,33,46,42,9,23,22,8,7,17,18,25,23,16,14,27,33,16,20,31,28,17,30,5,15,23,19,2,35]
costo_por_agente [62,58,8,46,10,21,40,10,15,15,35,26,80,15,42,66,31,65,78,75,52,3,33,48,46,9,23,54,10,9,19,18,25,51,16,16,27,47,16,20,43,28,17,34,7,15,73,19,2,55]
completion_time_por_agente [93,91,9,66,10,27,55,10,15,15,36,26,122,15,59,110,31,131,120,117,70,3,33,55,59,9,24,93,12,9,19,18,25,82,16,17,28,65,17,20,60,28,17,45,8,15,118,19,2,75]
tiempo_ultimo_agente_goal 131
tiempo_en_acabar 131
tiempo_promedio 44.380001
agentes_en_goal 50
bad_good_total_rate_pred [4755,4364,9119,0.5]
push_out_count 139
RUN 30
valores_ideales [30,38,8,22,10,19,36,10,15,15,35,26,32,15,32,22,31,21,38,25,28,3,33,46,42,9,23,22,8,7,17,18,25,23,16,14,27,33,16,20,31,28,17,30,5,15,23,19,2,35]
costo_por_agente [84,72,10,48,10,37,76,10,15,15,59,26,68,15,76,80,31,115,98,107,58,3,33,46,42,9,23,96,8,7,19,18,25,23,16,16,27,33,16,20,107,28,17,106,93,15,107,19,2,55]
completion_time_por_agente [149,116,11,72,10,47,133,10,15,15,96,26,99,15,123,141,31,194,181,184,85,3,33,49,45,9,26,183,12,7,19,18,25,24,16,17,28,33,16,20,185,28,17,171,170,15,196,20,2,91]
tiempo_ultimo_agente_goal 196
tiempo_en_acabar 196
tiempo_promedio 64.620003
agentes_en_goal 50
bad_good_total_rate_pred [7323,7896,15219,0.5]
push_out_count 290
RUN 31
valores_ideales [30,38,8,22,10,19,36,10,15,15,35,26,32,15,32,22,31,21,38,25,28,3,33,46,42,9,23,22,8,7,17,18,25,23,16,14,27,33,16,20,31,28,17,30,5,15,23,19,2,35]
costo_por_agente [68,66,8,80,10,21,40,10,15,15,35,26,84,15,34,72,31,99,40,67,108,3,33,50,50,9,23,108,8,7,19,18,25,29,16,16,27,33,16,20,51,28,17,48,73,17,39,19,2,35]
completion_time_por_agente [109,105,10,139,10,21,58,10,15,15,35,26,144,15,42,124,31,160,45,99,183,3,33,69,59,9,24,169,12,7,19,18,25,29,16,17,28,33,17,24,62,28,17,67,110,17,56,21,2,40]
tiempo_ultimo_agente_goal 183
tiempo_en_acabar 183
tiempo_promedio 48.540001
agentes_en_goal 50
bad_good_total_rate_pred [4364,4439,8803,0.5]
push_out_count 165
RUN 32
valores_ideales [30,38,8,22,10,19,36,10,15,15,35,26,32,15,32,22,31,21,38,25,28,3,33,46,42,9,23,22,8,7,17,18,25,23,16,14,27,33,16,20,31,28,17,30,5,15,23,19,2,35]
costo_por_agente [48,44,14,52,12,21,56,10,15,15,41,26,56,15,36,50,31,21,48,51,64,3,33,46,42,9,23,50,10,7,19,18,25,25,16,16,27,33,16,20,31,28,17,52,57,15,63,21,2,39]
completion_time_por_agente [70,52,22,75,15,21,78,10,15,15,45,26,84,16,37,75,31,21,65,81,86,3,33,55,42,9,24,82,12,7,19,18,25,27,16,17,28,33,16,24,32,28,17,76,89,15,92,25,2,43]
tiempo_ultimo_agente_goal 92
tiempo_en_acabar 92
tiempo_promedio 36.980000
agentes_en_goal 50
bad_good_total_rate_pred [3552,3229,6781,0.5]
push_out_count 79
RUN 33
valores_ideales [30,38,8,22,10,19,36,10,15,15,35,26,32,15,32,22,31,21,38,25,28,3,33,46,42,9,23,22,8,7,17,18,25,23,16,14,27,33,16,20,31,28,17,30,5,15,23,19,2,35]
costo_por_agente [62,74,10,92,10,21,54,10,15,15,35,26,78,15,36,36,31,45,68,75,52,3,33,50,42,9,23,76,8,7,19,18,25,27,16,16,27,33,16,20,91,28,17,42,33,15,49,19,2,37]
completion_time_por_agente [94,113,10,131,10,21,75,10,15,15,36,26,127,16,40,42,31,55,104,135,77,3,33,58,47,10,24,116,12,7,19,18,25,29,16,17,28,36,16,24,137,29,17,57,40,15,77,19,2,49]
tiempo_ultimo_agente_goal 137
tiempo_en_acabar 137
tiempo_promedio 43.259998
agentes_en_goal 50
bad_good_total_rate_pred [4296,3982,8278,0.5]
push_out_count 132
RUN 34
valores_ideales [30,38,8,22,10,19,36,10,15,15,35,26,32,15,32,22,31,21,38,25,28,3,33,46,42,9,23,22,8,7,17,18,25,23,16,14,27,33,16,20,31,28,17,30,5,15,23,19,2,35]
costo_por_agente [40,46,10,62,10,21,74,10,15,15,35,26,88,15,34,106,31,95,50,107,84,3,33,50,46,9,23,76,8,7,19,18,25,65,16,16,27,33,16,20,89,28,17,106,95,15,83,19,2,53]
completion_time_por_agente [58,65,14,97,11,21,124,10,15,15,36,26,144,15,34,183,31,174,81,173,153,3,33,62,51,9,24,122,12,7,20,18,25,84,16,17,28,33,16,21,168,28,17,170,168,15,137,20,2,77]
tiempo_ultimo_agente_goal 183
tiempo_en_acabar 183
tiempo_promedio 57.660000
agentes_en_goal 50
bad_good_total_rate_pred [6458,6530,12988,0.5]
push_out_count 204
RUN 35
valores_ideales [30,38,8,22,10,19,36,10,15,15,35,26,32,15,32,22,31,21,38,25,28,3,33,46,42,9,23,22,8,7,17,18,25,23,16,14,27,33,16,20,31,28,17,30,5,15,23,19,2,35]
costo_por_agente [50,44,10,60,10,75,38,10,15,15,35,26,38,15,44,54,31,49,50,69,40,3,33,54,42,9,23,56,8,7,19,18,25,39,16,16,27,33,16,20,31,28,17,62,7,15,63,19,2,53]
completion_time_por_agente [67,54,10,91,10,93,48,10,15,15,40,26,43,15,59,79,31,85,70,97,49,3,33,71,49,9,24,98,12,7,19,18,25,47,16,17,28,33,17,20,34,28,17,101,8,15,76,19,2,65]
tiempo_ultimo_agente_goal 101
tiempo_en_acabar 101
tiempo_promedio 38.360001
agentes_en_goal 50
bad_good_total_rate_pred [4104,3534,7638,0.5]
push_out_count 73
RUN 36
valores_ideales [30,38,8,22,10,19,36,10,15,15,35,26,32,15,32,22,31,21,38,25,28,3,33,46,42,9,23,22,8,7,17,18,25,23,16,14,27,33,16,20,31,28,17,30,5,15,23,19,2,35]
costo_por_agente [52,42,8,46,10,23,48,10,15,15,37,26,66,15,44,50,31,65,44,61,46,3,33,46,44,9,23,56,8,7,19,18,25,27,16,18,27,33,18,20,35,28,17,70,61,15,77,23,2,37]
completion_time_por_agente [82,52,10,70,10,26,67,10,15,15,38,26,104,15,60,73,31,113,54,93,62,3,33,46,51,9,24,96,12,7,19,18,25,27,16,19,28,35,20,24,40,28,17,119,95,15,128,28,2,50]
tiempo_ultimo_agente_goal 128
tiempo_en_acabar 128
tiempo_promedio 41.200001
agentes_en_goal 50
bad_good_total_rate_pred [3879,3657,7536,0.5]
push_out_count 105
RUN 37
valores_ideales [30,38,8,22,10,19,36,10,15,15,35,26,32,15,32,22,31,21,38,25,28,3,33,46,42,9,23,22,8,7,17,18,25,23,16,14,27,33,16,20,31,28,17,30,5,15,23,19,2,35]
costo_por_agente [88,76,8,80,10,21,48,10,15,15,55,26,70,15,34,56,31,75,64,71,82,3,33,46,42,9,23,66,8,9,19,18,25,23,16,18,27,33,16,20,53,28,17,72,61,17,33,19,2,65]
completion_time_por_agente [122,114,9,129,10,22,77,11,15,15,75,26,108,15,35,105,31,150,90,145,142,3,33,47,43,9,26,127,12,10,20,18,25,24,16,19,28,33,17,21,71,28,17,121,105,17,56,19,2,102]
tiempo_ultimo_agente_goal 150
tiempo_en_acabar 150
tiempo_promedio 50.299999
agentes_en_goal 50
bad_good_total_rate_pred [5018,6158,11176,0.6]
push_out_count 188
RUN 38
valores_ideales [30,38,8,22,10,19,36,10,15,15,35,26,32,15,32,22,31,21,38,25,28,3,33,46,42,9,23,22,8,7,17,18,25,23,16,14,27,33,16,20,31,28,17,30,5,15,23,19,2,35]
costo_por_agente [50,78,10,54,10,21,44,10,15,15,35,26,98,15,36,60,31,91,42,77,72,3,33,46,42,9,23,106,10,7,19,18,25,23,16,16,27,33,16,20,85,28,17,36,75,15,93,19,2,47]
completion_time_por_agente [79,119,11,63,11,22,61,10,15,15,37,26,183,15,36,96,31,174,47,106,120,3,33,49,42,9,24,177,12,7,19,18,25,26,16,17,28,35,16,24,144,28,17,45,119,15,164,19,2,66]
tiempo_ultimo_agente_goal 183
tiempo_en_acabar 183
tiempo_promedio 49.520000
agentes_en_goal 50
bad_good_total_rate_pred [4178,5414,9592,0.6]
push_out_count 188
RUN 39
valores_ideales [30,38,8,22,10,19,36,10,15,15,35,26,32,15,32,22,31,21,38,25,28,3,33,46,42,9,23,22,8,7,17,18,25,23,16,14,27,33,16,20,31,28,17,30,5,15,23,19,2,35]
costo_por_agente [32,48,8,74,10,21,42,10,15,15,39,26,38,15,48,54,31,57,54,73,58,3,33,46,44,9,23,60,8,7,19,18,25,33,16,16,27,33,16,20,47,28,17,70,43,15,61,29,2,57]
completion_time_por_agente [36,70,9,126,11,21,49,10,15,15,45,26,48,15,72,92,31,103,78,121,94,3,33,47,50,9,24,100,12,7,19,18,25,39,16,17,28,33,16,24,50,28,17,122,62,15,90,42,2,84]
tiempo_ultimo_agente_goal 126
tiempo_en_acabar 126
tiempo_promedio 42.380001
agentes_en_goal 50
bad_good_total_rate_pred [3625,4431,8056,0.6]
push_out_count 137
