RUN 0
valores_ideales [30,38,8,22,10,19,36,10,15,15,35,26,32,15,32,22,31,21,38,25,28,3,33,46,42,9,23,22,8,7,17,18,25,23,16,14,27,33,16,20,31,28,17,30,5,15,23,19,2,35]
costo_por_agente [42,60,8,76,10,39,48,10,15,15,43,26,42,15,50,70,31,71,58,71,66,3,33,48,42,9,23,72,10,9,19,18,25,59,16,16,27,61,16,20,69,28,17,50,73,15,57,19,2,71]
completion_time_por_agente [76,96,9,106,11,68,74,10,15,15,54,26,62,15,79,130,31,142,91,141,129,3,33,64,59,9,24,135,12,9,21,18,25,108,16,17,28,95,16,24,132,28,17,92,127,15,105,19,2,109]
tiempo_ultimo_agente_goal 142
tiempo_en_acabar 142
tiempo_promedio 54.840000
agentes_en_goal 50
bad_good_total_rate_pred [29085,28061,57146,0.5]
push_out_count 24921
RUN 1
valores_ideales [30,38,8,22,10,19,36,10,15,15,35,26,32,15,32,22,31,21,38,25,28,3,33,46,42,9,23,22,8,7,17,18,25,23,16,14,27,33,16,20,31,28,17,30,5,15,23,19,2,35]
costo_por_agente [70,54,10,50,10,25,46,10,15,15,77,26,76,15,72,70,31,73,84,69,68,3,33,46,42,9,23,40,8,7,19,18,31,27,16,16,27,65,16,20,73,28,17,60,79,15,39,19,2,71]
completion_time_por_agente [127,88,12,83,10,29,72,10,15,15,127,26,135,15,121,134,31,143,135,117,128,3,37,47,42,9,24,60,12,7,20,18,38,30,16,19,28,111,16,21,138,28,17,114,140,15,78,21,2,119]
tiempo_ultimo_agente_goal 143
tiempo_en_acabar 143
tiempo_promedio 56.060001
agentes_en_goal 50
bad_good_total_rate_pred [29233,29917,59150,0.5]
push_out_count 25178
RUN 2
valores_ideales [30,38,8,22,10,19,36,10,15,15,35,26,32,15,32,22,31,21,38,25,28,3,33,46,42,9,23,22,8,7,17,18,25,23,16,14,27,33,16,20,31,28,17,30,5,15,23,19,2,35]
costo_por_agente [92,76,8,88,10,41,98,10,15,15,57,26,50,15,66,42,31,105,48,87,70,3,33,46,42,9,23,90,8,7,19,18,25,81,16,16,27,101,16,20,63,28,17,72,81,15,95,21,2,39]
completion_time_por_agente [147,136,9,158,11,68,172,10,15,15,84,26,86,15,128,51,31,189,74,170,135,3,33,50,43,9,24,173,10,7,21,18,25,153,16,17,27,174,16,22,102,28,17,123,149,15,187,26,2,58]
tiempo_ultimo_agente_goal 189
tiempo_en_acabar 189
tiempo_promedio 65.559998
agentes_en_goal 50
bad_good_total_rate_pred [33232,34901,68133,0.5]
push_out_count 25521
RUN 3
valores_ideales [30,38,8,22,10,19,36,10,15,15,35,26,32,15,32,22,31,21,38,25,28,3,33,46,42,9,23,22,8,7,17,18,25,23,16,14,27,33,16,20,31,28,17,30,5,15,23,19,2,35]
costo_por_agente [110,84,8,134,10,21,58,10,15,15,45,26,114,15,64,126,31,129,118,73,92,3,37,48,54,9,23,104,8,9,19,18,25,103,16,16,27,37,16,20,115,28,17,112,107,15,107,19,2,69]
completion_time_por_agente [216,146,10,277,10,25,117,10,15,15,59,26,239,16,125,240,31,262,213,133,172,3,40,56,90,9,24,216,8,9,21,18,25,174,16,17,27,41,16,20,220,28,17,197,241,15,234,25,2,127]
tiempo_ultimo_agente_goal 277
tiempo_en_acabar 277
tiempo_promedio 85.860001
agentes_en_goal 50
bad_good_total_rate_pred [43314,44327,87641,0.5]
push_out_count 26023
RUN 4
valores_ideales [30,38,8,22,10,19,36,10,15,15,35,26,32,15,32,22,31,21,38,25,28,3,33,46,42,9,23,22,8,7,17,18,25,23,16,14,27,33,16,20,31,28,17,30,5,15,23,19,2,35]
costo_por_agente [38,70,8,90,10,25,84,10,15,15,37,26,82,15,88,60,31,105,68,65,104,3,33,62,44,9,23,94,8,7,19,18,25,97,16,16,29,45,16,20,57,28,17,50,95,15,49,19,2,85]
completion_time_por_agente [56,134,9,162,10,34,141,10,15,15,41,26,143,16,184,102,31,203,130,128,199,3,33,100,50,9,24,198,8,7,21,18,25,166,16,19,34,58,16,22,84,28,17,87,179,15,76,19,2,179]
tiempo_ultimo_agente_goal 203
tiempo_en_acabar 203
tiempo_promedio 66.040001
agentes_en_goal 50
bad_good_total_rate_pred [33026,33901,66927,0.5]
push_out_count 26358
RUN 5
valores_ideales [30,38,8,22,10,19,36,10,15,15,35,26,32,15,32,22,31,21,38,25,28,3,33,46,42,9,23,22,8,7,17,18,25,23,16,14,27,33,16,20,31,28,17,30,5,15,23,19,2,35]
costo_por_agente [82,42,8,82,10,93,52,10,15,15,37,26,46,15,36,90,31,37,42,83,54,3,33,46,42,9,23,70,8,7,19,18,25,67,16,16,27,33,16,20,47,28,17,64,89,15,65,19,2,39]
completion_time_por_agente [153,58,12,168,12,169,75,10,15,15,44,28,87,15,42,170,31,45,53,172,103,3,35,46,44,9,26,123,8,7,22,18,25,128,16,17,28,33,16,20,83,28,17,122,170,15,130,19,2,53]
tiempo_ultimo_agente_goal 172
tiempo_en_acabar 172
tiempo_promedio 54.799999
agentes_en_goal 50
bad_good_total_rate_pred [26891,28342,55233,0.5]
push_out_count 26584
RUN 6
valores_ideales [30,38,8,22,10,19,36,10,15,15,35,26,32,15,32,22,31,21,38,25,28,3,33,46,42,9,23,22,8,7,17,18,25,23,16,14,27,33,16,20,31,28,17,30,5,15,23,19,2,35]
costo_por_agente [64,106,8,116,10,33,88,10,15,15,63,26,106,15,52,100,31,113,72,85,80,3,33,46,48,11,23,104,8,7,19,18,25,81,16,16,27,63,16,22,67,28,17,60,85,15,57,19,2,59]
completion_time_por_agente [124,188,9,217,10,49,154,10,15,15,95,26,205,15,89,195,31,209,124,174,134,3,35,53,68,15,24,205,10,7,21,18,25,156,16,17,28,90,16,24,130,28,17,106,174,15,96,20,2,94]
tiempo_ultimo_agente_goal 217
tiempo_en_acabar 217
tiempo_promedio 72.019997
agentes_en_goal 50
bad_good_total_rate_pred [34153,41660,75813,0.5]
push_out_count 26996
RUN 7
valores_ideales [30,38,8,22,10,19,36,10,15,15,35,26,32,15,32,22,31,21,38,25,28,3,33,46,42,9,23,22,8,7,17,18,25,23,16,14,27,33,16,20,31,28,17,30,5,15,23,19,2,35]
costo_por_agente [58,52,10,64,10,27,56,10,15,15,43,26,66,15,60,68,31,83,52,79,62,3,33,50,42,9,23,64,8,7,19,18,25,69,16,16,31,47,16,20,79,28,17,64,71,15,69,19,2,47]
completion_time_por_agente [106,88,12,137,10,35,90,10,15,15,63,26,118,15,98,129,31,147,88,138,95,3,33,59,52,9,24,113,10,7,21,18,25,117,16,19,38,75,16,22,140,28,17,109,138,15,133,19,2,68]
tiempo_ultimo_agente_goal 147
tiempo_en_acabar 147
tiempo_promedio 56.240002
agentes_en_goal 50
bad_good_total_rate_pred [28221,30201,58422,0.5]
push_out_count 27245
RUN 8
valores_ideales [30,38,8,22,10,19,36,10,15,15,35,26,32,15,32,22,31,21,38,25,28,3,33,46,42,9,23,22,8,7,17,18,25,23,16,14,27,33,16,20,31,28,17,30,5,15,23,19,2,35]
costo_por_agente [60,46,8,46,10,21,64,10,15,15,35,26,58,15,48,68,31,69,74,61,74,3,33,46,42,9,23,62,8,7,19,18,25,49,16,16,27,45,16,20,35,28,17,42,65,15,81,21,2,57]
completion_time_por_agente [108,61,9,67,11,24,114,10,15,15,38,26,115,15,78,134,31,132,129,120,131,3,33,48,45,9,24,116,10,7,20,18,25,87,16,17,27,59,16,22,41,28,17,63,131,15,132,23,3,96]
tiempo_ultimo_agente_goal 134
tiempo_en_acabar 134
tiempo_promedio 50.680000
agentes_en_goal 50
bad_good_total_rate_pred [25431,24433,49864,0.5]
push_out_count 27474
RUN 9
valores_ideales [30,38,8,22,10,19,36,10,15,15,35,26,32,15,32,22,31,21,38,25,28,3,33,46,42,9,23,22,8,7,17,18,25,23,16,14,27,33,16,20,31,28,17,30,5,15,23,19,2,35]
costo_por_agente [76,78,8,50,10,51,82,10,15,15,81,26,86,15,86,22,31,111,68,107,78,3,33,46,42,9,23,108,14,7,19,18,25,131,16,16,27,75,16,20,51,28,17,68,113,15,97,19,2,113]
completion_time_por_agente [152,138,11,88,11,92,148,10,15,15,124,26,167,15,168,24,31,226,103,211,120,3,33,47,46,9,25,221,23,7,21,18,25,240,17,17,28,124,16,20,88,28,17,109,225,15,201,19,2,215]
tiempo_ultimo_agente_goal 240
tiempo_en_acabar 240
tiempo_promedio 75.080002
agentes_en_goal 50
bad_good_total_rate_pred [37076,38481,75557,0.5]
push_out_count 27861
RUN 10
valores_ideales [30,38,8,22,10,19,36,10,15,15,35,26,32,15,32,22,31,21,38,25,28,3,33,46,42,9,23,22,8,7,17,18,25,23,16,14,27,33,16,20,31,28,17,30,5,15,23,19,2,35]
costo_por_agente [42,82,10,90,10,23,36,10,15,15,35,26,44,15,86,56,31,79,76,41,94,3,33,46,42,9,23,36,8,7,19,18,25,43,16,16,33,33,16,20,89,28,17,76,59,17,61,19,2,69]
completion_time_por_agente [69,136,13,140,10,28,44,10,15,15,39,26,69,15,155,90,31,148,126,61,156,3,33,46,43,9,24,54,10,7,21,18,25,61,16,17,40,33,17,22,140,28,17,135,106,18,96,20,2,117]
tiempo_ultimo_agente_goal 156
tiempo_en_acabar 156
tiempo_promedio 51.480000
agentes_en_goal 50
bad_good_total_rate_pred [24947,26738,51685,0.5]
push_out_count 28083
RUN 11
valores_ideales [30,38,8,22,10,19,36,10,15,15,35,26,32,15,32,22,31,21,38,25,28,3,33,46,42,9,23,22,8,7,17,18,25,23,16,14,27,33,16,20,31,28,17,30,5,15,23,19,2,35]
costo_por_agente [102,46,10,148,10,35,118,10,15,15,39,26,60,15,62,112,31,127,48,105,68,3,33,46,42,9,23,100,8,7,19,18,25,99,16,16,27,125,16,20,43,28,17,118,63,15,97,19,2,77]
completion_time_por_agente [199,69,12,230,12,53,213,10,15,15,49,26,100,15,109,204,31,222,73,203,143,3,33,51,50,10,24,207,8,7,21,18,25,199,16,17,28,230,16,20,73,28,17,226,131,15,172,19,2,159]
tiempo_ultimo_agente_goal 230
tiempo_en_acabar 230
tiempo_promedio 76.559998
agentes_en_goal 50
bad_good_total_rate_pred [37427,41414,78841,0.5]
push_out_count 28492
RUN 12
valores_ideales [30,38,8,22,10,19,36,10,15,15,35,26,32,15,32,22,31,21,38,25,28,3,33,46,42,9,23,22,8,7,17,18,25,23,16,14,27,33,16,20,31,28,17,30,5,15,23,19,2,35]
costo_por_agente [56,60,8,98,10,35,40,10,15,15,37,28,50,15,80,58,31,95,44,67,66,3,33,46,42,9,23,90,8,7,19,18,25,105,16,16,27,33,16,20,87,28,17,46,101,15,81,19,2,35]
completion_time_por_agente [108,109,9,160,10,58,49,10,15,15,41,36,99,15,151,110,31,173,60,126,137,3,33,49,44,9,23,187,14,9,21,18,25,200,16,16,28,33,16,20,171,28,17,81,191,15,153,22,2,40]
tiempo_ultimo_agente_goal 200
tiempo_en_acabar 200
tiempo_promedio 60.119999
agentes_en_goal 50
bad_good_total_rate_pred [25147,32110,57257,0.6]
push_out_count 28781
RUN 13
valores_ideales [30,38,8,22,10,19,36,10,15,15,35,26,32,15,32,22,31,21,38,25,28,3,33,46,42,9,23,22,8,7,17,18,25,23,16,14,27,33,16,20,31,28,17,30,5,15,23,19,2,35]
costo_por_agente [72,50,10,82,10,91,38,10,15,15,47,26,84,15,52,86,31,75,78,61,62,3,33,46,42,9,23,76,10,7,17,18,25,39,16,16,27,33,18,22,47,28,17,38,63,15,73,25,2,83]
completion_time_por_agente [146,75,13,153,10,159,47,10,15,15,71,26,155,16,93,153,31,152,139,118,112,3,33,49,43,9,24,130,10,7,17,18,25,65,17,17,28,33,20,24,84,28,17,55,117,16,146,31,2,145]
tiempo_ultimo_agente_goal 159
tiempo_en_acabar 159
tiempo_promedio 58.439999
agentes_en_goal 50
bad_good_total_rate_pred [28806,30131,58937,0.5]
push_out_count 29058
RUN 14
valores_ideales [30,38,8,22,10,19,36,10,15,15,35,26,32,15,32,22,31,21,38,25,28,3,33,46,42,9,23,22,8,7,17,18,25,23,16,14,27,33,16,20,31,28,17,30,5,15,23,19,2,35]
costo_por_agente [88,54,8,58,10,41,84,10,15,15,41,26,80,15,62,74,31,99,46,83,62,3,33,46,60,9,23,68,8,17,17,18,25,27,16,16,27,37,16,20,57,28,17,84,83,15,61,19,2,43]
completion_time_por_agente [161,84,9,80,11,67,157,10,15,15,48,26,151,15,108,145,31,158,74,165,105,3,33,48,82,10,24,137,12,30,17,18,25,39,17,19,28,44,16,20,92,28,17,146,137,15,115,19,2,68]
tiempo_ultimo_agente_goal 165
tiempo_en_acabar 165
tiempo_promedio 57.919998
agentes_en_goal 50
bad_good_total_rate_pred [28494,30178,58672,0.5]
push_out_count 29347
RUN 15
valores_ideales [30,38,8,22,10,19,36,10,15,15,35,26,32,15,32,22,31,21,38,25,28,3,33,46,42,9,23,22,8,7,17,18,25,23,16,14,27,33,16,20,31,28,17,30,5,15,23,19,2,35]
costo_por_agente [74,66,10,64,10,79,40,10,15,15,49,26,60,15,54,74,31,93,68,57,70,3,33,46,42,9,23,68,8,7,19,18,25,71,16,16,27,33,16,20,85,28,17,52,73,15,43,19,2,67]
completion_time_por_agente [140,122,12,75,10,142,55,10,15,15,75,26,95,15,84,140,31,149,114,109,132,3,33,49,45,9,24,134,9,7,21,18,25,132,16,19,28,33,16,20,159,28,17,95,139,15,75,22,2,124]
tiempo_ultimo_agente_goal 159
tiempo_en_acabar 159
tiempo_promedio 57.660000
agentes_en_goal 50
bad_good_total_rate_pred [28706,29581,58287,0.5]
push_out_count 29600
RUN 16
valores_ideales [30,38,8,22,10,19,36,10,15,15,35,26,32,15,32,22,31,21,38,25,28,3,33,46,42,9,23,22,8,7,17,18,25,23,16,14,27,33,16,20,31,28,17,30,5,15,23,19,2,35]
costo_por_agente [70,56,10,84,10,27,86,10,15,15,35,26,82,15,80,82,31,91,50,95,84,3,33,46,42,9,23,60,8,7,17,18,25,97,16,16,29,55,16,26,61,28,17,76,79,15,57,19,2,35]
completion_time_por_agente [125,86,11,163,10,37,151,10,15,15,41,26,153,15,150,144,31,167,79,170,167,3,33,49,47,9,24,114,8,7,17,18,25,170,16,19,33,80,17,35,107,28,17,144,155,15,94,19,2,40]
tiempo_ultimo_agente_goal 170
tiempo_en_acabar 170
tiempo_promedio 62.220001
agentes_en_goal 50
bad_good_total_rate_pred [33164,31049,64213,0.5]
push_out_count 29902
RUN 17
valores_ideales [30,38,8,22,10,19,36,10,15,15,35,26,32,15,32,22,31,21,38,25,28,3,33,46,42,9,23,22,8,7,17,18,25,23,16,14,27,33,16,20,31,28,17,30,5,15,23,19,2,35]
costo_por_agente [62,72,8,48,10,23,42,10,15,15,57,26,40,15,44,58,31,63,54,45,34,3,35,46,42,9,23,46,8,7,17,18,25,23,16,16,27,33,16,22,79,28,17,62,57,15,35,21,2,81]
completion_time_por_agente [106,111,10,71,10,25,66,10,15,15,73,26,64,15,55,108,31,110,83,81,57,3,35,47,44,9,24,84,10,7,17,18,25,25,16,17,29,34,16,25,134,28,17,108,103,15,57,27,2,131]
tiempo_ultimo_agente_goal 134
tiempo_en_acabar 134
tiempo_promedio 44.980000
agentes_en_goal 50
bad_good_total_rate_pred [21673,22906,44579,0.5]
push_out_count 30065
RUN 18
valores_ideales [30,38,8,22,10,19,36,10,15,15,35,26,32,15,32,22,31,21,38,25,28,3,33,46,42,9,23,22,8,7,17,18,25,23,16,14,27,33,16,20,31,28,17,30,5,15,23,19,2,35]
costo_por_agente [68,56,8,54,10,31,58,10,15,15,67,26,100,15,46,60,31,101,82,93,106,3,39,46,42,9,23,86,8,7,17,18,25,29,16,16,27,85,16,32,91,28,17,98,83,15,87,27,2,67]
completion_time_por_agente [149,95,9,67,11,45,104,10,15,15,101,26,186,16,63,97,31,196,145,160,199,3,58,46,43,10,24,182,12,7,18,18,25,45,16,19,28,147,16,47,180,28,17,189,189,15,191,36,2,99]
tiempo_ultimo_agente_goal 199
tiempo_en_acabar 199
tiempo_promedio 69.000000
agentes_en_goal 50
bad_good_total_rate_pred [33839,36829,70668,0.5]
push_out_count 30437
RUN 19
valores_ideales [30,38,8,22,10,19,36,10,15,15,35,26,32,15,32,22,31,21,38,25,28,3,33,46,42,9,23,22,8,7,17,18,25,23,16,14,27,33,16,20,31,28,17,30,5,15,23,19,2,35]
costo_por_agente [52,80,8,90,10,61,50,10,15,15,37,26,38,15,82,88,31,65,60,77,54,3,33,46,42,9,23,98,8,7,17,18,25,71,16,16,27,35,16,22,61,28,17,32,13,15,57,33,2,97]
completion_time_por_agente [69,119,9,170,10,111,80,10,15,15,40,26,46,15,153,171,31,115,102,146,110,3,33,48,44,9,24,176,8,8,19,18,25,137,17,19,28,37,16,24,103,30,17,53,24,15,95,57,2,190]
tiempo_ultimo_agente_goal 190
tiempo_en_acabar 190
tiempo_promedio 56.840000
agentes_en_goal 50
bad_good_total_rate_pred [27418,28862,56280,0.5]
push_out_count 30689
RUN 20
valores_ideales [30,38,8,22,10,19,36,10,15,15,35,26,32,15,32,22,31,21,38,25,28,3,33,46,42,9,23,22,8,7,17,18,25,23,16,14,27,33,16,20,31,28,17,30,5,15,23,19,2,35]
costo_por_agente [62,52,8,66,10,21,64,10,15,15,35,26,78,15,70,48,31,75,56,61,56,3,33,46,42,9,23,68,8,7,19,18,25,53,16,16,29,45,16,20,59,28,17,72,71,15,59,21,2,57]
completion_time_por_agente [115,88,9,122,10,22,112,10,15,15,38,26,133,15,119,70,31,131,88,115,116,3,33,48,49,9,24,128,10,7,20,18,25,61,16,19,35,65,16,21,105,28,17,128,120,15,121,26,2,91]
tiempo_ultimo_agente_goal 133
tiempo_en_acabar 133
tiempo_promedio 53.200001
agentes_en_goal 50
bad_good_total_rate_pred [26360,28707,55067,0.5]
push_out_count 30934
RUN 21
valores_ideales [30,38,8,22,10,19,36,10,15,15,35,26,32,15,32,22,31,21,38,25,28,3,33,46,42,9,23,22,8,7,17,18,25,23,16,14,27,33,16,20,31,28,17,30,5,15,23,19,2,35]
costo_por_agente [46,72,8,38,10,21,52,10,15,15,35,26,80,15,54,84,31,71,46,69,64,3,33,46,46,9,23,70,8,7,19,18,27,73,16,16,27,69,16,20,69,28,17,46,79,15,85,23,2,83]
completion_time_por_agente [73,140,10,45,10,28,66,10,15,15,39,26,144,15,89,158,31,130,76,130,111,3,33,54,72,10,24,128,8,7,21,18,29,118,16,19,27,109,16,22,133,28,17,71,147,15,146,31,2,152]
tiempo_ultimo_agente_goal 158
tiempo_en_acabar 158
tiempo_promedio 56.740002
agentes_en_goal 50
bad_good_total_rate_pred [27722,29694,57416,0.5]
push_out_count 31183
RUN 22
valores_ideales [30,38,8,22,10,19,36,10,15,15,35,26,32,15,32,22,31,21,38,25,28,3,33,46,42,9,23,22,8,7,17,18,25,23,16,14,27,33,16,20,31,28,17,30,5,15,23,19,2,35]
costo_por_agente [66,58,10,46,10,21,84,10,15,15,41,26,62,15,88,84,31,61,62,87,80,3,33,46,42,9,23,98,8,7,19,18,25,55,16,16,31,33,16,20,77,28,17,66,83,15,41,23,2,71]
completion_time_por_agente [121,87,12,67,10,29,154,10,15,15,56,26,117,15,164,170,31,122,92,167,157,3,33,49,48,9,24,173,12,7,20,18,25,88,16,17,37,33,16,25,131,28,17,114,154,15,69,31,2,121]
tiempo_ultimo_agente_goal 173
tiempo_en_acabar 173
tiempo_promedio 59.439999
agentes_en_goal 50
bad_good_total_rate_pred [30972,28425,59397,0.5]
push_out_count 31446
RUN 23
valores_ideales [30,38,8,22,10,19,36,10,15,15,35,26,32,15,32,22,31,21,38,25,28,3,33,46,42,9,23,22,8,7,17,18,25,23,16,14,27,33,16,20,31,28,17,30,5,15,23,19,2,35]
costo_por_agente [80,94,10,102,10,25,42,10,15,15,37,26,90,15,46,30,31,93,72,89,56,3,33,50,46,9,23,88,8,7,19,18,25,103,16,16,27,35,16,22,71,28,17,70,103,15,75,19,2,65]
completion_time_por_agente [145,175,11,179,10,30,64,10,15,15,46,26,164,15,75,42,31,186,104,149,92,3,33,72,59,9,24,155,8,7,21,18,25,197,16,17,28,44,16,24,121,28,17,127,190,15,140,19,2,110]
tiempo_ultimo_agente_goal 197
tiempo_en_acabar 197
tiempo_promedio 62.580002
agentes_en_goal 50
bad_good_total_rate_pred [30032,32615,62647,0.5]
push_out_count 31769
RUN 24
valores_ideales [30,38,8,22,10,19,36,10,15,15,35,26,32,15,32,22,31,21,38,25,28,3,33,46,42,9,23,22,8,7,17,18,25,23,16,14,27,33,16,20,31,28,17,30,5,15,23,19,2,35]
costo_por_agente [68,50,10,60,10,51,42,10,15,15,65,26,78,15,74,56,31,77,86,57,68,3,33,46,42,9,23,72,8,7,19,18,25,41,16,16,27,69,16,20,49,28,17,54,45,15,33,19,2,77]
completion_time_por_agente [106,84,12,114,10,75,59,10,19,15,107,26,126,15,126,97,31,123,148,102,130,3,33,51,48,9,24,142,8,8,20,18,25,55,16,17,28,109,16,21,73,28,17,81,109,16,47,22,2,125]
tiempo_ultimo_agente_goal 148
tiempo_en_acabar 148
tiempo_promedio 54.119999
agentes_en_goal 50
bad_good_total_rate_pred [30215,26724,56939,0.5]
push_out_count 31987
RUN 25
valores_ideales [30,38,8,22,10,19,36,10,15,15,35,26,32,15,32,22,31,21,38,25,28,3,33,46,42,9,23,22,8,7,17,18,25,23,16,14,27,33,16,20,31,28,17,30,5,15,23,19,2,35]
costo_por_agente [70,48,8,34,10,31,58,10,15,15,39,26,64,15,68,46,31,75,38,73,42,3,33,46,42,9,23,78,8,7,17,18,25,69,16,16,29,33,16,28,81,28,17,66,37,15,69,21,2,59]
completion_time_por_agente [129,74,9,48,11,50,94,10,15,15,47,26,106,15,129,80,31,135,50,131,63,3,33,49,45,12,24,137,10,7,17,18,25,111,16,17,33,33,16,36,155,28,17,113,71,15,122,26,2,99]
tiempo_ultimo_agente_goal 155
tiempo_en_acabar 155
tiempo_promedio 51.160000
agentes_en_goal 50
bad_good_total_rate_pred [25688,25113,50801,0.5]
push_out_count 32203
RUN 26
valores_ideales [30,38,8,22,10,19,36,10,15,15,35,26,32,15,32,22,31,21,38,25,28,3,33,46,42,9,23,22,8,7,17,18,25,23,16,14,27,33,16,20,31,28,17,30,5,15,23,19,2,35]
costo_por_agente [66,62,8,80,10,27,38,10,15,15,57,26,68,15,60,72,31,75,66,73,68,3,33,50,50,9,23,80,10,7,19,18,25,71,16,16,27,33,16,20,57,28,17,68,83,15,69,19,2,41]
completion_time_por_agente [128,102,9,147,10,38,52,10,15,15,96,26,115,15,101,142,31,151,115,140,129,3,33,72,72,9,24,147,10,7,22,18,25,134,16,17,29,33,16,20,95,28,17,127,148,15,119,22,2,67]
tiempo_ultimo_agente_goal 151
tiempo_en_acabar 151
tiempo_promedio 58.680000
agentes_en_goal 50
bad_good_total_rate_pred [31022,29190,60212,0.5]
push_out_count 32464
RUN 27
valores_ideales [30,38,8,22,10,19,36,10,15,15,35,26,32,15,32,22,31,21,38,25,28,3,33,46,42,9,23,22,8,7,17,18,25,23,16,14,27,33,16,20,31,28,17,30,5,15,23,19,2,35]
costo_por_agente [126,120,8,54,10,23,78,10,15,15,77,26,96,15,104,88,31,99,114,89,92,3,33,46,42,9,23,106,8,7,29,18,25,105,16,16,27,95,16,26,73,28,17,80,117,15,65,19,2,61]
completion_time_por_agente [229,214,10,70,10,32,150,10,15,15,135,26,188,15,196,154,31,185,209,171,184,3,33,48,42,9,24,211,12,7,38,18,25,198,16,19,28,159,16,35,126,28,17,146,209,15,106,21,2,88]
tiempo_ultimo_agente_goal 229
tiempo_en_acabar 229
tiempo_promedio 78.959999
agentes_en_goal 50
bad_good_total_rate_pred [39300,44475,83775,0.5]
push_out_count 32916
RUN 28
valores_ideales [30,38,8,22,10,19,36,10,15,15,35,26,32,15,32,22,31,21,38,25,28,3,33,46,42,9,23,22,8,7,17,18,25,23,16,14,27,33,16,20,31,28,17,30,5,15,23,19,2,35]
costo_por_agente [56,70,10,50,10,29,58,10,15,15,69,26,56,17,68,80,31,41,42,83,88,3,33,50,50,9,23,34,8,7,21,18,25,89,16,16,27,57,16,20,85,28,17,52,61,15,71,19,2,65]
completion_time_por_agente [102,117,10,97,10,37,97,10,15,15,117,26,98,23,118,143,31,64,59,147,155,3,33,57,76,9,24,53,8,7,26,18,25,155,16,17,28,91,16,20,147,28,17,83,127,15,135,19,2,106]
tiempo_ultimo_agente_goal 155
tiempo_en_acabar 155
tiempo_promedio 57.040001
agentes_en_goal 50
bad_good_total_rate_pred [30137,31724,61861,0.5]
push_out_count 33196
RUN 29
valores_ideales [30,38,8,22,10,19,36,10,15,15,35,26,32,15,32,22,31,21,38,25,28,3,33,46,42,9,23,22,8,7,17,18,25,23,16,14,27,33,16,20,31,28,17,30,5,15,23,19,2,35]
costo_por_agente [86,140,8,104,10,21,76,10,15,15,49,26,94,15,44,114,31,133,76,139,88,3,93,46,44,9,23,126,8,7,19,18,25,27,16,16,27,33,16,20,83,28,17,152,119,15,117,19,2,47]
completion_time_por_agente [155,272,9,194,11,21,147,10,15,16,69,26,170,15,56,246,31,272,141,270,178,3,167,49,51,10,24,250,12,7,21,18,25,39,16,19,29,34,16,24,148,28,17,273,262,15,229,19,2,67]
tiempo_ultimo_agente_goal 273
tiempo_en_acabar 273
tiempo_promedio 83.959999
agentes_en_goal 50
bad_good_total_rate_pred [39224,45589,84813,0.5]
push_out_count 33654
RUN 30
valores_ideales [30,38,8,22,10,19,36,10,15,15,35,26,32,15,32,22,31,21,38,25,28,3,33,46,42,9,23,22,8,7,17,18,25,23,16,14,27,33,16,20,31,28,17,30,5,15,23,19,2,35]
costo_por_agente [104,42,8,92,10,45,66,10,15,15,47,28,64,15,104,62,31,69,52,67,92,3,33,46,42,9,23,70,10,9,19,18,25,83,16,16,27,37,16,20,63,28,17,58,77,15,51,19,2,39]
completion_time_por_agente [189,58,9,135,10,84,96,10,15,15,66,31,115,15,192,123,31,144,78,123,188,3,34,49,44,9,23,141,14,9,22,18,25,157,16,17,28,47,17,20,117,28,17,96,171,15,85,19,2,48]
tiempo_ultimo_agente_goal 192
tiempo_en_acabar 192
tiempo_promedio 60.360001
agentes_en_goal 50
bad_good_total_rate_pred [28621,32226,60847,0.5]
push_out_count 33937
RUN 31
valores_ideales [30,38,8,22,10,19,36,10,15,15,35,26,32,15,32,22,31,21,38,25,28,3,33,46,42,9,23,22,8,7,17,18,25,23,16,14,27,33,16,20,31,28,17,30,5,15,23,19,2,35]
costo_por_agente [62,76,8,72,10,35,60,10,15,15,89,26,48,15,44,24,31,63,76,65,50,3,33,46,44,9,23,66,8,7,19,18,25,31,16,16,27,45,16,20,59,28,17,68,7,15,43,19,2,51]
completion_time_por_agente [111,122,9,133,10,57,100,10,15,15,152,26,77,15,59,27,31,104,131,128,77,3,33,49,48,9,24,116,8,7,21,18,25,46,16,19,28,61,16,24,108,28,17,121,8,15,74,21,2,74]
tiempo_ultimo_agente_goal 152
tiempo_en_acabar 152
tiempo_promedio 48.959999
agentes_en_goal 50
bad_good_total_rate_pred [25144,24822,49966,0.5]
push_out_count 34155
RUN 32
valores_ideales [30,38,8,22,10,19,36,10,15,15,35,26,32,15,32,22,31,21,38,25,28,3,33,46,42,9,23,22,8,7,17,18,25,23,16,14,27,33,16,20,31,28,17,30,5,15,23,19,2,35]
costo_por_agente [66,40,10,96,10,27,38,10,15,15,37,26,76,15,44,62,31,61,48,51,52,3,33,50,42,9,23,60,8,7,19,18,25,33,16,16,45,47,16,20,73,28,17,46,57,15,63,19,2,51]
completion_time_por_agente [128,49,12,147,10,37,41,10,15,15,38,26,131,15,55,111,31,125,63,103,82,3,33,59,44,11,24,107,10,7,19,18,25,53,16,19,65,58,16,22,125,28,17,66,118,15,116,19,2,79]
tiempo_ultimo_agente_goal 147
tiempo_en_acabar 147
tiempo_promedio 48.759998
agentes_en_goal 50
bad_good_total_rate_pred [24420,24812,49232,0.5]
push_out_count 34355
RUN 33
valores_ideales [30,38,8,22,10,19,36,10,15,15,35,26,32,15,32,22,31,21,38,25,28,3,33,46,42,9,23,22,8,7,17,18,25,23,16,14,27,33,16,20,31,28,17,30,5,15,23,19,2,35]
costo_por_agente [68,62,8,46,10,21,56,10,15,15,43,26,42,15,56,46,31,77,88,75,66,3,33,46,42,9,23,74,8,7,19,18,25,73,16,16,27,45,16,20,71,28,17,74,63,15,69,19,2,45]
completion_time_por_agente [115,106,9,70,11,27,98,10,15,15,65,26,64,15,99,81,31,139,132,141,112,3,34,56,45,9,24,138,13,7,21,18,25,135,16,17,29,72,16,22,124,28,17,134,122,15,121,19,2,81]
tiempo_ultimo_agente_goal 141
tiempo_en_acabar 141
tiempo_promedio 54.880001
agentes_en_goal 50
bad_good_total_rate_pred [27220,28883,56103,0.5]
push_out_count 34572
RUN 34
valores_ideales [30,38,8,22,10,19,36,10,15,15,35,26,32,15,32,22,31,21,38,25,28,3,33,46,42,9,23,22,8,7,17,18,25,23,16,14,27,33,16,20,31,28,17,30,5,15,23,19,2,35]
costo_por_agente [72,56,8,24,10,27,62,10,15,15,47,26,72,15,62,74,31,79,50,69,66,3,33,46,42,9,23,74,10,7,19,18,25,67,16,16,27,33,16,20,63,28,17,52,79,15,71,21,2,63]
completion_time_por_agente [131,89,9,24,10,41,114,10,15,15,67,26,123,15,114,139,31,147,81,121,124,3,34,49,42,9,24,139,10,7,21,18,25,132,16,17,27,33,16,22,110,28,17,82,135,15,130,22,2,98]
tiempo_ultimo_agente_goal 147
tiempo_en_acabar 147
tiempo_promedio 54.580002
agentes_en_goal 50
bad_good_total_rate_pred [26721,28818,55539,0.5]
push_out_count 34797
RUN 35
valores_ideales [30,38,8,22,10,19,36,10,15,15,35,26,32,15,32,22,31,21,38,25,28,3,33,46,42,9,23,22,8,7,17,18,25,23,16,14,27,33,16,20,31,28,17,30,5,15,23,19,2,35]
costo_por_agente [44,56,10,76,10,21,58,10,15,15,43,38,40,15,56,54,31,39,68,71,46,3,35,46,42,9,23,58,10,7,19,18,25,77,16,16,27,71,16,20,77,28,17,42,59,15,53,19,2,39]
completion_time_por_agente [81,92,12,129,14,24,88,10,15,15,58,55,71,15,96,102,31,68,115,136,78,3,41,48,45,9,23,99,12,7,22,18,25,146,16,17,28,119,17,20,135,28,17,54,122,15,118,19,2,63]
tiempo_ultimo_agente_goal 146
tiempo_en_acabar 146
tiempo_promedio 51.860001
agentes_en_goal 50
bad_good_total_rate_pred [28992,25560,54552,0.5]
push_out_count 35019
RUN 36
valores_ideales [30,38,8,22,10,19,36,10,15,15,35,26,32,15,32,22,31,21,38,25,28,3,33,46,42,9,23,22,8,7,17,18,25,23,16,14,27,33,16,20,31,28,17,30,5,15,23,19,2,35]
costo_por_agente [72,100,10,84,12,25,52,10,15,15,89,26,88,15,68,46,31,61,60,73,68,3,33,46,42,9,23,78,8,7,17,18,25,51,16,16,27,35,16,24,45,28,17,60,83,15,87,21,2,61]
completion_time_por_agente [149,174,12,136,12,30,74,10,15,15,162,26,155,16,107,87,31,97,107,147,141,3,33,51,47,9,24,154,12,7,18,18,25,84,16,19,28,40,16,31,63,28,17,127,153,15,165,26,2,105]
tiempo_ultimo_agente_goal 174
tiempo_en_acabar 174
tiempo_promedio 60.779999
agentes_en_goal 50
bad_good_total_rate_pred [29703,31598,61301,0.5]
push_out_count 35293
RUN 37
valores_ideales [30,38,8,22,10,19,36,10,15,15,35,26,32,15,32,22,31,21,38,25,28,3,33,46,42,9,23,22,8,7,17,18,25,23,16,14,27,33,16,20,31,28,17,30,5,15,23,19,2,35]
costo_por_agente [50,48,10,90,10,125,106,10,15,15,49,26,92,15,106,72,31,109,54,69,110,3,43,46,42,9,23,120,8,7,19,18,25,45,16,16,27,37,16,20,111,28,17,86,105,15,109,27,2,121]
completion_time_por_agente [77,64,11,186,10,226,201,10,15,15,60,26,173,15,223,141,31,204,94,137,222,3,52,50,46,9,24,223,10,7,21,18,25,72,16,17,27,44,16,22,202,28,17,149,219,15,213,38,2,229]
tiempo_ultimo_agente_goal 229
tiempo_en_acabar 229
tiempo_promedio 79.099998
agentes_en_goal 50
bad_good_total_rate_pred [36567,43384,79951,0.5]
push_out_count 35716
RUN 38
valores_ideales [30,38,8,22,10,19,36,10,15,15,35,26,32,15,32,22,31,21,38,25,28,3,33,46,42,9,23,22,8,7,17,18,25,23,16,14,27,33,16,20,31,28,17,30,5,15,23,19,2,35]
costo_por_agente [82,116,10,98,10,97,50,10,15,15,103,26,72,15,82,86,31,91,108,87,78,3,35,48,44,9,23,104,8,7,19,18,25,99,16,16,27,59,16,20,57,28,17,74,103,15,61,19,2,89]
completion_time_por_agente [156,217,12,180,10,172,89,10,15,15,176,29,124,16,152,152,31,182,193,160,126,3,42,55,51,9,23,202,12,7,21,18,25,208,16,19,28,93,16,24,96,28,17,141,183,15,99,19,2,174]
tiempo_ultimo_agente_goal 217
tiempo_en_acabar 217
tiempo_promedio 77.260002
agentes_en_goal 50
bad_good_total_rate_pred [44947,36537,81484,0.4]
push_out_count 36091
RUN 39
valores_ideales [30,38,8,22,10,19,36,10,15,15,35,26,32,15,32,22,31,21,38,25,28,3,33,46,42,9,23,22,8,7,17,18,25,23,16,14,27,33,16,20,31,28,17,30,5,15,23,19,2,35]
costo_por_agente [54,42,8,54,10,27,44,10,15,15,57,26,66,15,50,64,31,49,56,63,96,3,35,46,42,9,23,60,8,7,19,18,25,41,16,16,31,33,16,20,77,28,17,52,87,15,61,19,2,63]
completion_time_por_agente [81,53,9,87,11,42,63,10,15,15,101,26,124,15,79,115,31,63,92,107,179,3,37,48,46,9,26,103,8,7,21,18,25,69,16,17,38,34,16,20,138,28,17,87,165,15,106,19,2,99]
tiempo_ultimo_agente_goal 179
tiempo_en_acabar 179
tiempo_promedio 51.099998
agentes_en_goal 50
bad_good_total_rate_pred [26082,25592,51674,0.5]
push_out_count 36318
