RUN 0
valores_ideales [0,0,0,0,0,0,0,0,0,0,0,0,0,0,0,0,0,0,0,0,0,0,0,0,0,0,0,0,0,0,0,0,0,0,0,0,0,0,0,0,0,0,0,0,0,0,0,0,0,0,0,0,0,0,0,0,0,0,0,0,0,0,0,0,0,0,0,0,0,0,0,0,0,0,0,0,0,0,0,0,0,0,0,0,0,0,0,0,0,0,0,0,0,0,0,0,0,0,0,0,0,0,0,0,0,0,0,0,0,0,0,0,0,0,0,0,0,0,0,0,0,0,0,0,0,0,0,0,0,0,0,0,0,0,0,0,0,0,0,0]
costo_por_agente [19,53,221,65,12,283,9,21,10,18,7,92,23,26,30,37,316,70,19,35,191,3,13,545,267,54,35,385,25,58,39,5,23,27,397,9,4,9,269,28,27,24,508,84,95,10,7,19,20,17,38,26,21,6,268,193,133,694,6,494,354,47,437,50,44,30,77,26,22,21,145,51,69,36,20,41,13,2,46,17,34,242,25,7,35,19,7,10,246,26,262,73,34,26,51,117,48,30,311,17,18,108,68,249,12,12,125,12,28,401,5,67,14,10,19,31,56,24,36,23,12,6,258,24,60,22,144,25,13,31,62,39,12,26,403,30,23,324,24,136]
completion_time_por_agente [22,56,222,66,14,284,11,23,11,19,8,93,24,27,32,44,318,72,20,37,192,4,15,547,268,55,36,387,26,59,43,6,24,33,400,10,5,10,271,29,28,25,509,89,96,11,8,20,21,18,43,27,22,8,270,195,137,701,7,495,356,49,440,52,50,31,79,27,23,22,146,54,72,37,21,42,14,3,52,18,35,244,26,8,39,20,8,11,248,27,264,78,35,27,54,118,53,32,313,18,20,109,70,251,13,13,126,14,29,403,6,74,15,12,20,32,58,25,39,24,13,7,259,25,61,23,146,26,14,32,65,41,14,27,404,32,24,326,26,138]
tiempo_ultimo_agente_goal 701
tiempo_en_acabar 701
tiempo_promedio 91.821426
agentes_en_goal 140
push_out_count 0
RUN 1
valores_ideales [0,0,0,0,0,0,0,0,0,0,0,0,0,0,0,0,0,0,0,0,0,0,0,0,0,0,0,0,0,0,0,0,0,0,0,0,0,0,0,0,0,0,0,0,0,0,0,0,0,0,0,0,0,0,0,0,0,0,0,0,0,0,0,0,0,0,0,0,0,0,0,0,0,0,0,0,0,0,0,0,0,0,0,0,0,0,0,0,0,0,0,0,0,0,0,0,0,0,0,0,0,0,0,0,0,0,0,0,0,0,0,0,0,0,0,0,0,0,0,0,0,0,0,0,0,0,0,0,0,0,0,0,0,0,0,0,0,0,0,0]
costo_por_agente [25,89,147,53,26,275,13,15,10,16,7,126,25,30,18,31,312,42,21,43,89,3,19,43,405,44,27,285,25,462,47,5,21,29,525,7,4,9,109,28,27,18,52,234,81,10,9,19,20,19,62,26,9,6,170,393,99,54,8,410,292,49,341,48,304,28,103,26,22,21,171,69,87,32,18,35,15,2,112,15,34,304,23,7,47,15,7,14,352,20,176,67,34,26,41,137,64,28,325,17,24,240,66,435,12,12,49,16,28,173,5,85,14,12,19,31,60,20,28,19,10,6,380,28,52,20,86,31,13,31,26,333,10,20,363,84,25,132,20,190]
completion_time_por_agente [26,93,149,55,27,277,15,16,11,17,8,128,26,31,19,32,313,51,22,50,91,4,20,48,406,51,28,288,26,465,50,6,24,36,526,8,5,10,110,29,28,20,53,235,85,11,10,21,21,21,64,27,11,7,172,394,103,60,9,411,293,51,342,49,310,29,105,28,23,22,172,73,88,33,19,40,16,3,114,16,35,305,24,8,48,17,8,15,354,21,178,70,35,27,47,138,66,29,326,18,25,241,68,436,13,13,53,17,29,175,6,88,15,14,20,32,63,21,29,20,11,7,382,29,53,21,89,32,14,32,27,335,12,22,364,85,26,134,21,191]
tiempo_ultimo_agente_goal 526
tiempo_en_acabar 526
tiempo_promedio 87.285713
agentes_en_goal 140
push_out_count 0
RUN 2
valores_ideales [0,0,0,0,0,0,0,0,0,0,0,0,0,0,0,0,0,0,0,0,0,0,0,0,0,0,0,0,0,0,0,0,0,0,0,0,0,0,0,0,0,0,0,0,0,0,0,0,0,0,0,0,0,0,0,0,0,0,0,0,0,0,0,0,0,0,0,0,0,0,0,0,0,0,0,0,0,0,0,0,0,0,0,0,0,0,0,0,0,0,0,0,0,0,0,0,0,0,0,0,0,0,0,0,0,0,0,0,0,0,0,0,0,0,0,0,0,0,0,0,0,0,0,0,0,0,0,0,0,0,0,0,0,0,0,0,0,0,0,0]
costo_por_agente [25,47,453,85,18,217,11,27,10,18,7,98,27,20,24,47,300,28,35,27,107,3,11,47,247,36,27,451,25,72,359,5,33,57,507,7,4,9,217,28,29,18,50,270,121,10,7,17,20,17,44,26,15,8,520,365,107,390,4,312,228,57,227,50,40,26,65,30,22,19,215,43,135,24,24,35,19,2,84,15,34,172,23,7,67,13,9,10,276,20,408,41,34,26,55,79,48,28,445,21,20,440,104,401,14,14,89,16,20,317,5,49,16,14,19,31,34,24,26,27,14,22,386,24,96,26,160,25,11,31,56,51,18,28,477,32,31,114,20,132]
completion_time_por_agente [26,54,454,86,20,218,13,28,11,19,8,100,28,22,25,52,303,34,36,29,108,4,12,51,249,40,28,452,26,74,364,6,36,60,509,8,5,10,221,29,30,19,51,273,123,11,8,18,21,18,50,27,17,10,522,367,108,392,5,314,230,60,229,51,42,27,67,31,23,20,216,47,136,29,25,38,20,3,87,17,35,173,24,8,75,14,10,11,277,21,410,43,35,27,59,81,52,30,446,22,22,442,105,402,15,15,90,17,21,318,6,53,17,16,20,32,38,25,28,28,15,27,388,25,98,27,165,26,12,32,58,52,19,31,478,37,32,115,21,135]
tiempo_ultimo_agente_goal 522
tiempo_en_acabar 522
tiempo_promedio 92.828575
agentes_en_goal 140
push_out_count 0
RUN 3
valores_ideales [0,0,0,0,0,0,0,0,0,0,0,0,0,0,0,0,0,0,0,0,0,0,0,0,0,0,0,0,0,0,0,0,0,0,0,0,0,0,0,0,0,0,0,0,0,0,0,0,0,0,0,0,0,0,0,0,0,0,0,0,0,0,0,0,0,0,0,0,0,0,0,0,0,0,0,0,0,0,0,0,0,0,0,0,0,0,0,0,0,0,0,0,0,0,0,0,0,0,0,0,0,0,0,0,0,0,0,0,0,0,0,0,0,0,0,0,0,0,0,0,0,0,0,0,0,0,0,0,0,0,0,0,0,0,0,0,0,0,0,0]
costo_por_agente [17,39,139,63,24,271,11,27,14,18,9,106,23,20,18,37,248,30,19,59,59,3,11,43,259,52,35,195,29,62,465,11,31,27,471,9,4,11,197,28,161,18,502,290,53,12,11,27,20,17,64,26,15,6,286,319,77,536,4,476,384,47,307,34,256,28,81,24,22,19,69,35,119,52,24,29,13,2,110,15,36,106,23,7,37,15,9,14,208,20,286,63,34,26,63,91,76,28,263,17,20,314,58,333,16,12,91,16,16,317,5,63,22,8,25,33,46,18,28,29,12,12,168,26,64,28,102,25,11,31,34,41,10,20,485,92,23,192,20,48]
completion_time_por_agente [18,42,140,65,25,274,12,28,15,19,10,107,24,22,19,42,252,31,20,61,61,4,12,44,262,55,36,196,30,65,469,13,34,29,477,10,5,12,200,29,166,19,503,291,57,13,12,29,21,18,65,27,17,7,287,322,81,544,5,478,387,50,309,35,261,29,84,26,23,20,70,40,120,53,25,36,14,3,113,16,38,107,24,8,42,16,10,15,209,21,287,64,35,27,70,93,78,29,264,18,21,315,60,334,17,13,92,17,17,319,6,65,23,9,26,34,49,19,29,30,13,13,170,27,65,29,103,26,12,32,40,43,11,21,487,94,24,193,21,51]
tiempo_ultimo_agente_goal 544
tiempo_en_acabar 544
tiempo_promedio 88.357140
agentes_en_goal 140
push_out_count 0
RUN 4
valores_ideales [0,0,0,0,0,0,0,0,0,0,0,0,0,0,0,0,0,0,0,0,0,0,0,0,0,0,0,0,0,0,0,0,0,0,0,0,0,0,0,0,0,0,0,0,0,0,0,0,0,0,0,0,0,0,0,0,0,0,0,0,0,0,0,0,0,0,0,0,0,0,0,0,0,0,0,0,0,0,0,0,0,0,0,0,0,0,0,0,0,0,0,0,0,0,0,0,0,0,0,0,0,0,0,0,0,0,0,0,0,0,0,0,0,0,0,0,0,0,0,0,0,0,0,0,0,0,0,0,0,0,0,0,0,0,0,0,0,0,0,0]
costo_por_agente [39,43,147,41,16,337,19,19,10,18,9,134,21,32,20,35,170,62,19,63,183,3,11,645,269,58,29,141,27,482,579,7,43,49,421,9,4,11,225,28,37,18,604,236,49,10,11,25,20,19,70,26,15,6,330,117,123,488,4,358,296,53,327,48,42,32,63,20,22,19,167,49,199,34,18,27,17,2,38,19,34,250,23,7,55,19,7,22,264,18,234,71,34,28,47,71,80,28,285,27,24,452,86,367,10,12,103,14,22,397,5,59,16,12,19,31,82,18,24,21,12,6,182,34,64,22,176,27,13,31,44,417,10,18,271,28,27,62,20,82]
completion_time_por_agente [40,48,148,46,18,338,21,20,11,19,10,135,22,34,21,38,171,65,20,66,185,4,12,646,270,66,30,142,28,483,580,8,46,54,423,10,5,12,228,29,38,19,606,237,54,11,12,26,21,21,73,27,17,7,333,118,124,490,5,359,298,54,328,49,45,33,65,21,23,20,170,51,202,36,19,32,18,3,42,20,35,251,24,8,59,20,8,23,265,19,236,73,35,29,55,75,83,29,286,28,26,453,87,369,11,13,105,16,23,398,6,61,17,14,20,32,85,19,25,22,13,7,184,35,66,23,178,28,14,32,45,418,12,19,272,31,28,64,21,84]
tiempo_ultimo_agente_goal 646
tiempo_en_acabar 646
tiempo_promedio 97.828575
agentes_en_goal 140
push_out_count 0
RUN 5
valores_ideales [0,0,0,0,0,0,0,0,0,0,0,0,0,0,0,0,0,0,0,0,0,0,0,0,0,0,0,0,0,0,0,0,0,0,0,0,0,0,0,0,0,0,0,0,0,0,0,0,0,0,0,0,0,0,0,0,0,0,0,0,0,0,0,0,0,0,0,0,0,0,0,0,0,0,0,0,0,0,0,0,0,0,0,0,0,0,0,0,0,0,0,0,0,0,0,0,0,0,0,0,0,0,0,0,0,0,0,0,0,0,0,0,0,0,0,0,0,0,0,0,0,0,0,0,0,0,0,0,0,0,0,0,0,0,0,0,0,0,0,0]
costo_por_agente [35,39,131,53,14,313,11,15,10,18,11,68,27,24,18,33,126,32,25,29,143,3,11,645,373,40,29,97,27,338,53,5,25,25,463,9,4,17,185,30,27,24,638,284,99,10,9,23,20,17,44,28,25,10,448,407,103,392,4,126,288,61,139,38,474,30,67,26,22,19,221,49,115,32,26,35,13,2,128,23,34,110,23,7,43,13,13,14,228,24,248,55,34,28,77,93,88,30,295,17,28,498,92,411,18,16,85,16,12,297,5,81,22,20,21,27,74,18,34,23,10,6,352,26,74,28,188,33,13,31,42,39,14,20,343,64,27,174,20,58]
completion_time_por_agente [39,41,134,54,16,315,13,17,11,19,12,69,28,25,19,35,129,34,26,32,144,4,12,647,374,45,30,99,28,341,58,6,28,28,468,10,5,18,188,31,28,25,641,285,101,11,10,24,21,19,48,29,29,11,451,409,104,394,5,127,290,66,140,40,477,31,69,27,23,20,223,52,116,36,27,39,15,3,130,24,35,112,24,8,45,14,14,15,229,25,249,57,35,29,82,95,94,31,297,18,29,500,93,412,19,17,87,17,13,299,6,85,23,21,22,28,77,19,35,25,11,7,353,27,77,29,191,35,14,32,44,41,16,21,344,66,28,175,21,60]
tiempo_ultimo_agente_goal 647
tiempo_en_acabar 647
tiempo_promedio 94.135712
agentes_en_goal 140
push_out_count 0
RUN 6
valores_ideales [0,0,0,0,0,0,0,0,0,0,0,0,0,0,0,0,0,0,0,0,0,0,0,0,0,0,0,0,0,0,0,0,0,0,0,0,0,0,0,0,0,0,0,0,0,0,0,0,0,0,0,0,0,0,0,0,0,0,0,0,0,0,0,0,0,0,0,0,0,0,0,0,0,0,0,0,0,0,0,0,0,0,0,0,0,0,0,0,0,0,0,0,0,0,0,0,0,0,0,0,0,0,0,0,0,0,0,0,0,0,0,0,0,0,0,0,0,0,0,0,0,0,0,0,0,0,0,0,0,0,0,0,0,0,0,0,0,0,0,0]
costo_por_agente [33,101,199,93,18,345,13,15,10,16,5,102,23,20,24,39,318,124,25,29,169,3,11,33,235,54,27,305,25,66,507,9,31,27,45,9,4,9,199,30,27,20,362,188,63,18,7,27,20,17,54,28,9,6,508,295,43,116,4,552,262,53,273,44,44,34,63,28,22,19,131,65,163,28,16,51,15,2,92,15,34,390,23,7,45,13,7,12,226,22,288,71,34,28,69,89,62,26,347,17,26,184,80,429,10,12,49,12,16,357,5,119,16,10,21,31,44,22,38,27,10,60,174,30,52,18,206,27,11,31,62,295,12,38,303,48,29,154,22,136]
completion_time_por_agente [36,105,201,95,19,347,14,17,11,17,6,103,24,22,25,46,323,131,28,32,170,4,12,36,236,63,28,306,26,69,509,11,37,32,48,10,5,10,202,31,28,21,368,191,66,19,8,28,21,18,57,29,10,7,509,297,49,119,5,553,265,54,274,46,48,35,68,29,23,20,133,70,165,33,17,57,16,3,94,16,35,391,24,8,49,14,8,13,228,24,290,72,35,29,77,91,67,28,348,18,28,185,81,433,11,13,53,14,17,359,6,123,17,12,22,32,47,24,39,28,11,70,176,31,56,19,207,28,12,32,64,302,13,39,304,56,30,156,23,137]
tiempo_ultimo_agente_goal 553
tiempo_en_acabar 553
tiempo_promedio 89.107140
agentes_en_goal 140
push_out_count 0
RUN 7
valores_ideales [0,0,0,0,0,0,0,0,0,0,0,0,0,0,0,0,0,0,0,0,0,0,0,0,0,0,0,0,0,0,0,0,0,0,0,0,0,0,0,0,0,0,0,0,0,0,0,0,0,0,0,0,0,0,0,0,0,0,0,0,0,0,0,0,0,0,0,0,0,0,0,0,0,0,0,0,0,0,0,0,0,0,0,0,0,0,0,0,0,0,0,0,0,0,0,0,0,0,0,0,0,0,0,0,0,0,0,0,0,0,0,0,0,0,0,0,0,0,0,0,0,0,0,0,0,0,0,0,0,0,0,0,0,0,0,0,0,0,0,0]
costo_por_agente [23,73,179,75,22,227,11,19,10,16,9,70,27,26,18,33,212,72,19,37,135,3,11,33,235,34,31,389,27,300,45,5,35,31,53,11,4,13,219,30,27,18,460,358,73,14,7,23,20,19,48,30,13,10,260,259,71,74,6,554,366,35,513,36,462,32,59,24,22,19,125,37,197,32,14,41,13,2,116,15,34,132,23,9,41,13,9,10,380,20,228,55,34,28,67,73,44,26,303,17,22,322,74,291,12,12,67,16,12,203,5,89,14,10,23,31,98,18,32,19,10,6,350,26,42,20,104,27,13,31,24,267,8,20,213,86,23,174,20,114]
completion_time_por_agente [24,76,180,76,23,230,12,21,11,17,10,74,28,27,19,35,214,78,20,40,136,4,12,37,237,36,32,391,28,301,50,6,40,32,55,12,5,14,220,31,28,19,461,359,74,15,8,24,21,21,49,31,16,11,262,260,74,76,7,555,370,36,515,37,468,33,63,25,23,20,126,39,198,35,15,43,14,3,120,16,35,134,24,10,43,14,10,11,382,21,231,61,35,29,70,75,47,27,304,18,23,323,75,292,13,13,73,17,13,204,6,90,15,11,24,32,101,19,33,20,11,7,352,27,45,21,110,30,14,32,27,269,10,21,216,90,24,177,21,115]
tiempo_ultimo_agente_goal 555
tiempo_en_acabar 555
tiempo_promedio 86.150002
agentes_en_goal 140
push_out_count 0
RUN 8
valores_ideales [0,0,0,0,0,0,0,0,0,0,0,0,0,0,0,0,0,0,0,0,0,0,0,0,0,0,0,0,0,0,0,0,0,0,0,0,0,0,0,0,0,0,0,0,0,0,0,0,0,0,0,0,0,0,0,0,0,0,0,0,0,0,0,0,0,0,0,0,0,0,0,0,0,0,0,0,0,0,0,0,0,0,0,0,0,0,0,0,0,0,0,0,0,0,0,0,0,0,0,0,0,0,0,0,0,0,0,0,0,0,0,0,0,0,0,0,0,0,0,0,0,0,0,0,0,0,0,0,0,0,0,0,0,0,0,0,0,0,0,0]
costo_por_agente [41,141,143,61,16,221,27,15,10,16,9,86,23,26,24,33,202,40,27,35,55,3,15,47,201,66,31,303,29,342,47,5,31,41,491,9,4,9,245,36,27,24,390,100,69,10,7,17,20,19,40,24,13,6,416,425,53,84,6,392,344,61,267,36,462,32,79,24,22,19,191,53,55,34,16,37,13,2,58,15,34,380,23,7,47,13,7,14,202,18,416,39,34,26,89,81,96,26,199,17,16,326,48,361,12,12,63,22,20,283,5,47,14,8,19,27,84,18,34,27,10,6,220,26,74,20,112,25,17,31,30,351,10,26,351,26,25,174,20,164]
completion_time_por_agente [46,148,146,64,18,223,28,16,11,17,10,87,24,27,26,34,204,47,28,38,57,4,16,50,202,78,32,304,30,344,53,6,34,45,493,10,5,10,248,37,28,26,392,103,73,11,8,18,21,20,43,26,14,7,419,427,54,92,7,393,345,66,268,38,465,33,84,25,23,20,192,56,60,36,17,43,14,3,61,16,35,382,24,8,49,14,8,15,204,19,420,44,35,27,92,82,99,29,201,18,17,327,51,363,13,13,64,23,21,285,6,48,15,9,20,28,87,19,37,28,11,7,223,27,81,21,119,26,18,32,33,357,12,28,354,27,26,176,21,165]
tiempo_ultimo_agente_goal 493
tiempo_en_acabar 493
tiempo_promedio 88.500000
agentes_en_goal 140
push_out_count 0
RUN 9
valores_ideales [0,0,0,0,0,0,0,0,0,0,0,0,0,0,0,0,0,0,0,0,0,0,0,0,0,0,0,0,0,0,0,0,0,0,0,0,0,0,0,0,0,0,0,0,0,0,0,0,0,0,0,0,0,0,0,0,0,0,0,0,0,0,0,0,0,0,0,0,0,0,0,0,0,0,0,0,0,0,0,0,0,0,0,0,0,0,0,0,0,0,0,0,0,0,0,0,0,0,0,0,0,0,0,0,0,0,0,0,0,0,0,0,0,0,0,0,0,0,0,0,0,0,0,0,0,0,0,0,0,0,0,0,0,0,0,0,0,0,0,0]
costo_por_agente [37,41,161,77,20,413,11,23,10,20,7,138,33,20,24,35,230,62,27,35,147,3,11,41,141,54,31,323,31,410,47,9,31,37,45,9,4,9,171,28,27,20,534,148,145,12,7,21,20,19,42,28,11,6,392,105,123,556,8,380,328,45,489,42,326,26,71,22,22,19,299,51,225,28,14,77,13,2,68,21,34,244,23,7,39,17,7,10,256,22,118,65,36,26,73,57,44,26,585,17,40,272,80,489,12,12,61,14,12,363,5,29,14,10,21,31,78,16,26,29,10,10,182,24,54,20,96,25,13,31,24,35,14,18,233,120,27,364,20,68]
completion_time_por_agente [39,44,162,78,21,415,12,24,11,22,8,139,34,22,25,39,232,74,28,40,148,4,12,46,143,63,32,325,32,416,53,10,36,41,48,10,5,10,173,29,28,21,536,150,148,14,8,23,21,20,45,29,12,7,394,106,124,565,9,381,330,49,490,46,327,27,80,23,23,20,301,56,226,30,16,80,14,3,72,22,35,245,24,8,42,18,8,11,260,23,121,69,37,27,77,64,50,27,587,18,41,273,81,490,13,13,63,15,13,365,6,36,15,12,22,32,81,17,27,30,11,11,185,25,55,21,99,27,14,32,28,36,15,19,235,123,28,365,21,76]
tiempo_ultimo_agente_goal 587
tiempo_en_acabar 587
tiempo_promedio 91.449997
agentes_en_goal 140
push_out_count 0
RUN 10
valores_ideales [0,0,0,0,0,0,0,0,0,0,0,0,0,0,0,0,0,0,0,0,0,0,0,0,0,0,0,0,0,0,0,0,0,0,0,0,0,0,0,0,0,0,0,0,0,0,0,0,0,0,0,0,0,0,0,0,0,0,0,0,0,0,0,0,0,0,0,0,0,0,0,0,0,0,0,0,0,0,0,0,0,0,0,0,0,0,0,0,0,0,0,0,0,0,0,0,0,0,0,0,0,0,0,0,0,0,0,0,0,0,0,0,0,0,0,0,0,0,0,0,0,0,0,0,0,0,0,0,0,0,0,0,0,0,0,0,0,0,0,0]
costo_por_agente [19,145,113,81,20,305,17,21,10,18,7,78,19,24,18,39,256,60,29,47,109,3,11,31,253,34,29,293,31,310,547,15,25,63,621,7,4,11,187,30,117,18,484,276,63,14,9,25,20,17,50,24,13,6,178,265,153,638,4,294,330,37,197,36,42,32,59,22,22,21,171,61,111,42,14,33,19,2,34,19,36,144,23,7,35,15,7,12,284,20,306,43,36,26,65,69,80,28,235,17,20,168,102,429,12,12,105,12,12,485,5,41,14,12,19,29,88,22,30,23,14,6,328,24,72,26,140,25,11,31,20,37,10,18,125,50,25,236,20,148]
completion_time_por_agente [21,149,114,82,21,306,18,23,11,19,8,79,20,25,19,48,259,61,30,58,110,4,12,35,255,41,30,294,32,314,551,16,29,68,623,8,5,12,189,31,123,19,486,278,66,15,10,26,21,19,54,25,14,7,179,268,154,644,5,295,334,40,198,39,47,33,61,23,23,22,172,64,113,50,15,38,20,3,42,20,37,145,24,8,37,16,8,13,286,21,308,44,37,27,71,71,87,29,236,18,21,169,105,430,13,13,106,13,13,487,6,43,15,14,20,30,90,23,32,24,15,7,329,25,73,27,144,26,12,32,21,41,11,19,126,52,26,237,21,149]
tiempo_ultimo_agente_goal 644
tiempo_en_acabar 644
tiempo_promedio 90.557144
agentes_en_goal 140
push_out_count 0
RUN 11
valores_ideales [0,0,0,0,0,0,0,0,0,0,0,0,0,0,0,0,0,0,0,0,0,0,0,0,0,0,0,0,0,0,0,0,0,0,0,0,0,0,0,0,0,0,0,0,0,0,0,0,0,0,0,0,0,0,0,0,0,0,0,0,0,0,0,0,0,0,0,0,0,0,0,0,0,0,0,0,0,0,0,0,0,0,0,0,0,0,0,0,0,0,0,0,0,0,0,0,0,0,0,0,0,0,0,0,0,0,0,0,0,0,0,0,0,0,0,0,0,0,0,0,0,0,0,0,0,0,0,0,0,0,0,0,0,0,0,0,0,0,0,0]
costo_por_agente [21,45,231,59,22,293,11,15,10,16,7,112,25,28,18,41,206,72,19,45,273,3,11,43,281,76,33,141,29,460,427,5,51,41,65,9,10,9,141,28,27,18,506,288,65,10,7,23,22,21,50,26,17,6,304,291,101,374,6,468,380,79,199,34,42,32,55,22,22,19,149,49,159,32,14,31,17,2,68,15,34,398,23,7,35,15,7,10,198,20,228,73,38,26,65,41,66,28,317,17,34,350,82,267,14,12,61,14,12,301,5,73,16,16,19,27,44,20,32,21,12,6,252,34,70,18,90,29,13,31,76,49,10,24,353,72,29,136,24,160]
completion_time_por_agente [23,53,233,62,23,294,12,16,11,17,8,113,26,29,19,45,209,83,20,53,277,4,12,45,283,80,34,142,30,461,428,6,59,50,79,10,11,10,143,29,28,19,510,289,68,11,8,25,23,23,60,27,18,7,305,292,105,379,7,469,384,82,201,35,44,33,60,23,23,20,150,51,161,34,15,37,18,3,72,16,35,399,24,8,38,16,8,11,201,21,230,75,40,27,71,45,73,29,318,19,35,351,83,268,15,13,64,15,13,303,6,75,17,17,20,28,52,21,34,22,13,7,254,35,73,19,95,31,14,32,81,51,11,25,356,78,30,137,25,161]
tiempo_ultimo_agente_goal 510
tiempo_en_acabar 510
tiempo_promedio 88.178574
agentes_en_goal 140
push_out_count 0
RUN 12
valores_ideales [0,0,0,0,0,0,0,0,0,0,0,0,0,0,0,0,0,0,0,0,0,0,0,0,0,0,0,0,0,0,0,0,0,0,0,0,0,0,0,0,0,0,0,0,0,0,0,0,0,0,0,0,0,0,0,0,0,0,0,0,0,0,0,0,0,0,0,0,0,0,0,0,0,0,0,0,0,0,0,0,0,0,0,0,0,0,0,0,0,0,0,0,0,0,0,0,0,0,0,0,0,0,0,0,0,0,0,0,0,0,0,0,0,0,0,0,0,0,0,0,0,0,0,0,0,0,0,0,0,0,0,0,0,0,0,0,0,0,0,0]
costo_por_agente [27,107,271,39,18,287,11,17,10,16,9,74,17,24,24,35,222,100,23,29,131,3,11,529,269,38,27,373,33,166,45,5,37,47,465,9,8,11,155,24,31,26,510,112,111,10,7,21,20,17,36,28,39,6,262,343,99,76,4,320,422,53,399,36,472,34,43,22,22,19,129,37,161,34,16,53,13,2,86,19,34,256,23,7,47,13,7,10,274,20,230,47,34,28,59,51,78,34,451,17,22,224,68,355,12,14,89,12,14,389,5,155,18,12,19,27,64,18,24,19,10,6,330,30,74,24,152,25,13,31,54,37,10,22,321,26,21,148,20,94]
completion_time_por_agente [29,110,273,41,20,288,13,19,11,17,10,75,18,25,25,37,226,112,24,33,132,4,12,532,272,44,28,374,34,167,48,6,45,49,468,10,9,12,156,25,33,28,513,116,114,11,8,23,21,19,43,29,42,7,263,344,100,85,5,323,426,57,400,37,478,35,46,23,23,20,130,40,163,37,17,59,14,3,88,20,35,257,24,8,51,14,8,11,275,21,231,51,35,29,65,52,81,36,452,18,23,225,69,358,13,15,90,14,16,391,6,158,19,14,21,28,67,19,25,20,11,7,331,31,76,25,154,26,14,32,57,41,12,26,323,29,22,149,21,95]
tiempo_ultimo_agente_goal 532
tiempo_en_acabar 532
tiempo_promedio 92.164284
agentes_en_goal 140
push_out_count 0
RUN 13
valores_ideales [0,0,0,0,0,0,0,0,0,0,0,0,0,0,0,0,0,0,0,0,0,0,0,0,0,0,0,0,0,0,0,0,0,0,0,0,0,0,0,0,0,0,0,0,0,0,0,0,0,0,0,0,0,0,0,0,0,0,0,0,0,0,0,0,0,0,0,0,0,0,0,0,0,0,0,0,0,0,0,0,0,0,0,0,0,0,0,0,0,0,0,0,0,0,0,0,0,0,0,0,0,0,0,0,0,0,0,0,0,0,0,0,0,0,0,0,0,0,0,0,0,0,0,0,0,0,0,0,0,0,0,0,0,0,0,0,0,0,0,0]
costo_por_agente [45,63,351,45,20,435,11,25,10,20,9,76,21,20,36,41,254,32,19,31,85,3,17,33,211,44,31,379,31,64,543,5,25,27,429,9,4,13,133,28,35,18,512,240,111,10,7,17,20,19,70,26,37,6,320,247,49,76,6,230,300,59,515,38,412,28,79,34,22,19,263,47,217,36,14,41,27,2,104,17,34,192,23,7,39,15,7,14,184,22,402,79,34,26,81,117,42,28,367,17,20,148,48,307,14,12,119,14,14,341,5,53,14,16,19,27,44,16,28,21,12,6,128,42,56,20,156,25,13,31,46,37,10,20,273,48,23,200,20,102]
completion_time_por_agente [52,68,352,48,21,437,12,26,11,21,10,78,22,22,37,44,260,33,20,33,87,4,18,39,213,49,32,380,32,66,547,7,31,29,430,10,5,14,135,29,38,19,515,242,113,11,8,19,21,20,71,27,39,7,321,249,52,82,7,232,302,61,516,42,415,29,84,35,23,20,265,48,218,40,16,43,28,3,107,18,35,194,24,8,43,16,8,15,186,23,404,81,36,27,85,118,47,30,368,18,22,149,49,308,15,13,122,15,15,344,6,57,15,18,20,28,45,17,33,22,13,7,132,43,58,21,161,26,14,32,49,39,11,22,274,51,24,202,21,103]
tiempo_ultimo_agente_goal 547
tiempo_en_acabar 547
tiempo_promedio 89.657143
agentes_en_goal 140
push_out_count 0
RUN 14
valores_ideales [0,0,0,0,0,0,0,0,0,0,0,0,0,0,0,0,0,0,0,0,0,0,0,0,0,0,0,0,0,0,0,0,0,0,0,0,0,0,0,0,0,0,0,0,0,0,0,0,0,0,0,0,0,0,0,0,0,0,0,0,0,0,0,0,0,0,0,0,0,0,0,0,0,0,0,0,0,0,0,0,0,0,0,0,0,0,0,0,0,0,0,0,0,0,0,0,0,0,0,0,0,0,0,0,0,0,0,0,0,0,0,0,0,0,0,0,0,0,0,0,0,0,0,0,0,0,0,0,0,0,0,0,0,0,0,0,0,0,0,0]
costo_por_agente [53,43,295,69,18,371,11,37,10,16,7,94,23,20,18,35,252,32,19,41,129,3,11,59,289,64,29,241,25,326,307,5,23,23,585,9,4,9,149,28,27,18,742,224,107,12,7,19,26,19,60,26,17,6,396,343,119,372,10,396,362,43,97,42,440,32,65,24,22,19,225,47,211,30,16,29,11,2,44,15,34,286,23,9,37,13,7,14,270,22,312,41,38,28,63,129,72,28,437,17,26,494,56,381,14,12,59,14,12,419,5,57,14,16,19,27,94,18,24,21,16,6,214,30,78,30,234,25,13,31,28,431,10,20,389,62,23,54,20,106]
completion_time_por_agente [56,49,296,74,19,374,13,39,11,17,8,98,24,22,19,36,255,35,20,42,133,4,12,62,291,70,30,242,26,330,310,7,27,25,590,10,5,10,153,29,28,19,747,226,110,13,8,21,27,20,68,27,19,7,397,344,122,377,11,398,364,51,99,45,443,33,69,25,23,20,228,52,214,31,17,33,12,3,48,16,35,287,24,10,40,14,8,15,275,23,314,45,39,29,65,130,76,29,438,19,28,495,64,382,15,13,62,15,13,422,6,60,15,17,20,28,95,19,26,22,17,7,217,31,80,31,238,26,14,32,30,432,11,21,391,69,24,63,21,108]
tiempo_ultimo_agente_goal 747
tiempo_en_acabar 747
tiempo_promedio 102.021431
agentes_en_goal 140
push_out_count 0
RUN 15
valores_ideales [0,0,0,0,0,0,0,0,0,0,0,0,0,0,0,0,0,0,0,0,0,0,0,0,0,0,0,0,0,0,0,0,0,0,0,0,0,0,0,0,0,0,0,0,0,0,0,0,0,0,0,0,0,0,0,0,0,0,0,0,0,0,0,0,0,0,0,0,0,0,0,0,0,0,0,0,0,0,0,0,0,0,0,0,0,0,0,0,0,0,0,0,0,0,0,0,0,0,0,0,0,0,0,0,0,0,0,0,0,0,0,0,0,0,0,0,0,0,0,0,0,0,0,0,0,0,0,0,0,0,0,0,0,0,0,0,0,0,0,0]
costo_por_agente [33,79,243,79,26,393,17,21,10,16,9,94,21,26,18,35,212,78,19,73,343,3,17,37,169,42,29,283,27,360,515,5,27,27,687,9,8,9,181,24,27,28,488,282,83,10,9,19,20,19,70,26,11,6,358,197,69,462,8,530,368,35,349,50,326,30,65,22,22,19,131,35,173,34,14,29,17,2,134,21,34,180,23,7,47,21,9,12,302,20,372,45,34,26,69,93,62,26,195,17,26,414,60,351,12,12,69,16,12,323,5,53,16,20,25,31,42,26,30,21,12,16,308,26,56,18,124,27,19,31,78,329,8,26,277,50,23,64,22,92]
completion_time_por_agente [37,85,244,81,27,394,19,23,11,17,10,95,22,27,19,45,215,80,22,75,344,4,18,39,170,44,30,284,28,365,520,6,28,28,689,10,9,10,183,25,28,29,489,283,85,11,10,21,21,20,77,27,12,7,359,198,79,464,9,532,371,41,351,52,327,31,76,23,23,20,132,42,174,35,15,39,18,3,136,22,35,185,24,8,50,22,10,13,303,21,376,51,35,27,74,94,68,27,197,18,27,415,64,352,13,13,72,18,13,325,6,56,17,22,26,32,49,28,31,22,13,17,309,28,57,19,133,28,20,32,80,332,9,27,279,55,24,66,23,94]
tiempo_ultimo_agente_goal 689
tiempo_en_acabar 689
tiempo_promedio 99.699997
agentes_en_goal 140
push_out_count 0
RUN 16
valores_ideales [0,0,0,0,0,0,0,0,0,0,0,0,0,0,0,0,0,0,0,0,0,0,0,0,0,0,0,0,0,0,0,0,0,0,0,0,0,0,0,0,0,0,0,0,0,0,0,0,0,0,0,0,0,0,0,0,0,0,0,0,0,0,0,0,0,0,0,0,0,0,0,0,0,0,0,0,0,0,0,0,0,0,0,0,0,0,0,0,0,0,0,0,0,0,0,0,0,0,0,0,0,0,0,0,0,0,0,0,0,0,0,0,0,0,0,0,0,0,0,0,0,0,0,0,0,0,0,0,0,0,0,0,0,0,0,0,0,0,0,0]
costo_por_agente [21,95,121,89,14,125,11,23,10,18,5,58,17,22,26,31,138,34,21,37,181,3,11,649,197,78,29,333,27,60,493,21,47,25,627,9,4,15,273,28,27,18,460,178,83,12,9,25,20,17,64,26,11,6,260,347,39,648,4,418,334,65,281,38,306,26,47,24,22,19,145,55,151,26,24,39,13,2,76,17,34,142,23,7,47,17,17,14,220,20,316,47,38,26,57,59,84,28,335,27,30,372,76,187,12,12,93,12,16,311,5,55,14,14,23,29,70,20,26,21,10,6,212,34,86,20,110,27,11,31,66,461,8,18,475,72,25,118,24,46]
completion_time_por_agente [22,99,124,92,16,127,13,24,11,19,6,61,18,24,27,37,142,43,22,41,183,4,12,651,200,86,30,334,28,62,496,23,49,32,628,10,5,16,274,29,28,19,464,179,86,13,10,27,21,18,72,27,12,7,262,348,43,654,5,419,337,66,282,39,312,27,52,25,23,20,147,62,152,29,25,42,14,3,77,18,35,143,24,8,50,18,18,15,221,21,317,49,39,27,63,67,88,29,336,28,31,374,77,188,13,13,95,14,18,312,6,63,15,16,24,30,77,21,27,22,11,7,216,35,88,21,111,28,12,32,67,467,9,20,479,74,27,120,25,51]
tiempo_ultimo_agente_goal 654
tiempo_en_acabar 654
tiempo_promedio 96.557144
agentes_en_goal 140
push_out_count 0
RUN 17
valores_ideales [0,0,0,0,0,0,0,0,0,0,0,0,0,0,0,0,0,0,0,0,0,0,0,0,0,0,0,0,0,0,0,0,0,0,0,0,0,0,0,0,0,0,0,0,0,0,0,0,0,0,0,0,0,0,0,0,0,0,0,0,0,0,0,0,0,0,0,0,0,0,0,0,0,0,0,0,0,0,0,0,0,0,0,0,0,0,0,0,0,0,0,0,0,0,0,0,0,0,0,0,0,0,0,0,0,0,0,0,0,0,0,0,0,0,0,0,0,0,0,0,0,0,0,0,0,0,0,0,0,0,0,0,0,0,0,0,0,0,0,0]
costo_por_agente [33,107,207,91,22,301,23,17,10,18,9,134,17,28,30,39,238,32,39,45,185,3,11,373,243,82,29,97,25,418,355,7,35,81,43,9,8,9,107,28,31,26,674,124,131,10,7,17,20,17,56,24,25,6,406,371,125,578,4,576,302,75,217,36,440,28,73,26,22,19,91,81,61,30,16,51,13,2,80,15,34,152,23,7,35,13,7,14,158,20,380,63,34,28,103,129,88,28,345,21,34,378,112,429,12,12,109,14,14,365,5,81,16,8,19,27,56,16,26,23,14,6,286,28,46,18,142,25,15,31,84,305,12,20,357,138,23,58,20,52]
completion_time_por_agente [35,110,209,94,23,304,25,18,11,19,10,135,18,29,31,42,242,36,41,47,186,4,12,376,246,88,30,100,26,425,358,8,41,89,44,10,9,10,108,29,32,27,677,126,136,11,8,18,21,19,72,26,35,7,409,375,128,582,5,577,303,78,218,38,443,29,83,28,23,20,93,101,71,32,17,74,14,3,86,16,35,153,24,8,38,14,8,15,165,21,381,73,35,29,106,132,99,29,347,22,36,380,113,431,13,13,110,16,15,366,6,91,17,10,20,29,70,18,27,24,15,7,288,29,49,19,146,26,16,32,87,310,13,22,358,141,25,63,21,59]
tiempo_ultimo_agente_goal 677
tiempo_en_acabar 677
tiempo_promedio 100.028572
agentes_en_goal 140
push_out_count 0
RUN 18
valores_ideales [0,0,0,0,0,0,0,0,0,0,0,0,0,0,0,0,0,0,0,0,0,0,0,0,0,0,0,0,0,0,0,0,0,0,0,0,0,0,0,0,0,0,0,0,0,0,0,0,0,0,0,0,0,0,0,0,0,0,0,0,0,0,0,0,0,0,0,0,0,0,0,0,0,0,0,0,0,0,0,0,0,0,0,0,0,0,0,0,0,0,0,0,0,0,0,0,0,0,0,0,0,0,0,0,0,0,0,0,0,0,0,0,0,0,0,0,0,0,0,0,0,0,0,0,0,0,0,0,0,0,0,0,0,0,0,0,0,0,0,0]
costo_por_agente [35,47,157,59,12,179,11,31,10,18,9,90,19,24,32,39,250,70,19,29,195,3,13,39,307,54,29,291,25,220,523,5,33,23,53,9,4,9,187,24,145,18,658,208,143,10,9,27,20,17,44,26,33,8,364,361,81,312,8,550,438,75,179,42,340,34,79,26,22,21,207,49,229,48,16,57,15,2,84,31,34,162,23,7,37,17,7,12,282,18,492,45,34,26,35,75,56,26,505,17,22,168,48,355,12,12,71,20,14,297,5,81,14,8,19,29,74,16,34,19,12,6,340,34,76,20,114,33,17,31,24,29,38,28,277,94,27,238,28,130]
completion_time_por_agente [36,51,159,61,14,180,12,33,11,19,10,91,20,25,33,44,253,77,20,31,197,4,14,45,309,59,30,294,27,221,525,6,38,30,55,10,5,10,189,25,151,19,659,210,148,11,10,28,21,18,49,28,35,10,366,362,84,322,9,551,443,76,180,46,352,35,81,27,23,22,208,58,230,54,17,60,16,3,86,32,35,163,24,8,40,18,8,13,290,19,494,48,35,27,40,78,59,27,507,18,23,169,51,357,13,13,72,21,15,300,6,82,15,9,20,30,77,17,35,20,13,7,341,36,77,21,118,34,18,32,28,31,40,29,278,99,28,240,29,132]
tiempo_ultimo_agente_goal 659
tiempo_en_acabar 659
tiempo_promedio 95.285713
agentes_en_goal 140
push_out_count 0
RUN 19
valores_ideales [0,0,0,0,0,0,0,0,0,0,0,0,0,0,0,0,0,0,0,0,0,0,0,0,0,0,0,0,0,0,0,0,0,0,0,0,0,0,0,0,0,0,0,0,0,0,0,0,0,0,0,0,0,0,0,0,0,0,0,0,0,0,0,0,0,0,0,0,0,0,0,0,0,0,0,0,0,0,0,0,0,0,0,0,0,0,0,0,0,0,0,0,0,0,0,0,0,0,0,0,0,0,0,0,0,0,0,0,0,0,0,0,0,0,0,0,0,0,0,0,0,0,0,0,0,0,0,0,0,0,0,0,0,0,0,0,0,0,0,0]
costo_por_agente [29,173,207,91,16,453,15,35,10,16,5,130,19,20,18,47,224,72,21,45,255,3,11,47,279,62,27,221,29,320,551,5,33,57,393,9,4,9,105,30,27,24,684,252,147,10,9,17,22,19,74,28,11,6,424,365,91,446,6,316,268,61,255,36,306,34,97,34,22,23,133,47,117,36,16,47,13,2,74,15,34,282,23,7,45,17,7,10,174,18,314,59,34,30,69,109,84,26,261,17,34,474,106,167,14,12,155,14,14,405,5,43,14,16,23,27,80,24,36,23,10,6,488,32,68,20,168,25,13,31,64,41,22,20,469,92,27,172,20,54]
completion_time_por_agente [31,176,210,93,17,456,17,37,11,17,6,132,20,22,19,65,229,75,22,57,257,4,12,57,281,66,28,222,30,323,552,6,42,59,400,10,5,10,106,31,28,26,685,253,153,11,10,18,23,20,89,29,12,7,426,366,93,451,7,317,270,64,258,37,309,35,98,35,23,24,135,57,118,41,17,58,14,3,75,16,35,284,24,8,47,18,8,11,176,19,316,68,35,31,75,110,86,27,265,18,36,476,107,169,15,13,157,15,15,406,6,44,15,18,24,28,81,25,37,24,11,8,489,33,70,21,170,26,14,32,69,43,23,21,470,98,28,174,21,62]
tiempo_ultimo_agente_goal 685
tiempo_en_acabar 685
tiempo_promedio 101.278572
agentes_en_goal 140
push_out_count 0
RUN 20
valores_ideales [0,0,0,0,0,0,0,0,0,0,0,0,0,0,0,0,0,0,0,0,0,0,0,0,0,0,0,0,0,0,0,0,0,0,0,0,0,0,0,0,0,0,0,0,0,0,0,0,0,0,0,0,0,0,0,0,0,0,0,0,0,0,0,0,0,0,0,0,0,0,0,0,0,0,0,0,0,0,0,0,0,0,0,0,0,0,0,0,0,0,0,0,0,0,0,0,0,0,0,0,0,0,0,0,0,0,0,0,0,0,0,0,0,0,0,0,0,0,0,0,0,0,0,0,0,0,0,0,0,0,0,0,0,0,0,0,0,0,0,0]
costo_por_agente [35,137,209,55,16,329,21,21,10,16,11,164,25,24,18,37,254,32,27,29,105,3,13,45,109,36,27,339,35,286,399,9,27,53,45,7,4,9,155,28,27,22,612,170,87,18,9,21,20,19,34,26,9,6,382,73,113,342,8,400,336,61,369,34,44,24,51,22,22,19,165,61,87,30,12,43,15,2,124,15,34,244,23,7,43,13,7,12,198,22,284,63,34,26,51,79,64,32,395,17,20,476,48,383,12,12,121,12,14,205,5,69,16,12,23,29,62,22,36,23,10,6,272,24,82,28,168,25,17,31,40,347,8,26,287,88,23,200,20,50]
completion_time_por_agente [38,142,210,58,18,330,22,22,11,17,12,165,26,25,19,43,257,33,29,31,106,4,14,52,110,40,28,340,36,287,401,11,30,56,48,8,5,10,156,29,28,23,613,171,90,19,10,22,21,20,42,28,10,7,383,74,114,344,9,401,339,62,370,39,48,25,53,23,23,20,167,65,88,39,13,46,16,3,126,16,35,245,24,8,46,14,8,13,199,23,285,65,35,27,54,80,67,33,396,18,21,477,50,384,13,13,122,13,15,207,6,71,17,14,24,31,63,23,37,24,11,7,274,25,84,29,170,26,18,32,41,351,9,27,288,91,24,201,21,53]
tiempo_ultimo_agente_goal 613
tiempo_en_acabar 613
tiempo_promedio 88.364288
agentes_en_goal 140
push_out_count 0
RUN 21
valores_ideales [0,0,0,0,0,0,0,0,0,0,0,0,0,0,0,0,0,0,0,0,0,0,0,0,0,0,0,0,0,0,0,0,0,0,0,0,0,0,0,0,0,0,0,0,0,0,0,0,0,0,0,0,0,0,0,0,0,0,0,0,0,0,0,0,0,0,0,0,0,0,0,0,0,0,0,0,0,0,0,0,0,0,0,0,0,0,0,0,0,0,0,0,0,0,0,0,0,0,0,0,0,0,0,0,0,0,0,0,0,0,0,0,0,0,0,0,0,0,0,0,0,0,0,0,0,0,0,0,0,0,0,0,0,0,0,0,0,0,0,0]
costo_por_agente [31,87,149,109,14,169,11,33,10,16,9,100,17,26,30,39,322,34,27,35,111,3,11,39,257,38,27,177,35,462,49,9,25,57,709,9,4,13,179,28,27,20,520,174,91,10,7,17,20,17,38,24,11,6,334,297,51,70,4,270,290,41,223,40,398,32,109,28,22,19,229,57,223,30,14,85,13,2,68,15,34,306,23,7,37,13,7,12,268,20,216,83,34,28,37,105,58,28,235,17,20,376,82,411,12,12,81,12,12,419,5,85,14,18,21,29,80,26,34,25,12,6,362,36,88,20,160,27,11,31,86,33,12,28,439,56,25,146,20,38]
completion_time_por_agente [32,91,150,110,16,171,14,34,11,17,10,104,18,27,31,44,324,37,29,37,112,4,12,40,259,45,28,178,36,466,53,10,26,67,710,10,5,14,181,29,28,22,524,176,96,11,8,18,21,19,46,26,12,8,336,298,61,81,5,271,291,44,224,42,400,33,111,29,23,20,231,75,224,32,15,98,14,3,78,16,35,307,24,8,39,14,8,13,272,21,217,85,35,29,44,108,63,29,236,18,21,377,84,413,13,13,87,13,13,420,6,89,15,19,22,30,84,27,35,27,13,7,363,37,107,21,162,29,12,32,94,34,14,29,441,64,26,148,21,39]
tiempo_ultimo_agente_goal 710
tiempo_en_acabar 710
tiempo_promedio 91.199997
agentes_en_goal 140
push_out_count 0
RUN 22
valores_ideales [0,0,0,0,0,0,0,0,0,0,0,0,0,0,0,0,0,0,0,0,0,0,0,0,0,0,0,0,0,0,0,0,0,0,0,0,0,0,0,0,0,0,0,0,0,0,0,0,0,0,0,0,0,0,0,0,0,0,0,0,0,0,0,0,0,0,0,0,0,0,0,0,0,0,0,0,0,0,0,0,0,0,0,0,0,0,0,0,0,0,0,0,0,0,0,0,0,0,0,0,0,0,0,0,0,0,0,0,0,0,0,0,0,0,0,0,0,0,0,0,0,0,0,0,0,0,0,0,0,0,0,0,0,0,0,0,0,0,0,0]
costo_por_agente [21,137,173,65,14,127,9,17,14,18,9,96,23,30,20,35,280,58,27,31,73,3,11,49,191,48,31,277,27,110,527,5,31,35,51,9,4,11,67,28,167,18,314,198,115,12,9,17,24,19,76,26,13,6,400,351,89,366,8,504,438,45,247,36,422,30,79,38,22,19,143,37,81,32,14,37,15,2,100,17,34,124,23,7,35,13,9,12,182,20,302,53,34,28,79,101,66,26,485,17,24,418,56,415,12,12,105,18,12,265,5,67,14,14,21,31,54,28,28,21,10,6,378,26,58,22,156,25,13,31,36,159,8,28,359,84,25,60,20,82]
completion_time_por_agente [22,140,174,66,15,128,10,20,15,19,10,97,25,31,21,37,283,64,28,33,74,4,12,51,192,54,32,278,28,112,530,6,35,42,55,10,6,12,70,29,170,19,315,200,119,13,10,18,25,21,83,27,14,7,402,352,96,368,9,506,442,49,248,38,427,31,82,40,23,20,144,42,85,35,15,41,16,3,102,18,35,125,24,8,37,14,10,13,183,21,304,59,35,29,85,103,69,27,486,18,26,419,57,417,13,13,106,20,13,268,6,72,15,15,22,32,62,29,30,22,11,7,379,27,62,23,159,26,14,32,45,162,10,29,363,87,26,63,21,83]
tiempo_ultimo_agente_goal 530
tiempo_en_acabar 530
tiempo_promedio 89.400002
agentes_en_goal 140
push_out_count 0
RUN 23
valores_ideales [0,0,0,0,0,0,0,0,0,0,0,0,0,0,0,0,0,0,0,0,0,0,0,0,0,0,0,0,0,0,0,0,0,0,0,0,0,0,0,0,0,0,0,0,0,0,0,0,0,0,0,0,0,0,0,0,0,0,0,0,0,0,0,0,0,0,0,0,0,0,0,0,0,0,0,0,0,0,0,0,0,0,0,0,0,0,0,0,0,0,0,0,0,0,0,0,0,0,0,0,0,0,0,0,0,0,0,0,0,0,0,0,0,0,0,0,0,0,0,0,0,0,0,0,0,0,0,0,0,0,0,0,0,0,0,0,0,0,0,0]
costo_por_agente [23,49,113,83,14,397,13,19,12,18,9,128,25,26,18,37,92,90,19,41,267,3,13,31,213,70,29,147,27,64,59,19,29,85,587,9,8,11,251,26,227,20,664,174,67,16,9,19,20,17,66,24,9,6,368,393,95,642,4,326,316,71,433,34,454,32,59,26,22,21,153,41,113,36,20,63,17,2,168,17,34,370,23,7,43,19,7,14,300,18,242,63,34,26,31,89,60,28,373,17,22,414,88,415,12,12,55,18,12,367,5,19,20,8,19,27,58,18,26,23,12,6,258,30,42,18,134,25,15,31,24,357,10,20,381,76,21,288,20,144]
completion_time_por_agente [25,58,116,87,16,398,15,20,13,19,10,129,26,27,19,48,95,103,20,43,268,4,14,32,215,78,30,148,28,77,74,21,31,91,588,10,9,12,253,27,231,21,666,175,71,17,10,21,21,19,76,25,10,7,370,394,97,647,5,328,319,72,434,35,458,33,62,27,23,22,158,50,114,39,21,67,18,3,170,18,35,374,24,8,45,21,8,15,301,19,248,68,35,27,41,91,69,29,374,18,24,415,89,417,13,13,65,19,13,370,6,20,21,10,20,28,64,19,27,24,13,7,260,33,57,19,140,26,16,32,26,363,12,21,384,80,23,291,21,145]
tiempo_ultimo_agente_goal 666
tiempo_en_acabar 666
tiempo_promedio 101.050003
agentes_en_goal 140
push_out_count 0
RUN 24
valores_ideales [0,0,0,0,0,0,0,0,0,0,0,0,0,0,0,0,0,0,0,0,0,0,0,0,0,0,0,0,0,0,0,0,0,0,0,0,0,0,0,0,0,0,0,0,0,0,0,0,0,0,0,0,0,0,0,0,0,0,0,0,0,0,0,0,0,0,0,0,0,0,0,0,0,0,0,0,0,0,0,0,0,0,0,0,0,0,0,0,0,0,0,0,0,0,0,0,0,0,0,0,0,0,0,0,0,0,0,0,0,0,0,0,0,0,0,0,0,0,0,0,0,0,0,0,0,0,0,0,0,0,0,0,0,0,0,0,0,0,0,0]
costo_por_agente [41,43,337,75,26,403,23,23,10,20,11,126,21,26,18,33,484,32,19,63,53,3,13,405,237,60,31,89,33,422,39,7,31,35,577,9,6,9,341,28,179,20,408,162,49,10,7,19,20,21,40,26,7,8,348,259,49,462,8,386,112,53,277,46,40,32,67,38,22,19,93,49,189,44,18,51,11,2,100,21,34,326,23,9,45,13,7,10,218,20,380,69,34,26,85,87,62,28,293,27,20,302,108,325,14,12,97,16,12,459,5,97,20,12,21,29,70,16,28,23,12,6,286,28,50,18,130,25,13,31,34,39,10,20,349,72,27,52,20,40]
completion_time_por_agente [43,55,338,76,27,404,24,26,11,21,13,127,22,27,19,34,491,34,20,68,62,4,14,407,238,65,32,91,34,423,43,8,38,41,579,10,7,10,343,29,182,21,413,163,70,11,8,21,21,22,44,27,8,9,352,262,52,464,9,389,114,58,279,50,43,33,71,40,23,20,94,57,191,53,19,56,12,3,105,23,35,327,24,10,48,14,8,11,219,21,381,72,35,27,91,88,70,29,294,28,21,303,109,327,15,13,98,17,13,461,6,98,21,14,22,30,80,17,29,24,13,7,288,29,61,19,131,27,14,32,42,40,11,22,350,76,29,59,21,44]
tiempo_ultimo_agente_goal 579
tiempo_en_acabar 579
tiempo_promedio 93.678574
agentes_en_goal 140
push_out_count 0
RUN 25
valores_ideales [0,0,0,0,0,0,0,0,0,0,0,0,0,0,0,0,0,0,0,0,0,0,0,0,0,0,0,0,0,0,0,0,0,0,0,0,0,0,0,0,0,0,0,0,0,0,0,0,0,0,0,0,0,0,0,0,0,0,0,0,0,0,0,0,0,0,0,0,0,0,0,0,0,0,0,0,0,0,0,0,0,0,0,0,0,0,0,0,0,0,0,0,0,0,0,0,0,0,0,0,0,0,0,0,0,0,0,0,0,0,0,0,0,0,0,0,0,0,0,0,0,0,0,0,0,0,0,0,0,0,0,0,0,0,0,0,0,0,0,0]
costo_por_agente [21,51,171,47,16,65,11,17,10,18,7,114,27,20,20,37,282,74,41,41,139,3,11,37,199,62,27,275,29,58,39,5,23,33,47,9,4,9,157,24,29,18,48,268,49,10,7,23,20,17,36,26,11,10,196,145,107,78,6,324,368,49,427,66,508,30,77,24,22,19,141,51,123,32,16,33,13,2,122,15,34,394,23,9,57,15,7,10,222,20,126,59,36,26,59,75,82,26,253,21,30,82,74,455,16,12,81,14,12,359,5,29,20,8,21,27,86,20,24,17,14,6,156,26,60,22,170,31,13,31,26,345,12,26,381,54,27,320,20,62]
completion_time_por_agente [22,53,173,49,17,66,13,18,11,19,8,115,28,22,21,45,288,79,43,45,140,4,12,40,201,69,28,276,30,62,41,6,27,38,52,10,5,10,159,25,30,19,49,269,54,11,8,24,21,19,44,27,12,11,197,146,108,84,7,325,372,50,428,70,514,31,79,25,23,20,142,53,125,39,17,38,14,3,125,16,35,395,24,10,59,16,8,11,224,21,128,60,37,27,60,78,83,27,254,22,31,83,76,456,17,13,82,15,13,361,6,30,21,9,23,28,88,21,25,18,15,7,157,27,62,23,173,33,14,32,27,347,14,27,383,58,28,322,21,64]
tiempo_ultimo_agente_goal 514
tiempo_en_acabar 514
tiempo_promedio 77.485718
agentes_en_goal 140
push_out_count 0
RUN 26
valores_ideales [0,0,0,0,0,0,0,0,0,0,0,0,0,0,0,0,0,0,0,0,0,0,0,0,0,0,0,0,0,0,0,0,0,0,0,0,0,0,0,0,0,0,0,0,0,0,0,0,0,0,0,0,0,0,0,0,0,0,0,0,0,0,0,0,0,0,0,0,0,0,0,0,0,0,0,0,0,0,0,0,0,0,0,0,0,0,0,0,0,0,0,0,0,0,0,0,0,0,0,0,0,0,0,0,0,0,0,0,0,0,0,0,0,0,0,0,0,0,0,0,0,0,0,0,0,0,0,0,0,0,0,0,0,0,0,0,0,0,0,0]
costo_por_agente [21,109,157,97,18,277,17,29,10,20,7,64,19,20,24,51,220,40,19,41,131,3,13,691,281,42,31,243,33,500,353,5,25,67,349,9,4,9,205,24,29,22,652,174,47,10,7,19,24,23,52,28,43,10,452,275,111,198,4,454,270,63,193,34,42,24,73,22,22,21,109,55,105,42,22,47,15,2,106,15,34,176,23,7,51,13,7,14,320,20,256,61,34,28,67,111,46,28,415,25,30,426,100,413,14,12,79,20,12,417,5,113,14,8,21,27,98,26,26,17,12,6,288,28,68,20,110,27,13,31,102,41,10,18,341,126,25,216,20,52]
completion_time_por_agente [22,117,160,98,19,279,18,30,11,21,8,66,20,22,25,64,224,51,20,44,133,4,14,703,283,44,32,245,34,505,360,6,27,69,353,10,5,10,207,25,30,23,654,176,50,11,8,21,25,25,55,29,50,11,455,276,114,205,5,455,272,65,195,35,51,25,75,23,23,22,112,62,108,48,23,52,16,3,109,16,35,177,24,8,53,14,8,15,323,21,259,66,35,29,70,113,48,29,416,26,32,427,102,414,15,13,80,21,13,419,6,118,15,9,22,28,101,27,28,18,13,7,291,29,70,21,111,28,14,32,113,50,12,20,342,127,26,217,21,53]
tiempo_ultimo_agente_goal 703
tiempo_en_acabar 703
tiempo_promedio 97.678574
agentes_en_goal 140
push_out_count 0
RUN 27
valores_ideales [0,0,0,0,0,0,0,0,0,0,0,0,0,0,0,0,0,0,0,0,0,0,0,0,0,0,0,0,0,0,0,0,0,0,0,0,0,0,0,0,0,0,0,0,0,0,0,0,0,0,0,0,0,0,0,0,0,0,0,0,0,0,0,0,0,0,0,0,0,0,0,0,0,0,0,0,0,0,0,0,0,0,0,0,0,0,0,0,0,0,0,0,0,0,0,0,0,0,0,0,0,0,0,0,0,0,0,0,0,0,0,0,0,0,0,0,0,0,0,0,0,0,0,0,0,0,0,0,0,0,0,0,0,0,0,0,0,0,0,0]
costo_por_agente [51,45,139,55,18,213,11,41,10,16,7,82,27,24,20,37,272,32,19,35,129,3,11,37,277,66,29,261,27,432,55,5,27,31,761,9,4,9,241,28,27,20,52,224,67,10,7,21,20,21,72,26,9,6,336,231,83,510,6,524,378,59,297,44,414,32,57,36,22,19,241,37,233,48,18,57,13,2,78,17,36,154,23,7,49,13,9,10,112,18,344,77,34,26,47,53,90,28,299,17,22,482,68,339,12,12,75,18,12,367,5,39,14,8,19,27,62,26,28,23,10,6,178,28,66,20,100,27,13,31,22,37,20,26,345,102,27,144,22,104]
completion_time_por_agente [61,48,140,57,19,214,12,43,11,17,8,83,28,25,21,50,275,35,20,39,131,4,12,39,278,77,30,262,28,437,59,6,31,40,763,10,5,10,242,29,28,21,54,225,72,11,8,22,21,22,76,27,10,7,337,233,89,519,7,525,382,60,300,47,423,33,59,37,23,20,243,43,237,50,20,58,14,3,80,18,37,155,24,8,51,14,10,11,114,19,345,86,35,27,50,55,92,29,300,18,23,483,70,340,13,13,76,20,13,368,6,40,15,9,20,28,65,27,29,24,11,7,180,29,70,21,101,28,14,32,24,39,21,27,346,104,28,146,23,106]
tiempo_ultimo_agente_goal 763
tiempo_en_acabar 763
tiempo_promedio 90.585716
agentes_en_goal 140
push_out_count 0
RUN 28
valores_ideales [0,0,0,0,0,0,0,0,0,0,0,0,0,0,0,0,0,0,0,0,0,0,0,0,0,0,0,0,0,0,0,0,0,0,0,0,0,0,0,0,0,0,0,0,0,0,0,0,0,0,0,0,0,0,0,0,0,0,0,0,0,0,0,0,0,0,0,0,0,0,0,0,0,0,0,0,0,0,0,0,0,0,0,0,0,0,0,0,0,0,0,0,0,0,0,0,0,0,0,0,0,0,0,0,0,0,0,0,0,0,0,0,0,0,0,0,0,0,0,0,0,0,0,0,0,0,0,0,0,0,0,0,0,0,0,0,0,0,0,0]
costo_por_agente [19,35,399,47,24,447,13,27,12,18,5,142,19,24,20,29,112,66,23,65,67,3,11,423,247,62,35,385,43,416,45,21,21,27,51,9,4,9,291,28,33,20,630,174,117,10,9,19,20,17,42,34,11,6,380,371,101,476,4,316,296,45,347,34,474,32,57,22,22,19,279,57,133,30,12,31,15,2,84,15,34,172,23,7,33,19,7,10,208,32,316,41,36,28,39,129,50,26,307,17,20,344,64,213,12,16,93,14,20,401,5,125,14,16,23,31,70,18,26,19,10,6,390,24,54,26,140,27,13,31,24,271,8,24,289,48,31,332,20,82]
completion_time_por_agente [20,38,400,49,27,448,14,28,13,19,6,145,20,25,21,30,114,70,24,67,68,4,12,427,248,68,36,386,47,418,48,23,23,28,52,10,5,10,292,29,36,21,633,175,119,11,10,20,21,19,45,35,12,7,381,372,105,480,5,317,298,47,348,35,478,33,59,23,23,20,281,60,134,32,14,33,16,3,87,16,35,173,24,8,35,20,8,11,210,33,317,43,37,29,43,130,51,27,308,18,21,346,65,215,13,17,94,15,21,403,6,126,15,17,24,32,73,19,27,20,11,7,391,25,59,27,142,28,14,32,26,273,9,26,290,51,32,333,21,83]
tiempo_ultimo_agente_goal 633
tiempo_en_acabar 633
tiempo_promedio 97.750000
agentes_en_goal 140
push_out_count 0
RUN 29
valores_ideales [0,0,0,0,0,0,0,0,0,0,0,0,0,0,0,0,0,0,0,0,0,0,0,0,0,0,0,0,0,0,0,0,0,0,0,0,0,0,0,0,0,0,0,0,0,0,0,0,0,0,0,0,0,0,0,0,0,0,0,0,0,0,0,0,0,0,0,0,0,0,0,0,0,0,0,0,0,0,0,0,0,0,0,0,0,0,0,0,0,0,0,0,0,0,0,0,0,0,0,0,0,0,0,0,0,0,0,0,0,0,0,0,0,0,0,0,0,0,0,0,0,0,0,0,0,0,0,0,0,0,0,0,0,0,0,0,0,0,0,0]
costo_por_agente [35,91,285,65,18,107,9,27,10,18,13,186,21,26,20,35,148,30,33,31,191,3,11,33,261,34,31,237,31,58,39,9,67,43,51,7,10,17,137,30,121,20,442,232,69,12,7,17,22,21,42,28,9,6,496,175,95,68,4,494,428,47,375,54,490,30,67,22,22,21,189,61,187,38,12,59,15,2,96,15,34,158,23,7,43,13,9,10,282,20,304,53,46,30,43,133,92,26,321,17,30,508,104,237,12,12,113,16,12,491,5,79,14,8,21,27,78,18,26,21,16,6,324,24,70,22,188,31,13,31,26,311,12,26,479,78,27,242,28,48]
completion_time_por_agente [37,95,287,67,19,108,11,30,11,19,14,187,22,27,21,37,152,33,38,34,192,4,12,36,263,37,32,238,32,61,42,10,70,55,57,8,11,18,139,31,125,22,444,233,75,13,8,18,23,22,45,29,10,7,498,176,99,77,5,495,433,50,378,58,494,31,69,24,23,22,191,66,188,48,13,62,16,3,100,16,36,159,24,8,45,14,10,11,284,21,305,55,47,31,50,135,95,27,323,18,31,509,105,238,13,13,114,17,13,492,6,82,15,9,22,28,79,19,27,22,17,7,327,25,72,23,192,33,14,32,28,318,13,29,481,83,28,244,29,55]
tiempo_ultimo_agente_goal 509
tiempo_en_acabar 509
tiempo_promedio 92.199997
agentes_en_goal 140
push_out_count 0
RUN 30
valores_ideales [0,0,0,0,0,0,0,0,0,0,0,0,0,0,0,0,0,0,0,0,0,0,0,0,0,0,0,0,0,0,0,0,0,0,0,0,0,0,0,0,0,0,0,0,0,0,0,0,0,0,0,0,0,0,0,0,0,0,0,0,0,0,0,0,0,0,0,0,0,0,0,0,0,0,0,0,0,0,0,0,0,0,0,0,0,0,0,0,0,0,0,0,0,0,0,0,0,0,0,0,0,0,0,0,0,0,0,0,0,0,0,0,0,0,0,0,0,0,0,0,0,0,0,0,0,0,0,0,0,0,0,0,0,0,0,0,0,0,0,0]
costo_por_agente [19,109,205,61,18,137,17,19,10,16,7,62,21,20,20,35,210,68,21,47,161,3,11,33,319,42,31,51,25,64,545,5,25,25,43,9,8,13,105,28,27,18,534,174,83,10,9,17,24,19,40,32,13,6,286,413,43,230,6,360,500,47,377,36,40,26,69,42,22,19,173,39,141,64,12,55,13,2,102,17,34,178,23,7,53,17,9,10,178,22,356,55,44,28,57,89,70,28,461,25,20,196,64,313,14,14,109,16,14,403,5,93,14,8,23,29,52,20,30,21,10,10,158,28,84,20,118,27,13,31,38,31,8,26,385,74,23,92,20,108]
completion_time_por_agente [21,111,207,65,19,139,19,20,11,17,8,65,22,22,21,40,212,71,22,49,163,4,12,36,321,43,32,54,26,65,546,6,30,27,45,10,10,14,106,29,28,19,536,175,84,11,10,18,25,20,45,33,14,7,288,415,48,233,7,362,505,50,380,37,41,27,70,45,23,20,174,43,143,68,13,59,14,3,103,18,35,179,24,8,57,18,10,11,180,23,357,57,45,29,61,90,73,29,462,26,21,197,66,314,15,15,110,17,15,405,6,95,15,9,24,30,53,21,31,22,11,12,161,29,85,21,119,28,14,32,42,32,9,28,386,77,24,94,21,110]
tiempo_ultimo_agente_goal 546
tiempo_en_acabar 546
tiempo_promedio 82.457146
agentes_en_goal 140
push_out_count 0
RUN 31
valores_ideales [0,0,0,0,0,0,0,0,0,0,0,0,0,0,0,0,0,0,0,0,0,0,0,0,0,0,0,0,0,0,0,0,0,0,0,0,0,0,0,0,0,0,0,0,0,0,0,0,0,0,0,0,0,0,0,0,0,0,0,0,0,0,0,0,0,0,0,0,0,0,0,0,0,0,0,0,0,0,0,0,0,0,0,0,0,0,0,0,0,0,0,0,0,0,0,0,0,0,0,0,0,0,0,0,0,0,0,0,0,0,0,0,0,0,0,0,0,0,0,0,0,0,0,0,0,0,0,0,0,0,0,0,0,0,0,0,0,0,0,0]
costo_por_agente [27,127,35,93,12,295,23,29,10,18,9,112,21,24,20,37,242,62,31,37,299,3,13,41,83,42,29,281,25,58,43,5,45,27,49,9,8,9,253,24,27,18,546,260,89,20,7,19,20,21,54,24,13,8,326,301,51,546,8,298,362,61,165,34,326,32,73,22,22,21,195,53,161,28,22,45,17,2,118,15,34,136,23,7,43,15,7,12,44,18,340,57,34,26,35,117,70,28,383,17,24,274,70,477,14,12,97,18,14,405,5,41,14,20,19,33,76,18,30,21,12,6,246,24,64,34,182,25,11,33,24,37,10,18,407,68,23,180,20,130]
completion_time_por_agente [28,130,36,94,14,296,24,31,11,19,10,113,22,25,21,42,243,63,32,40,301,4,14,43,84,48,30,284,26,60,45,6,47,28,51,10,9,10,255,25,28,19,547,262,92,21,8,21,21,22,61,25,14,10,327,303,56,548,9,299,363,62,166,35,328,33,75,23,23,22,197,60,163,32,23,46,18,3,120,16,35,137,24,8,45,16,8,13,53,19,341,61,35,27,38,119,71,29,384,18,25,275,71,478,15,13,98,19,15,406,6,45,15,21,20,34,79,19,31,22,13,7,248,25,65,35,185,26,12,34,26,38,11,20,408,71,24,184,21,131]
tiempo_ultimo_agente_goal 548
tiempo_en_acabar 548
tiempo_promedio 85.335716
agentes_en_goal 140
push_out_count 0
RUN 32
valores_ideales [0,0,0,0,0,0,0,0,0,0,0,0,0,0,0,0,0,0,0,0,0,0,0,0,0,0,0,0,0,0,0,0,0,0,0,0,0,0,0,0,0,0,0,0,0,0,0,0,0,0,0,0,0,0,0,0,0,0,0,0,0,0,0,0,0,0,0,0,0,0,0,0,0,0,0,0,0,0,0,0,0,0,0,0,0,0,0,0,0,0,0,0,0,0,0,0,0,0,0,0,0,0,0,0,0,0,0,0,0,0,0,0,0,0,0,0,0,0,0,0,0,0,0,0,0,0,0,0,0,0,0,0,0,0,0,0,0,0,0,0]
costo_por_agente [19,43,173,39,22,349,15,29,12,20,5,88,19,24,38,43,186,76,19,39,131,3,15,635,209,62,31,535,29,392,527,5,39,47,47,7,4,9,203,28,27,18,568,264,81,16,9,25,20,21,48,26,15,6,440,275,103,474,8,250,260,73,277,42,468,26,83,28,22,19,191,35,153,38,16,55,13,2,120,17,34,226,23,7,49,13,7,10,122,22,378,71,34,26,75,157,82,28,265,21,26,404,96,597,14,12,125,14,12,569,5,107,14,8,29,31,50,18,24,17,12,6,370,28,94,26,164,27,13,31,24,51,12,18,321,76,23,244,20,102]
completion_time_por_agente [20,60,175,52,23,350,16,30,13,21,6,89,20,25,40,59,187,81,20,43,132,4,16,636,211,70,32,537,30,394,542,6,49,54,64,8,5,10,204,29,28,20,572,266,86,17,10,26,21,22,68,27,16,7,443,276,114,480,9,251,263,78,278,45,470,27,87,29,23,20,192,52,155,44,17,60,14,3,122,19,35,227,24,8,54,14,8,11,125,23,379,76,35,27,82,162,84,29,267,22,27,405,98,599,15,13,128,15,13,571,6,112,15,10,30,32,56,19,25,19,13,7,372,30,97,27,168,29,14,32,25,52,13,21,322,79,24,245,21,103]
tiempo_ultimo_agente_goal 636
tiempo_en_acabar 636
tiempo_promedio 105.099998
agentes_en_goal 140
push_out_count 0
RUN 33
valores_ideales [0,0,0,0,0,0,0,0,0,0,0,0,0,0,0,0,0,0,0,0,0,0,0,0,0,0,0,0,0,0,0,0,0,0,0,0,0,0,0,0,0,0,0,0,0,0,0,0,0,0,0,0,0,0,0,0,0,0,0,0,0,0,0,0,0,0,0,0,0,0,0,0,0,0,0,0,0,0,0,0,0,0,0,0,0,0,0,0,0,0,0,0,0,0,0,0,0,0,0,0,0,0,0,0,0,0,0,0,0,0,0,0,0,0,0,0,0,0,0,0,0,0,0,0,0,0,0,0,0,0,0,0,0,0,0,0,0,0,0,0]
costo_por_agente [39,87,171,85,14,199,19,15,10,24,7,84,17,24,24,43,144,46,19,85,77,3,17,35,159,50,29,307,33,404,43,5,21,33,571,13,10,9,173,24,27,20,392,232,89,10,7,19,20,17,42,24,25,6,518,253,95,332,4,492,336,61,217,54,268,30,89,30,22,19,111,57,55,36,14,43,13,2,48,17,38,212,23,7,43,13,9,14,228,18,280,61,34,28,63,127,34,26,317,17,20,452,54,253,14,12,81,14,14,333,5,31,14,8,21,27,56,22,24,19,10,6,284,24,56,20,116,25,11,31,26,403,18,20,405,76,25,148,20,106]
completion_time_por_agente [40,89,174,88,15,200,21,16,11,25,8,85,18,25,25,46,146,52,20,87,80,4,18,39,161,53,30,309,34,407,46,6,25,40,573,14,11,10,175,25,28,21,393,233,93,11,8,20,21,19,48,25,27,7,520,254,97,333,5,494,339,62,219,56,272,31,92,31,23,20,112,59,59,37,15,47,14,3,50,18,39,213,24,8,46,14,10,15,230,19,281,65,36,29,66,128,37,27,319,18,22,453,56,254,15,13,82,16,16,335,6,34,15,10,22,28,60,23,25,20,11,7,287,25,58,21,118,27,12,32,30,407,22,22,409,78,26,149,21,107]
tiempo_ultimo_agente_goal 573
tiempo_en_acabar 573
tiempo_promedio 89.035713
agentes_en_goal 140
push_out_count 0
RUN 34
valores_ideales [0,0,0,0,0,0,0,0,0,0,0,0,0,0,0,0,0,0,0,0,0,0,0,0,0,0,0,0,0,0,0,0,0,0,0,0,0,0,0,0,0,0,0,0,0,0,0,0,0,0,0,0,0,0,0,0,0,0,0,0,0,0,0,0,0,0,0,0,0,0,0,0,0,0,0,0,0,0,0,0,0,0,0,0,0,0,0,0,0,0,0,0,0,0,0,0,0,0,0,0,0,0,0,0,0,0,0,0,0,0,0,0,0,0,0,0,0,0,0,0,0,0,0,0,0,0,0,0,0,0,0,0,0,0,0,0,0,0,0,0]
costo_por_agente [25,43,269,69,16,287,9,27,10,16,5,168,25,20,18,57,198,100,23,61,133,3,15,211,155,66,27,399,27,252,47,9,25,39,457,9,4,9,361,28,27,20,586,438,93,10,7,23,22,19,44,26,23,6,318,187,95,618,4,388,390,77,405,34,40,30,95,24,22,19,167,69,131,44,12,33,13,2,72,15,34,350,23,7,47,19,7,14,234,26,258,47,34,28,49,93,84,26,239,19,20,508,74,449,12,12,69,16,12,361,5,31,22,18,21,29,80,18,26,23,14,6,330,32,44,24,146,27,13,31,58,411,24,20,441,108,29,214,20,240]
completion_time_por_agente [26,48,270,70,17,289,10,28,11,17,7,169,26,22,19,60,200,107,24,65,134,4,16,215,156,72,28,400,28,254,56,10,29,42,462,10,5,10,362,29,28,21,588,440,102,11,8,24,23,20,51,27,31,7,320,190,106,621,5,390,393,83,408,35,48,31,100,25,23,20,168,76,135,50,13,41,14,3,75,16,35,352,24,8,52,21,8,15,235,27,259,49,35,29,55,95,85,27,241,20,21,510,78,451,13,13,70,17,13,365,6,38,23,19,22,30,82,19,27,24,15,7,333,34,54,25,152,28,14,32,62,412,26,21,444,110,30,218,21,241]
tiempo_ultimo_agente_goal 621
tiempo_en_acabar 621
tiempo_promedio 102.635712
agentes_en_goal 140
push_out_count 0
RUN 35
valores_ideales [0,0,0,0,0,0,0,0,0,0,0,0,0,0,0,0,0,0,0,0,0,0,0,0,0,0,0,0,0,0,0,0,0,0,0,0,0,0,0,0,0,0,0,0,0,0,0,0,0,0,0,0,0,0,0,0,0,0,0,0,0,0,0,0,0,0,0,0,0,0,0,0,0,0,0,0,0,0,0,0,0,0,0,0,0,0,0,0,0,0,0,0,0,0,0,0,0,0,0,0,0,0,0,0,0,0,0,0,0,0,0,0,0,0,0,0,0,0,0,0,0,0,0,0,0,0,0,0,0,0,0,0,0,0,0,0,0,0,0,0]
costo_por_agente [27,95,261,49,18,421,11,15,10,16,5,76,21,20,18,31,214,66,23,39,63,3,13,741,215,74,29,367,29,58,47,19,29,25,47,9,4,9,179,28,27,18,646,140,61,12,9,21,20,17,50,26,19,6,236,249,65,352,4,480,236,61,527,34,356,32,75,24,22,23,83,39,191,32,14,45,13,2,82,15,34,108,23,7,39,15,7,10,88,20,340,53,36,28,49,109,92,26,445,27,24,438,82,355,16,12,81,16,22,351,5,91,14,8,23,31,90,18,28,25,12,12,188,24,48,20,100,31,15,31,24,367,14,24,363,62,25,108,20,64]
completion_time_por_agente [28,98,264,52,19,424,12,16,11,17,6,77,22,22,19,35,219,70,24,41,66,4,14,745,216,79,30,368,30,60,51,21,32,30,49,10,5,10,180,29,28,19,647,141,65,13,10,23,21,18,55,27,22,7,238,250,68,356,5,481,239,63,530,35,362,33,78,25,23,24,84,42,193,36,15,48,14,3,83,16,35,109,24,8,40,16,8,11,91,21,342,54,37,29,55,110,97,27,446,28,25,440,83,356,17,13,82,17,23,352,6,99,15,9,24,32,92,19,29,26,13,13,189,26,50,21,102,33,16,32,28,371,16,25,366,66,26,109,22,67]
tiempo_ultimo_agente_goal 745
tiempo_en_acabar 745
tiempo_promedio 92.021431
agentes_en_goal 140
push_out_count 0
RUN 36
valores_ideales [0,0,0,0,0,0,0,0,0,0,0,0,0,0,0,0,0,0,0,0,0,0,0,0,0,0,0,0,0,0,0,0,0,0,0,0,0,0,0,0,0,0,0,0,0,0,0,0,0,0,0,0,0,0,0,0,0,0,0,0,0,0,0,0,0,0,0,0,0,0,0,0,0,0,0,0,0,0,0,0,0,0,0,0,0,0,0,0,0,0,0,0,0,0,0,0,0,0,0,0,0,0,0,0,0,0,0,0,0,0,0,0,0,0,0,0,0,0,0,0,0,0,0,0,0,0,0,0,0,0,0,0,0,0,0,0,0,0,0,0]
costo_por_agente [19,43,109,77,26,397,15,17,10,16,9,64,19,30,24,31,194,36,19,31,123,3,11,243,251,42,33,303,35,276,53,9,35,25,483,9,14,11,185,28,285,20,598,142,77,10,11,19,20,17,60,28,11,10,352,109,135,496,8,514,378,53,203,36,42,34,75,26,22,19,249,39,57,40,20,37,19,2,78,15,34,256,23,7,47,13,9,12,294,20,208,61,34,26,55,53,56,28,261,17,24,220,86,235,12,12,127,16,14,395,5,111,20,18,19,29,58,18,30,25,16,6,256,24,78,22,82,27,13,31,68,293,8,18,335,84,27,366,20,186]
completion_time_por_agente [22,46,110,78,27,399,16,18,11,17,10,66,20,31,25,33,200,39,20,33,124,4,12,245,252,46,34,304,36,277,57,11,39,27,485,10,15,12,187,29,287,21,600,143,82,11,12,21,21,18,66,29,12,11,353,111,136,500,9,515,379,54,204,37,44,35,76,27,23,20,252,45,58,44,21,41,20,3,80,16,35,258,24,8,49,14,10,13,295,21,209,65,35,27,63,56,57,29,263,18,26,221,88,236,13,13,129,17,15,398,6,113,21,20,20,30,59,19,31,26,17,7,258,25,80,23,87,28,14,32,73,296,9,21,337,87,28,367,21,188]
tiempo_ultimo_agente_goal 600
tiempo_en_acabar 600
tiempo_promedio 92.228569
agentes_en_goal 140
push_out_count 0
RUN 37
valores_ideales [0,0,0,0,0,0,0,0,0,0,0,0,0,0,0,0,0,0,0,0,0,0,0,0,0,0,0,0,0,0,0,0,0,0,0,0,0,0,0,0,0,0,0,0,0,0,0,0,0,0,0,0,0,0,0,0,0,0,0,0,0,0,0,0,0,0,0,0,0,0,0,0,0,0,0,0,0,0,0,0,0,0,0,0,0,0,0,0,0,0,0,0,0,0,0,0,0,0,0,0,0,0,0,0,0,0,0,0,0,0,0,0,0,0,0,0,0,0,0,0,0,0,0,0,0,0,0,0,0,0,0,0,0,0,0,0,0,0,0,0]
costo_por_agente [43,43,213,33,20,87,9,21,10,16,7,138,23,28,18,41,254,60,19,29,157,3,17,35,115,44,27,163,25,304,495,9,29,25,51,9,4,9,209,28,29,24,700,276,85,12,7,17,20,19,42,28,13,6,444,423,93,66,6,382,382,49,331,42,54,26,75,22,22,19,161,41,143,28,20,35,13,2,102,17,34,310,23,7,45,13,7,10,262,20,314,65,34,28,35,121,52,26,321,21,30,404,82,325,12,12,91,14,12,371,5,43,14,8,19,31,64,16,38,19,10,6,212,24,74,22,136,29,13,31,36,481,10,26,173,64,23,122,20,128]
completion_time_por_agente [45,47,214,37,21,88,10,22,11,17,8,139,24,30,19,48,257,67,20,31,158,4,18,38,118,52,28,164,26,308,499,10,34,30,53,10,5,10,211,29,30,26,702,277,92,14,8,18,21,20,53,29,14,7,448,424,96,73,7,384,385,52,333,43,59,27,77,23,23,20,163,46,144,29,21,41,14,3,103,18,35,312,24,8,48,14,8,11,263,21,322,67,35,29,40,122,56,27,322,22,32,405,85,327,13,13,94,15,13,372,6,45,15,9,20,32,66,17,40,20,11,7,213,25,80,23,143,30,14,32,38,483,11,28,174,66,24,124,21,129]
tiempo_ultimo_agente_goal 702
tiempo_en_acabar 702
tiempo_promedio 88.771431
agentes_en_goal 140
push_out_count 0
RUN 38
valores_ideales [0,0,0,0,0,0,0,0,0,0,0,0,0,0,0,0,0,0,0,0,0,0,0,0,0,0,0,0,0,0,0,0,0,0,0,0,0,0,0,0,0,0,0,0,0,0,0,0,0,0,0,0,0,0,0,0,0,0,0,0,0,0,0,0,0,0,0,0,0,0,0,0,0,0,0,0,0,0,0,0,0,0,0,0,0,0,0,0,0,0,0,0,0,0,0,0,0,0,0,0,0,0,0,0,0,0,0,0,0,0,0,0,0,0,0,0,0,0,0,0,0,0,0,0,0,0,0,0,0,0,0,0,0,0,0,0,0,0,0,0]
costo_por_agente [29,45,131,85,16,385,13,23,10,16,7,56,21,22,18,35,256,38,31,83,161,3,11,627,245,28,27,211,27,420,595,5,25,59,635,9,10,9,167,28,27,22,616,140,81,12,7,17,22,17,42,26,13,6,364,127,43,428,4,504,306,39,273,44,50,32,81,38,22,23,207,91,55,28,16,41,13,2,84,17,34,264,23,13,35,19,9,14,218,22,272,51,34,26,61,119,74,28,393,17,22,348,84,251,12,12,115,16,14,207,5,55,16,10,25,27,104,18,32,21,10,10,298,28,98,22,156,27,13,31,28,57,30,20,411,46,25,272,20,72]
completion_time_por_agente [31,52,133,87,19,386,14,25,11,17,8,58,22,24,19,42,258,43,33,91,162,4,12,629,247,31,28,212,29,421,598,6,26,64,638,10,11,10,170,29,28,24,617,141,83,13,8,19,23,18,47,27,14,7,366,128,50,432,5,506,311,47,275,46,54,33,84,40,23,24,208,93,61,30,17,46,14,3,85,18,36,265,24,14,37,20,10,15,220,23,274,54,35,27,64,121,75,29,395,18,23,349,85,252,13,13,117,17,15,209,6,63,17,12,26,28,107,19,33,22,11,12,300,29,99,23,159,29,14,32,34,59,32,21,412,51,26,274,21,75]
tiempo_ultimo_agente_goal 638
tiempo_en_acabar 638
tiempo_promedio 97.664284
agentes_en_goal 140
push_out_count 0
RUN 39
valores_ideales [0,0,0,0,0,0,0,0,0,0,0,0,0,0,0,0,0,0,0,0,0,0,0,0,0,0,0,0,0,0,0,0,0,0,0,0,0,0,0,0,0,0,0,0,0,0,0,0,0,0,0,0,0,0,0,0,0,0,0,0,0,0,0,0,0,0,0,0,0,0,0,0,0,0,0,0,0,0,0,0,0,0,0,0,0,0,0,0,0,0,0,0,0,0,0,0,0,0,0,0,0,0,0,0,0,0,0,0,0,0,0,0,0,0,0,0,0,0,0,0,0,0,0,0,0,0,0,0,0,0,0,0,0,0,0,0,0,0,0,0]
costo_por_agente [41,105,153,47,22,223,11,15,10,20,9,72,31,20,20,35,204,84,19,31,171,3,13,41,261,48,31,85,41,68,355,5,23,31,53,9,4,11,247,28,27,18,578,270,97,10,9,29,20,17,44,24,9,8,528,205,85,66,4,324,430,85,229,34,414,26,65,26,22,19,283,43,117,34,16,27,13,2,110,15,34,288,23,7,39,13,7,14,238,20,326,59,36,28,73,51,64,28,333,17,32,398,60,419,12,12,77,14,22,361,5,101,16,16,19,27,72,28,40,19,10,10,540,28,92,18,106,27,15,31,42,39,20,20,361,84,21,182,20,122]
completion_time_por_agente [44,111,154,49,23,224,12,16,11,21,10,74,32,22,21,37,208,86,20,32,172,4,14,44,263,51,32,88,42,72,356,6,28,33,62,10,5,12,248,29,28,20,580,271,102,11,10,30,21,18,47,26,10,9,529,207,88,73,5,325,432,86,230,35,423,27,67,28,23,20,285,50,118,36,17,28,14,3,115,17,35,289,24,8,46,15,8,15,242,21,328,62,37,29,76,55,70,29,334,18,35,399,61,423,13,13,79,15,23,362,6,106,17,17,20,28,75,29,41,20,11,11,542,30,95,19,108,29,16,32,45,41,23,21,362,85,22,184,21,123]
tiempo_ultimo_agente_goal 580
tiempo_en_acabar 580
tiempo_promedio 89.892860
agentes_en_goal 140
push_out_count 0
